1	0.00000	-0.16090	2.01336	0.84258	-0.25892	0.17420	-0.31904	0.50213	0.99998	-0.00558	-0.00301	0.00557	0.99997	-0.00454	0.00304	0.00452	0.99998		-10.07651	53.87044	874.04545	-179.88002	2.61751	-2.50024	0.60011	0.99801	0.04353	0.04572	0.04358	-0.99905	-0.00010	0.04567	0.00209	-0.99895		599.94981	7.43425	40.99770	1.33037	-0.73081	1.84732	0.37104	0.99940	0.03193	0.01349	-0.03223	0.99922	0.02279	-0.01275	-0.02322	0.99965	
2	0.01000	-0.15700	2.02651	0.83513	-0.25943	0.16854	-0.32281	0.50509	0.99998	-0.00565	-0.00292	0.00563	0.99997	-0.00455	0.00294	0.00453	0.99998		-9.99605	53.85643	874.04441	-179.88377	2.59145	-2.50291	0.61324	0.99802	0.04358	0.04526	0.04363	-0.99905	-0.00005	0.04521	0.00203	-0.99898		599.95209	7.44906	40.94363	1.32284	-0.72409	1.86769	0.37111	0.99939	0.03229	0.01338	-0.03259	0.99921	0.02266	-0.01264	-0.02308	0.99965	
3	0.02000	-0.11343	1.92231	0.82073	-0.31911	0.14915	-0.27583	0.51713	0.99998	-0.00483	-0.00258	0.00481	0.99997	-0.00558	0.00260	0.00557	0.99998		-9.66806	53.09255	874.09901	-179.81369	2.55732	-2.45276	0.61407	0.99809	0.04265	0.04472	0.04275	-0.99908	-0.00134	0.04462	0.00325	-0.99900		599.92970	7.02116	40.76586	1.37739	-0.70174	1.81006	0.37425	0.99943	0.03128	0.01300	-0.03158	0.99922	0.02364	-0.01225	-0.02404	0.99964	
4	0.03000	-0.12242	2.07099	0.24522	-0.11274	-0.04334	-0.33750	0.72380	0.99998	-0.00589	0.00077	0.00589	0.99998	-0.00196	-0.00076	0.00197	1.00000		-6.59666	56.28358	874.51588	-179.97577	2.42301	-2.75561	0.71225	0.99795	0.04806	0.04225	0.04803	-0.99884	0.00161	0.04228	0.00042	-0.99911		600.03833	7.40239	39.46176	0.97774	-0.22098	2.30315	0.27164	0.99918	0.04012	0.00454	-0.04019	0.99905	0.01690	-0.00386	-0.01706	0.99985	
5	0.04000	-0.12523	2.06984	0.26098	-0.11830	-0.03541	-0.33768	0.72886	0.99998	-0.00589	0.00063	0.00589	0.99998	-0.00206	-0.00062	0.00206	1.00000		-6.68990	56.20003	874.50139	-179.97588	2.43289	-2.74949	0.71543	0.99795	0.04795	0.04242	0.04793	-0.99885	0.00162	0.04245	0.00042	-0.99910		600.00026	7.79720	39.54554	1.33176	-0.18998	1.82379	0.37459	0.99949	0.03174	0.00405	-0.03183	0.99923	0.02312	-0.00332	-0.02324	0.99972	
6	0.05000	0.02028	2.58274	0.35630	0.55160	-0.84484	-0.54020	0.69882	0.99985	-0.00957	0.01465	0.00943	0.99991	0.00977	-0.01474	-0.00963	0.99984		4.91672	65.80105	873.89175	179.39912	1.55235	-2.79588	0.63411	0.99844	0.04906	0.02654	0.04876	-0.99874	0.01180	0.02709	-0.01048	-0.99958		600.25578	9.72439	31.51203	0.42201	0.66717	2.23792	0.37944	0.99917	0.03913	-0.01135	-0.03905	0.99921	0.00781	0.01164	-0.00736	0.99991	
7	0.06000	-0.23553	2.10802	0.21903	0.19983	-0.03538	-0.33314	0.58014	0.99998	-0.00582	0.00060	0.00581	0.99998	0.00349	-0.00062	-0.00349	0.99999		-6.72246	61.00234	874.01795	179.63612	2.36571	-2.75961	0.73372	0.99799	0.04841	0.04092	0.04810	-0.99881	0.00833	0.04128	-0.00635	-0.99913		599.95989	7.82569	39.76295	0.97108	-0.25970	2.00399	0.45313	0.99938	0.03489	0.00512	-0.03497	0.99925	0.01678	-0.00453	-0.01695	0.99985	
8	0.07000	-0.23193	2.08204	0.21136	0.19922	-0.02533	-0.32464	0.56869	0.99998	-0.00567	0.00042	0.00567	0.99998	0.00348	-0.00044	-0.00348	0.99999		-6.88915	61.00857	874.03849	179.64450	2.39670	-2.74837	0.73618	0.99798	0.04821	0.04147	0.04791	-0.99882	0.00820	0.04182	-0.00620	-0.99911		599.92993	7.86862	39.72874	1.01710	-0.25059	1.82810	0.41023	0.99948	0.03182	0.00494	-0.03190	0.99934	0.01760	-0.00437	-0.01775	0.99983	
9	0.08000	-0.26474	2.03085	0.41839	0.07726	0.08935	-0.31390	0.52674	0.99998	-0.00548	-0.00157	0.00548	0.99998	0.00134	0.00156	-0.00135	1.00000		-8.63292	59.19405	873.92636	179.76936	2.50356	-2.75387	0.73860	0.99789	0.04822	0.04344	0.04800	-0.99883	0.00612	0.04368	-0.00402	-0.99904		599.88012	7.72398	40.71334	1.14824	-0.36843	1.82031	0.41160	0.99947	0.03163	0.00706	-0.03176	0.99930	0.01982	-0.00643	-0.02004	0.99978	
10	0.09000	-0.23853	2.07378	0.51576	0.22212	0.11547	-0.29739	0.47820	0.99998	-0.00518	-0.00203	0.00519	0.99998	0.00387	0.00202	-0.00388	0.99999		-9.08502	61.33070	873.67282	179.62135	2.54243	-2.73197	0.73895	0.99788	0.04796	0.04399	0.04762	-0.99883	0.00872	0.04436	-0.00660	-0.99899		599.83205	7.61980	40.85459	1.01251	-0.40085	1.79134	0.41569	0.99949	0.03113	0.00754	-0.03126	0.99936	0.01744	-0.00700	-0.01767	0.99982	
11	0.10000	-0.26219	2.04900	0.35020	0.09589	0.07574	-0.31728	0.50964	0.99998	-0.00554	-0.00133	0.00554	0.99998	0.00167	0.00132	-0.00167	1.00000		-8.49310	59.42728	873.98419	179.75246	2.51214	-2.76017	0.74387	0.99788	0.04834	0.04357	0.04811	-0.99882	0.00643	0.04383	-0.00432	-0.99903		599.87323	7.74825	40.61795	1.12641	-0.34972	1.81887	0.41044	0.99948	0.03161	0.00672	-0.03174	0.99931	0.01945	-0.00610	-0.01966	0.99979	
12	0.11000	-0.26773	2.03855	0.36770	0.08915	0.08564	-0.31534	0.50814	0.99998	-0.00550	-0.00150	0.00550	0.99998	0.00155	0.00149	-0.00156	1.00000		-8.69289	59.42913	873.91133	179.78053	2.45832	-2.83628	0.74391	0.99786	0.04965	0.04265	0.04944	-0.99876	0.00595	0.04289	-0.00383	-0.99907		599.87105	7.73411	40.68756	1.14688	-0.36398	1.81589	0.41492	0.99948	0.03155	0.00698	-0.03169	0.99930	0.01980	-0.00635	-0.02002	0.99978	
13	0.12000	-0.26836	2.02504	0.33329	0.09314	0.07623	-0.30896	0.50442	0.99998	-0.00539	-0.00134	0.00539	0.99998	0.00162	0.00133	-0.00163	1.00000		-8.53702	59.49617	873.94336	179.76910	2.44953	-2.83311	0.74422	0.99787	0.04960	0.04249	0.04938	-0.99876	0.00614	0.04274	-0.00403	-0.99908		599.87786	7.69156	40.61447	1.14737	-0.36056	1.79507	0.40688	0.99949	0.03119	0.00692	-0.03132	0.99931	0.01982	-0.00629	-0.02002	0.99978	
14	0.13000	-0.26792	2.03984	0.31433	0.10731	0.07183	-0.31307	0.50528	0.99998	-0.00546	-0.00126	0.00546	0.99998	0.00187	0.00125	-0.00187	1.00000		-8.40787	59.59695	874.00454	179.74326	2.50243	-2.75746	0.74347	0.99789	0.04830	0.04340	0.04806	-0.99882	0.00658	0.04366	-0.00448	-0.99904		599.87562	7.74314	40.58134	1.14306	-0.35508	1.78468	0.41062	0.99950	0.03101	0.00681	-0.03114	0.99932	0.01975	-0.00620	-0.01995	0.99978	
15	0.14000	-0.27041	2.03298	0.31986	0.09010	0.07574	-0.30987	0.50581	0.99998	-0.00541	-0.00133	0.00541	0.99998	0.00156	0.00132	-0.00157	1.00000		-8.48382	59.45278	873.94500	179.78064	2.43511	-2.84184	0.74694	0.99787	0.04974	0.04225	0.04953	-0.99875	0.00593	0.04249	-0.00383	-0.99909		599.86878	7.70577	40.62537	1.17060	-0.34948	1.78600	0.41135	0.99950	0.03104	0.00673	-0.03117	0.99931	0.02023	-0.00610	-0.02043	0.99977	
16	0.15000	-0.25894	2.04184	0.28385	0.10127	0.06294	-0.31161	0.50515	0.99998	-0.00544	-0.00111	0.00544	0.99998	0.00176	0.00110	-0.00177	1.00000		-8.22123	59.51932	874.04792	179.74631	2.49323	-2.76100	0.74311	0.99789	0.04836	0.04324	0.04812	-0.99882	0.00652	0.04350	-0.00442	-0.99904		599.87549	7.72530	40.50461	1.15663	-0.36489	1.77886	0.41423	0.99950	0.03091	0.00699	-0.03104	0.99932	0.01998	-0.00637	-0.02019	0.99978	
17	0.16000	-0.26134	2.03980	0.31983	0.09665	0.07981	-0.31025	0.50266	0.99998	-0.00541	-0.00140	0.00541	0.99998	0.00168	0.00139	-0.00169	1.00000		-8.46985	59.48126	873.96567	179.76784	2.47968	-2.76760	0.73537	0.99790	0.04846	0.04302	0.04824	-0.99882	0.00614	0.04327	-0.00405	-0.99906		599.87034	7.69641	40.64634	1.13928	-0.36828	1.78393	0.41631	0.99949	0.03100	0.00704	-0.03113	0.99932	0.01967	-0.00643	-0.01988	0.99978	
18	0.17000	-0.25692	2.04104	0.32209	0.09092	0.07948	-0.31282	0.50126	0.99998	-0.00546	-0.00140	0.00546	0.99998	0.00158	0.00139	-0.00159	1.00000		-8.43178	59.38675	874.00307	179.76279	2.50434	-2.76908	0.74559	0.99788	0.04849	0.04344	0.04826	-0.99882	0.00625	0.04370	-0.00414	-0.99904		599.86242	7.70857	40.63637	1.14025	-0.36546	1.79863	0.40939	0.99949	0.03125	0.00700	-0.03139	0.99931	0.01969	-0.00638	-0.01990	0.99978	
19	0.18000	-0.21142	2.06437	-0.05413	0.22119	-0.05037	-0.30471	0.46623	0.99999	-0.00532	0.00086	0.00532	0.99998	0.00386	-0.00088	-0.00386	0.99999		-6.54148	61.47956	874.19160	179.64557	2.30938	-2.83104	0.74645	0.99797	0.04964	0.03994	0.04935	-0.99875	0.00817	0.04030	-0.00618	-0.99917		599.91107	7.69887	39.64268	1.02163	-0.23722	1.78858	0.41022	0.99950	0.03113	0.00469	-0.03121	0.99936	0.01769	-0.00414	-0.01783	0.99983	
20	0.19000	-0.26394	2.05752	0.29930	0.10279	0.07215	-0.31577	0.50156	0.99998	-0.00551	-0.00127	0.00551	0.99998	0.00179	0.00126	-0.00179	1.00000		-8.32131	59.59056	873.99313	179.75954	2.48482	-2.76305	0.74178	0.99790	0.04839	0.04310	0.04816	-0.99882	0.00628	0.04335	-0.00419	-0.99905		599.87157	7.74115	40.58159	1.13089	-0.35054	1.78780	0.41254	0.99949	0.03107	0.00673	-0.03120	0.99932	0.01954	-0.00612	-0.01974	0.99979	
21	0.20000	-0.21624	2.04834	-0.07623	0.23346	-0.06117	-0.29732	0.46309	0.99999	-0.00519	0.00105	0.00519	0.99998	0.00408	-0.00107	-0.00407	0.99999		-6.33363	61.60178	874.25351	179.61163	2.35634	-2.75194	0.74846	0.99800	0.04829	0.04074	0.04797	-0.99881	0.00874	0.04111	-0.00677	-0.99913		599.92419	7.65365	39.54505	1.01255	-0.23063	1.76008	0.40923	0.99952	0.03064	0.00457	-0.03071	0.99937	0.01754	-0.00403	-0.01767	0.99984	
22	0.21000	-0.21700	2.05862	-0.07056	0.22383	-0.05890	-0.30209	0.46436	0.99999	-0.00528	0.00101	0.00527	0.99998	0.00391	-0.00103	-0.00391	0.99999		-6.39003	61.45208	874.26900	179.62494	2.36922	-2.76080	0.74216	0.99799	0.04844	0.04097	0.04813	-0.99880	0.00853	0.04134	-0.00654	-0.99912		599.91267	7.69532	39.56533	1.02332	-0.23000	1.75907	0.41366	0.99952	0.03062	0.00456	-0.03070	0.99937	0.01773	-0.00401	-0.01786	0.99983	
23	0.22000	-0.21707	2.05319	-0.10956	0.23558	-0.07217	-0.29956	0.45948	0.99999	-0.00523	0.00124	0.00523	0.99998	0.00412	-0.00126	-0.00411	0.99999		-6.22110	61.63525	874.29815	179.61636	2.35883	-2.75515	0.74141	0.99800	0.04834	0.04079	0.04803	-0.99881	0.00867	0.04116	-0.00669	-0.99913		599.92604	7.68395	39.45841	1.01942	-0.21988	1.75707	0.41297	0.99952	0.03059	0.00438	-0.03066	0.99937	0.01767	-0.00384	-0.01779	0.99983	
24	0.23000	-0.21833	2.05779	-0.08102	0.21579	-0.05921	-0.30209	0.45994	0.99999	-0.00528	0.00101	0.00527	0.99998	0.00377	-0.00103	-0.00377	0.99999		-6.44754	61.31943	874.29877	179.63914	2.38491	-2.75412	0.73777	0.99798	0.04831	0.04126	0.04801	-0.99881	0.00829	0.04161	-0.00629	-0.99911		599.91803	7.68846	39.57094	1.03445	-0.22822	1.76173	0.40952	0.99952	0.03067	0.00454	-0.03074	0.99937	0.01792	-0.00398	-0.01805	0.99983	
25	0.24000	-0.21440	2.05826	-0.10906	0.21699	-0.06891	-0.30127	0.45910	0.99999	-0.00526	0.00118	0.00526	0.99998	0.00379	-0.00120	-0.00379	0.99999		-6.33072	61.35768	874.30813	179.64430	2.37077	-2.75943	0.73835	0.99799	0.04840	0.04102	0.04810	-0.99881	0.00819	0.04137	-0.00620	-0.99912		599.92448	7.67912	39.48898	1.03199	-0.22609	1.75879	0.41072	0.99952	0.03062	0.00450	-0.03069	0.99937	0.01788	-0.00395	-0.01801	0.99983	
26	0.25000	-0.21178	2.07458	-0.10595	0.22768	-0.06893	-0.30901	0.46136	0.99998	-0.00540	0.00118	0.00539	0.99998	0.00398	-0.00120	-0.00397	0.99999		-6.35502	61.47471	874.30245	179.61690	2.37271	-2.76402	0.74046	0.99798	0.04850	0.04103	0.04818	-0.99880	0.00868	0.04140	-0.00668	-0.99912		599.92409	7.76868	39.48237	1.02905	-0.22064	1.75041	0.41454	0.99953	0.03047	0.00440	-0.03055	0.99937	0.01783	-0.00385	-0.01796	0.99983	
27	0.26000	-0.20989	2.05647	-0.11214	0.21566	-0.06928	-0.30246	0.45673	0.99999	-0.00528	0.00119	0.00528	0.99998	0.00377	-0.00121	-0.00376	0.99999		-6.33534	61.30574	874.31991	179.64035	2.36885	-2.75999	0.74216	0.99799	0.04841	0.04098	0.04811	-0.99881	0.00826	0.04133	-0.00627	-0.99913		600.11766	7.82401	39.40540	1.19619	-0.42037	1.73678	0.42374	0.99951	0.03015	0.00796	-0.03031	0.99933	0.02064	-0.00734	-0.02088	0.99976	
28	0.27000	-0.26014	2.03987	0.29332	0.09637	0.07490	-0.31052	0.49772	0.99998	-0.00542	-0.00132	0.00542	0.99998	0.00167	0.00131	-0.00168	1.00000		-8.46127	59.47092	874.03241	179.75421	2.51631	-2.76069	0.74491	0.99788	0.04835	0.04365	0.04812	-0.99882	0.00640	0.04390	-0.00429	-0.99903		599.87517	7.71970	40.59852	1.15676	-0.36176	1.75915	0.41686	0.99951	0.03056	0.00693	-0.03070	0.99933	0.01998	-0.00631	-0.02019	0.99978	
29	0.28000	-0.21809	2.05296	-0.09195	0.22256	-0.05953	-0.30005	0.45637	0.99999	-0.00524	0.00102	0.00524	0.99998	0.00389	-0.00104	-0.00388	0.99999		-6.43037	61.42637	874.26698	179.65157	2.36154	-2.76219	0.73517	0.99799	0.04844	0.04086	0.04815	-0.99881	0.00806	0.04120	-0.00608	-0.99913		599.91792	7.67714	39.56108	1.03647	-0.23500	1.76234	0.41368	0.99952	0.03067	0.00466	-0.03075	0.99937	0.01795	-0.00410	-0.01809	0.99983	
30	0.29000	-0.26594	2.03258	0.27607	0.10574	0.06847	-0.30613	0.49600	0.99998	-0.00534	-0.00120	0.00534	0.99998	0.00184	0.00120	-0.00185	1.00000		-8.29772	59.63358	874.01695	179.74771	2.48355	-2.76649	0.74780	0.99790	0.04846	0.04307	0.04822	-0.99882	0.00649	0.04333	-0.00440	-0.99905		599.87411	7.67105	40.54364	1.13620	-0.35692	1.77668	0.41268	0.99950	0.03087	0.00684	-0.03100	0.99933	0.01963	-0.00623	-0.01983	0.99978	
31	0.30000	-0.22217	2.05912	-0.09319	0.21476	-0.06073	-0.30370	0.46150	0.99999	-0.00530	0.00104	0.00530	0.99998	0.00375	-0.00106	-0.00375	0.99999		-6.34106	61.26375	874.29862	179.63567	2.36344	-2.75822	0.74443	0.99799	0.04838	0.04088	0.04808	-0.99881	0.00834	0.04124	-0.00635	-0.99913		599.91692	7.70371	39.55067	1.03871	-0.22873	1.76814	0.41018	0.99952	0.03078	0.00455	-0.03085	0.99936	0.01800	-0.00399	-0.01813	0.99983	
32	0.31000	-0.21353	2.07076	-0.10902	0.22474	-0.06706	-0.30666	0.46118	0.99998	-0.00536	0.00115	0.00535	0.99998	0.00393	-0.00117	-0.00392	0.99999		-6.24066	61.40906	874.29748	179.63284	2.35114	-2.77225	0.74465	0.99799	0.04863	0.04066	0.04833	-0.99880	0.00838	0.04102	-0.00640	-0.99914		599.92043	7.73092	39.48653	1.02846	-0.23035	1.76107	0.41034	0.99952	0.03065	0.00457	-0.03073	0.99937	0.01782	-0.00402	-0.01795	0.99983	
33	0.32000	-0.21459	2.06201	-0.08552	0.21258	-0.05548	-0.30435	0.46185	0.99999	-0.00532	0.00095	0.00531	0.99998	0.00371	-0.00097	-0.00371	0.99999		-6.40999	61.21776	874.29939	179.64517	2.37337	-2.75828	0.74617	0.99798	0.04838	0.04106	0.04808	-0.99881	0.00818	0.04141	-0.00619	-0.99912		599.92199	7.70995	39.59232	1.04755	-0.24135	1.74588	0.41462	0.99953	0.03038	0.00477	-0.03047	0.99937	0.01815	-0.00421	-0.01828	0.99982	
34	0.33000	-0.20566	2.06613	-0.10770	0.21961	-0.06498	-0.30514	0.46001	0.99998	-0.00533	0.00111	0.00533	0.99998	0.00384	-0.00113	-0.00383	0.99999		-6.28479	61.32047	874.30928	179.63617	2.35942	-2.75586	0.74437	0.99800	0.04834	0.04081	0.04804	-0.99881	0.00832	0.04117	-0.00634	-0.99913		599.91572	7.72466	39.52033	1.04102	-0.22061	1.75507	0.41274	0.99952	0.03055	0.00440	-0.03063	0.99937	0.01804	-0.00385	-0.01817	0.99983	
35	0.34000	-0.20963	2.04545	-0.10639	0.21692	-0.06636	-0.29683	0.46258	0.99999	-0.00518	0.00114	0.00518	0.99998	0.00379	-0.00116	-0.00379	0.99999		-6.28101	61.33367	874.27547	179.64600	2.34086	-2.75838	0.73812	0.99801	0.04838	0.04050	0.04808	-0.99881	0.00814	0.04084	-0.00617	-0.99915		599.93181	7.65324	39.49202	1.03020	-0.23490	1.74480	0.41236	0.99953	0.03037	0.00464	-0.03045	0.99938	0.01785	-0.00410	-0.01798	0.99983	
36	0.35000	-0.21736	2.06677	-0.10737	0.22152	-0.06628	-0.30590	0.46022	0.99998	-0.00534	0.00114	0.00534	0.99998	0.00387	-0.00116	-0.00387	0.99999		-6.29043	61.36857	874.29937	179.64362	2.36418	-2.76815	0.74581	0.99798	0.04855	0.04090	0.04825	-0.99880	0.00820	0.04125	-0.00621	-0.99913		599.92000	7.72756	39.51161	1.02515	-0.21537	1.75579	0.40830	0.99952	0.03057	0.00430	-0.03064	0.99937	0.01777	-0.00376	-0.01789	0.99983	
37	0.36000	-0.21805	2.06977	-0.13452	0.23839	-0.07563	-0.30331	0.45836	0.99998	-0.00530	0.00130	0.00529	0.99998	0.00417	-0.00132	-0.00416	0.99999		-6.17013	61.62378	874.32643	179.62079	2.36351	-2.75611	0.74279	0.99799	0.04836	0.04087	0.04804	-0.99881	0.00859	0.04124	-0.00661	-0.99913		599.92904	7.70470	39.43259	1.00425	-0.21366	1.75250	0.40865	0.99953	0.03051	0.00426	-0.03058	0.99938	0.01740	-0.00373	-0.01753	0.99984	
38	0.37000	-0.21798	2.05108	-0.13443	0.22711	-0.07576	-0.30019	0.46018	0.99999	-0.00524	0.00130	0.00524	0.99998	0.00397	-0.00132	-0.00396	0.99999		-6.19739	61.49810	874.29271	179.63412	2.34464	-2.76316	0.73352	0.99800	0.04847	0.04055	0.04817	-0.99880	0.00835	0.04091	-0.00638	-0.99914		599.93320	7.69327	39.43175	1.02417	-0.22045	1.74058	0.41348	0.99953	0.03030	0.00439	-0.03037	0.99938	0.01775	-0.00385	-0.01787	0.99983	
39	0.38000	-0.21581	2.05019	-0.12143	0.21700	-0.07182	-0.29948	0.45584	0.99999	-0.00523	0.00123	0.00523	0.99998	0.00379	-0.00125	-0.00379	0.99999		-6.26153	61.33965	874.32780	179.63573	2.37136	-2.76124	0.74306	0.99798	0.04844	0.04102	0.04813	-0.99881	0.00834	0.04138	-0.00635	-0.99912		599.91999	7.67859	39.46923	1.03467	-0.21165	1.73912	0.41168	0.99953	0.03028	0.00424	-0.03035	0.99938	0.01794	-0.00369	-0.01806	0.99983	
40	0.39000	-0.22095	2.04670	-0.09401	0.21688	-0.06070	-0.29694	0.45768	0.99999	-0.00519	0.00104	0.00518	0.99998	0.00379	-0.00106	-0.00379	0.99999		-6.43714	61.35084	874.29688	179.63580	2.38216	-2.75998	0.74004	0.99798	0.04842	0.04121	0.04811	-0.99881	0.00835	0.04156	-0.00635	-0.99912		599.93279	7.64668	39.54587	1.02438	-0.23869	1.74887	0.40963	0.99953	0.03044	0.00471	-0.03052	0.99938	0.01774	-0.00417	-0.01788	0.99983	
41	0.40000	-0.19827	2.10506	-0.01144	0.33296	-0.04460	-0.29374	0.42393	0.99999	-0.00513	0.00075	0.00513	0.99997	0.00581	-0.00078	-0.00581	0.99998		-6.76379	63.17136	874.01723	179.53346	2.33145	-2.84006	0.74350	0.99795	0.04988	0.04023	0.04951	-0.99872	0.01015	0.04068	-0.00814	-0.99914		599.89813	7.64606	39.63035	0.91169	-0.24599	1.74339	0.40762	0.99953	0.03035	0.00477	-0.03042	0.99941	0.01577	-0.00429	-0.01591	0.99986	
42	0.41000	-0.20901	2.05711	-0.11293	0.21578	-0.06818	-0.30111	0.45665	0.99999	-0.00526	0.00117	0.00526	0.99998	0.00377	-0.00119	-0.00377	0.99999		-6.32771	61.32909	874.31350	179.63904	2.37130	-2.76196	0.74358	0.99798	0.04845	0.04102	0.04815	-0.99881	0.00829	0.04138	-0.00629	-0.99912		599.92447	7.66711	39.48853	1.01694	-0.22072	1.76791	0.40697	0.99952	0.03078	0.00440	-0.03085	0.99937	0.01762	-0.00385	-0.01775	0.99984	
43	0.42000	-0.21182	2.06383	-0.09081	0.21009	-0.05930	-0.30131	0.45762	0.99999	-0.00526	0.00102	0.00526	0.99998	0.00367	-0.00104	-0.00367	0.99999		-6.43466	61.23620	874.29553	179.63469	2.37552	-2.76545	0.74181	0.99798	0.04851	0.04109	0.04821	-0.99880	0.00837	0.04145	-0.00637	-0.99912		599.92123	7.68856	39.55833	1.05086	-0.23413	1.74474	0.41097	0.99953	0.03037	0.00464	-0.03045	0.99937	0.01821	-0.00409	-0.01834	0.99982	
44	0.43000	-0.20811	2.05262	-0.12257	0.21978	-0.07095	-0.30046	0.46044	0.99999	-0.00525	0.00122	0.00524	0.99998	0.00384	-0.00124	-0.00384	0.99999		-6.23264	61.40241	874.31811	179.62999	2.35966	-2.77057	0.74373	0.99798	0.04860	0.04081	0.04830	-0.99880	0.00844	0.04117	-0.00645	-0.99913		599.92854	7.71093	39.46705	1.05881	-0.22582	1.72830	0.41257	0.99954	0.03008	0.00450	-0.03016	0.99938	0.01835	-0.00394	-0.01848	0.99982	
45	0.44000	-0.21585	2.05309	-0.11447	0.21692	-0.06814	-0.30140	0.45641	0.99999	-0.00526	0.00117	0.00526	0.99998	0.00379	-0.00119	-0.00379	0.99999		-6.24196	61.34969	874.31057	179.63658	2.36268	-2.76169	0.74165	0.99799	0.04844	0.04087	0.04814	-0.99881	0.00832	0.04122	-0.00634	-0.99913		599.92722	7.69466	39.48280	1.03845	-0.22853	1.74887	0.41080	0.99953	0.03044	0.00454	-0.03052	0.99937	0.01799	-0.00399	-0.01812	0.99983	
46	0.45000	-0.21383	2.05842	-0.11888	0.21916	-0.06996	-0.30057	0.45828	0.99999	-0.00525	0.00120	0.00525	0.99998	0.00383	-0.00122	-0.00382	0.99999		-6.20135	61.36754	874.31215	179.63182	2.35221	-2.75684	0.74503	0.99800	0.04836	0.04068	0.04806	-0.99881	0.00839	0.04104	-0.00642	-0.99914		599.92183	7.67876	39.47197	1.03347	-0.22017	1.74854	0.41160	0.99953	0.03044	0.00439	-0.03051	0.99937	0.01791	-0.00384	-0.01804	0.99983	
47	0.46000	-0.22118	2.07003	-0.10370	0.22117	-0.06161	-0.30513	0.45454	0.99999	-0.00533	0.00106	0.00533	0.99998	0.00387	-0.00108	-0.00386	0.99999		-6.32202	61.37208	874.29243	179.62804	2.35962	-2.76145	0.74248	0.99799	0.04844	0.04081	0.04814	-0.99880	0.00847	0.04117	-0.00649	-0.99913		599.92866	7.73082	39.53754	1.04398	-0.23661	1.73818	0.41378	0.99953	0.03025	0.00468	-0.03033	0.99938	0.01809	-0.00413	-0.01822	0.99983	
48	0.47000	-0.22042	2.06441	-0.11608	0.22181	-0.06759	-0.30454	0.45886	0.99998	-0.00532	0.00116	0.00532	0.99998	0.00388	-0.00118	-0.00387	0.99999		-6.23656	61.39169	874.30389	179.63943	2.35133	-2.76610	0.74512	0.99799	0.04852	0.04067	0.04822	-0.99880	0.00827	0.04103	-0.00629	-0.99914		599.92055	7.70257	39.49642	1.02424	-0.21702	1.76591	0.41161	0.99952	0.03074	0.00434	-0.03082	0.99937	0.01775	-0.00379	-0.01788	0.99983	
49	0.48000	-0.21374	2.06722	-0.12767	0.22197	-0.07187	-0.30368	0.45816	0.99998	-0.00530	0.00123	0.00530	0.99998	0.00388	-0.00125	-0.00387	0.99999		-6.20180	61.37663	874.31600	179.63292	2.34876	-2.76347	0.74298	0.99800	0.04847	0.04062	0.04817	-0.99880	0.00838	0.04098	-0.00640	-0.99914		599.93208	7.70372	39.45085	1.02701	-0.23102	1.75041	0.41224	0.99953	0.03047	0.00458	-0.03055	0.99937	0.01779	-0.00403	-0.01792	0.99983	
50	0.49000	-0.20682	2.06253	-0.12461	0.21464	-0.07394	-0.30293	0.45630	0.99998	-0.00529	0.00127	0.00529	0.99998	0.00375	-0.00129	-0.00375	0.99999		-6.18661	61.26055	874.33335	179.64339	2.36007	-2.75968	0.74897	0.99799	0.04840	0.04083	0.04811	-0.99881	0.00820	0.04118	-0.00622	-0.99913		599.92334	7.71298	39.43925	1.05597	-0.21156	1.73977	0.41338	0.99953	0.03029	0.00425	-0.03036	0.99937	0.01831	-0.00369	-0.01843	0.99982	
51	0.50000	-0.21564	2.05644	-0.11374	0.20941	-0.06669	-0.30265	0.45707	0.99999	-0.00529	0.00115	0.00528	0.99998	0.00366	-0.00116	-0.00365	0.99999		-6.31195	61.18775	874.31319	179.64163	2.36167	-2.77286	0.74643	0.99798	0.04863	0.04086	0.04834	-0.99880	0.00824	0.04121	-0.00625	-0.99913		599.92325	7.69765	39.50302	1.04122	-0.21775	1.74848	0.41299	0.99953	0.03044	0.00435	-0.03051	0.99937	0.01805	-0.00380	-0.01817	0.99983	
52	0.51000	-0.21597	2.07230	-0.11108	0.21098	-0.06527	-0.30772	0.45633	0.99998	-0.00537	0.00112	0.00537	0.99998	0.00369	-0.00114	-0.00368	0.99999		-6.35325	61.18574	874.31265	179.65298	2.37018	-2.77008	0.74348	0.99798	0.04858	0.04101	0.04829	-0.99880	0.00805	0.04136	-0.00605	-0.99913		599.92691	7.73148	39.50457	1.03218	-0.23615	1.75696	0.41145	0.99952	0.03058	0.00467	-0.03066	0.99937	0.01788	-0.00412	-0.01801	0.99983	
53	0.52000	-0.21839	2.05892	-0.13100	0.21372	-0.07318	-0.30309	0.45840	0.99998	-0.00529	0.00126	0.00529	0.99998	0.00374	-0.00128	-0.00373	0.99999		-6.23583	61.24717	874.33860	179.65062	2.36675	-2.76843	0.74386	0.99798	0.04855	0.04095	0.04826	-0.99880	0.00809	0.04130	-0.00609	-0.99913		599.93253	7.69611	39.44664	1.03852	-0.22667	1.75628	0.41224	0.99952	0.03057	0.00451	-0.03065	0.99937	0.01799	-0.00396	-0.01812	0.99983	
54	0.53000	-0.21593	2.05903	-0.12803	0.21902	-0.07159	-0.30160	0.45526	0.99999	-0.00527	0.00123	0.00526	0.99998	0.00383	-0.00125	-0.00382	0.99999		-6.26702	61.32833	874.32150	179.64015	2.36420	-2.76408	0.74564	0.99799	0.04848	0.04090	0.04818	-0.99880	0.00826	0.04125	-0.00628	-0.99913		600.17946	7.35085	39.36719	0.80018	-0.48141	2.32345	0.29079	0.99914	0.04042	0.00896	-0.04054	0.99909	0.01361	-0.00840	-0.01396	0.99987	
55	0.54000	-0.22132	2.04692	-0.10827	0.21127	-0.06683	-0.29805	0.45870	0.99999	-0.00521	0.00115	0.00520	0.99998	0.00369	-0.00117	-0.00369	0.99999		-6.37982	61.32895	874.24136	179.65546	2.30199	-2.83860	0.74253	0.99797	0.04976	0.03982	0.04948	-0.99874	0.00800	0.04017	-0.00601	-0.99917		599.94453	7.66960	39.48541	1.05285	-0.24617	1.74632	0.40648	0.99953	0.03039	0.00485	-0.03047	0.99937	0.01824	-0.00430	-0.01837	0.99982	
56	0.55000	-0.26474	2.04000	0.27485	0.07941	0.06997	-0.31184	0.49773	0.99998	-0.00544	-0.00123	0.00544	0.99998	0.00138	0.00122	-0.00139	1.00000		-8.35767	59.21708	874.04915	179.77785	2.50812	-2.77268	0.74413	0.99787	0.04854	0.04352	0.04833	-0.99881	0.00599	0.04376	-0.00387	-0.99903		600.07855	7.84937	40.46883	1.33299	-0.56956	1.74532	0.41837	0.99949	0.03022	0.01064	-0.03046	0.99927	0.02295	-0.00994	-0.02326	0.99968	
57	0.56000	-0.21771	2.05542	-0.10443	0.21738	-0.06182	-0.30118	0.45619	0.99999	-0.00526	0.00106	0.00526	0.99998	0.00380	-0.00108	-0.00379	0.99999		-6.38243	61.33831	874.29368	179.63704	2.37082	-2.76373	0.74818	0.99798	0.04848	0.04101	0.04818	-0.99880	0.00832	0.04137	-0.00633	-0.99912		599.93411	7.70782	39.53555	1.06504	-0.24302	1.74132	0.41073	0.99953	0.03030	0.00480	-0.03039	0.99937	0.01845	-0.00424	-0.01859	0.99982	
58	0.57000	-0.21393	2.05598	-0.10558	0.21033	-0.06223	-0.29923	0.45830	0.99999	-0.00523	0.00107	0.00522	0.99998	0.00368	-0.00109	-0.00367	0.99999		-6.40983	61.34165	874.24496	179.66000	2.30899	-2.83816	0.74509	0.99796	0.04975	0.03994	0.04947	-0.99874	0.00792	0.04029	-0.00593	-0.99917		599.92873	7.66938	39.54137	1.04556	-0.23462	1.75405	0.41248	0.99952	0.03053	0.00465	-0.03061	0.99937	0.01811	-0.00409	-0.01825	0.99983	
59	0.58000	-0.26202	2.03777	0.27537	0.08695	0.07162	-0.30682	0.49383	0.99998	-0.00535	-0.00126	0.00535	0.99998	0.00151	0.00125	-0.00152	1.00000		-8.33572	59.38028	874.02797	179.76999	2.49793	-2.77769	0.74173	0.99788	0.04864	0.04334	0.04841	-0.99881	0.00612	0.04358	-0.00401	-0.99904		599.88656	7.67734	40.56628	1.17755	-0.37324	1.75969	0.41109	0.99951	0.03057	0.00714	-0.03071	0.99932	0.02034	-0.00651	-0.02055	0.99977	
60	0.59000	-0.21713	2.05741	-0.09354	0.22065	-0.05921	-0.29874	0.45954	0.99999	-0.00522	0.00101	0.00521	0.99998	0.00386	-0.00103	-0.00385	0.99999		-6.36849	61.40854	874.27960	179.62939	2.36854	-2.76242	0.74724	0.99798	0.04846	0.04097	0.04815	-0.99880	0.00845	0.04133	-0.00646	-0.99912		600.12949	7.79387	39.46725	1.19235	-0.44200	1.72074	0.42873	0.99952	0.02986	0.00833	-0.03003	0.99934	0.02057	-0.00771	-0.02081	0.99975	
61	0.60000	-0.21552	2.04873	-0.12083	0.21058	-0.06813	-0.29609	0.45587	0.99999	-0.00517	0.00117	0.00517	0.99998	0.00368	-0.00119	-0.00368	0.99999		-6.27608	61.36832	874.25634	179.65623	2.29976	-2.83131	0.74838	0.99797	0.04964	0.03978	0.04936	-0.99875	0.00797	0.04013	-0.00600	-0.99918		599.93521	7.66379	39.49538	1.06272	-0.22657	1.73793	0.40964	0.99953	0.03025	0.00451	-0.03033	0.99937	0.01842	-0.00395	-0.01855	0.99982	
62	0.61000	-0.22435	2.05584	-0.10373	0.20308	-0.06282	-0.30157	0.45471	0.99999	-0.00527	0.00108	0.00526	0.99998	0.00355	-0.00110	-0.00354	0.99999		-6.30482	61.13935	874.32541	179.65483	2.37488	-2.75955	0.74237	0.99798	0.04839	0.04110	0.04810	-0.99881	0.00801	0.04144	-0.00602	-0.99912		599.92494	7.68292	39.52775	1.04437	-0.22600	1.75628	0.41365	0.99952	0.03057	0.00450	-0.03065	0.99937	0.01810	-0.00394	-0.01823	0.99983	
63	0.62000	-0.21738	2.06544	-0.12767	0.21569	-0.07001	-0.30337	0.45669	0.99998	-0.00530	0.00120	0.00529	0.99998	0.00377	-0.00122	-0.00376	0.99999		-6.22348	61.32379	874.31724	179.63484	2.35958	-2.76216	0.74824	0.99799	0.04845	0.04082	0.04815	-0.99881	0.00835	0.04117	-0.00637	-0.99913		600.12772	7.82443	39.38122	1.19351	-0.43280	1.72744	0.42424	0.99952	0.02998	0.00818	-0.03014	0.99933	0.02059	-0.00755	-0.02083	0.99975	
64	0.63000	-0.27212	2.03844	0.27993	0.08302	0.07223	-0.31075	0.49233	0.99998	-0.00542	-0.00127	0.00542	0.99998	0.00144	0.00126	-0.00145	1.00000		-8.36051	59.29742	874.04044	179.77011	2.50535	-2.76431	0.74855	0.99788	0.04840	0.04347	0.04818	-0.99882	0.00612	0.04371	-0.00401	-0.99904		599.88655	7.72425	40.56291	1.18110	-0.36899	1.75069	0.41246	0.99951	0.03041	0.00707	-0.03055	0.99932	0.02041	-0.00644	-0.02061	0.99977	
65	0.64000	-0.21945	2.07081	-0.12393	0.21512	-0.07048	-0.30587	0.45750	0.99998	-0.00534	0.00121	0.00534	0.99998	0.00376	-0.00123	-0.00375	0.99999		-6.27593	61.30912	874.29523	179.65938	2.35275	-2.76940	0.73919	0.99799	0.04856	0.04072	0.04828	-0.99880	0.00792	0.04105	-0.00594	-0.99914		599.93261	7.71684	39.46625	1.03256	-0.22091	1.75974	0.41431	0.99952	0.03063	0.00441	-0.03071	0.99937	0.01789	-0.00386	-0.01802	0.99983	
66	0.65000	-0.21654	2.07060	-0.13912	0.22194	-0.07603	-0.30444	0.45374	0.99998	-0.00532	0.00131	0.00531	0.99998	0.00388	-0.00133	-0.00387	0.99999		-6.20549	61.38035	874.32176	179.63324	2.35499	-2.76234	0.74160	0.99799	0.04845	0.04073	0.04815	-0.99880	0.00837	0.04109	-0.00640	-0.99913		599.93056	7.72368	39.42117	1.03890	-0.21729	1.73715	0.41141	0.99953	0.03024	0.00434	-0.03031	0.99938	0.01801	-0.00379	-0.01813	0.99983	
67	0.66000	-0.21450	2.05671	-0.14864	0.21306	-0.07885	-0.30097	0.45598	0.99999	-0.00526	0.00136	0.00525	0.99998	0.00373	-0.00138	-0.00372	0.99999		-6.21712	61.36383	874.28593	179.66687	2.29420	-2.84995	0.74632	0.99796	0.04995	0.03969	0.04968	-0.99873	0.00780	0.04003	-0.00581	-0.99918		599.93658	7.71239	39.39887	1.07483	-0.22125	1.72962	0.41280	0.99954	0.03011	0.00443	-0.03018	0.99937	0.01863	-0.00386	-0.01876	0.99982	
68	0.67000	-0.21507	2.05562	-0.14491	0.22262	-0.07737	-0.29874	0.45364	0.99999	-0.00522	0.00133	0.00521	0.99998	0.00389	-0.00135	-0.00389	0.99999		-6.22989	61.49560	874.28252	179.65565	2.30625	-2.83814	0.74437	0.99796	0.04976	0.03989	0.04947	-0.99874	0.00800	0.04024	-0.00601	-0.99917		599.93272	7.67597	39.40571	1.02593	-0.22644	1.73442	0.41400	0.99953	0.03019	0.00449	-0.03027	0.99938	0.01778	-0.00395	-0.01790	0.99983	
69	0.68000	-0.21724	2.05814	-0.12219	0.20975	-0.06884	-0.30195	0.45618	0.99999	-0.00527	0.00118	0.00527	0.99998	0.00367	-0.00120	-0.00366	0.99999		-6.30312	61.19941	874.31965	179.64961	2.36228	-2.77385	0.73974	0.99798	0.04864	0.04087	0.04835	-0.99880	0.00810	0.04122	-0.00611	-0.99913		599.92067	7.67908	39.47561	1.02933	-0.22997	1.76465	0.40994	0.99952	0.03072	0.00456	-0.03079	0.99937	0.01783	-0.00401	-0.01796	0.99983	
70	0.69000	-0.21625	2.06405	-0.13429	0.21533	-0.07263	-0.30446	0.45721	0.99998	-0.00532	0.00125	0.00531	0.99998	0.00376	-0.00127	-0.00376	0.99999		-6.22885	61.26568	874.34206	179.63727	2.36480	-2.77012	0.74173	0.99798	0.04859	0.04091	0.04829	-0.99880	0.00832	0.04126	-0.00633	-0.99913		599.92385	7.71927	39.45011	1.04435	-0.22427	1.74977	0.40785	0.99953	0.03046	0.00447	-0.03053	0.99937	0.01810	-0.00391	-0.01823	0.99983	
71	0.70000	-0.21537	2.06157	-0.13196	0.22390	-0.07262	-0.30237	0.45490	0.99999	-0.00528	0.00125	0.00528	0.99998	0.00391	-0.00127	-0.00391	0.99999		-6.21953	61.42324	874.31749	179.64339	2.35243	-2.77452	0.74344	0.99799	0.04866	0.04070	0.04836	-0.99880	0.00820	0.04105	-0.00622	-0.99914		599.93129	7.27863	39.45313	0.65830	-0.22678	2.27206	0.30152	0.99921	0.03960	0.00441	-0.03964	0.99915	0.01132	-0.00396	-0.01149	0.99993	
72	0.71000	-0.21605	2.05990	-0.12862	0.21330	-0.07222	-0.30376	0.45428	0.99998	-0.00531	0.00124	0.00530	0.99998	0.00373	-0.00126	-0.00372	0.99999		-6.20513	61.24675	874.32924	179.64261	2.35524	-2.76350	0.74618	0.99799	0.04847	0.04075	0.04817	-0.99881	0.00821	0.04110	-0.00623	-0.99914		600.11665	7.82989	39.37166	1.19948	-0.41616	1.73845	0.42009	0.99951	0.03018	0.00789	-0.03034	0.99933	0.02070	-0.00726	-0.02093	0.99975	
73	0.72000	-0.21278	2.06744	-0.12784	0.21448	-0.06961	-0.30398	0.45408	0.99998	-0.00531	0.00120	0.00531	0.99998	0.00375	-0.00121	-0.00374	0.99999		-6.23393	61.26480	874.33780	179.63872	2.36512	-2.76385	0.74583	0.99799	0.04848	0.04091	0.04818	-0.99880	0.00829	0.04127	-0.00630	-0.99913		599.93794	7.28657	39.48209	0.67299	-0.23499	2.27215	0.29855	0.99921	0.03960	0.00456	-0.03965	0.99915	0.01157	-0.00410	-0.01175	0.99992	
74	0.73000	-0.21075	2.05109	-0.12324	0.22451	-0.06843	-0.29693	0.45443	0.99999	-0.00519	0.00117	0.00518	0.99998	0.00392	-0.00119	-0.00392	0.99999		-6.28914	61.53997	874.26134	179.64845	2.30687	-2.82355	0.74683	0.99798	0.04951	0.03990	0.04922	-0.99875	0.00811	0.04025	-0.00613	-0.99917		600.12811	7.78248	39.39637	1.18630	-0.43161	1.72881	0.41747	0.99952	0.03001	0.00815	-0.03017	0.99934	0.02047	-0.00753	-0.02070	0.99976	
75	0.74000	-0.21216	2.05973	-0.13269	0.22043	-0.07247	-0.30103	0.45185	0.99999	-0.00526	0.00125	0.00525	0.99998	0.00385	-0.00126	-0.00385	0.99999		-6.18066	61.36906	874.32630	179.63493	2.35986	-2.75540	0.74603	0.99800	0.04833	0.04082	0.04803	-0.99881	0.00834	0.04118	-0.00637	-0.99913		600.13307	7.81516	39.36798	1.20514	-0.43397	1.72397	0.42395	0.99952	0.02992	0.00820	-0.03008	0.99933	0.02079	-0.00757	-0.02103	0.99975	
76	0.75000	-0.21565	2.06361	-0.12797	0.22668	-0.07019	-0.30099	0.45115	0.99999	-0.00526	0.00120	0.00525	0.99998	0.00396	-0.00123	-0.00396	0.99999		-6.21768	61.48498	874.31619	179.63516	2.36458	-2.76442	0.74582	0.99799	0.04849	0.04090	0.04819	-0.99880	0.00835	0.04126	-0.00636	-0.99913		599.93123	7.69551	39.46984	1.03712	-0.23186	1.75252	0.40928	0.99952	0.03050	0.00460	-0.03058	0.99937	0.01797	-0.00405	-0.01810	0.99983	
77	0.76000	-0.21817	2.06660	-0.12949	0.21443	-0.07081	-0.30373	0.45603	0.99998	-0.00531	0.00122	0.00530	0.99998	0.00375	-0.00124	-0.00374	0.99999		-6.22327	61.30098	874.31981	179.63361	2.35687	-2.77168	0.74092	0.99799	0.04862	0.04077	0.04832	-0.99880	0.00838	0.04112	-0.00639	-0.99913		599.93289	7.69744	39.45533	1.03658	-0.23849	1.75509	0.41192	0.99952	0.03055	0.00471	-0.03063	0.99937	0.01795	-0.00416	-0.01809	0.99983	
78	0.77000	-0.26840	2.04089	0.24828	0.08885	0.06419	-0.31053	0.49069	0.99998	-0.00542	-0.00113	0.00542	0.99998	0.00154	0.00112	-0.00155	1.00000		-8.24324	59.40101	874.06198	179.77017	2.49692	-2.77683	0.74097	0.99788	0.04862	0.04332	0.04840	-0.99881	0.00612	0.04357	-0.00401	-0.99904		599.88034	7.72195	40.51290	1.17024	-0.36143	1.74868	0.40880	0.99951	0.03038	0.00693	-0.03051	0.99933	0.02022	-0.00631	-0.02042	0.99977	
79	0.78000	-0.22453	2.03881	-0.11244	0.20515	-0.06439	-0.29726	0.45590	0.99999	-0.00519	0.00111	0.00519	0.99998	0.00359	-0.00112	-0.00358	0.99999		-6.34588	61.18579	874.31505	179.65196	2.37019	-2.75914	0.74586	0.99799	0.04839	0.04101	0.04810	-0.99881	0.00806	0.04136	-0.00607	-0.99913		599.92523	7.66481	39.51891	1.06269	-0.22895	1.74214	0.41233	0.99953	0.03032	0.00456	-0.03040	0.99937	0.01842	-0.00400	-0.01855	0.99982	
80	0.79000	-0.21824	2.05737	-0.15024	0.22119	-0.08080	-0.30158	0.45613	0.99998	-0.00527	0.00139	0.00526	0.99998	0.00387	-0.00141	-0.00386	0.99999		-6.16792	61.51754	874.27677	179.65747	2.29732	-2.84377	0.74991	0.99797	0.04985	0.03974	0.04957	-0.99874	0.00796	0.04009	-0.00597	-0.99918		599.93589	7.69843	39.38351	1.03138	-0.21826	1.74609	0.41372	0.99953	0.03040	0.00436	-0.03047	0.99938	0.01788	-0.00381	-0.01800	0.99983	
81	0.80000	-0.21381	2.05956	-0.15719	0.22018	-0.07998	-0.30076	0.45518	0.99999	-0.00525	0.00138	0.00525	0.99998	0.00385	-0.00140	-0.00384	0.99999		-6.15403	61.36304	874.33301	179.62288	2.35575	-2.76977	0.73988	0.99799	0.04859	0.04074	0.04828	-0.99880	0.00856	0.04110	-0.00658	-0.99913		600.12879	7.82230	39.30835	1.20813	-0.42476	1.70553	0.42702	0.99953	0.02960	0.00804	-0.02976	0.99934	0.02085	-0.00741	-0.02108	0.99975	
82	0.81000	-0.21665	2.07259	-0.13606	0.22284	-0.07357	-0.30565	0.45494	0.99998	-0.00534	0.00126	0.00533	0.99998	0.00390	-0.00128	-0.00389	0.99999		-6.24989	61.41710	874.32447	179.63405	2.36702	-2.77357	0.74796	0.99798	0.04865	0.04094	0.04835	-0.99880	0.00838	0.04130	-0.00638	-0.99913		599.92699	7.73789	39.44488	1.05093	-0.22025	1.74521	0.40862	0.99953	0.03038	0.00440	-0.03045	0.99937	0.01822	-0.00384	-0.01834	0.99982	
83	0.82000	-0.21717	2.06022	-0.12746	0.20450	-0.06968	-0.30195	0.45163	0.99999	-0.00527	0.00120	0.00527	0.99998	0.00357	-0.00122	-0.00357	0.99999		-6.29730	61.16096	874.33142	179.65341	2.36171	-2.77876	0.73815	0.99798	0.04873	0.04087	0.04844	-0.99879	0.00804	0.04121	-0.00604	-0.99913		599.92793	7.68850	39.47305	1.05147	-0.23292	1.74674	0.41064	0.99953	0.03040	0.00462	-0.03048	0.99937	0.01822	-0.00407	-0.01835	0.99982	
84	0.83000	-0.21693	2.06984	-0.15088	0.23616	-0.07560	-0.30361	0.45473	0.99998	-0.00530	0.00130	0.00530	0.99998	0.00413	-0.00132	-0.00412	0.99999		-6.18664	61.61490	874.33385	179.62132	2.36262	-2.76863	0.74402	0.99798	0.04857	0.04086	0.04826	-0.99880	0.00859	0.04122	-0.00660	-0.99913		599.92254	7.72282	39.43850	1.02365	-0.21412	1.73040	0.41449	0.99954	0.03013	0.00427	-0.03020	0.99939	0.01774	-0.00374	-0.01786	0.99983	
85	0.84000	-0.21528	2.06302	-0.14110	0.22239	-0.07408	-0.30277	0.45383	0.99998	-0.00529	0.00127	0.00528	0.99998	0.00389	-0.00129	-0.00388	0.99999		-6.18854	61.39903	874.33114	179.63603	2.36438	-2.76156	0.74617	0.99799	0.04844	0.04090	0.04814	-0.99881	0.00833	0.04125	-0.00635	-0.99913		599.91802	7.70624	39.43848	1.03890	-0.22399	1.74299	0.41169	0.99953	0.03034	0.00446	-0.03042	0.99938	0.01800	-0.00391	-0.01813	0.99983	
86	0.85000	-0.21767	2.04900	-0.13133	0.20962	-0.07160	-0.30047	0.45204	0.99999	-0.00525	0.00123	0.00524	0.99998	0.00366	-0.00125	-0.00366	0.99999		-6.20771	61.21296	874.34139	179.64783	2.36202	-2.75555	0.74752	0.99800	0.04833	0.04087	0.04803	-0.99881	0.00812	0.04121	-0.00614	-0.99913		599.91959	7.69202	39.45302	1.04761	-0.22096	1.73265	0.41365	0.99954	0.03016	0.00441	-0.03024	0.99938	0.01816	-0.00386	-0.01828	0.99983	
87	0.86000	-0.25321	2.09539	0.36903	0.19888	0.09730	-0.30900	0.45555	0.99998	-0.00539	-0.00172	0.00539	0.99998	0.00346	0.00170	-0.00347	0.99999		-8.74489	60.98280	873.81948	179.66344	2.52387	-2.76773	0.74732	0.99786	0.04854	0.04370	0.04824	-0.99880	0.00799	0.04404	-0.00587	-0.99901		599.84000	7.73314	40.71987	1.07398	-0.39936	1.74191	0.40902	0.99951	0.03026	0.00754	-0.03040	0.99937	0.01852	-0.00697	-0.01874	0.99980	
88	0.87000	-0.21898	2.05502	-0.11787	0.20790	-0.06597	-0.30043	0.45188	0.99999	-0.00525	0.00113	0.00524	0.99998	0.00363	-0.00115	-0.00363	0.99999		-6.27939	61.16594	874.31677	179.64136	2.35904	-2.75592	0.74217	0.99800	0.04834	0.04081	0.04804	-0.99881	0.00823	0.04116	-0.00625	-0.99913		599.92528	7.69701	39.49826	1.06287	-0.23512	1.72313	0.40987	0.99954	0.02999	0.00466	-0.03007	0.99938	0.01842	-0.00410	-0.01855	0.99982	
89	0.88000	-0.21457	2.05761	-0.13051	0.21038	-0.07147	-0.30084	0.45356	0.99999	-0.00525	0.00123	0.00525	0.99998	0.00368	-0.00125	-0.00367	0.99999		-6.19267	61.21511	874.33608	179.65340	2.35990	-2.76778	0.74549	0.99799	0.04854	0.04084	0.04825	-0.99880	0.00803	0.04118	-0.00604	-0.99913		599.92116	7.68260	39.45347	1.05265	-0.22727	1.74165	0.40843	0.99953	0.03031	0.00452	-0.03039	0.99937	0.01824	-0.00397	-0.01837	0.99982	
90	0.89000	-0.21148	2.07130	-0.14658	0.22154	-0.07772	-0.30527	0.45368	0.99998	-0.00533	0.00134	0.00533	0.99998	0.00387	-0.00136	-0.00387	0.99999		-6.12228	61.36203	874.34264	179.63652	2.35469	-2.76645	0.74580	0.99799	0.04852	0.04073	0.04822	-0.99880	0.00832	0.04109	-0.00634	-0.99914		599.91942	7.72905	39.40460	1.03955	-0.21647	1.74281	0.41226	0.99953	0.03034	0.00433	-0.03041	0.99937	0.01802	-0.00378	-0.01814	0.99983	
91	0.90000	-0.21266	2.06474	-0.14791	0.23111	-0.07611	-0.29933	0.45174	0.99999	-0.00523	0.00131	0.00522	0.99998	0.00404	-0.00133	-0.00403	0.99999		-6.14973	61.52314	874.33083	179.62657	2.35947	-2.77179	0.74071	0.99798	0.04862	0.04080	0.04832	-0.99880	0.00850	0.04117	-0.00651	-0.99913		599.92180	7.67523	39.42666	1.02725	-0.21740	1.74471	0.40894	0.99953	0.03037	0.00434	-0.03045	0.99938	0.01780	-0.00379	-0.01793	0.99983	
92	0.91000	-0.21685	2.06449	-0.12580	0.21511	-0.06962	-0.30288	0.45433	0.99999	-0.00529	0.00120	0.00529	0.99998	0.00376	-0.00122	-0.00375	0.99999		-6.26439	61.27638	874.32975	179.64713	2.36516	-2.76662	0.74116	0.99798	0.04852	0.04092	0.04823	-0.99880	0.00814	0.04127	-0.00615	-0.99913		599.92125	7.69443	39.46056	1.03636	-0.23702	1.75076	0.41058	0.99952	0.03047	0.00469	-0.03055	0.99937	0.01795	-0.00414	-0.01809	0.99983	
93	0.92000	-0.21747	2.06127	-0.13481	0.22887	-0.07259	-0.30089	0.45323	0.99999	-0.00526	0.00125	0.00525	0.99998	0.00400	-0.00127	-0.00399	0.99999		-6.23368	61.49426	874.32100	179.63264	2.36286	-2.76067	0.74155	0.99799	0.04843	0.04087	0.04812	-0.99881	0.00839	0.04123	-0.00641	-0.99913		599.92145	7.69427	39.44402	1.03082	-0.22568	1.73330	0.41514	0.99953	0.03017	0.00448	-0.03025	0.99938	0.01786	-0.00394	-0.01799	0.99983	
94	0.93000	-0.22002	2.06571	-0.14047	0.21817	-0.07412	-0.30455	0.45173	0.99998	-0.00532	0.00127	0.00532	0.99998	0.00381	-0.00129	-0.00381	0.99999		-6.22636	61.33859	874.32911	179.63611	2.35608	-2.77484	0.74109	0.99798	0.04867	0.04075	0.04837	-0.99879	0.00833	0.04111	-0.00635	-0.99913		599.92463	7.73050	39.43386	1.04693	-0.22219	1.73149	0.41366	0.99954	0.03014	0.00443	-0.03022	0.99938	0.01815	-0.00388	-0.01827	0.99983	
