1	0.00000	-0.12769	1.99267	0.83198	-0.25853	0.16265	-0.30911	0.49874	0.99998	-0.00541	-0.00281	0.00539	0.99998	-0.00453	0.00284	0.00451	0.99999		-9.94619	53.76577	874.06395	-179.89983	2.58363	-2.48390	0.60202	0.99804	0.04326	0.04511	0.04329	-0.99906	0.00021	0.04508	0.00175	-0.99898		599.94528	7.38652	40.90808	1.36456	-0.71759	1.83634	0.37226	0.99941	0.03174	0.01328	-0.03204	0.99921	0.02340	-0.01252	-0.02381	0.99964	
2	0.01000	-0.13652	2.01881	0.83363	-0.25031	0.16227	-0.31808	0.50475	0.99998	-0.00556	-0.00281	0.00555	0.99998	-0.00438	0.00283	0.00437	0.99999		-9.98331	53.90546	874.00870	-179.88850	2.55121	-2.49189	0.59721	0.99806	0.04339	0.04455	0.04343	-0.99906	-0.00001	0.04451	0.00194	-0.99901		599.94620	7.43479	40.90189	1.33425	-0.70884	1.86855	0.37112	0.99939	0.03231	0.01312	-0.03260	0.99921	0.02287	-0.01237	-0.02328	0.99965	
3	0.02000	-0.14290	2.02211	0.84776	-0.25556	0.16951	-0.32022	0.50318	0.99998	-0.00560	-0.00293	0.00559	0.99997	-0.00448	0.00296	0.00446	0.99999		-10.05868	53.75985	874.06630	-179.91283	2.59178	-2.47927	0.63079	0.99804	0.04319	0.04524	0.04321	-0.99907	0.00044	0.04522	0.00152	-0.99898		600.16341	7.59835	40.87052	1.51507	-0.92954	1.82939	0.38305	0.99936	0.03148	0.01705	-0.03192	0.99915	0.02591	-0.01622	-0.02644	0.99952	
4	0.03000	-0.09646	2.05979	0.27845	-0.11702	-0.03462	-0.33305	0.71876	0.99998	-0.00581	0.00062	0.00581	0.99998	-0.00204	-0.00060	0.00204	1.00000		-6.85934	56.05986	874.49943	-179.98697	2.43493	-2.73526	0.70879	0.99796	0.04771	0.04245	0.04768	-0.99886	0.00180	0.04248	0.00023	-0.99910		599.98825	7.81985	39.53481	1.37472	-0.20709	1.80947	0.37654	0.99949	0.03148	0.00437	-0.03158	0.99922	0.02386	-0.00361	-0.02399	0.99971	
5	0.04000	-0.09745	2.07864	0.28412	-0.11699	-0.03446	-0.33882	0.72856	0.99998	-0.00591	0.00061	0.00591	0.99998	-0.00204	-0.00060	0.00204	1.00000		-6.85969	56.04481	874.49782	-179.98230	2.43758	-2.74193	0.71107	0.99795	0.04782	0.04250	0.04779	-0.99886	0.00173	0.04253	0.00031	-0.99910		599.98227	7.87151	39.54842	1.39119	-0.19318	1.80356	0.38314	0.99950	0.03138	0.00413	-0.03147	0.99921	0.02416	-0.00337	-0.02428	0.99970	
6	0.05000	0.10624	2.75777	-0.25008	0.74640	-1.05796	-0.56911	0.66671	0.99978	-0.01017	0.01833	0.00993	0.99986	0.01321	-0.01846	-0.01302	0.99974		7.91368	68.48599	874.27972	179.21066	1.36260	-2.83278	0.63059	0.99850	0.04974	0.02307	0.04941	-0.99867	0.01493	0.02378	-0.01377	-0.99962		600.30767	10.03162	29.87153	0.24720	0.87713	2.30156	0.37221	0.99908	0.04022	-0.01512	-0.04015	0.99918	0.00493	0.01531	-0.00431	0.99987	
7	0.06000	-0.19033	2.08842	0.26217	0.18067	-0.02333	-0.32504	0.57822	0.99998	-0.00567	0.00039	0.00567	0.99998	0.00315	-0.00041	-0.00315	0.99999		-7.03752	60.59615	874.03011	179.66055	2.39474	-2.75129	0.73008	0.99797	0.04825	0.04145	0.04796	-0.99882	0.00792	0.04178	-0.00592	-0.99911		599.89315	7.73511	39.87313	0.96773	-0.23582	2.04879	0.44056	0.99935	0.03568	0.00472	-0.03575	0.99922	0.01673	-0.00412	-0.01689	0.99985	
8	0.07000	-0.19126	2.08574	0.21708	0.20310	-0.02417	-0.31901	0.56908	0.99998	-0.00557	0.00040	0.00557	0.99998	0.00355	-0.00042	-0.00354	0.99999		-7.01525	60.95224	874.05436	179.63864	2.40293	-2.75366	0.73271	0.99797	0.04831	0.04157	0.04800	-0.99881	0.00831	0.04193	-0.00630	-0.99910		599.89667	7.81881	39.75214	1.02845	-0.24260	1.84138	0.40249	0.99947	0.03205	0.00481	-0.03213	0.99933	0.01780	-0.00423	-0.01795	0.99983	
9	0.08000	-0.22689	2.03706	0.41137	0.08642	0.08468	-0.31481	0.52694	0.99998	-0.00549	-0.00149	0.00549	0.99998	0.00150	0.00148	-0.00151	1.00000		-8.62234	59.21613	873.95088	179.75471	2.50344	-2.75715	0.73892	0.99789	0.04829	0.04342	0.04806	-0.99882	0.00638	0.04368	-0.00428	-0.99904		599.85330	7.74063	40.68317	1.14795	-0.35691	1.83580	0.40288	0.99947	0.03190	0.00687	-0.03203	0.99929	0.01982	-0.00623	-0.02003	0.99978	
10	0.09000	-0.22462	2.04710	0.37392	0.09023	0.07862	-0.31617	0.52203	0.99998	-0.00552	-0.00138	0.00552	0.99998	0.00157	0.00137	-0.00157	1.00000		-8.55095	59.25340	873.96900	179.75243	2.48550	-2.75385	0.73300	0.99791	0.04823	0.04311	0.04800	-0.99883	0.00640	0.04337	-0.00432	-0.99905		600.03165	7.84593	40.56789	1.27323	-0.53553	1.82067	0.41324	0.99945	0.03156	0.01005	-0.03177	0.99925	0.02191	-0.00935	-0.02222	0.99971	
11	0.10000	-0.22262	2.03411	0.35740	0.09359	0.07831	-0.30854	0.51452	0.99998	-0.00538	-0.00137	0.00538	0.99998	0.00163	0.00137	-0.00163	1.00000		-8.54270	59.30798	873.98219	179.75137	2.48455	-2.74724	0.74155	0.99791	0.04812	0.04309	0.04789	-0.99883	0.00641	0.04335	-0.00434	-0.99905		599.85879	7.69305	40.64451	1.14960	-0.35895	1.80640	0.40656	0.99948	0.03139	0.00689	-0.03152	0.99931	0.01986	-0.00626	-0.02006	0.99978	
12	0.11000	-0.22047	2.04835	0.33012	0.10391	0.07058	-0.31298	0.51034	0.99998	-0.00546	-0.00124	0.00546	0.99998	0.00181	0.00123	-0.00181	1.00000		-8.42940	59.46502	874.00337	179.74901	2.48805	-2.75587	0.73912	0.99790	0.04827	0.04315	0.04804	-0.99882	0.00646	0.04341	-0.00438	-0.99905		599.84072	7.72422	40.58590	1.13319	-0.33886	1.81515	0.40733	0.99948	0.03155	0.00654	-0.03167	0.99931	0.01958	-0.00591	-0.01978	0.99979	
13	0.12000	-0.20205	2.08290	0.48044	0.21715	0.11187	-0.29756	0.46901	0.99998	-0.00519	-0.00197	0.00519	0.99998	0.00378	0.00195	-0.00379	0.99999		-9.07947	61.14856	873.73033	179.63945	2.53508	-2.74184	0.73983	0.99788	0.04811	0.04388	0.04779	-0.99882	0.00840	0.04423	-0.00629	-0.99900		599.80514	7.59921	40.85102	1.00716	-0.38670	1.80440	0.40947	0.99948	0.03136	0.00730	-0.03149	0.99935	0.01736	-0.00675	-0.01758	0.99982	
14	0.13000	-0.22334	2.02918	0.33766	0.09512	0.07844	-0.30876	0.50050	0.99998	-0.00539	-0.00138	0.00539	0.99998	0.00165	0.00137	-0.00166	1.00000		-8.55645	59.33504	873.98837	179.75641	2.49077	-2.75350	0.74041	0.99790	0.04822	0.04320	0.04799	-0.99883	0.00633	0.04346	-0.00425	-0.99905		599.84430	7.71191	40.64565	1.16755	-0.35919	1.79963	0.40468	0.99949	0.03127	0.00690	-0.03140	0.99930	0.02017	-0.00627	-0.02038	0.99977	
15	0.14000	-0.22168	2.03717	0.32168	0.09449	0.07461	-0.31016	0.50486	0.99998	-0.00541	-0.00131	0.00541	0.99998	0.00164	0.00130	-0.00165	1.00000		-8.50497	59.31196	874.02927	179.76149	2.50096	-2.75182	0.74229	0.99790	0.04819	0.04339	0.04796	-0.99883	0.00625	0.04364	-0.00416	-0.99904		599.83937	7.69329	40.61833	1.14945	-0.34719	1.82055	0.40610	0.99948	0.03164	0.00669	-0.03177	0.99930	0.01986	-0.00606	-0.02006	0.99978	
16	0.15000	-0.22075	2.03121	0.31459	0.10316	0.07067	-0.30631	0.50446	0.99998	-0.00534	-0.00124	0.00535	0.99998	0.00179	0.00123	-0.00180	1.00000		-8.43989	59.45777	874.01128	179.74927	2.48885	-2.75284	0.74435	0.99790	0.04822	0.04316	0.04798	-0.99883	0.00646	0.04343	-0.00437	-0.99905		599.84640	7.67873	40.58146	1.14350	-0.35245	1.80260	0.40420	0.99949	0.03133	0.00677	-0.03146	0.99931	0.01975	-0.00615	-0.01996	0.99978	
17	0.16000	-0.22475	2.05136	0.31950	0.10796	0.07518	-0.31435	0.50344	0.99998	-0.00548	-0.00132	0.00549	0.99998	0.00188	0.00131	-0.00188	1.00000		-8.52438	59.53798	873.98271	179.75371	2.48275	-2.76398	0.73629	0.99790	0.04841	0.04306	0.04818	-0.99882	0.00638	0.04332	-0.00429	-0.99905		599.84823	7.73143	40.62160	1.12147	-0.35620	1.82350	0.40744	0.99947	0.03169	0.00684	-0.03182	0.99931	0.01936	-0.00622	-0.01957	0.99979	
18	0.17000	-0.22595	2.03890	0.31525	0.10940	0.07498	-0.30668	0.50491	0.99998	-0.00535	-0.00132	0.00535	0.99998	0.00190	0.00131	-0.00191	1.00000		-8.49815	59.56723	873.99461	179.73778	2.48831	-2.75890	0.74447	0.99790	0.04833	0.04314	0.04809	-0.99882	0.00666	0.04342	-0.00457	-0.99905		600.03787	7.78928	40.53883	1.28189	-0.53811	1.77937	0.41321	0.99947	0.03083	0.01008	-0.03105	0.99927	0.02207	-0.00939	-0.02237	0.99971	
19	0.18000	-0.22857	2.05207	0.30857	0.10514	0.07523	-0.31355	0.50267	0.99998	-0.00547	-0.00132	0.00547	0.99998	0.00183	0.00131	-0.00184	1.00000		-8.50405	59.48849	874.00830	179.74477	2.49067	-2.76560	0.74050	0.99789	0.04844	0.04319	0.04820	-0.99882	0.00655	0.04346	-0.00445	-0.99905		599.84255	7.71505	40.63233	1.12338	-0.34138	1.82806	0.40592	0.99947	0.03178	0.00658	-0.03190	0.99930	0.01941	-0.00596	-0.01961	0.99979	
20	0.19000	-0.22741	2.05761	0.30711	0.10145	0.07568	-0.31336	0.50123	0.99998	-0.00547	-0.00133	0.00547	0.99998	0.00176	0.00132	-0.00177	1.00000		-8.52177	59.44839	873.98479	179.75706	2.47644	-2.76386	0.73204	0.99790	0.04840	0.04295	0.04817	-0.99882	0.00632	0.04321	-0.00424	-0.99906		599.83928	7.72645	40.62622	1.15875	-0.35248	1.80653	0.40864	0.99948	0.03139	0.00679	-0.03152	0.99930	0.02002	-0.00615	-0.02022	0.99978	
21	0.20000	-0.21999	2.03507	0.30131	0.10143	0.07334	-0.30372	0.50209	0.99998	-0.00530	-0.00129	0.00530	0.99998	0.00176	0.00128	-0.00177	1.00000		-8.46372	59.45659	874.01738	179.74991	2.48941	-2.75380	0.74352	0.99790	0.04823	0.04317	0.04800	-0.99883	0.00645	0.04343	-0.00436	-0.99905		600.03376	7.77571	40.52018	1.30920	-0.55000	1.76223	0.41796	0.99948	0.03052	0.01029	-0.03075	0.99927	0.02254	-0.00960	-0.02285	0.99969	
22	0.21000	-0.22132	2.04017	0.31409	0.10543	0.07843	-0.30600	0.50236	0.99998	-0.00534	-0.00138	0.00534	0.99998	0.00183	0.00137	-0.00184	1.00000		-8.54556	59.50473	874.00515	179.73970	2.49729	-2.74868	0.73762	0.99790	0.04815	0.04330	0.04791	-0.99883	0.00663	0.04357	-0.00454	-0.99904		599.84267	7.67683	40.64454	1.15857	-0.36584	1.78434	0.40857	0.99949	0.03100	0.00701	-0.03114	0.99931	0.02001	-0.00639	-0.02022	0.99978	
23	0.22000	-0.17654	2.07236	-0.07330	0.21950	-0.05913	-0.30459	0.46474	0.99999	-0.00532	0.00101	0.00532	0.99998	0.00384	-0.00103	-0.00383	0.99999		-6.49374	61.22766	874.28980	179.62422	2.35943	-2.75577	0.73895	0.99800	0.04835	0.04080	0.04804	-0.99881	0.00853	0.04117	-0.00655	-0.99913		599.88919	7.71714	39.58441	1.04948	-0.22478	1.77307	0.40674	0.99951	0.03086	0.00449	-0.03094	0.99936	0.01819	-0.00392	-0.01832	0.99982	
24	0.23000	-0.17569	2.06351	-0.06909	0.21568	-0.05809	-0.30319	0.46531	0.99999	-0.00530	0.00099	0.00529	0.99998	0.00377	-0.00101	-0.00376	0.99999		-6.50907	61.19314	874.29605	179.63544	2.36571	-2.76005	0.74239	0.99799	0.04841	0.04092	0.04811	-0.99881	0.00834	0.04128	-0.00636	-0.99913		599.88933	7.69256	39.59783	1.02679	-0.22576	1.78595	0.40982	0.99951	0.03109	0.00450	-0.03117	0.99936	0.01779	-0.00394	-0.01792	0.99983	
25	0.24000	-0.20925	2.08417	0.41068	0.22877	0.10195	-0.29648	0.45869	0.99998	-0.00517	-0.00180	0.00517	0.99998	0.00398	0.00178	-0.00399	0.99999		-8.91244	61.35768	873.76732	179.61916	2.51694	-2.75238	0.73996	0.99788	0.04831	0.04354	0.04797	-0.99881	0.00875	0.04391	-0.00664	-0.99901		599.81655	7.60900	40.77699	1.01932	-0.39379	1.78534	0.40877	0.99949	0.03103	0.00742	-0.03115	0.99936	0.01757	-0.00687	-0.01779	0.99982	
26	0.25000	-0.22088	2.04977	0.28029	0.11003	0.06751	-0.31093	0.49678	0.99998	-0.00542	-0.00119	0.00543	0.99998	0.00191	0.00118	-0.00192	1.00000		-8.39787	59.60451	874.00801	179.75261	2.47565	-2.76952	0.73386	0.99790	0.04850	0.04294	0.04827	-0.99881	0.00640	0.04319	-0.00431	-0.99906		599.84339	7.70679	40.56347	1.12268	-0.34344	1.80135	0.40622	0.99949	0.03131	0.00661	-0.03143	0.99932	0.01940	-0.00599	-0.01959	0.99979	
27	0.26000	-0.23026	2.05685	0.29074	0.11004	0.07273	-0.31202	0.49550	0.99998	-0.00544	-0.00128	0.00545	0.99998	0.00191	0.00127	-0.00192	1.00000		-8.46324	59.57240	874.02068	179.74084	2.49370	-2.77308	0.74402	0.99788	0.04858	0.04324	0.04833	-0.99881	0.00662	0.04351	-0.00452	-0.99904		599.84654	7.73500	40.59272	1.16037	-0.35972	1.78356	0.40837	0.99950	0.03099	0.00690	-0.03112	0.99931	0.02005	-0.00628	-0.02025	0.99978	
28	0.27000	-0.16318	2.10214	0.03092	0.33878	-0.03178	-0.29055	0.43044	0.99999	-0.00507	0.00053	0.00507	0.99997	0.00591	-0.00055	-0.00591	0.99998		-6.93397	63.02049	874.03828	179.50436	2.38412	-2.75270	0.74025	0.99798	0.04838	0.04113	0.04798	-0.99879	0.01064	0.04160	-0.00864	-0.99910		599.86078	7.62543	39.73603	0.92698	-0.25458	1.76430	0.40991	0.99952	0.03071	0.00494	-0.03079	0.99940	0.01603	-0.00444	-0.01618	0.99986	
29	0.28000	-0.17846	2.07706	-0.09254	0.22549	-0.06350	-0.30654	0.45902	0.99998	-0.00535	0.00109	0.00535	0.99998	0.00394	-0.00111	-0.00394	0.99999		-6.44784	61.31512	874.29639	179.62888	2.35563	-2.76457	0.74258	0.99799	0.04850	0.04074	0.04819	-0.99880	0.00845	0.04110	-0.00647	-0.99913		599.89938	7.73465	39.54065	1.03195	-0.23018	1.77610	0.41172	0.99951	0.03092	0.00457	-0.03099	0.99936	0.01788	-0.00402	-0.01801	0.99983	
30	0.29000	-0.20980	2.10272	0.37428	0.21785	0.09004	-0.30475	0.46191	0.99998	-0.00531	-0.00159	0.00532	0.99998	0.00379	0.00157	-0.00380	0.99999		-8.75722	61.14447	873.81880	179.62769	2.50842	-2.75628	0.73706	0.99789	0.04837	0.04340	0.04804	-0.99881	0.00860	0.04377	-0.00649	-0.99902		599.82459	7.67734	40.67814	1.03715	-0.38028	1.78678	0.41287	0.99949	0.03105	0.00720	-0.03118	0.99935	0.01789	-0.00664	-0.01810	0.99981	
31	0.30000	-0.17833	2.06122	-0.09131	0.23339	-0.06222	-0.29932	0.45851	0.99999	-0.00523	0.00107	0.00522	0.99998	0.00408	-0.00109	-0.00407	0.99999		-6.45684	61.43960	874.28418	179.62210	2.35790	-2.75293	0.74601	0.99800	0.04830	0.04078	0.04799	-0.99881	0.00856	0.04114	-0.00659	-0.99913		599.89329	7.67959	39.55703	1.01666	-0.21831	1.77106	0.40900	0.99952	0.03083	0.00436	-0.03091	0.99937	0.01762	-0.00381	-0.01774	0.99984	
32	0.31000	-0.18085	2.05152	-0.08747	0.21972	-0.06101	-0.29553	0.45880	0.99999	-0.00516	0.00105	0.00516	0.99998	0.00384	-0.00106	-0.00383	0.99999		-6.46931	61.24658	874.29376	179.62782	2.35393	-2.75599	0.74198	0.99800	0.04835	0.04071	0.04804	-0.99881	0.00846	0.04107	-0.00649	-0.99914		599.89825	7.65379	39.56351	1.04803	-0.22791	1.75328	0.41099	0.99952	0.03052	0.00453	-0.03060	0.99937	0.01816	-0.00398	-0.01829	0.99982	
33	0.32000	-0.22512	2.03502	0.27553	0.10659	0.06644	-0.30164	0.48937	0.99999	-0.00526	-0.00117	0.00526	0.99998	0.00185	0.00116	-0.00186	1.00000		-8.36343	59.51546	874.03125	179.75070	2.47983	-2.75597	0.74543	0.99791	0.04827	0.04301	0.04804	-0.99882	0.00643	0.04327	-0.00435	-0.99905		599.85368	7.64194	40.54009	1.15928	-0.35839	1.77848	0.40916	0.99950	0.03090	0.00688	-0.03103	0.99932	0.02003	-0.00625	-0.02023	0.99978	
34	0.33000	-0.22622	2.03933	0.27918	0.11053	0.07106	-0.30397	0.49313	0.99998	-0.00530	-0.00125	0.00531	0.99998	0.00192	0.00124	-0.00193	1.00000		-8.43013	59.58118	874.02908	179.74243	2.48918	-2.76150	0.74057	0.99790	0.04837	0.04316	0.04813	-0.99882	0.00658	0.04343	-0.00449	-0.99905		599.85028	7.65832	40.58252	1.13458	-0.35722	1.78290	0.40869	0.99950	0.03098	0.00685	-0.03111	0.99932	0.01960	-0.00623	-0.01980	0.99978	
35	0.34000	-0.17609	2.06961	-0.09246	0.22434	-0.06188	-0.30073	0.45971	0.99999	-0.00525	0.00106	0.00525	0.99998	0.00392	-0.00108	-0.00392	0.99999		-6.46319	61.32438	874.28087	179.63547	2.34645	-2.76729	0.73159	0.99800	0.04854	0.04059	0.04824	-0.99880	0.00833	0.04094	-0.00636	-0.99914		599.88536	7.67252	39.55376	1.02747	-0.22644	1.77717	0.41198	0.99951	0.03094	0.00451	-0.03101	0.99936	0.01780	-0.00395	-0.01793	0.99983	
36	0.35000	-0.17919	2.06348	-0.08827	0.22334	-0.05931	-0.29931	0.46096	0.99999	-0.00523	0.00102	0.00522	0.99998	0.00390	-0.00104	-0.00390	0.99999		-6.48943	61.29104	874.29128	179.62378	2.35890	-2.75856	0.73667	0.99799	0.04840	0.04079	0.04809	-0.99881	0.00854	0.04116	-0.00656	-0.99913		599.89187	7.67435	39.56935	1.04447	-0.23486	1.76595	0.40728	0.99952	0.03074	0.00466	-0.03082	0.99936	0.01809	-0.00410	-0.01823	0.99983	
37	0.36000	-0.17696	2.06350	-0.09973	0.22249	-0.06551	-0.29775	0.45728	0.99999	-0.00520	0.00112	0.00520	0.99998	0.00389	-0.00114	-0.00388	0.99999		-6.39112	61.26718	874.30757	179.62592	2.35724	-2.74863	0.74509	0.99800	0.04822	0.04077	0.04791	-0.99882	0.00849	0.04113	-0.00652	-0.99913		600.08231	7.76053	39.44818	1.16719	-0.40089	1.75373	0.42183	0.99951	0.03045	0.00762	-0.03060	0.99933	0.02015	-0.00700	-0.02037	0.99977	
38	0.37000	-0.17846	2.07422	-0.11170	0.22931	-0.06735	-0.30295	0.45680	0.99999	-0.00529	0.00115	0.00529	0.99998	0.00401	-0.00118	-0.00400	0.99999		-6.37166	61.37762	874.31309	179.62387	2.35541	-2.76182	0.73818	0.99799	0.04845	0.04073	0.04814	-0.99880	0.00854	0.04110	-0.00656	-0.99913		599.90133	7.69292	39.50905	1.01255	-0.22458	1.77678	0.41240	0.99951	0.03093	0.00447	-0.03101	0.99937	0.01754	-0.00392	-0.01767	0.99984	
39	0.38000	-0.22851	2.06642	0.27089	0.11331	0.06510	-0.31286	0.49523	0.99998	-0.00546	-0.00115	0.00546	0.99998	0.00197	0.00114	-0.00198	1.00000		-8.39394	59.71404	873.97907	179.75053	2.42336	-2.85409	0.74305	0.99787	0.04998	0.04201	0.04975	-0.99874	0.00645	0.04228	-0.00435	-0.99910		599.85117	7.72869	40.53614	1.14887	-0.34730	1.79096	0.41326	0.99949	0.03113	0.00668	-0.03125	0.99931	0.01985	-0.00606	-0.02005	0.99978	
40	0.39000	-0.22589	2.05911	0.25584	0.10421	0.06264	-0.31153	0.49267	0.99998	-0.00543	-0.00110	0.00544	0.99998	0.00181	0.00109	-0.00182	1.00000		-8.31407	59.47234	874.05012	179.75143	2.47737	-2.77024	0.74181	0.99790	0.04852	0.04296	0.04829	-0.99881	0.00642	0.04322	-0.00433	-0.99906		599.85204	7.71798	40.51530	1.15446	-0.34877	1.78272	0.40974	0.99950	0.03098	0.00671	-0.03111	0.99932	0.01995	-0.00609	-0.02015	0.99978	
41	0.40000	-0.22106	2.05057	0.24463	0.10290	0.05921	-0.30814	0.49420	0.99998	-0.00538	-0.00104	0.00538	0.99998	0.00179	0.00103	-0.00180	1.00000		-8.26529	59.47606	874.06702	179.74791	2.47998	-2.77150	0.74315	0.99789	0.04854	0.04301	0.04831	-0.99881	0.00649	0.04327	-0.00440	-0.99905		599.83993	7.68628	40.49975	1.15667	-0.33381	1.78350	0.40739	0.99950	0.03100	0.00645	-0.03112	0.99932	0.02000	-0.00583	-0.02019	0.99978	
42	0.41000	-0.18438	2.05992	-0.09107	0.22326	-0.05899	-0.29771	0.45811	0.99999	-0.00520	0.00101	0.00520	0.99998	0.00390	-0.00103	-0.00390	0.99999		-6.49784	61.32377	874.29959	179.62756	2.36500	-2.76384	0.74275	0.99799	0.04849	0.04090	0.04818	-0.99880	0.00848	0.04127	-0.00649	-0.99913		600.08565	7.77297	39.49784	1.18228	-0.41972	1.74096	0.41933	0.99951	0.03022	0.00795	-0.03038	0.99933	0.02040	-0.00733	-0.02063	0.99976	
43	0.42000	-0.18631	2.07145	-0.08383	0.21638	-0.05574	-0.30296	0.45843	0.99999	-0.00529	0.00095	0.00529	0.99998	0.00378	-0.00097	-0.00378	0.99999		-6.55581	61.19256	874.29353	179.64142	2.36997	-2.76104	0.74275	0.99798	0.04843	0.04100	0.04813	-0.99881	0.00824	0.04135	-0.00625	-0.99913		599.89839	7.69123	39.59874	1.04433	-0.24332	1.77944	0.40881	0.99951	0.03097	0.00481	-0.03105	0.99935	0.01809	-0.00425	-0.01823	0.99982	
44	0.43000	-0.17652	2.05932	-0.11053	0.21434	-0.06711	-0.29909	0.45730	0.99999	-0.00522	0.00115	0.00522	0.99998	0.00375	-0.00117	-0.00374	0.99999		-6.38752	61.18302	874.32340	179.63622	2.35585	-2.76614	0.73842	0.99799	0.04852	0.04075	0.04822	-0.99880	0.00833	0.04111	-0.00634	-0.99913		599.89032	7.65618	39.51485	1.03924	-0.22275	1.78015	0.41095	0.99951	0.03099	0.00445	-0.03106	0.99936	0.01801	-0.00389	-0.01814	0.99983	
45	0.44000	-0.20585	2.09928	0.38665	0.21978	0.09711	-0.30208	0.45719	0.99998	-0.00527	-0.00171	0.00527	0.99998	0.00383	0.00169	-0.00384	0.99999		-8.86679	61.19578	873.80749	179.63289	2.52361	-2.75357	0.74226	0.99788	0.04832	0.04367	0.04799	-0.99881	0.00852	0.04403	-0.00640	-0.99901		599.80329	7.66122	40.73236	1.03100	-0.38176	1.76008	0.40987	0.99951	0.03059	0.00721	-0.03071	0.99937	0.01778	-0.00666	-0.01799	0.99982	
46	0.45000	-0.17503	2.06365	-0.09470	0.21741	-0.06034	-0.29914	0.45256	0.99999	-0.00522	0.00103	0.00522	0.99998	0.00380	-0.00105	-0.00379	0.99999		-6.50295	61.22240	874.28505	179.63672	2.35429	-2.75482	0.73672	0.99800	0.04832	0.04073	0.04802	-0.99881	0.00831	0.04108	-0.00633	-0.99914		599.87573	7.67654	39.56397	1.05614	-0.21490	1.75702	0.40743	0.99952	0.03059	0.00431	-0.03066	0.99936	0.01831	-0.00375	-0.01843	0.99982	
47	0.46000	-0.22272	2.06455	0.25533	0.11762	0.06297	-0.31176	0.49634	0.99998	-0.00544	-0.00111	0.00544	0.99998	0.00205	0.00110	-0.00205	1.00000		-8.33835	59.69292	874.02435	179.75008	2.47742	-2.77168	0.73604	0.99790	0.04854	0.04296	0.04831	-0.99881	0.00645	0.04323	-0.00436	-0.99906		599.84029	7.73817	40.50312	1.15470	-0.34923	1.76247	0.40796	0.99951	0.03063	0.00671	-0.03076	0.99933	0.01996	-0.00610	-0.02015	0.99978	
48	0.47000	-0.18490	2.08930	-0.08207	0.20482	-0.05523	-0.31239	0.45694	0.99998	-0.00546	0.00095	0.00545	0.99998	0.00358	-0.00096	-0.00357	0.99999		-6.56672	60.98678	874.29197	179.64621	2.36428	-2.76806	0.74261	0.99798	0.04855	0.04091	0.04825	-0.99880	0.00816	0.04125	-0.00617	-0.99913		599.88102	7.76252	39.60849	1.05718	-0.22129	1.78484	0.40859	0.99951	0.03107	0.00443	-0.03115	0.99935	0.01832	-0.00386	-0.01845	0.99982	
49	0.48000	-0.22832	2.04781	0.28235	0.10213	0.07414	-0.30647	0.49355	0.99998	-0.00535	-0.00130	0.00535	0.99998	0.00177	0.00129	-0.00178	1.00000		-8.48209	59.43986	874.02741	179.75017	2.49119	-2.75930	0.74566	0.99790	0.04833	0.04321	0.04809	-0.99882	0.00645	0.04347	-0.00436	-0.99905		599.83819	7.68650	40.60144	1.18073	-0.35611	1.76850	0.40730	0.99950	0.03073	0.00685	-0.03086	0.99932	0.02040	-0.00622	-0.02061	0.99977	
50	0.49000	-0.17634	2.07144	-0.11633	0.23091	-0.06783	-0.30117	0.45705	0.99999	-0.00526	0.00116	0.00526	0.99998	0.00404	-0.00118	-0.00403	0.99999		-6.36884	61.40640	874.31779	179.61563	2.35404	-2.76488	0.73946	0.99799	0.04851	0.04070	0.04820	-0.99880	0.00868	0.04107	-0.00670	-0.99913		599.88049	7.69399	39.50076	1.04125	-0.21009	1.76912	0.40752	0.99952	0.03080	0.00423	-0.03087	0.99936	0.01805	-0.00367	-0.01817	0.99983	
51	0.50000	-0.22660	2.05991	0.25682	0.11584	0.06580	-0.31140	0.49214	0.99998	-0.00543	-0.00116	0.00543	0.99998	0.00201	0.00115	-0.00202	1.00000		-8.35813	59.65068	874.03981	179.73608	2.48691	-2.77535	0.74425	0.99789	0.04862	0.04312	0.04837	-0.99881	0.00670	0.04339	-0.00460	-0.99905		599.84873	7.73974	40.52882	1.16083	-0.35125	1.77531	0.40862	0.99950	0.03085	0.00675	-0.03098	0.99932	0.02006	-0.00613	-0.02026	0.99978	
52	0.51000	-0.17967	2.07576	-0.10424	0.22160	-0.06303	-0.30431	0.45670	0.99999	-0.00532	0.00108	0.00531	0.99998	0.00387	-0.00110	-0.00387	0.99999		-6.44463	61.24888	874.30710	179.62227	2.35264	-2.76106	0.74187	0.99800	0.04844	0.04068	0.04813	-0.99880	0.00856	0.04105	-0.00659	-0.99914		599.89365	7.71173	39.53390	1.03548	-0.23210	1.76770	0.41077	0.99952	0.03077	0.00461	-0.03085	0.99936	0.01794	-0.00405	-0.01807	0.99983	
53	0.52000	-0.17894	2.07545	-0.09943	0.22579	-0.06118	-0.30382	0.45525	0.99999	-0.00531	0.00105	0.00530	0.99998	0.00395	-0.00107	-0.00394	0.99999		-6.47677	61.31198	874.29955	179.63165	2.36040	-2.75973	0.74211	0.99799	0.04841	0.04083	0.04811	-0.99881	0.00840	0.04119	-0.00642	-0.99913		599.89425	7.71746	39.55604	1.03490	-0.22457	1.76933	0.40948	0.99952	0.03080	0.00447	-0.03088	0.99936	0.01793	-0.00392	-0.01806	0.99983	
54	0.53000	-0.18035	2.07560	-0.11767	0.23252	-0.06809	-0.30204	0.45883	0.99999	-0.00528	0.00117	0.00527	0.99998	0.00406	-0.00119	-0.00406	0.99999		-6.37880	61.41428	874.29219	179.61960	2.33882	-2.75831	0.74338	0.99801	0.04839	0.04044	0.04808	-0.99881	0.00860	0.04081	-0.00663	-0.99914		599.89609	7.69636	39.50145	1.02771	-0.22053	1.77174	0.40730	0.99951	0.03084	0.00440	-0.03092	0.99936	0.01781	-0.00385	-0.01794	0.99983	
55	0.54000	-0.22553	2.05201	0.25576	0.11609	0.06404	-0.30732	0.48941	0.99998	-0.00536	-0.00113	0.00536	0.99998	0.00202	0.00112	-0.00203	1.00000		-8.33878	59.65693	874.04922	179.74190	2.48876	-2.76726	0.74033	0.99789	0.04847	0.04315	0.04823	-0.99881	0.00660	0.04342	-0.00450	-0.99905		600.04598	7.80645	40.43904	1.28577	-0.54858	1.76441	0.42169	0.99948	0.03057	0.01026	-0.03079	0.99928	0.02213	-0.00957	-0.02244	0.99970	
56	0.55000	-0.17644	2.06813	-0.13449	0.22011	-0.07538	-0.30176	0.45625	0.99999	-0.00527	0.00130	0.00527	0.99998	0.00385	-0.00132	-0.00384	0.99999		-6.26860	61.24277	874.33241	179.63533	2.34397	-2.76394	0.74354	0.99800	0.04848	0.04054	0.04818	-0.99880	0.00833	0.04090	-0.00636	-0.99914		599.90728	7.69560	39.43801	1.05203	-0.21912	1.76967	0.41122	0.99952	0.03081	0.00439	-0.03088	0.99936	0.01823	-0.00382	-0.01836	0.99982	
57	0.56000	-0.22559	2.05070	0.24333	0.09790	0.06083	-0.30885	0.49040	0.99998	-0.00539	-0.00107	0.00539	0.99998	0.00170	0.00106	-0.00171	1.00000		-8.29319	59.37899	874.08752	179.75511	2.49090	-2.76354	0.73956	0.99789	0.04840	0.04320	0.04817	-0.99882	0.00636	0.04346	-0.00427	-0.99905		599.85255	7.70016	40.50038	1.16637	-0.34848	1.77536	0.40981	0.99950	0.03085	0.00671	-0.03098	0.99932	0.02016	-0.00608	-0.02036	0.99977	
58	0.57000	-0.17932	2.07173	-0.11940	0.21535	-0.06936	-0.30302	0.45502	0.99999	-0.00529	0.00119	0.00529	0.99998	0.00376	-0.00121	-0.00376	0.99999		-6.36250	61.17137	874.31979	179.63773	2.34742	-2.76605	0.74225	0.99800	0.04852	0.04061	0.04822	-0.99880	0.00829	0.04096	-0.00632	-0.99914		600.09479	7.83726	39.39767	1.22260	-0.41412	1.73553	0.41763	0.99952	0.03013	0.00787	-0.03029	0.99932	0.02111	-0.00723	-0.02134	0.99975	
59	0.58000	-0.22428	2.05945	0.23238	0.10125	0.05680	-0.31184	0.49206	0.99998	-0.00544	-0.00100	0.00544	0.99998	0.00176	0.00099	-0.00177	1.00000		-8.23723	59.43425	874.08802	179.74838	2.48178	-2.77655	0.74142	0.99789	0.04863	0.04304	0.04840	-0.99881	0.00648	0.04330	-0.00439	-0.99905		599.86277	7.74576	40.45793	1.18821	-0.35283	1.75932	0.40784	0.99951	0.03057	0.00679	-0.03070	0.99932	0.02054	-0.00616	-0.02074	0.99977	
60	0.59000	-0.18121	2.05508	-0.11684	0.21711	-0.06566	-0.29568	0.45539	0.99999	-0.00516	0.00113	0.00516	0.99998	0.00379	-0.00115	-0.00379	0.99999		-6.40550	61.22738	874.30593	179.63316	2.34390	-2.76130	0.74039	0.99800	0.04844	0.04054	0.04813	-0.99881	0.00837	0.04090	-0.00640	-0.99914		599.90258	7.65486	39.51613	1.05914	-0.23522	1.75011	0.41268	0.99953	0.03046	0.00467	-0.03054	0.99937	0.01835	-0.00411	-0.01848	0.99982	
61	0.60000	-0.18465	2.08518	-0.11390	0.22476	-0.06594	-0.30707	0.45207	0.99998	-0.00536	0.00113	0.00536	0.99998	0.00393	-0.00115	-0.00392	0.99999		-6.40637	61.30221	874.30833	179.61900	2.35073	-2.76667	0.74058	0.99799	0.04854	0.04065	0.04823	-0.99880	0.00862	0.04102	-0.00664	-0.99914		599.90066	7.72067	39.51335	1.01942	-0.22414	1.78271	0.40564	0.99951	0.03103	0.00446	-0.03111	0.99936	0.01766	-0.00391	-0.01779	0.99983	
62	0.61000	-0.17924	2.06657	-0.10728	0.21507	-0.06235	-0.29985	0.45320	0.99999	-0.00524	0.00107	0.00523	0.99998	0.00376	-0.00109	-0.00375	0.99999		-6.46730	61.19405	874.29378	179.64621	2.34348	-2.75773	0.73606	0.99801	0.04836	0.04054	0.04807	-0.99881	0.00814	0.04089	-0.00617	-0.99914		599.88876	7.68214	39.54506	1.04695	-0.22421	1.74907	0.40980	0.99953	0.03045	0.00447	-0.03052	0.99937	0.01814	-0.00391	-0.01827	0.99983	
63	0.62000	-0.17872	2.07088	-0.11761	0.21432	-0.06711	-0.30282	0.45124	0.99999	-0.00529	0.00115	0.00529	0.99998	0.00375	-0.00117	-0.00374	0.99999		-6.38440	61.15184	874.31831	179.63445	2.34960	-2.76028	0.74023	0.99800	0.04842	0.04064	0.04812	-0.99881	0.00835	0.04100	-0.00637	-0.99914		599.89716	7.70032	39.50684	1.05447	-0.22721	1.76985	0.41128	0.99952	0.03081	0.00453	-0.03088	0.99936	0.01827	-0.00397	-0.01840	0.99982	
64	0.63000	-0.18005	2.07436	-0.13579	0.22683	-0.07355	-0.30448	0.45422	0.99998	-0.00532	0.00126	0.00531	0.99998	0.00397	-0.00128	-0.00396	0.99999		-6.27517	61.35380	874.33762	179.63052	2.35136	-2.77081	0.74218	0.99799	0.04860	0.04067	0.04830	-0.99880	0.00842	0.04103	-0.00644	-0.99914		600.09642	7.83164	39.35987	1.17927	-0.42152	1.74727	0.41762	0.99951	0.03033	0.00798	-0.03049	0.99933	0.02035	-0.00736	-0.02058	0.99976	
65	0.64000	-0.17665	2.06598	-0.12404	0.22554	-0.06735	-0.29838	0.45119	0.99999	-0.00521	0.00116	0.00521	0.99998	0.00394	-0.00118	-0.00394	0.99999		-6.37068	61.34227	874.31461	179.62619	2.34986	-2.76228	0.74661	0.99800	0.04846	0.04064	0.04815	-0.99880	0.00849	0.04100	-0.00652	-0.99914		599.89996	7.69124	39.49664	1.07353	-0.23748	1.73890	0.41192	0.99953	0.03026	0.00471	-0.03034	0.99937	0.01860	-0.00414	-0.01874	0.99982	
66	0.65000	-0.18050	2.06267	-0.10929	0.20983	-0.06336	-0.30008	0.45201	0.99999	-0.00524	0.00109	0.00524	0.99998	0.00367	-0.00111	-0.00366	0.99999		-6.43244	61.10139	874.32324	179.64098	2.35528	-2.76367	0.74036	0.99799	0.04847	0.04075	0.04818	-0.99880	0.00824	0.04110	-0.00626	-0.99914		599.89369	7.67990	39.53232	1.05684	-0.22254	1.75509	0.41148	0.99952	0.03055	0.00445	-0.03063	0.99936	0.01832	-0.00388	-0.01844	0.99982	
67	0.66000	-0.18148	2.05621	-0.12939	0.22961	-0.07016	-0.29398	0.45376	0.99999	-0.00514	0.00120	0.00513	0.99998	0.00401	-0.00122	-0.00401	0.99999		-6.32931	61.40126	874.32491	179.61830	2.35221	-2.75443	0.74065	0.99800	0.04833	0.04067	0.04801	-0.99881	0.00863	0.04104	-0.00666	-0.99914		600.09917	7.75804	39.39564	1.19286	-0.41889	1.73023	0.42005	0.99952	0.03003	0.00793	-0.03019	0.99933	0.02059	-0.00731	-0.02082	0.99976	
68	0.67000	-0.22762	2.04554	0.23990	0.09284	0.06099	-0.30726	0.49055	0.99998	-0.00536	-0.00107	0.00536	0.99998	0.00161	0.00106	-0.00162	1.00000		-8.28296	59.31914	874.09000	179.77063	2.49321	-2.77433	0.73859	0.99788	0.04858	0.04326	0.04836	-0.99881	0.00610	0.04350	-0.00400	-0.99905		599.85841	7.68536	40.49546	1.17709	-0.35520	1.77419	0.40888	0.99950	0.03083	0.00683	-0.03096	0.99931	0.02034	-0.00620	-0.02054	0.99977	
69	0.68000	-0.22553	2.05620	0.24843	0.09391	0.06526	-0.31152	0.49383	0.99998	-0.00543	-0.00115	0.00544	0.99998	0.00163	0.00114	-0.00164	1.00000		-8.35881	59.31135	874.08478	179.76422	2.49488	-2.77341	0.74234	0.99788	0.04856	0.04328	0.04834	-0.99881	0.00622	0.04353	-0.00411	-0.99904		599.85198	7.70777	40.51734	1.16058	-0.36618	1.78863	0.40761	0.99949	0.03108	0.00702	-0.03121	0.99931	0.02005	-0.00639	-0.02025	0.99977	
70	0.69000	-0.17565	2.07366	-0.12434	0.22444	-0.06865	-0.30222	0.45507	0.99999	-0.00528	0.00118	0.00527	0.99998	0.00392	-0.00120	-0.00392	0.99999		-6.36219	61.29264	874.33067	179.62952	2.36098	-2.76166	0.74285	0.99799	0.04845	0.04083	0.04814	-0.99880	0.00844	0.04120	-0.00646	-0.99913		599.89758	7.70697	39.48311	1.04581	-0.22622	1.75306	0.40984	0.99952	0.03051	0.00450	-0.03059	0.99937	0.01812	-0.00395	-0.01825	0.99983	
71	0.70000	-0.22535	2.05369	0.24708	0.09416	0.06569	-0.30986	0.48543	0.99998	-0.00541	-0.00115	0.00541	0.99998	0.00164	0.00115	-0.00164	1.00000		-8.37121	59.31532	874.07644	179.76097	2.49122	-2.77382	0.73963	0.99788	0.04857	0.04321	0.04835	-0.99881	0.00627	0.04347	-0.00417	-0.99905		599.84885	7.70820	40.53513	1.18668	-0.35509	1.77240	0.40883	0.99950	0.03079	0.00683	-0.03093	0.99931	0.02051	-0.00620	-0.02071	0.99977	
72	0.71000	-0.18106	2.07583	-0.10649	0.22166	-0.06199	-0.30322	0.45601	0.99999	-0.00530	0.00106	0.00529	0.99998	0.00387	-0.00108	-0.00387	0.99999		-6.46825	61.25112	874.30580	179.63339	2.35892	-2.76287	0.74156	0.99799	0.04846	0.04080	0.04816	-0.99880	0.00838	0.04116	-0.00639	-0.99913		600.09007	7.81836	39.45616	1.18863	-0.42000	1.74932	0.41845	0.99951	0.03037	0.00796	-0.03053	0.99932	0.02051	-0.00733	-0.02074	0.99976	
73	0.72000	-0.18259	2.06011	-0.13040	0.21748	-0.06993	-0.29732	0.45550	0.99999	-0.00519	0.00120	0.00519	0.99998	0.00380	-0.00122	-0.00380	0.99999		-6.39154	61.30188	874.27910	179.64619	2.29055	-2.83357	0.74279	0.99798	0.04968	0.03961	0.04940	-0.99875	0.00814	0.03997	-0.00617	-0.99918		599.89744	7.64792	39.48556	1.05146	-0.21344	1.77038	0.40990	0.99952	0.03082	0.00429	-0.03089	0.99936	0.01823	-0.00373	-0.01835	0.99982	
74	0.73000	-0.18631	2.06874	-0.13034	0.20805	-0.07187	-0.30279	0.45674	0.99999	-0.00529	0.00124	0.00528	0.99998	0.00364	-0.00125	-0.00363	0.99999		-6.31124	61.05476	874.33312	179.64520	2.34538	-2.76456	0.74187	0.99800	0.04848	0.04058	0.04819	-0.99880	0.00816	0.04092	-0.00619	-0.99914		599.91416	7.70396	39.45487	1.05883	-0.22466	1.75930	0.40527	0.99952	0.03062	0.00449	-0.03070	0.99936	0.01835	-0.00392	-0.01848	0.99982	
75	0.74000	-0.18418	2.06056	-0.12289	0.22178	-0.06525	-0.29767	0.45469	0.99999	-0.00520	0.00112	0.00520	0.99998	0.00388	-0.00114	-0.00387	0.99999		-6.40989	61.27727	874.32716	179.63474	2.35564	-2.76365	0.73964	0.99799	0.04848	0.04075	0.04818	-0.99880	0.00835	0.04110	-0.00637	-0.99913		599.90681	7.66648	39.51398	1.04952	-0.24025	1.75510	0.41258	0.99952	0.03055	0.00475	-0.03063	0.99937	0.01818	-0.00419	-0.01832	0.99982	
76	0.75000	-0.23110	2.05209	0.23903	0.09430	0.06414	-0.31253	0.49157	0.99998	-0.00545	-0.00113	0.00545	0.99998	0.00164	0.00112	-0.00165	1.00000		-8.39406	59.43453	874.02059	179.78062	2.42231	-2.85344	0.74258	0.99787	0.04994	0.04202	0.04974	-0.99874	0.00593	0.04226	-0.00383	-0.99910		600.05683	7.85471	40.43800	1.32246	-0.55961	1.74997	0.41857	0.99949	0.03030	0.01046	-0.03054	0.99927	0.02277	-0.00977	-0.02308	0.99969	
77	0.76000	-0.23091	2.04152	0.24471	0.07933	0.06360	-0.30891	0.49672	0.99998	-0.00539	-0.00112	0.00539	0.99998	0.00138	0.00111	-0.00138	1.00000		-8.31895	59.11747	874.09507	179.77956	2.48765	-2.77126	0.74050	0.99789	0.04852	0.04317	0.04830	-0.99882	0.00594	0.04340	-0.00384	-0.99905		599.86647	7.72832	40.51969	1.21657	-0.35828	1.75009	0.41111	0.99951	0.03040	0.00690	-0.03054	0.99931	0.02103	-0.00625	-0.02123	0.99976	
78	0.77000	-0.18364	2.05674	-0.10686	0.21533	-0.06012	-0.29656	0.45477	0.99999	-0.00518	0.00103	0.00518	0.99998	0.00376	-0.00105	-0.00376	0.99999		-6.48267	61.18212	874.30370	179.63448	2.35378	-2.75690	0.74361	0.99800	0.04836	0.04071	0.04806	-0.99881	0.00835	0.04107	-0.00637	-0.99914		600.09952	7.77135	39.48257	1.20462	-0.43140	1.73047	0.42346	0.99952	0.03003	0.00816	-0.03020	0.99933	0.02079	-0.00753	-0.02102	0.99975	
79	0.78000	-0.18216	2.08037	-0.12808	0.22719	-0.06671	-0.30336	0.45396	0.99999	-0.00530	0.00114	0.00529	0.99998	0.00397	-0.00116	-0.00397	0.99999		-6.38289	61.34215	874.33112	179.62361	2.36310	-2.76706	0.74026	0.99798	0.04854	0.04087	0.04823	-0.99880	0.00855	0.04123	-0.00656	-0.99913		599.91267	7.73343	39.50946	1.05964	-0.24196	1.73969	0.41300	0.99953	0.03028	0.00478	-0.03036	0.99937	0.01836	-0.00422	-0.01849	0.99982	
80	0.79000	-0.18372	2.08122	-0.11140	0.22608	-0.05961	-0.30386	0.45504	0.99999	-0.00531	0.00102	0.00530	0.99998	0.00395	-0.00104	-0.00395	0.99999		-6.49440	61.33093	874.30187	179.62599	2.36090	-2.76755	0.74231	0.99799	0.04855	0.04083	0.04824	-0.99880	0.00851	0.04119	-0.00652	-0.99913		599.90246	7.70232	39.56921	1.03089	-0.23781	1.76405	0.41366	0.99952	0.03070	0.00470	-0.03078	0.99937	0.01786	-0.00415	-0.01799	0.99983	
81	0.80000	-0.18093	2.06550	-0.11966	0.21967	-0.06496	-0.29948	0.45398	0.99999	-0.00523	0.00111	0.00523	0.99998	0.00384	-0.00113	-0.00383	0.99999		-6.41246	61.23593	874.32153	179.62740	2.35628	-2.75301	0.74377	0.99800	0.04830	0.04075	0.04799	-0.99881	0.00847	0.04111	-0.00650	-0.99913		600.09872	7.80284	39.44086	1.20586	-0.42798	1.74119	0.41623	0.99951	0.03022	0.00810	-0.03038	0.99932	0.02081	-0.00747	-0.02104	0.99975	
82	0.81000	-0.18682	2.05475	-0.11610	0.21835	-0.06201	-0.29884	0.45253	0.99999	-0.00522	0.00106	0.00522	0.99998	0.00382	-0.00108	-0.00381	0.99999		-6.45511	61.24210	874.30933	179.62526	2.35594	-2.76692	0.74052	0.99799	0.04854	0.04074	0.04823	-0.99880	0.00852	0.04111	-0.00653	-0.99913		599.91256	7.68726	39.55092	1.06122	-0.24274	1.75925	0.40848	0.99952	0.03062	0.00480	-0.03070	0.99936	0.01838	-0.00424	-0.01852	0.99982	
83	0.82000	-0.18673	2.07922	-0.10933	0.22183	-0.06001	-0.30378	0.45730	0.99999	-0.00531	0.00103	0.00530	0.99998	0.00388	-0.00105	-0.00387	0.99999		-6.48943	61.27101	874.32469	179.63292	2.37401	-2.77351	0.74153	0.99797	0.04865	0.04106	0.04835	-0.99880	0.00840	0.04142	-0.00640	-0.99912		599.90483	7.71264	39.56471	1.04525	-0.23909	1.76505	0.40752	0.99952	0.03072	0.00473	-0.03080	0.99936	0.01810	-0.00417	-0.01824	0.99982	
84	0.83000	-0.17916	2.05985	-0.13050	0.22331	-0.06991	-0.29680	0.45537	0.99999	-0.00518	0.00120	0.00518	0.99998	0.00390	-0.00122	-0.00390	0.99999		-6.34443	61.30947	874.33166	179.62901	2.34980	-2.76668	0.74048	0.99799	0.04853	0.04064	0.04823	-0.99880	0.00845	0.04100	-0.00647	-0.99914		599.90521	7.65739	39.48126	1.03785	-0.23001	1.75205	0.41267	0.99952	0.03050	0.00457	-0.03057	0.99937	0.01798	-0.00401	-0.01811	0.99983	
85	0.84000	-0.17971	2.06212	-0.13159	0.21510	-0.06987	-0.29866	0.45243	0.99999	-0.00522	0.00120	0.00521	0.99998	0.00376	-0.00122	-0.00375	0.99999		-6.34918	61.17214	874.34352	179.63191	2.35057	-2.76015	0.73822	0.99800	0.04842	0.04066	0.04811	-0.99881	0.00839	0.04101	-0.00642	-0.99914		599.90500	7.66589	39.48671	1.04581	-0.22777	1.75807	0.40698	0.99952	0.03060	0.00453	-0.03068	0.99936	0.01812	-0.00398	-0.01825	0.99983	
86	0.85000	-0.23254	2.05065	0.26615	0.08739	0.07005	-0.30928	0.48934	0.99998	-0.00540	-0.00123	0.00540	0.99998	0.00152	0.00122	-0.00153	1.00000		-8.42861	59.20864	874.05936	179.75563	2.49598	-2.76458	0.74087	0.99789	0.04842	0.04329	0.04819	-0.99882	0.00636	0.04355	-0.00426	-0.99904		599.85461	7.69698	40.56915	1.17227	-0.35425	1.77657	0.40995	0.99950	0.03087	0.00681	-0.03100	0.99931	0.02026	-0.00618	-0.02046	0.99977	
87	0.86000	-0.23136	2.04561	0.24515	0.08171	0.06193	-0.31006	0.49596	0.99998	-0.00541	-0.00109	0.00541	0.99998	0.00142	0.00108	-0.00143	1.00000		-8.30803	59.13272	874.08676	179.76711	2.48274	-2.76888	0.74047	0.99789	0.04848	0.04307	0.04826	-0.99882	0.00615	0.04332	-0.00406	-0.99905		599.86319	7.70883	40.49617	1.17459	-0.35764	1.77312	0.41002	0.99950	0.03081	0.00687	-0.03094	0.99932	0.02030	-0.00624	-0.02050	0.99977	
88	0.87000	-0.23312	2.05941	0.27548	0.10123	0.07482	-0.31058	0.49166	0.99998	-0.00542	-0.00131	0.00542	0.99998	0.00176	0.00131	-0.00177	1.00000		-8.49363	59.40839	874.04833	179.75104	2.50421	-2.76415	0.73537	0.99788	0.04841	0.04343	0.04818	-0.99882	0.00645	0.04369	-0.00434	-0.99904		599.85523	7.70476	40.59589	1.16808	-0.37226	1.79099	0.40891	0.99949	0.03111	0.00713	-0.03125	0.99931	0.02017	-0.00650	-0.02039	0.99977	
89	0.88000	-0.23191	2.06241	0.24560	0.10959	0.06156	-0.31105	0.48922	0.99998	-0.00543	-0.00108	0.00543	0.99998	0.00191	0.00107	-0.00191	1.00000		-8.30431	59.53841	874.05210	179.73360	2.47520	-2.76922	0.74018	0.99790	0.04851	0.04291	0.04827	-0.99881	0.00673	0.04319	-0.00465	-0.99906		599.86111	7.73903	40.49107	1.16905	-0.35628	1.76060	0.40949	0.99951	0.03059	0.00684	-0.03072	0.99932	0.02020	-0.00622	-0.02040	0.99977	
90	0.89000	-0.17732	2.06326	-0.12757	0.23655	-0.06938	-0.29652	0.45397	0.99999	-0.00518	0.00119	0.00518	0.99998	0.00413	-0.00121	-0.00413	0.99999		-6.34340	61.48981	874.32127	179.61620	2.35541	-2.75626	0.74013	0.99800	0.04836	0.04073	0.04805	-0.99881	0.00867	0.04110	-0.00669	-0.99913		599.90788	7.66175	39.48495	1.04372	-0.22728	1.75538	0.40761	0.99952	0.03056	0.00452	-0.03063	0.99937	0.01809	-0.00397	-0.01822	0.99983	
91	0.90000	-0.17975	2.06580	-0.13365	0.21817	-0.07146	-0.30077	0.45333	0.99999	-0.00525	0.00123	0.00525	0.99998	0.00381	-0.00125	-0.00381	0.99999		-6.30903	61.21530	874.35165	179.63258	2.36076	-2.77074	0.73817	0.99798	0.04860	0.04083	0.04830	-0.99880	0.00840	0.04119	-0.00641	-0.99913		599.91287	7.69594	39.46949	1.05803	-0.22260	1.75099	0.40491	0.99953	0.03048	0.00445	-0.03056	0.99936	0.01834	-0.00389	-0.01846	0.99982	
92	0.91000	-0.23012	2.05361	0.24910	0.10004	0.06401	-0.30904	0.49219	0.99998	-0.00539	-0.00113	0.00539	0.99998	0.00174	0.00112	-0.00175	1.00000		-8.33185	59.41587	874.07156	179.74802	2.48720	-2.77710	0.74023	0.99788	0.04864	0.04313	0.04840	-0.99881	0.00650	0.04340	-0.00439	-0.99905		599.86417	7.69294	40.50930	1.15027	-0.36105	1.78853	0.40554	0.99949	0.03108	0.00692	-0.03121	0.99932	0.01987	-0.00630	-0.02007	0.99978	
93	0.92000	-0.17287	2.08516	-0.14387	0.23414	-0.07615	-0.30485	0.45550	0.99998	-0.00533	0.00131	0.00532	0.99998	0.00409	-0.00133	-0.00409	0.99999		-6.25772	61.43810	874.33688	179.60767	2.34970	-2.76489	0.74060	0.99800	0.04852	0.04062	0.04820	-0.99880	0.00882	0.04100	-0.00684	-0.99914		599.90139	7.72744	39.43036	1.02789	-0.21191	1.76075	0.40802	0.99952	0.03065	0.00425	-0.03073	0.99937	0.01782	-0.00370	-0.01794	0.99983	
94	0.93000	-0.17737	2.07105	-0.12300	0.22216	-0.06670	-0.30083	0.45479	0.99999	-0.00525	0.00114	0.00525	0.99998	0.00388	-0.00116	-0.00388	0.99999		-6.39173	61.26486	874.32499	179.62906	2.35682	-2.75954	0.74180	0.99800	0.04841	0.04076	0.04810	-0.99881	0.00845	0.04112	-0.00647	-0.99913		599.90408	7.69572	39.50005	1.05606	-0.23291	1.75971	0.41254	0.99952	0.03063	0.00463	-0.03071	0.99936	0.01830	-0.00407	-0.01843	0.99982	
