1	0.00000	-0.15204	2.00826	0.84201	-0.26767	0.17180	-0.32174	0.50070	0.99998	-0.00563	-0.00297	0.00562	0.99997	-0.00469	0.00300	0.00467	0.99998		-10.58050	53.59317	874.03396	-179.86679	2.62675	-2.46326	0.60299	0.99803	0.04287	0.04589	0.04293	-0.99908	-0.00035	0.04583	0.00232	-0.99895		599.94039	7.48803	40.97284	1.38087	-0.72755	1.83952	0.36734	0.99940	0.03178	0.01346	-0.03210	0.99920	0.02368	-0.01270	-0.02410	0.99963	
2	0.01000	-0.10015	1.90333	0.81213	-0.31186	0.14426	-0.27134	0.51012	0.99999	-0.00475	-0.00249	0.00474	0.99997	-0.00546	0.00252	0.00544	0.99998		-10.00679	53.42289	874.14168	-179.71873	2.62110	-2.74302	0.72054	0.99781	0.04763	0.04591	0.04781	-0.99885	-0.00271	0.04573	0.00490	-0.99894		599.92255	7.04223	40.72048	1.42725	-0.70951	1.78251	0.36823	0.99944	0.03079	0.01315	-0.03110	0.99922	0.02451	-0.01238	-0.02491	0.99961	
3	0.02000	-0.13604	2.00732	0.83906	-0.26406	0.16755	-0.31672	0.50412	0.99998	-0.00554	-0.00290	0.00553	0.99997	-0.00463	0.00292	0.00461	0.99998		-10.33980	54.06141	874.05852	-179.76218	2.63865	-2.79421	0.72574	0.99775	0.04856	0.04618	0.04870	-0.99881	-0.00190	0.04604	0.00415	-0.99893		599.93269	7.43241	40.93862	1.36593	-0.71947	1.84719	0.36973	0.99940	0.03193	0.01332	-0.03223	0.99921	0.02342	-0.01256	-0.02384	0.99964	
4	0.03000	-0.09497	2.05113	0.25846	-0.11898	-0.03927	-0.33137	0.72077	0.99998	-0.00578	0.00070	0.00578	0.99998	-0.00207	-0.00069	0.00208	1.00000		-7.20715	56.16238	874.47715	-179.95396	2.43158	-2.79896	0.71720	0.99791	0.04880	0.04241	0.04879	-0.99881	0.00127	0.04243	0.00080	-0.99910		599.98090	7.78962	39.49825	1.36571	-0.19663	1.80654	0.37372	0.99950	0.03143	0.00418	-0.03152	0.99922	0.02371	-0.00343	-0.02383	0.99971	
5	0.04000	-0.09224	2.09630	0.26327	-0.11102	-0.03808	-0.34407	0.72822	0.99998	-0.00600	0.00068	0.00601	0.99998	-0.00193	-0.00066	0.00194	1.00000		-7.19371	56.22147	874.46836	-179.95880	2.46119	-2.75169	0.69597	0.99793	0.04798	0.04293	0.04796	-0.99885	0.00134	0.04294	0.00072	-0.99908		600.20414	7.99403	39.40440	1.49290	-0.41213	1.80536	0.38816	0.99948	0.03131	0.00801	-0.03150	0.99917	0.02581	-0.00719	-0.02605	0.99963	
6	0.05000	-0.22733	2.77571	2.53826	0.72317	-0.08366	-0.58296	0.65095	0.99995	-0.01019	0.00133	0.01017	0.99987	0.01263	-0.00146	-0.01262	0.99992		-6.95912	68.02099	871.54174	179.24168	2.38384	-2.84840	0.63081	0.99790	0.05024	0.04088	0.04965	-0.99865	0.01529	0.04159	-0.01322	-0.99905		600.04029	10.08322	37.29156	0.24529	-0.09188	2.31102	0.37187	0.99919	0.04032	0.00177	-0.04032	0.99918	0.00421	-0.00160	-0.00428	0.99999	
7	0.06000	-0.20491	2.11140	0.28732	0.19871	-0.01959	-0.33251	0.59002	0.99998	-0.00580	0.00032	0.00580	0.99998	0.00347	-0.00034	-0.00347	0.99999		-7.43875	61.01563	873.92132	179.66196	2.38529	-2.83711	0.72721	0.99791	0.04974	0.04128	0.04945	-0.99874	0.00795	0.04162	-0.00589	-0.99912		600.09504	7.94295	39.81642	1.11293	-0.42841	2.04221	0.44905	0.99934	0.03548	0.00816	-0.03563	0.99918	0.01914	-0.00748	-0.01942	0.99978	
8	0.07000	-0.18704	2.14436	0.41445	0.32342	0.02888	-0.31621	0.51858	0.99998	-0.00552	-0.00053	0.00552	0.99997	0.00564	0.00050	-0.00564	0.99998		-8.14165	62.79110	873.72345	179.51540	2.50645	-2.74503	0.72478	0.99790	0.04826	0.04327	0.04785	-0.99880	0.01054	0.04373	-0.00845	-0.99901		599.87118	7.80296	40.09671	0.88568	-0.31534	1.85142	0.39963	0.99946	0.03222	0.00600	-0.03231	0.99936	0.01527	-0.00550	-0.01546	0.99987	
9	0.08000	-0.23695	2.02856	0.42226	0.08631	0.08813	-0.31136	0.52936	0.99998	-0.00543	-0.00155	0.00543	0.99998	0.00150	0.00154	-0.00151	1.00000		-9.05206	59.40583	873.86640	179.77910	2.48807	-2.82392	0.72481	0.99784	0.04943	0.04317	0.04922	-0.99877	0.00599	0.04341	-0.00385	-0.99905		599.87550	7.71428	40.71890	1.12700	-0.36710	1.83461	0.40585	0.99947	0.03188	0.00703	-0.03201	0.99930	0.01945	-0.00641	-0.01967	0.99979	
10	0.09000	-0.23931	2.03589	0.39079	0.08940	0.08315	-0.31375	0.52237	0.99998	-0.00547	-0.00146	0.00548	0.99998	0.00155	0.00145	-0.00156	1.00000		-8.99918	59.41438	873.90883	179.76607	2.49603	-2.82234	0.72817	0.99784	0.04942	0.04330	0.04919	-0.99877	0.00622	0.04355	-0.00408	-0.99904		599.87495	7.74255	40.67842	1.14656	-0.36513	1.83009	0.40421	0.99947	0.03180	0.00701	-0.03193	0.99929	0.01980	-0.00637	-0.02001	0.99978	
11	0.10000	-0.23861	2.05738	0.37700	0.09257	0.08233	-0.32018	0.51784	0.99998	-0.00559	-0.00145	0.00559	0.99998	0.00161	0.00144	-0.00162	1.00000		-8.98821	59.33005	873.97878	179.74936	2.55820	-2.75997	0.72681	0.99784	0.04835	0.04437	0.04810	-0.99882	0.00652	0.04463	-0.00437	-0.99899		599.86803	7.79562	40.67350	1.15165	-0.36250	1.82437	0.40739	0.99947	0.03170	0.00696	-0.03184	0.99930	0.01989	-0.00633	-0.02010	0.99978	
12	0.11000	-0.23747	2.03633	0.37473	0.09259	0.08584	-0.31267	0.51656	0.99998	-0.00545	-0.00151	0.00546	0.99998	0.00161	0.00150	-0.00162	1.00000		-9.12766	59.44223	873.90739	179.76192	2.49922	-2.82794	0.73157	0.99783	0.04952	0.04335	0.04929	-0.99876	0.00630	0.04361	-0.00415	-0.99904		599.86542	7.71671	40.69981	1.13065	-0.36967	1.84000	0.40600	0.99946	0.03198	0.00708	-0.03211	0.99929	0.01951	-0.00645	-0.01973	0.99978	
13	0.12000	-0.23714	2.03967	0.36803	0.08392	0.08472	-0.31241	0.51433	0.99998	-0.00545	-0.00149	0.00545	0.99998	0.00146	0.00148	-0.00146	1.00000		-9.07801	59.19563	873.99482	179.76587	2.57080	-2.75884	0.72911	0.99784	0.04831	0.04460	0.04808	-0.99882	0.00624	0.04485	-0.00408	-0.99899		599.86605	7.72372	40.69236	1.15996	-0.36534	1.81053	0.40379	0.99948	0.03146	0.00701	-0.03159	0.99930	0.02003	-0.00638	-0.02024	0.99977	
14	0.13000	-0.23850	2.03668	0.36686	0.09370	0.08647	-0.31023	0.51050	0.99998	-0.00541	-0.00152	0.00541	0.99998	0.00163	0.00151	-0.00164	1.00000		-9.11753	59.32786	873.98374	179.75822	2.56954	-2.75116	0.73280	0.99784	0.04819	0.04458	0.04795	-0.99883	0.00637	0.04483	-0.00422	-0.99899		599.85946	7.69844	40.70143	1.13953	-0.36943	1.81772	0.40854	0.99948	0.03159	0.00707	-0.03172	0.99930	0.01967	-0.00645	-0.01989	0.99978	
15	0.14000	-0.24247	2.04657	0.34165	0.10366	0.08025	-0.31356	0.51411	0.99998	-0.00547	-0.00141	0.00547	0.99998	0.00180	0.00140	-0.00181	1.00000		-9.01196	59.45990	874.00460	179.75546	2.56824	-2.75581	0.73318	0.99784	0.04827	0.04455	0.04803	-0.99883	0.00642	0.04481	-0.00426	-0.99899		599.86461	7.74848	40.65285	1.15284	-0.36855	1.80394	0.41112	0.99948	0.03134	0.00706	-0.03148	0.99931	0.01991	-0.00643	-0.02012	0.99978	
16	0.15000	-0.23720	2.03556	0.29999	0.09353	0.06524	-0.31159	0.50925	0.99998	-0.00544	-0.00115	0.00544	0.99998	0.00163	0.00114	-0.00163	1.00000		-8.76305	59.30798	874.05757	179.75153	2.54988	-2.75720	0.72991	0.99785	0.04830	0.04423	0.04806	-0.99882	0.00647	0.04449	-0.00433	-0.99900		599.86200	7.72304	40.53845	1.14660	-0.34771	1.80430	0.40752	0.99949	0.03136	0.00669	-0.03149	0.99931	0.01981	-0.00607	-0.02001	0.99978	
17	0.16000	-0.24632	2.04901	0.33627	0.11006	0.08075	-0.31152	0.50863	0.99998	-0.00543	-0.00142	0.00544	0.99998	0.00191	0.00141	-0.00192	1.00000		-9.01461	59.66899	873.92589	179.75938	2.49292	-2.85279	0.73136	0.99782	0.04995	0.04323	0.04972	-0.99874	0.00636	0.04350	-0.00420	-0.99904		599.86717	7.72188	40.65742	1.14039	-0.37352	1.79666	0.40740	0.99949	0.03122	0.00714	-0.03135	0.99931	0.01969	-0.00652	-0.01990	0.99978	
18	0.17000	-0.24728	2.05277	0.32742	0.10064	0.07794	-0.31656	0.50502	0.99998	-0.00552	-0.00137	0.00552	0.99998	0.00175	0.00136	-0.00176	1.00000		-8.95558	59.52886	873.92429	179.77901	2.47623	-2.84442	0.72725	0.99784	0.04979	0.04296	0.04958	-0.99875	0.00600	0.04320	-0.00385	-0.99906		599.86619	7.76884	40.63615	1.15361	-0.36456	1.80429	0.40794	0.99948	0.03135	0.00699	-0.03148	0.99931	0.01992	-0.00636	-0.02013	0.99978	
19	0.18000	-0.24219	2.06274	0.32505	0.09917	0.07680	-0.31801	0.50530	0.99998	-0.00555	-0.00135	0.00555	0.99998	0.00172	0.00134	-0.00173	1.00000		-8.90442	59.47450	873.94889	179.76660	2.48831	-2.83881	0.73157	0.99783	0.04970	0.04316	0.04948	-0.99876	0.00622	0.04342	-0.00407	-0.99905		599.86744	7.76424	40.62673	1.13701	-0.36425	1.81232	0.41096	0.99948	0.03149	0.00698	-0.03163	0.99931	0.01963	-0.00636	-0.01984	0.99978	
20	0.19000	-0.18643	2.06606	-0.05569	0.21970	-0.05692	-0.30555	0.46955	0.99999	-0.00534	0.00097	0.00533	0.99998	0.00384	-0.00099	-0.00383	0.99999		-6.89911	61.32238	874.21979	179.63988	2.35043	-2.81976	0.73445	0.99795	0.04945	0.04065	0.04915	-0.99876	0.00830	0.04101	-0.00628	-0.99914		599.90695	7.72996	39.59336	1.03098	-0.23076	1.77717	0.41150	0.99951	0.03093	0.00458	-0.03101	0.99936	0.01786	-0.00403	-0.01799	0.99983	
21	0.20000	-0.18420	2.06943	-0.06100	0.20933	-0.05596	-0.30684	0.46717	0.99998	-0.00536	0.00096	0.00536	0.99998	0.00366	-0.00098	-0.00365	0.99999		-6.92368	61.22445	874.20850	179.67429	2.33450	-2.84775	0.72332	0.99794	0.04991	0.04040	0.04964	-0.99874	0.00770	0.04073	-0.00568	-0.99915		599.90416	7.75218	39.60680	1.05989	-0.23392	1.76052	0.41117	0.99952	0.03064	0.00465	-0.03072	0.99936	0.01836	-0.00408	-0.01850	0.99982	
22	0.21000	-0.16981	2.09554	0.06855	0.33433	-0.02279	-0.29071	0.43320	0.99999	-0.00508	0.00037	0.00507	0.99997	0.00584	-0.00040	-0.00584	0.99998		-7.36645	62.98497	874.03408	179.51367	2.45306	-2.74229	0.73435	0.99794	0.04820	0.04234	0.04780	-0.99880	0.01053	0.04280	-0.00848	-0.99905		599.86317	7.62466	39.81181	0.92808	-0.26341	1.76354	0.40860	0.99952	0.03070	0.00509	-0.03077	0.99940	0.01605	-0.00460	-0.01620	0.99986	
23	0.22000	-0.17329	2.10459	0.05117	0.33659	-0.03030	-0.29274	0.43033	0.99999	-0.00511	0.00050	0.00511	0.99997	0.00588	-0.00053	-0.00587	0.99998		-7.32624	63.11559	873.97789	179.52505	2.37919	-2.82093	0.73280	0.99793	0.04956	0.04105	0.04917	-0.99874	0.01032	0.04151	-0.00828	-0.99910		599.86660	7.62186	39.74895	0.89705	-0.24974	1.78148	0.40883	0.99951	0.03102	0.00484	-0.03109	0.99940	0.01551	-0.00436	-0.01566	0.99987	
24	0.23000	-0.24266	2.05784	0.31275	0.11187	0.07623	-0.31271	0.49423	0.99998	-0.00545	-0.00134	0.00546	0.99998	0.00194	0.00133	-0.00195	1.00000		-8.91976	59.75253	873.91859	179.76402	2.48048	-2.84323	0.72455	0.99783	0.04978	0.04302	0.04956	-0.99875	0.00626	0.04328	-0.00411	-0.99905		599.85672	7.72754	40.61941	1.13094	-0.35967	1.79207	0.40537	0.99949	0.03114	0.00689	-0.03127	0.99932	0.01953	-0.00628	-0.01974	0.99979	
25	0.24000	-0.24571	2.04170	0.30743	0.10228	0.07355	-0.31052	0.50366	0.99998	-0.00542	-0.00129	0.00542	0.99998	0.00178	0.00128	-0.00179	1.00000		-8.89310	59.61428	873.94668	179.76776	2.48295	-2.83825	0.73665	0.99784	0.04969	0.04307	0.04947	-0.99876	0.00619	0.04332	-0.00405	-0.99905		599.86174	7.72362	40.59112	1.16136	-0.36145	1.77800	0.40737	0.99950	0.03089	0.00693	-0.03103	0.99932	0.02006	-0.00631	-0.02027	0.99977	
26	0.25000	-0.22666	2.08066	0.43029	0.20823	0.10614	-0.30007	0.46267	0.99998	-0.00523	-0.00187	0.00524	0.99998	0.00362	0.00185	-0.00363	0.99999		-9.43949	61.19593	873.71509	179.64706	2.52470	-2.83391	0.73240	0.99781	0.04971	0.04369	0.04939	-0.99874	0.00833	0.04405	-0.00615	-0.99901		599.81999	7.66985	40.80155	1.07900	-0.39681	1.75540	0.40977	0.99951	0.03050	0.00750	-0.03063	0.99936	0.01861	-0.00693	-0.01883	0.99980	
27	0.26000	-0.19580	2.06212	-0.06946	0.22020	-0.05739	-0.30196	0.46171	0.99999	-0.00527	0.00098	0.00527	0.99998	0.00385	-0.00100	-0.00384	0.99999		-7.00170	61.41751	874.22804	179.64571	2.36932	-2.83945	0.73237	0.99792	0.04979	0.04098	0.04950	-0.99874	0.00822	0.04134	-0.00618	-0.99913		599.90777	7.70597	39.58212	1.04231	-0.23228	1.76754	0.40473	0.99952	0.03077	0.00461	-0.03084	0.99936	0.01806	-0.00405	-0.01819	0.99983	
28	0.27000	-0.24005	2.04769	0.31045	0.09214	0.07784	-0.31173	0.49457	0.99998	-0.00544	-0.00137	0.00544	0.99998	0.00160	0.00136	-0.00161	1.00000		-8.98648	59.33485	874.03746	179.75693	2.57558	-2.75958	0.73222	0.99783	0.04834	0.04468	0.04810	-0.99882	0.00640	0.04494	-0.00424	-0.99898		599.85911	7.71953	40.63167	1.15649	-0.36064	1.79090	0.40949	0.99949	0.03112	0.00692	-0.03125	0.99931	0.01998	-0.00629	-0.02018	0.99978	
29	0.28000	-0.23315	2.06294	0.28288	0.10389	0.06751	-0.31700	0.49791	0.99998	-0.00553	-0.00119	0.00553	0.99998	0.00181	0.00118	-0.00181	1.00000		-8.89407	59.62835	873.97444	179.76778	2.48673	-2.86171	0.72948	0.99781	0.05010	0.04313	0.04988	-0.99874	0.00621	0.04339	-0.00405	-0.99905		599.86168	7.78043	40.54674	1.17158	-0.35860	1.77780	0.41204	0.99950	0.03089	0.00689	-0.03102	0.99931	0.02024	-0.00626	-0.02045	0.99977	
30	0.29000	-0.19159	2.05006	-0.06696	0.21039	-0.05627	-0.29866	0.46305	0.99999	-0.00522	0.00096	0.00521	0.99998	0.00368	-0.00098	-0.00367	0.99999		-6.96372	61.12364	874.27615	179.62898	2.42918	-2.75193	0.73004	0.99795	0.04828	0.04202	0.04797	-0.99881	0.00850	0.04238	-0.00647	-0.99908		599.90220	7.66496	39.59836	1.03739	-0.23140	1.77564	0.41261	0.99951	0.03091	0.00460	-0.03099	0.99936	0.01797	-0.00404	-0.01810	0.99983	
31	0.30000	-0.24039	2.05117	0.26383	0.10124	0.06325	-0.31246	0.49769	0.99998	-0.00545	-0.00111	0.00545	0.99998	0.00176	0.00110	-0.00177	1.00000		-8.77640	59.58876	873.98604	179.77440	2.47185	-2.84685	0.72877	0.99784	0.04984	0.04288	0.04962	-0.99875	0.00607	0.04313	-0.00393	-0.99906		599.86971	7.74749	40.51972	1.17218	-0.35333	1.76730	0.40899	0.99951	0.03071	0.00679	-0.03084	0.99932	0.02026	-0.00617	-0.02046	0.99977	
32	0.31000	-0.24675	2.04337	0.30382	0.09209	0.07519	-0.31178	0.50005	0.99998	-0.00544	-0.00132	0.00544	0.99998	0.00160	0.00131	-0.00161	1.00000		-8.84957	59.33248	874.03270	179.76219	2.54894	-2.76554	0.72999	0.99785	0.04843	0.04422	0.04820	-0.99882	0.00629	0.04447	-0.00415	-0.99900		599.86491	7.73184	40.60184	1.17956	-0.36603	1.77454	0.40894	0.99950	0.03083	0.00702	-0.03097	0.99931	0.02038	-0.00639	-0.02059	0.99977	
33	0.32000	-0.19382	2.05569	-0.09369	0.22287	-0.06666	-0.30051	0.46417	0.99999	-0.00525	0.00114	0.00524	0.99998	0.00390	-0.00116	-0.00389	0.99999		-6.71577	61.34257	874.28735	179.63478	2.39560	-2.76030	0.72825	0.99797	0.04842	0.04144	0.04812	-0.99881	0.00838	0.04180	-0.00637	-0.99911		599.90885	7.68532	39.50446	1.03372	-0.22326	1.77852	0.41120	0.99951	0.03096	0.00445	-0.03104	0.99936	0.01791	-0.00390	-0.01804	0.99983	
34	0.33000	-0.19140	2.05812	-0.07238	0.21689	-0.05414	-0.30207	0.46405	0.99999	-0.00528	0.00093	0.00527	0.99998	0.00379	-0.00094	-0.00379	0.99999		-6.87835	61.21825	874.30429	179.63824	2.42723	-2.75425	0.72723	0.99795	0.04832	0.04200	0.04801	-0.99881	0.00834	0.04235	-0.00631	-0.99908		599.90781	7.71143	39.60333	1.05528	-0.24497	1.76253	0.40826	0.99952	0.03067	0.00484	-0.03076	0.99936	0.01828	-0.00428	-0.01842	0.99982	
35	0.34000	-0.23295	2.03808	0.25077	0.10043	0.05747	-0.30769	0.49514	0.99998	-0.00537	-0.00101	0.00537	0.99998	0.00175	0.00100	-0.00175	1.00000		-8.58359	59.53144	874.01688	179.76328	2.46664	-2.83342	0.73429	0.99785	0.04961	0.04278	0.04939	-0.99876	0.00625	0.04304	-0.00413	-0.99906		599.87129	7.70969	40.46522	1.16789	-0.34951	1.76453	0.41158	0.99951	0.03066	0.00672	-0.03079	0.99932	0.02018	-0.00610	-0.02038	0.99977	
36	0.35000	-0.21863	2.09207	0.42052	0.19716	0.10518	-0.30554	0.46174	0.99998	-0.00533	-0.00185	0.00533	0.99998	0.00343	0.00184	-0.00344	0.99999		-9.35094	60.94558	873.74653	179.67172	2.51559	-2.83070	0.73631	0.99782	0.04964	0.04355	0.04934	-0.99875	0.00789	0.04389	-0.00572	-0.99902		599.82933	7.68629	40.78089	1.05917	-0.40502	1.78162	0.40778	0.99949	0.03095	0.00764	-0.03109	0.99935	0.01826	-0.00707	-0.01848	0.99980	
37	0.36000	-0.19456	2.06917	-0.06498	0.21388	-0.05224	-0.30649	0.46246	0.99999	-0.00535	0.00089	0.00535	0.99998	0.00374	-0.00091	-0.00373	0.99999		-6.93497	61.13287	874.30273	179.63998	2.42658	-2.75523	0.73136	0.99795	0.04833	0.04199	0.04803	-0.99881	0.00831	0.04234	-0.00628	-0.99908		599.91034	7.73418	39.62580	1.04062	-0.23731	1.77203	0.40546	0.99951	0.03084	0.00470	-0.03092	0.99936	0.01802	-0.00414	-0.01816	0.99983	
38	0.37000	-0.18759	2.07063	-0.08616	0.21608	-0.06000	-0.30561	0.46021	0.99998	-0.00534	0.00103	0.00533	0.99998	0.00378	-0.00105	-0.00377	0.99999		-6.89629	61.27777	874.25333	179.65857	2.35638	-2.83358	0.73512	0.99793	0.04968	0.04077	0.04939	-0.99875	0.00798	0.04111	-0.00595	-0.99914		599.90447	7.73076	39.56293	1.04708	-0.23019	1.76649	0.40927	0.99952	0.03075	0.00458	-0.03083	0.99936	0.01814	-0.00402	-0.01827	0.99983	
39	0.38000	-0.19266	2.07064	-0.08017	0.21742	-0.05655	-0.30530	0.46059	0.99999	-0.00533	0.00097	0.00533	0.99998	0.00380	-0.00099	-0.00379	0.99999		-6.92112	61.19941	874.29934	179.63321	2.42090	-2.75735	0.73237	0.99795	0.04838	0.04188	0.04806	-0.99881	0.00843	0.04224	-0.00640	-0.99909		599.90078	7.73838	39.59706	1.06120	-0.22590	1.76204	0.41117	0.99952	0.03067	0.00451	-0.03075	0.99936	0.01839	-0.00394	-0.01852	0.99982	
40	0.39000	-0.19805	2.05877	-0.08574	0.22318	-0.05717	-0.30173	0.45855	0.99999	-0.00527	0.00098	0.00527	0.99998	0.00390	-0.00100	-0.00390	0.99999		-6.98381	61.41408	874.23207	179.64758	2.35622	-2.84119	0.73518	0.99793	0.04982	0.04076	0.04953	-0.99874	0.00818	0.04111	-0.00615	-0.99914		599.90447	7.69268	39.59416	1.03038	-0.22698	1.77804	0.40709	0.99951	0.03095	0.00452	-0.03103	0.99936	0.01785	-0.00396	-0.01798	0.99983	
41	0.40000	-0.19942	2.07163	-0.09601	0.23242	-0.06243	-0.30643	0.45992	0.99998	-0.00535	0.00107	0.00535	0.99998	0.00406	-0.00109	-0.00406	0.99999		-6.88123	61.45827	874.27741	179.63260	2.40581	-2.76273	0.72524	0.99796	0.04847	0.04162	0.04816	-0.99880	0.00843	0.04198	-0.00641	-0.99910		599.91272	7.74067	39.53306	1.02707	-0.23045	1.76917	0.40945	0.99952	0.03080	0.00457	-0.03087	0.99936	0.01779	-0.00402	-0.01792	0.99983	
42	0.41000	-0.24162	2.04910	0.25935	0.10072	0.06439	-0.31282	0.49353	0.99998	-0.00546	-0.00113	0.00546	0.99998	0.00175	0.00112	-0.00176	1.00000		-8.82123	59.56350	874.00268	179.77562	2.48461	-2.85178	0.73309	0.99782	0.04992	0.04310	0.04971	-0.99875	0.00607	0.04335	-0.00391	-0.99905		599.86294	7.73939	40.51888	1.16290	-0.35980	1.77649	0.41214	0.99950	0.03087	0.00690	-0.03100	0.99932	0.02009	-0.00628	-0.02029	0.99977	
43	0.42000	-0.24103	2.04443	0.30536	0.09514	0.08121	-0.31029	0.49267	0.99998	-0.00541	-0.00143	0.00542	0.99998	0.00165	0.00142	-0.00166	1.00000		-9.08579	59.46960	873.91676	179.76466	2.48333	-2.84977	0.73250	0.99783	0.04989	0.04307	0.04967	-0.99875	0.00626	0.04333	-0.00410	-0.99905		599.84997	7.69408	40.65098	1.16230	-0.36714	1.79624	0.40922	0.99949	0.03121	0.00704	-0.03134	0.99931	0.02007	-0.00641	-0.02028	0.99977	
44	0.43000	-0.17429	2.09793	0.02561	0.33247	-0.02908	-0.29092	0.42748	0.99999	-0.00508	0.00048	0.00508	0.99997	0.00580	-0.00051	-0.00580	0.99998		-7.44968	63.04549	873.97100	179.52345	2.38528	-2.82200	0.73289	0.99792	0.04958	0.04116	0.04919	-0.99874	0.01036	0.04162	-0.00831	-0.99910		599.86848	7.62134	39.76041	0.93112	-0.26390	1.76032	0.41281	0.99952	0.03064	0.00510	-0.03072	0.99940	0.01610	-0.00461	-0.01625	0.99986	
45	0.44000	-0.18632	2.05291	-0.06128	0.20630	-0.04784	-0.29947	0.46159	0.99999	-0.00523	0.00082	0.00523	0.99998	0.00360	-0.00083	-0.00360	0.99999		-7.12072	61.21318	874.21352	179.65816	2.36693	-2.84407	0.73538	0.99792	0.04986	0.04095	0.04958	-0.99874	0.00801	0.04130	-0.00596	-0.99913		599.90070	7.66534	39.64353	1.05379	-0.26002	1.76585	0.40934	0.99951	0.03073	0.00510	-0.03081	0.99936	0.01824	-0.00454	-0.01839	0.99982	
46	0.45000	-0.18770	2.04610	-0.09971	0.22863	-0.06371	-0.29476	0.45810	0.99999	-0.00515	0.00109	0.00514	0.99998	0.00400	-0.00111	-0.00399	0.99999		-6.84981	61.57353	874.22636	179.63623	2.34187	-2.83957	0.73278	0.99794	0.04980	0.04050	0.04950	-0.99874	0.00837	0.04086	-0.00634	-0.99914		599.91358	7.65679	39.51454	1.04597	-0.24000	1.74179	0.41088	0.99953	0.03031	0.00474	-0.03039	0.99937	0.01812	-0.00419	-0.01825	0.99982	
47	0.46000	-0.18764	2.05851	-0.10524	0.22182	-0.06485	-0.29821	0.45987	0.99999	-0.00521	0.00111	0.00520	0.99998	0.00388	-0.00113	-0.00387	0.99999		-6.80115	61.46672	874.24697	179.64755	2.34567	-2.85063	0.73681	0.99793	0.04998	0.04057	0.04969	-0.99873	0.00818	0.04093	-0.00615	-0.99914		599.90789	7.67337	39.51720	1.04690	-0.23594	1.74839	0.41112	0.99953	0.03043	0.00467	-0.03051	0.99937	0.01814	-0.00412	-0.01827	0.99982	
48	0.47000	-0.18054	2.10926	0.00232	0.33246	-0.03884	-0.29757	0.42838	0.99999	-0.00520	0.00065	0.00519	0.99997	0.00581	-0.00068	-0.00580	0.99998		-7.14630	62.98655	874.08479	179.52277	2.43168	-2.76297	0.73650	0.99794	0.04856	0.04198	0.04816	-0.99879	0.01036	0.04243	-0.00832	-0.99906		599.88241	7.68310	39.66025	0.93608	-0.27053	1.75550	0.41062	0.99952	0.03055	0.00522	-0.03063	0.99940	0.01618	-0.00472	-0.01634	0.99986	
49	0.48000	-0.23540	2.06220	0.23603	0.10625	0.05433	-0.31538	0.49267	0.99998	-0.00550	-0.00096	0.00550	0.99998	0.00185	0.00095	-0.00185	1.00000		-8.50235	59.56291	874.07190	179.74858	2.52080	-2.77682	0.72944	0.99786	0.04864	0.04372	0.04840	-0.99881	0.00651	0.04398	-0.00438	-0.99902		599.86006	7.77438	40.42895	1.17791	-0.34987	1.76584	0.40961	0.99951	0.03068	0.00674	-0.03081	0.99932	0.02036	-0.00611	-0.02056	0.99977	
50	0.49000	-0.19213	2.06642	-0.09317	0.21490	-0.05964	-0.30377	0.46105	0.99999	-0.00531	0.00102	0.00530	0.99998	0.00376	-0.00104	-0.00375	0.99999		-6.86471	61.31355	874.23258	179.64212	2.34493	-2.84114	0.73807	0.99793	0.04982	0.04055	0.04953	-0.99874	0.00827	0.04092	-0.00624	-0.99914		599.90245	7.72162	39.56475	1.06547	-0.23140	1.75441	0.41464	0.99952	0.03054	0.00461	-0.03062	0.99936	0.01846	-0.00404	-0.01859	0.99982	
51	0.50000	-0.24000	2.05464	0.26344	0.09624	0.06619	-0.31274	0.49136	0.99998	-0.00546	-0.00116	0.00546	0.99998	0.00167	0.00116	-0.00168	1.00000		-8.70864	59.37963	874.05679	179.75552	2.53232	-2.76541	0.73318	0.99786	0.04843	0.04393	0.04820	-0.99882	0.00639	0.04418	-0.00426	-0.99901		599.85941	7.72708	40.53065	1.16385	-0.35060	1.77628	0.41164	0.99950	0.03087	0.00674	-0.03100	0.99932	0.02011	-0.00612	-0.02031	0.99977	
52	0.51000	-0.18969	2.07061	-0.10644	0.21970	-0.06452	-0.30492	0.45705	0.99998	-0.00533	0.00111	0.00532	0.99998	0.00384	-0.00113	-0.00383	0.99999		-6.85184	61.37340	874.21681	179.65463	2.32657	-2.84889	0.73053	0.99794	0.04995	0.04024	0.04966	-0.99873	0.00804	0.04060	-0.00602	-0.99916		599.90441	7.73285	39.51322	1.06330	-0.23827	1.76029	0.40885	0.99952	0.03064	0.00473	-0.03072	0.99936	0.01842	-0.00416	-0.01856	0.99982	
53	0.52000	-0.17232	2.09478	0.01087	0.32622	-0.03531	-0.28936	0.42838	0.99999	-0.00505	0.00059	0.00505	0.99997	0.00570	-0.00062	-0.00569	0.99998		-7.32768	62.92130	873.98152	179.53159	2.36344	-2.83029	0.73254	0.99793	0.04971	0.04078	0.04934	-0.99873	0.01020	0.04124	-0.00817	-0.99912		599.86970	7.61572	39.70058	0.94200	-0.26397	1.73617	0.41128	0.99953	0.03022	0.00510	-0.03030	0.99941	0.01629	-0.00461	-0.01644	0.99985	
54	0.53000	-0.19417	2.06526	-0.10374	0.22607	-0.06460	-0.30179	0.45702	0.99999	-0.00527	0.00111	0.00527	0.99998	0.00395	-0.00113	-0.00395	0.99999		-6.87815	61.43914	874.24757	179.64922	2.35260	-2.83936	0.72978	0.99793	0.04979	0.04069	0.04949	-0.99874	0.00815	0.04105	-0.00612	-0.99914		599.90480	7.69104	39.51850	1.03806	-0.22850	1.77364	0.41090	0.99951	0.03087	0.00455	-0.03095	0.99936	0.01798	-0.00399	-0.01812	0.99983	
55	0.54000	-0.24303	2.05349	0.25405	0.10149	0.06239	-0.31228	0.48956	0.99998	-0.00545	-0.00110	0.00545	0.99998	0.00176	0.00109	-0.00177	1.00000		-8.79464	59.55131	873.97953	179.78322	2.46345	-2.85099	0.72618	0.99784	0.04990	0.04274	0.04969	-0.99875	0.00592	0.04298	-0.00378	-0.99907		600.06378	7.84114	40.40821	1.30190	-0.56197	1.75923	0.42115	0.99948	0.03047	0.01050	-0.03070	0.99928	0.02241	-0.00981	-0.02272	0.99969	
56	0.55000	-0.20179	2.05724	-0.08562	0.21922	-0.05787	-0.29977	0.45963	0.99999	-0.00524	0.00099	0.00523	0.99998	0.00383	-0.00101	-0.00383	0.99999		-6.99612	61.35061	874.21616	179.66632	2.34922	-2.83382	0.72550	0.99794	0.04968	0.04065	0.04940	-0.99875	0.00784	0.04099	-0.00582	-0.99914		599.90887	7.67067	39.56019	1.03452	-0.24617	1.77131	0.40936	0.99951	0.03083	0.00485	-0.03091	0.99936	0.01791	-0.00430	-0.01805	0.99983	
57	0.56000	-0.19869	2.06211	-0.11458	0.22608	-0.06767	-0.30085	0.45979	0.99999	-0.00526	0.00116	0.00525	0.99998	0.00395	-0.00118	-0.00395	0.99999		-6.83200	61.43213	874.25040	179.64127	2.34533	-2.82979	0.73384	0.99794	0.04962	0.04056	0.04933	-0.99875	0.00827	0.04092	-0.00626	-0.99914		599.90563	7.68824	39.49242	1.03717	-0.23122	1.76604	0.41126	0.99952	0.03074	0.00459	-0.03082	0.99936	0.01797	-0.00404	-0.01810	0.99983	
58	0.57000	-0.25210	2.05333	0.28077	0.10799	0.07270	-0.31229	0.49290	0.99998	-0.00545	-0.00128	0.00545	0.99998	0.00188	0.00127	-0.00188	1.00000		-8.90408	59.64121	873.97721	179.76794	2.49530	-2.84914	0.73831	0.99782	0.04988	0.04328	0.04966	-0.99875	0.00621	0.04354	-0.00405	-0.99904		599.86226	7.73723	40.57540	1.15725	-0.36587	1.77093	0.40955	0.99950	0.03077	0.00701	-0.03090	0.99932	0.01999	-0.00639	-0.02020	0.99978	
59	0.58000	-0.24537	2.03967	0.29396	0.09431	0.07772	-0.30753	0.49200	0.99998	-0.00536	-0.00136	0.00537	0.99998	0.00164	0.00136	-0.00165	1.00000		-8.96138	59.46515	873.97895	179.77821	2.49796	-2.85036	0.73510	0.99781	0.04990	0.04334	0.04968	-0.99875	0.00603	0.04358	-0.00387	-0.99904		599.86337	7.71548	40.61168	1.19276	-0.37521	1.74771	0.41073	0.99951	0.03036	0.00718	-0.03050	0.99932	0.02061	-0.00655	-0.02082	0.99976	
60	0.59000	-0.23948	2.05712	0.26663	0.11001	0.06903	-0.31224	0.48854	0.99998	-0.00545	-0.00121	0.00545	0.99998	0.00191	0.00120	-0.00192	1.00000		-8.84221	59.72216	873.96903	179.77405	2.47582	-2.85371	0.72937	0.99783	0.04996	0.04295	0.04974	-0.99874	0.00609	0.04320	-0.00394	-0.99906		599.85560	7.73154	40.55264	1.14572	-0.35868	1.77538	0.41067	0.99950	0.03085	0.00688	-0.03098	0.99932	0.01979	-0.00626	-0.01999	0.99978	
61	0.60000	-0.24367	2.05581	0.28696	0.10573	0.07627	-0.31111	0.49025	0.99998	-0.00543	-0.00134	0.00543	0.99998	0.00184	0.00133	-0.00185	1.00000		-8.85926	59.55096	874.02657	179.74879	2.54827	-2.77978	0.72925	0.99784	0.04869	0.04420	0.04845	-0.99880	0.00654	0.04446	-0.00438	-0.99900		599.85934	7.73047	40.60009	1.16345	-0.37441	1.76761	0.40976	0.99950	0.03071	0.00716	-0.03085	0.99932	0.02009	-0.00653	-0.02030	0.99977	
62	0.61000	-0.23793	2.04697	0.28328	0.10079	0.07454	-0.30832	0.49131	0.99998	-0.00538	-0.00131	0.00538	0.99998	0.00175	0.00130	-0.00176	1.00000		-8.86679	59.58595	873.98102	179.76662	2.49454	-2.84246	0.73717	0.99782	0.04977	0.04327	0.04954	-0.99875	0.00623	0.04352	-0.00407	-0.99904		600.05511	7.82204	40.50076	1.30925	-0.56813	1.73646	0.42102	0.99949	0.03007	0.01060	-0.03030	0.99929	0.02254	-0.00992	-0.02285	0.99969	
63	0.62000	-0.24950	2.06491	0.29807	0.09948	0.07957	-0.31678	0.49409	0.99998	-0.00553	-0.00140	0.00553	0.99998	0.00173	0.00139	-0.00174	1.00000		-8.88753	59.44795	874.02866	179.75392	2.56075	-2.76950	0.73046	0.99783	0.04851	0.04442	0.04827	-0.99881	0.00645	0.04468	-0.00429	-0.99899		599.87310	7.78037	40.62184	1.16588	-0.38576	1.76668	0.41252	0.99950	0.03069	0.00736	-0.03083	0.99932	0.02013	-0.00673	-0.02035	0.99977	
64	0.63000	-0.24855	2.05826	0.30105	0.10321	0.07943	-0.31305	0.49127	0.99998	-0.00546	-0.00140	0.00546	0.99998	0.00179	0.00139	-0.00180	1.00000		-8.88931	59.51186	874.02646	179.73891	2.56181	-2.76954	0.73443	0.99783	0.04852	0.04442	0.04827	-0.99881	0.00671	0.04470	-0.00455	-0.99899		599.87030	7.75581	40.61060	1.16860	-0.38890	1.75016	0.40934	0.99951	0.03040	0.00741	-0.03054	0.99933	0.02018	-0.00679	-0.02039	0.99977	
65	0.64000	-0.24809	2.04670	0.27827	0.10626	0.07328	-0.30776	0.49161	0.99998	-0.00537	-0.00129	0.00537	0.99998	0.00185	0.00128	-0.00185	1.00000		-8.80698	59.57597	874.03739	179.74306	2.55194	-2.76655	0.73423	0.99784	0.04847	0.04426	0.04822	-0.99881	0.00663	0.04452	-0.00448	-0.99900		599.86113	7.70861	40.57831	1.16425	-0.37168	1.75932	0.41187	0.99951	0.03056	0.00711	-0.03070	0.99933	0.02011	-0.00649	-0.02032	0.99977	
66	0.65000	-0.19876	2.06068	-0.08508	0.21788	-0.05519	-0.30016	0.45588	0.99999	-0.00524	0.00094	0.00524	0.99998	0.00381	-0.00096	-0.00380	0.99999		-6.99125	61.39547	874.19893	179.65665	2.33996	-2.84049	0.72424	0.99794	0.04980	0.04048	0.04951	-0.99874	0.00801	0.04083	-0.00599	-0.99915		599.89822	7.69050	39.59560	1.05057	-0.22810	1.75268	0.40993	0.99952	0.03051	0.00454	-0.03059	0.99937	0.01820	-0.00398	-0.01833	0.99982	
67	0.66000	-0.17823	2.11234	0.01123	0.32121	-0.03394	-0.29798	0.42550	0.99999	-0.00520	0.00056	0.00520	0.99997	0.00561	-0.00059	-0.00561	0.99998		-7.29875	62.79325	874.08376	179.52989	2.44513	-2.76271	0.73194	0.99793	0.04855	0.04222	0.04816	-0.99879	0.01025	0.04266	-0.00820	-0.99906		599.87027	7.69476	39.71509	0.95951	-0.25601	1.75103	0.41379	0.99952	0.03048	0.00498	-0.03056	0.99940	0.01660	-0.00447	-0.01675	0.99985	
68	0.67000	-0.19124	2.07209	-0.12216	0.22894	-0.06932	-0.30177	0.45487	0.99999	-0.00527	0.00119	0.00527	0.99998	0.00400	-0.00121	-0.00400	0.99999		-6.81678	61.50992	874.25676	179.63417	2.34890	-2.84371	0.73196	0.99793	0.04987	0.04062	0.04957	-0.99874	0.00841	0.04098	-0.00638	-0.99914		599.91726	7.70248	39.46412	1.04025	-0.23776	1.76175	0.41050	0.99952	0.03066	0.00471	-0.03074	0.99936	0.01802	-0.00415	-0.01815	0.99983	
69	0.68000	-0.18752	2.06856	-0.12029	0.22466	-0.06791	-0.30226	0.45670	0.99999	-0.00528	0.00117	0.00528	0.99998	0.00393	-0.00119	-0.00392	0.99999		-6.79472	61.35128	874.32525	179.63643	2.41876	-2.76750	0.73495	0.99794	0.04855	0.04185	0.04824	-0.99880	0.00838	0.04220	-0.00634	-0.99909		599.91119	7.70747	39.48677	1.03272	-0.22940	1.76430	0.41180	0.99952	0.03071	0.00456	-0.03079	0.99937	0.01789	-0.00400	-0.01802	0.99983	
70	0.69000	-0.22123	2.08750	0.37031	0.21684	0.09414	-0.29894	0.45686	0.99998	-0.00521	-0.00166	0.00522	0.99998	0.00378	0.00164	-0.00378	0.99999		-9.24170	61.19498	873.81472	179.64816	2.57409	-2.75894	0.72530	0.99783	0.04841	0.04456	0.04809	-0.99881	0.00830	0.04491	-0.00613	-0.99897		600.02958	7.76468	40.60896	1.20225	-0.59296	1.73318	0.42568	0.99949	0.03002	0.01098	-0.03024	0.99933	0.02066	-0.01035	-0.02098	0.99973	
71	0.70000	-0.19138	2.06814	-0.08820	0.21981	-0.05596	-0.30311	0.45297	0.99999	-0.00529	0.00096	0.00529	0.99998	0.00384	-0.00098	-0.00384	0.99999		-6.97096	61.26696	874.29007	179.64310	2.41965	-2.76451	0.72674	0.99795	0.04849	0.04187	0.04819	-0.99880	0.00826	0.04222	-0.00622	-0.99909		599.90679	7.73076	39.58223	1.07553	-0.24431	1.75144	0.41270	0.99952	0.03048	0.00483	-0.03056	0.99936	0.01863	-0.00426	-0.01877	0.99981	
72	0.71000	-0.21722	2.07862	0.37404	0.20522	0.09291	-0.29478	0.45716	0.99999	-0.00514	-0.00164	0.00514	0.99998	0.00357	0.00162	-0.00358	0.99999		-9.23976	61.10537	873.76953	179.67047	2.50243	-2.83396	0.73428	0.99782	0.04969	0.04332	0.04939	-0.99875	0.00790	0.04366	-0.00575	-0.99903		599.82805	7.61359	40.67632	1.06916	-0.39569	1.74382	0.40935	0.99951	0.03030	0.00747	-0.03043	0.99937	0.01844	-0.00691	-0.01866	0.99980	
73	0.72000	-0.20000	2.06948	-0.10672	0.23164	-0.06291	-0.30030	0.44993	0.99999	-0.00525	0.00108	0.00524	0.99998	0.00405	-0.00110	-0.00404	0.99999		-6.86306	61.52582	874.23682	179.63580	2.34748	-2.84262	0.73063	0.99793	0.04985	0.04059	0.04955	-0.99874	0.00838	0.04096	-0.00635	-0.99914		599.91206	7.70170	39.52913	1.04999	-0.22988	1.75247	0.40831	0.99952	0.03050	0.00457	-0.03058	0.99937	0.01819	-0.00401	-0.01832	0.99982	
74	0.73000	-0.19485	2.06890	-0.11080	0.22600	-0.06523	-0.30135	0.45730	0.99999	-0.00526	0.00112	0.00526	0.99998	0.00395	-0.00114	-0.00394	0.99999		-6.75886	61.34425	874.31729	179.62569	2.40693	-2.76739	0.73024	0.99795	0.04855	0.04163	0.04824	-0.99880	0.00855	0.04200	-0.00653	-0.99910		599.91017	7.69440	39.50510	1.03822	-0.22677	1.76018	0.40768	0.99952	0.03064	0.00451	-0.03072	0.99937	0.01799	-0.00396	-0.01812	0.99983	
75	0.74000	-0.19234	2.06746	-0.10833	0.21734	-0.06377	-0.30295	0.45412	0.99999	-0.00529	0.00109	0.00529	0.99998	0.00380	-0.00111	-0.00379	0.99999		-6.77079	61.20997	874.32127	179.62750	2.40656	-2.76272	0.73469	0.99796	0.04847	0.04163	0.04816	-0.99880	0.00852	0.04199	-0.00650	-0.99910		599.91331	7.71964	39.51344	1.06000	-0.24119	1.75300	0.40988	0.99952	0.03051	0.00477	-0.03059	0.99936	0.01836	-0.00421	-0.01850	0.99982	
76	0.75000	-0.18645	2.06326	-0.11433	0.22103	-0.06711	-0.29910	0.45109	0.99999	-0.00522	0.00115	0.00522	0.99998	0.00386	-0.00117	-0.00386	0.99999		-6.76066	61.37890	874.26294	179.64603	2.34916	-2.83827	0.73678	0.99793	0.04977	0.04063	0.04948	-0.99874	0.00820	0.04099	-0.00617	-0.99914		599.91170	7.68226	39.48851	1.04536	-0.23186	1.75414	0.41299	0.99952	0.03053	0.00460	-0.03061	0.99937	0.01811	-0.00405	-0.01824	0.99983	
77	0.76000	-0.17324	2.11904	0.00179	0.33110	-0.03567	-0.29715	0.42459	0.99999	-0.00519	0.00059	0.00519	0.99997	0.00578	-0.00062	-0.00578	0.99998		-7.26518	63.00430	874.01787	179.53268	2.37279	-2.83857	0.73392	0.99792	0.04986	0.04095	0.04948	-0.99872	0.01020	0.04140	-0.00815	-0.99911		599.87538	7.67320	39.69592	0.92680	-0.25938	1.76088	0.41085	0.99952	0.03065	0.00502	-0.03073	0.99940	0.01603	-0.00453	-0.01617	0.99986	
78	0.77000	-0.18786	2.06822	-0.09997	0.21966	-0.06151	-0.30145	0.44891	0.99999	-0.00527	0.00105	0.00526	0.99998	0.00384	-0.00107	-0.00383	0.99999		-6.80439	61.26243	874.31360	179.63341	2.41774	-2.75718	0.73204	0.99795	0.04837	0.04183	0.04806	-0.99881	0.00842	0.04219	-0.00639	-0.99909		599.90329	7.70554	39.53856	1.05377	-0.23121	1.74188	0.41235	0.99953	0.03032	0.00459	-0.03040	0.99937	0.01826	-0.00404	-0.01839	0.99982	
79	0.78000	-0.19374	2.06354	-0.09298	0.21863	-0.05683	-0.29868	0.45480	0.99999	-0.00522	0.00097	0.00521	0.99998	0.00382	-0.00099	-0.00382	0.99999		-6.88253	61.27087	874.29862	179.64198	2.42062	-2.76343	0.73335	0.99795	0.04847	0.04188	0.04817	-0.99880	0.00828	0.04224	-0.00624	-0.99909		599.90110	7.66592	39.57384	1.03422	-0.23980	1.76343	0.41000	0.99952	0.03069	0.00474	-0.03077	0.99937	0.01791	-0.00419	-0.01805	0.99983	
80	0.79000	-0.19248	2.08205	-0.13581	0.22365	-0.07412	-0.30732	0.45454	0.99998	-0.00537	0.00127	0.00536	0.99998	0.00391	-0.00129	-0.00390	0.99999		-6.64954	61.32535	874.34558	179.62163	2.40788	-2.76654	0.72885	0.99795	0.04854	0.04164	0.04822	-0.99880	0.00862	0.04201	-0.00660	-0.99910		599.91201	7.75269	39.43406	1.05094	-0.22453	1.75889	0.41070	0.99952	0.03062	0.00448	-0.03069	0.99936	0.01821	-0.00392	-0.01834	0.99982	
81	0.80000	-0.18910	2.06434	-0.13055	0.23017	-0.07128	-0.30028	0.45431	0.99999	-0.00525	0.00122	0.00524	0.99998	0.00402	-0.00124	-0.00402	0.99999		-6.70561	61.44702	874.33381	179.61887	2.41201	-2.76085	0.73177	0.99795	0.04845	0.04171	0.04812	-0.99880	0.00867	0.04209	-0.00665	-0.99909		599.91272	7.70968	39.45740	1.05752	-0.23451	1.74920	0.41339	0.99953	0.03044	0.00465	-0.03052	0.99937	0.01832	-0.00409	-0.01846	0.99982	
82	0.81000	-0.24426	2.04944	0.25102	0.09585	0.06337	-0.31041	0.49259	0.99998	-0.00542	-0.00111	0.00542	0.99998	0.00167	0.00111	-0.00167	1.00000		-8.73281	59.41504	874.06428	179.76433	2.54369	-2.76030	0.72504	0.99786	0.04834	0.04413	0.04811	-0.99882	0.00625	0.04438	-0.00411	-0.99901		599.87700	7.73683	40.48815	1.18642	-0.37639	1.75674	0.40902	0.99951	0.03051	0.00720	-0.03066	0.99932	0.02049	-0.00657	-0.02071	0.99976	
83	0.82000	-0.19290	2.06046	-0.09186	0.20194	-0.05512	-0.30145	0.45223	0.99999	-0.00526	0.00094	0.00526	0.99998	0.00353	-0.00096	-0.00352	0.99999		-7.03085	61.12773	874.25799	179.67006	2.36918	-2.84239	0.73578	0.99792	0.04983	0.04100	0.04955	-0.99874	0.00780	0.04134	-0.00575	-0.99913		599.90774	7.69995	39.58412	1.07024	-0.25149	1.74797	0.40949	0.99953	0.03042	0.00496	-0.03050	0.99936	0.01854	-0.00439	-0.01868	0.99982	
84	0.83000	-0.18635	2.05907	-0.12146	0.22435	-0.06743	-0.29605	0.45214	0.99999	-0.00517	0.00116	0.00517	0.99998	0.00392	-0.00118	-0.00392	0.99999		-6.80050	61.35868	874.31811	179.61870	2.41067	-2.75781	0.73342	0.99796	0.04839	0.04169	0.04807	-0.99881	0.00867	0.04206	-0.00665	-0.99909		599.90250	7.65794	39.49128	1.04776	-0.23248	1.75781	0.41161	0.99952	0.03060	0.00462	-0.03067	0.99936	0.01815	-0.00406	-0.01829	0.99982	
85	0.84000	-0.18990	2.06526	-0.12993	0.22203	-0.07200	-0.30018	0.45345	0.99999	-0.00524	0.00124	0.00524	0.99998	0.00388	-0.00126	-0.00388	0.99999		-6.77172	61.43281	874.27666	179.65065	2.35093	-2.84694	0.73323	0.99793	0.04992	0.04067	0.04963	-0.99873	0.00813	0.04102	-0.00609	-0.99914		599.91555	7.70140	39.45934	1.05569	-0.22574	1.75053	0.41200	0.99953	0.03047	0.00450	-0.03055	0.99937	0.01830	-0.00394	-0.01842	0.99982	
86	0.85000	-0.23712	2.05539	0.27010	0.10667	0.07251	-0.30889	0.48866	0.99998	-0.00539	-0.00127	0.00539	0.99998	0.00185	0.00127	-0.00186	1.00000		-8.86375	59.53315	874.04391	179.74593	2.55592	-2.75198	0.73012	0.99785	0.04821	0.04433	0.04796	-0.99883	0.00657	0.04459	-0.00443	-0.99900		599.86779	7.72933	40.57747	1.17356	-0.37477	1.74252	0.41211	0.99952	0.03027	0.00716	-0.03041	0.99933	0.02027	-0.00654	-0.02048	0.99977	
87	0.86000	-0.18782	2.05104	-0.10002	0.21689	-0.06008	-0.29605	0.45361	0.99999	-0.00517	0.00103	0.00517	0.99998	0.00379	-0.00105	-0.00379	0.99999		-6.90274	61.34492	874.25819	179.65179	2.36688	-2.82764	0.73383	0.99793	0.04958	0.04095	0.04929	-0.99875	0.00811	0.04130	-0.00607	-0.99913		599.90254	7.66392	39.55412	1.05394	-0.23645	1.74140	0.40775	0.99953	0.03031	0.00468	-0.03039	0.99937	0.01826	-0.00413	-0.01839	0.99982	
88	0.87000	-0.19546	2.06207	-0.09644	0.21582	-0.05836	-0.29943	0.45109	0.99999	-0.00523	0.00100	0.00523	0.99998	0.00377	-0.00102	-0.00377	0.99999		-6.91161	61.32004	874.25274	179.64372	2.36052	-2.83877	0.73175	0.99793	0.04978	0.04083	0.04948	-0.99874	0.00825	0.04119	-0.00621	-0.99913		599.91299	7.69251	39.56044	1.06269	-0.25092	1.74940	0.40874	0.99952	0.03044	0.00494	-0.03053	0.99936	0.01840	-0.00438	-0.01855	0.99982	
89	0.88000	-0.23845	2.05646	0.23791	0.09731	0.05988	-0.31307	0.48735	0.99998	-0.00546	-0.00105	0.00546	0.99998	0.00169	0.00105	-0.00170	1.00000		-8.62936	59.37449	874.03582	179.74414	2.51582	-2.76547	0.72427	0.99787	0.04844	0.04363	0.04820	-0.99882	0.00658	0.04390	-0.00446	-0.99903		599.86430	7.73775	40.47585	1.15917	-0.35881	1.77645	0.40981	0.99950	0.03087	0.00689	-0.03100	0.99932	0.02003	-0.00626	-0.02023	0.99978	
90	0.89000	-0.17161	2.10233	0.01548	0.32733	-0.03020	-0.29042	0.42829	0.99999	-0.00507	0.00050	0.00507	0.99997	0.00571	-0.00053	-0.00571	0.99998		-7.34364	62.94691	874.01366	179.52963	2.38552	-2.81854	0.73347	0.99792	0.04951	0.04117	0.04913	-0.99874	0.01025	0.04162	-0.00820	-0.99910		599.86666	7.64557	39.73087	0.95464	-0.27721	1.71781	0.41065	0.99954	0.02989	0.00533	-0.02998	0.99941	0.01651	-0.00484	-0.01666	0.99985	
91	0.90000	-0.23679	2.05216	0.25524	0.09824	0.06545	-0.31111	0.49011	0.99998	-0.00543	-0.00115	0.00543	0.99998	0.00171	0.00114	-0.00171	1.00000		-8.69443	59.39834	874.06704	179.75520	2.53833	-2.76750	0.73644	0.99785	0.04847	0.04403	0.04824	-0.99882	0.00641	0.04429	-0.00427	-0.99901		599.86690	7.73915	40.52034	1.17558	-0.36823	1.75530	0.40720	0.99951	0.03049	0.00705	-0.03063	0.99932	0.02031	-0.00643	-0.02052	0.99977	
92	0.91000	-0.22155	2.08973	0.41105	0.19707	0.11095	-0.30262	0.45943	0.99998	-0.00527	-0.00195	0.00528	0.99998	0.00343	0.00194	-0.00344	0.99999		-9.46947	60.96684	873.72445	179.67259	2.51812	-2.84390	0.73056	0.99780	0.04987	0.04360	0.04957	-0.99874	0.00789	0.04394	-0.00571	-0.99902		599.81800	7.68443	40.83241	1.08207	-0.41167	1.74916	0.41020	0.99951	0.03038	0.00776	-0.03052	0.99936	0.01866	-0.00718	-0.01888	0.99980	
93	0.92000	-0.24242	2.06450	0.29109	0.09907	0.07962	-0.31563	0.48977	0.99998	-0.00551	-0.00140	0.00551	0.99998	0.00172	0.00139	-0.00173	1.00000		-8.99428	59.46675	873.93200	179.75731	2.48467	-2.85898	0.73342	0.99782	0.05006	0.04309	0.04983	-0.99874	0.00639	0.04335	-0.00423	-0.99905		599.85968	7.76864	40.62511	1.17837	-0.38475	1.76490	0.40769	0.99950	0.03065	0.00734	-0.03080	0.99932	0.02035	-0.00672	-0.02056	0.99977	
94	0.93000	-0.18024	2.12250	0.00712	0.32827	-0.03213	-0.30095	0.42808	0.99999	-0.00526	0.00053	0.00525	0.99997	0.00573	-0.00056	-0.00573	0.99998		-7.31073	62.84269	874.08534	179.53188	2.44675	-2.76016	0.72833	0.99793	0.04850	0.04225	0.04811	-0.99879	0.01022	0.04269	-0.00816	-0.99905		599.87464	7.70464	39.73120	0.92422	-0.26102	1.75529	0.40995	0.99952	0.03055	0.00505	-0.03063	0.99940	0.01598	-0.00456	-0.01613	0.99986	
