1	0.00000	-0.10689	1.90247	0.83665	-0.32169	0.15042	-0.26638	0.51301	0.99999	-0.00466	-0.00260	0.00465	0.99997	-0.00563	0.00263	0.00561	0.99998		-9.79103	52.98164	874.12947	-179.84204	2.60642	-2.43220	0.60391	0.99807	0.04231	0.04555	0.04239	-0.99910	-0.00082	0.04547	0.00275	-0.99896		599.92476	6.96613	40.78468	1.41249	-0.70197	1.80389	0.37306	0.99943	0.03117	0.01302	-0.03148	0.99921	0.02425	-0.01225	-0.02465	0.99962	
2	0.01000	-0.14835	2.03022	0.83984	-0.25051	0.16775	-0.32208	0.50977	0.99998	-0.00563	-0.00290	0.00562	0.99997	-0.00439	0.00293	0.00437	0.99999		-10.10730	53.93852	874.05189	-179.90344	2.62033	-2.49296	0.60479	0.99801	0.04342	0.04575	0.04345	-0.99906	0.00030	0.04572	0.00168	-0.99895		599.94793	7.47498	40.94651	1.35422	-0.72389	1.84949	0.36824	0.99940	0.03197	0.01339	-0.03227	0.99921	0.02321	-0.01263	-0.02363	0.99964	
3	0.02000	-0.20107	1.86062	1.58196	-0.54958	0.41371	-0.27768	0.58245	0.99996	-0.00492	-0.00717	0.00485	0.99994	-0.00963	0.00722	0.00959	0.99993		-13.78952	49.52839	873.52987	-179.60759	2.86076	-2.45591	0.60785	0.99784	0.04251	0.05016	0.04280	-0.99907	-0.00470	0.04991	0.00684	-0.99873		599.83129	6.98140	42.81120	1.65397	-0.96253	1.82013	0.36812	0.99935	0.03126	0.01770	-0.03176	0.99909	0.02832	-0.01680	-0.02886	0.99944	
4	0.03000	-0.07905	2.14724	0.53454	0.12657	0.03052	-0.31300	0.62477	0.99998	-0.00546	-0.00054	0.00546	0.99998	0.00221	0.00053	-0.00221	1.00000		-8.05915	59.72013	874.01159	179.77113	2.54701	-2.71592	0.70428	0.99789	0.04756	0.04420	0.04734	-0.99886	0.00610	0.04444	-0.00399	-0.99900		599.91383	7.66487	39.96196	1.11283	-0.26171	1.79098	0.37661	0.99950	0.03116	0.00517	-0.03125	0.99933	0.01927	-0.00457	-0.01942	0.99980	
5	0.04000	-0.10316	2.07011	0.26350	-0.10381	-0.04461	-0.33207	0.72897	0.99998	-0.00579	0.00079	0.00580	0.99998	-0.00181	-0.00078	0.00181	1.00000		-6.94094	56.26051	874.52745	-179.99765	2.47747	-2.73836	0.70172	0.99792	0.04777	0.04318	0.04773	-0.99886	0.00202	0.04323	0.00004	-0.99907		599.98354	7.78281	39.46920	1.34351	-0.16948	1.81719	0.37693	0.99949	0.03163	0.00370	-0.03171	0.99922	0.02334	-0.00296	-0.02345	0.99972	
6	0.05000	0.09970	2.75508	-0.23151	0.75327	-1.04735	-0.56562	0.66229	0.99978	-0.01011	0.01815	0.00987	0.99986	0.01333	-0.01828	-0.01314	0.99975		7.42007	68.66033	874.23487	179.22574	1.37422	-2.90057	0.63240	0.99843	0.05092	0.02327	0.05059	-0.99861	0.01471	0.02398	-0.01351	-0.99962		600.30567	10.01802	29.97418	0.25547	0.87873	2.26655	0.37533	0.99910	0.03962	-0.01515	-0.03954	0.99920	0.00506	0.01534	-0.00446	0.99987	
7	0.06000	-0.19603	2.09301	0.20287	0.19112	-0.04449	-0.32553	0.57373	0.99998	-0.00568	0.00076	0.00568	0.99998	0.00334	-0.00078	-0.00334	0.99999		-7.07881	60.79662	874.04930	179.67776	2.37722	-2.82904	0.72653	0.99792	0.04959	0.04115	0.04931	-0.99875	0.00766	0.04148	-0.00562	-0.99912		599.91512	7.74387	39.71498	0.96491	-0.21518	2.04424	0.44536	0.99936	0.03560	0.00435	-0.03567	0.99922	0.01670	-0.00376	-0.01684	0.99985	
8	0.07000	-0.19783	2.07623	0.19640	0.20440	-0.03131	-0.31836	0.56168	0.99998	-0.00556	0.00053	0.00556	0.99998	0.00357	-0.00055	-0.00357	0.99999		-7.27443	61.00438	874.02822	179.65202	2.38040	-2.82229	0.73495	0.99793	0.04949	0.04118	0.04920	-0.99876	0.00811	0.04153	-0.00607	-0.99912		599.90007	7.80102	39.69752	1.00611	-0.23377	1.85993	0.40635	0.99946	0.03238	0.00465	-0.03246	0.99932	0.01742	-0.00408	-0.01756	0.99984	
9	0.08000	-0.23128	2.03130	0.35171	0.09372	0.06610	-0.31483	0.52516	0.99998	-0.00549	-0.00116	0.00549	0.99998	0.00163	0.00115	-0.00164	1.00000		-8.64078	59.26228	874.02134	179.75658	2.52616	-2.75671	0.73004	0.99787	0.04828	0.04382	0.04805	-0.99882	0.00636	0.04408	-0.00424	-0.99902		599.86365	7.75301	40.54885	1.12860	-0.33657	1.83010	0.40854	0.99947	0.03181	0.00650	-0.03194	0.99930	0.01950	-0.00587	-0.01970	0.99979	
10	0.09000	-0.20883	2.08414	0.16343	0.21627	-0.02608	-0.31818	0.54809	0.99998	-0.00555	0.00043	0.00555	0.99998	0.00378	-0.00046	-0.00377	0.99999		-7.22285	61.09384	874.09352	179.62866	2.44181	-2.76177	0.73629	0.99793	0.04846	0.04224	0.04814	-0.99880	0.00853	0.04260	-0.00648	-0.99907		599.90757	7.80787	39.74780	1.00424	-0.24749	1.84423	0.40159	0.99947	0.03210	0.00488	-0.03218	0.99933	0.01738	-0.00432	-0.01753	0.99984	
11	0.10000	-0.23186	2.02001	0.36126	0.09966	0.08259	-0.30460	0.51547	0.99998	-0.00531	-0.00145	0.00532	0.99998	0.00173	0.00144	-0.00174	1.00000		-8.78852	59.38837	873.98927	179.74928	2.53848	-2.75586	0.73258	0.99786	0.04827	0.04403	0.04803	-0.99882	0.00650	0.04429	-0.00437	-0.99901		599.86515	7.66241	40.67875	1.13277	-0.36450	1.80538	0.41044	0.99948	0.03137	0.00698	-0.03150	0.99931	0.01956	-0.00636	-0.01977	0.99978	
12	0.11000	-0.20041	2.07307	0.45977	0.21837	0.10534	-0.29660	0.47044	0.99998	-0.00517	-0.00186	0.00518	0.99998	0.00380	0.00184	-0.00381	0.99999		-9.12314	61.15014	873.76039	179.62227	2.55619	-2.74188	0.73598	0.99786	0.04813	0.04423	0.04779	-0.99882	0.00872	0.04460	-0.00659	-0.99898		599.81409	7.61761	40.81438	1.03171	-0.37712	1.78951	0.41060	0.99949	0.03110	0.00714	-0.03123	0.99935	0.01779	-0.00658	-0.01801	0.99982	
13	0.12000	-0.21858	2.02769	0.33619	0.10882	0.07627	-0.30236	0.50443	0.99998	-0.00527	-0.00134	0.00528	0.99998	0.00189	0.00133	-0.00190	1.00000		-8.62552	59.54954	874.00710	179.74181	2.52703	-2.75592	0.73937	0.99787	0.04828	0.04382	0.04803	-0.99882	0.00662	0.04409	-0.00450	-0.99902		599.85663	7.63240	40.62535	1.12599	-0.34614	1.80907	0.40715	0.99948	0.03144	0.00666	-0.03157	0.99931	0.01945	-0.00604	-0.01965	0.99979	
14	0.13000	-0.21616	2.04493	0.30065	0.10293	0.06788	-0.31079	0.50896	0.99998	-0.00542	-0.00119	0.00542	0.99998	0.00179	0.00118	-0.00180	1.00000		-8.48442	59.46722	874.04245	179.74187	2.51323	-2.76751	0.74127	0.99787	0.04848	0.04358	0.04824	-0.99881	0.00662	0.04385	-0.00450	-0.99903		599.85479	7.72014	40.57058	1.14987	-0.33893	1.79599	0.40642	0.99949	0.03122	0.00654	-0.03134	0.99931	0.01987	-0.00592	-0.02007	0.99978	
15	0.14000	-0.23013	2.04322	0.33698	0.10653	0.08250	-0.30824	0.50649	0.99998	-0.00538	-0.00145	0.00538	0.99998	0.00185	0.00144	-0.00186	1.00000		-8.68820	59.53961	873.98652	179.74049	2.52368	-2.76200	0.73931	0.99787	0.04839	0.04376	0.04814	-0.99882	0.00665	0.04403	-0.00452	-0.99902		599.85139	7.69981	40.68155	1.15334	-0.35150	1.78875	0.40786	0.99949	0.03108	0.00676	-0.03121	0.99931	0.01993	-0.00613	-0.02013	0.99978	
16	0.15000	-0.23413	2.04780	0.31899	0.10419	0.07632	-0.31084	0.50160	0.99998	-0.00542	-0.00134	0.00543	0.99998	0.00181	0.00133	-0.00182	1.00000		-8.61194	59.52515	874.01036	179.74680	2.52235	-2.76806	0.74053	0.99787	0.04849	0.04374	0.04825	-0.99881	0.00654	0.04401	-0.00441	-0.99902		599.85020	7.71182	40.63504	1.14340	-0.33607	1.79555	0.40939	0.99949	0.03121	0.00649	-0.03133	0.99931	0.01976	-0.00587	-0.01995	0.99978	
17	0.16000	-0.18897	2.04643	-0.06752	0.21446	-0.05833	-0.29897	0.46712	0.99999	-0.00522	0.00100	0.00522	0.99998	0.00375	-0.00102	-0.00374	0.99999		-6.64671	61.25678	874.28865	179.63986	2.38913	-2.76292	0.72978	0.99797	0.04846	0.04133	0.04816	-0.99881	0.00829	0.04169	-0.00628	-0.99911		599.89609	7.66874	39.58895	1.03241	-0.21484	1.77783	0.40742	0.99951	0.03095	0.00431	-0.03102	0.99936	0.01789	-0.00375	-0.01802	0.99983	
18	0.17000	-0.23409	2.03807	0.27476	0.09184	0.06332	-0.30988	0.50233	0.99998	-0.00541	-0.00111	0.00541	0.99998	0.00160	0.00111	-0.00160	1.00000		-8.54901	59.47059	874.01556	179.77580	2.46519	-2.85045	0.74089	0.99784	0.04990	0.04276	0.04968	-0.99875	0.00605	0.04301	-0.00391	-0.99907		599.85578	7.70675	40.52396	1.15679	-0.33845	1.79724	0.41066	0.99949	0.03124	0.00654	-0.03136	0.99931	0.01999	-0.00591	-0.02019	0.99978	
19	0.18000	-0.22891	2.03294	0.27463	0.09057	0.06280	-0.30570	0.50248	0.99998	-0.00533	-0.00110	0.00534	0.99998	0.00157	0.00110	-0.00158	1.00000		-8.60856	59.47741	873.98674	179.79039	2.45579	-2.84485	0.73190	0.99785	0.04979	0.04261	0.04959	-0.99875	0.00578	0.04285	-0.00365	-0.99907		599.85965	7.67403	40.51448	1.16182	-0.34862	1.77745	0.41145	0.99950	0.03089	0.00671	-0.03102	0.99932	0.02008	-0.00608	-0.02028	0.99978	
20	0.19000	-0.23101	2.04805	0.28654	0.10011	0.06773	-0.31183	0.50257	0.99998	-0.00544	-0.00119	0.00544	0.99998	0.00174	0.00118	-0.00175	1.00000		-8.66220	59.47466	874.05811	179.74831	2.54542	-2.77614	0.73600	0.99784	0.04863	0.04415	0.04839	-0.99881	0.00654	0.04441	-0.00439	-0.99900		599.85417	7.72159	40.56007	1.15357	-0.34371	1.78848	0.40678	0.99949	0.03108	0.00662	-0.03121	0.99931	0.01994	-0.00600	-0.02013	0.99978	
21	0.20000	-0.22368	2.03880	0.27279	0.10660	0.06254	-0.30622	0.50109	0.99998	-0.00534	-0.00110	0.00534	0.99998	0.00185	0.00109	-0.00186	1.00000		-8.60638	59.57737	874.07977	179.75111	2.54910	-2.76481	0.73820	0.99785	0.04843	0.04421	0.04819	-0.99882	0.00648	0.04448	-0.00434	-0.99900		599.85419	7.69141	40.51717	1.15253	-0.33957	1.77536	0.40591	0.99950	0.03086	0.00655	-0.03098	0.99932	0.01992	-0.00593	-0.02011	0.99978	
22	0.21000	-0.18598	2.05230	-0.06197	0.21607	-0.05379	-0.29915	0.45686	0.99999	-0.00522	0.00092	0.00522	0.99998	0.00378	-0.00094	-0.00377	0.99999		-6.92755	61.33561	874.23849	179.64809	2.36215	-2.84193	0.73891	0.99792	0.04983	0.04086	0.04954	-0.99874	0.00818	0.04122	-0.00614	-0.99913		599.89954	7.68348	39.62383	1.04657	-0.22869	1.75710	0.40561	0.99952	0.03058	0.00455	-0.03066	0.99937	0.01813	-0.00399	-0.01826	0.99983	
23	0.22000	-0.21595	2.07507	0.38188	0.20433	0.08942	-0.29814	0.46373	0.99999	-0.00520	-0.00158	0.00520	0.99998	0.00356	0.00156	-0.00357	0.99999		-9.05562	61.07875	873.76696	179.64731	2.49551	-2.83703	0.73600	0.99783	0.04976	0.04318	0.04945	-0.99874	0.00830	0.04354	-0.00615	-0.99903		599.82610	7.62553	40.67956	1.04153	-0.37484	1.76800	0.40522	0.99950	0.03073	0.00710	-0.03085	0.99936	0.01797	-0.00654	-0.01818	0.99981	
24	0.23000	-0.18965	2.03465	-0.07448	0.21655	-0.05979	-0.29293	0.46479	0.99999	-0.00512	0.00102	0.00511	0.99998	0.00378	-0.00104	-0.00378	0.99999		-6.71335	61.24302	874.29694	179.64305	2.40361	-2.75543	0.72748	0.99797	0.04833	0.04159	0.04803	-0.99881	0.00824	0.04194	-0.00622	-0.99910		600.08963	7.75042	39.48948	1.18808	-0.40990	1.72607	0.41929	0.99952	0.02997	0.00777	-0.03012	0.99934	0.02051	-0.00715	-0.02073	0.99976	
25	0.24000	-0.23781	2.04070	0.25815	0.10348	0.05975	-0.30895	0.49945	0.99998	-0.00539	-0.00105	0.00539	0.99998	0.00180	0.00104	-0.00181	1.00000		-8.44138	59.47104	874.07397	179.74831	2.51480	-2.76863	0.73575	0.99787	0.04849	0.04361	0.04826	-0.99881	0.00651	0.04388	-0.00439	-0.99903		599.86888	7.71248	40.49652	1.16126	-0.34760	1.77093	0.41157	0.99950	0.03077	0.00669	-0.03090	0.99932	0.02007	-0.00607	-0.02027	0.99978	
26	0.25000	-0.23913	2.03535	0.27780	0.09861	0.06906	-0.30984	0.50203	0.99998	-0.00541	-0.00121	0.00541	0.99998	0.00171	0.00121	-0.00172	1.00000		-8.54002	59.40179	874.05165	179.74977	2.51438	-2.77710	0.73913	0.99786	0.04864	0.04361	0.04840	-0.99881	0.00649	0.04387	-0.00436	-0.99903		599.85360	7.70451	40.57363	1.15687	-0.34552	1.78897	0.40773	0.99949	0.03109	0.00666	-0.03122	0.99931	0.01999	-0.00603	-0.02019	0.99978	
27	0.26000	-0.18454	2.03778	-0.08172	0.22630	-0.05912	-0.29050	0.45982	0.99999	-0.00507	0.00101	0.00507	0.99998	0.00395	-0.00103	-0.00395	0.99999		-6.60288	61.34645	874.29308	179.62679	2.38553	-2.75508	0.73847	0.99798	0.04834	0.04126	0.04803	-0.99881	0.00851	0.04162	-0.00651	-0.99911		599.90058	7.58870	39.57877	1.01600	-0.22186	1.76674	0.40718	0.99952	0.03076	0.00442	-0.03083	0.99937	0.01760	-0.00387	-0.01773	0.99984	
28	0.27000	-0.18316	2.06348	-0.07460	0.22770	-0.05449	-0.30076	0.46181	0.99999	-0.00525	0.00093	0.00525	0.99998	0.00398	-0.00095	-0.00397	0.99999		-6.66594	61.32378	874.28506	179.62685	2.39339	-2.75679	0.74331	0.99797	0.04837	0.04140	0.04805	-0.99881	0.00851	0.04176	-0.00651	-0.99911		599.89583	7.68207	39.61579	1.02914	-0.22829	1.77341	0.41161	0.99951	0.03087	0.00454	-0.03095	0.99936	0.01783	-0.00398	-0.01796	0.99983	
29	0.28000	-0.17410	2.04877	-0.10099	0.22567	-0.06229	-0.29559	0.46057	0.99999	-0.00516	0.00107	0.00516	0.99998	0.00394	-0.00109	-0.00394	0.99999		-6.55710	61.31913	874.31387	179.62944	2.38412	-2.76203	0.73628	0.99797	0.04846	0.04124	0.04815	-0.99880	0.00846	0.04160	-0.00646	-0.99911		599.89424	7.64138	39.56946	1.04086	-0.20776	1.76769	0.40939	0.99952	0.03078	0.00418	-0.03085	0.99936	0.01804	-0.00363	-0.01817	0.99983	
30	0.29000	-0.18236	2.05150	-0.08126	0.21286	-0.05789	-0.29902	0.46242	0.99999	-0.00522	0.00099	0.00522	0.99998	0.00372	-0.00101	-0.00372	0.99999		-6.63683	61.11843	874.31360	179.63931	2.39255	-2.76172	0.74256	0.99797	0.04844	0.04139	0.04814	-0.99881	0.00830	0.04175	-0.00629	-0.99911		599.90142	7.67181	39.58949	1.05820	-0.22718	1.76908	0.41004	0.99952	0.03079	0.00453	-0.03087	0.99936	0.01834	-0.00397	-0.01847	0.99982	
31	0.30000	-0.22859	2.03613	0.25444	0.09230	0.06162	-0.30790	0.49765	0.99998	-0.00537	-0.00108	0.00537	0.99998	0.00160	0.00108	-0.00161	1.00000		-8.44610	59.29928	874.08634	179.76332	2.51224	-2.77436	0.74045	0.99787	0.04858	0.04358	0.04836	-0.99881	0.00625	0.04383	-0.00413	-0.99903		599.86336	7.70340	40.51128	1.18146	-0.34992	1.76106	0.40888	0.99951	0.03060	0.00674	-0.03073	0.99932	0.02042	-0.00611	-0.02062	0.99977	
32	0.31000	-0.18942	2.05152	-0.10196	0.21364	-0.06437	-0.30173	0.46216	0.99999	-0.00527	0.00110	0.00527	0.99998	0.00373	-0.00112	-0.00373	0.99999		-6.59669	61.14799	874.33217	179.64319	2.39667	-2.76406	0.74433	0.99796	0.04848	0.04147	0.04818	-0.99880	0.00824	0.04182	-0.00622	-0.99911		599.89854	7.68321	39.53008	1.03503	-0.22094	1.77524	0.40990	0.99951	0.03090	0.00441	-0.03098	0.99936	0.01794	-0.00386	-0.01806	0.99983	
33	0.32000	-0.19167	2.04746	-0.08971	0.22905	-0.06115	-0.29660	0.45824	0.99999	-0.00518	0.00105	0.00518	0.99998	0.00400	-0.00107	-0.00400	0.99999		-6.68336	61.38922	874.30652	179.61993	2.40373	-2.75376	0.73457	0.99797	0.04832	0.04157	0.04800	-0.99881	0.00864	0.04194	-0.00663	-0.99910		599.88295	7.63747	39.55334	1.01213	-0.21117	1.77411	0.40830	0.99951	0.03089	0.00423	-0.03096	0.99937	0.01754	-0.00369	-0.01766	0.99984	
34	0.33000	-0.19151	2.04952	-0.12456	0.22681	-0.07359	-0.29798	0.45849	0.99999	-0.00521	0.00126	0.00520	0.99998	0.00396	-0.00128	-0.00396	0.99999		-6.52257	61.37673	874.34339	179.62531	2.39881	-2.76126	0.73851	0.99796	0.04845	0.04149	0.04813	-0.99880	0.00855	0.04185	-0.00653	-0.99910		599.90642	7.66512	39.45400	1.03432	-0.21729	1.75986	0.41227	0.99952	0.03064	0.00434	-0.03071	0.99937	0.01793	-0.00379	-0.01805	0.99983	
35	0.34000	-0.19046	2.03596	-0.09999	0.21599	-0.06282	-0.29352	0.45630	0.99999	-0.00513	0.00108	0.00512	0.99998	0.00377	-0.00110	-0.00377	0.99999		-6.75663	61.34428	874.26798	179.65274	2.34745	-2.83784	0.73313	0.99794	0.04976	0.04061	0.04947	-0.99874	0.00808	0.04096	-0.00606	-0.99914		599.89860	7.61942	39.53789	1.04329	-0.22914	1.76155	0.41123	0.99952	0.03066	0.00456	-0.03074	0.99936	0.01808	-0.00400	-0.01821	0.99983	
36	0.35000	-0.19032	2.03540	-0.09794	0.21489	-0.06279	-0.29260	0.45841	0.99999	-0.00511	0.00108	0.00511	0.99998	0.00376	-0.00110	-0.00375	0.99999		-6.70495	61.23121	874.33232	179.63051	2.41566	-2.74971	0.73178	0.99796	0.04824	0.04179	0.04793	-0.99881	0.00846	0.04215	-0.00644	-0.99909		599.90306	7.62869	39.53022	1.06236	-0.23007	1.75000	0.41189	0.99953	0.03046	0.00458	-0.03054	0.99936	0.01841	-0.00402	-0.01854	0.99982	
37	0.36000	-0.23316	2.03714	0.29370	0.10390	0.07539	-0.30700	0.49538	0.99998	-0.00536	-0.00132	0.00536	0.99998	0.00181	0.00132	-0.00181	1.00000		-8.76531	59.53855	874.03807	179.74559	2.55385	-2.77194	0.73722	0.99784	0.04856	0.04429	0.04831	-0.99881	0.00659	0.04456	-0.00444	-0.99900		599.85010	7.68006	40.59742	1.14379	-0.35788	1.77389	0.40862	0.99950	0.03082	0.00686	-0.03095	0.99933	0.01976	-0.00625	-0.01996	0.99978	
38	0.37000	-0.22886	2.03975	0.25465	0.10435	0.06273	-0.30678	0.49726	0.99998	-0.00535	-0.00110	0.00535	0.99998	0.00181	0.00109	-0.00182	1.00000		-8.59364	59.65800	874.01946	179.76128	2.47442	-2.84700	0.73814	0.99783	0.04985	0.04291	0.04962	-0.99875	0.00631	0.04317	-0.00416	-0.99906		599.85352	7.68632	40.51248	1.16042	-0.34596	1.76825	0.41152	0.99951	0.03073	0.00666	-0.03086	0.99932	0.02006	-0.00604	-0.02025	0.99978	
39	0.38000	-0.18353	2.04883	-0.09706	0.22224	-0.06117	-0.29533	0.46199	0.99999	-0.00516	0.00105	0.00515	0.99998	0.00388	-0.00107	-0.00388	0.99999		-6.65617	61.37402	874.31087	179.63452	2.40309	-2.77110	0.73750	0.99795	0.04861	0.04157	0.04830	-0.99880	0.00840	0.04193	-0.00637	-0.99910		599.89303	7.64607	39.56402	1.05235	-0.21941	1.75457	0.40903	0.99952	0.03054	0.00439	-0.03062	0.99936	0.01824	-0.00383	-0.01837	0.99982	
40	0.39000	-0.23837	2.05524	0.28639	0.10808	0.07567	-0.31266	0.49889	0.99998	-0.00545	-0.00133	0.00546	0.99998	0.00188	0.00132	-0.00189	1.00000		-8.70542	59.71173	873.97177	179.76451	2.47332	-2.85789	0.73820	0.99783	0.05004	0.04290	0.04981	-0.99874	0.00626	0.04315	-0.00411	-0.99906		599.84992	7.73964	40.61410	1.15632	-0.35510	1.77274	0.40849	0.99950	0.03080	0.00682	-0.03093	0.99932	0.01998	-0.00620	-0.02018	0.99978	
41	0.40000	-0.18878	2.04491	-0.09512	0.22297	-0.05889	-0.29536	0.45923	0.99999	-0.00516	0.00101	0.00516	0.99998	0.00390	-0.00103	-0.00389	0.99999		-6.61731	61.35709	874.30870	179.62569	2.39206	-2.75486	0.73645	0.99797	0.04833	0.04137	0.04802	-0.99881	0.00853	0.04174	-0.00653	-0.99911		599.89916	7.65137	39.57323	1.03837	-0.22750	1.75021	0.40772	0.99953	0.03047	0.00452	-0.03054	0.99937	0.01799	-0.00397	-0.01812	0.99983	
42	0.41000	-0.23389	2.03501	0.25842	0.10205	0.06573	-0.30382	0.49539	0.99999	-0.00530	-0.00116	0.00530	0.99998	0.00177	0.00115	-0.00178	1.00000		-8.47020	59.51765	874.04838	179.75769	2.50067	-2.76116	0.73406	0.99789	0.04836	0.04338	0.04813	-0.99882	0.00633	0.04363	-0.00423	-0.99904		600.04932	7.77302	40.44971	1.31429	-0.54983	1.75669	0.42020	0.99948	0.03043	0.01029	-0.03065	0.99927	0.02263	-0.00960	-0.02294	0.99969	
43	0.42000	-0.18765	2.05815	-0.09637	0.21778	-0.06101	-0.29858	0.46116	0.99999	-0.00521	0.00105	0.00521	0.99998	0.00381	-0.00106	-0.00380	0.99999		-6.57613	61.23553	874.31561	179.62717	2.38508	-2.75653	0.73981	0.99798	0.04836	0.04125	0.04805	-0.99881	0.00850	0.04162	-0.00650	-0.99911		599.90308	7.67256	39.55085	1.05103	-0.22569	1.75287	0.41070	0.99952	0.03051	0.00450	-0.03059	0.99937	0.01821	-0.00394	-0.01834	0.99982	
44	0.43000	-0.17985	2.05259	-0.10215	0.21616	-0.06334	-0.29835	0.45577	0.99999	-0.00521	0.00109	0.00521	0.99998	0.00378	-0.00111	-0.00377	0.99999		-6.56992	61.19561	874.32588	179.63554	2.38933	-2.76105	0.73542	0.99797	0.04843	0.04133	0.04813	-0.99881	0.00836	0.04169	-0.00636	-0.99911		599.90054	7.67030	39.53951	1.05082	-0.21596	1.76191	0.41018	0.99952	0.03067	0.00433	-0.03075	0.99936	0.01821	-0.00377	-0.01834	0.99982	
45	0.44000	-0.22520	2.04904	0.26676	0.10732	0.06698	-0.30978	0.49163	0.99998	-0.00540	-0.00118	0.00541	0.99998	0.00187	0.00117	-0.00187	1.00000		-8.56206	59.53730	874.03036	179.75612	2.50713	-2.77514	0.72714	0.99787	0.04860	0.04349	0.04837	-0.99881	0.00637	0.04374	-0.00425	-0.99903		599.85288	7.71655	40.54577	1.16193	-0.34708	1.77200	0.40574	0.99950	0.03079	0.00668	-0.03092	0.99932	0.02008	-0.00606	-0.02028	0.99978	
46	0.45000	-0.17556	2.04770	-0.11421	0.23137	-0.06853	-0.29355	0.45777	0.99999	-0.00513	0.00118	0.00512	0.99998	0.00404	-0.00120	-0.00404	0.99999		-6.55749	61.40876	874.32457	179.62965	2.38948	-2.75563	0.73556	0.99798	0.04834	0.04133	0.04803	-0.99881	0.00846	0.04169	-0.00646	-0.99911		599.90019	7.62498	39.48244	1.02193	-0.22764	1.76469	0.40983	0.99952	0.03072	0.00452	-0.03079	0.99937	0.01770	-0.00397	-0.01783	0.99983	
47	0.46000	-0.23095	2.03991	0.23784	0.09920	0.05881	-0.30763	0.49741	0.99998	-0.00537	-0.00104	0.00537	0.99998	0.00173	0.00103	-0.00173	1.00000		-8.47033	59.37810	874.10877	179.75615	2.52926	-2.77076	0.73465	0.99786	0.04853	0.04387	0.04829	-0.99881	0.00638	0.04413	-0.00425	-0.99902		599.85737	7.68176	40.48242	1.15743	-0.34737	1.77600	0.40968	0.99950	0.03086	0.00668	-0.03099	0.99932	0.02000	-0.00606	-0.02020	0.99978	
48	0.47000	-0.23548	2.03436	0.24363	0.10312	0.05897	-0.30480	0.49538	0.99999	-0.00532	-0.00104	0.00532	0.99998	0.00179	0.00103	-0.00180	1.00000		-8.49104	59.43702	874.08342	179.74249	2.52191	-2.76988	0.73933	0.99786	0.04852	0.04373	0.04828	-0.99881	0.00662	0.04400	-0.00449	-0.99902		599.86012	7.67729	40.47274	1.16802	-0.35894	1.76064	0.41167	0.99951	0.03059	0.00689	-0.03072	0.99932	0.02018	-0.00626	-0.02038	0.99977	
49	0.48000	-0.23968	2.02992	0.24677	0.09331	0.06148	-0.30463	0.49531	0.99999	-0.00531	-0.00108	0.00532	0.99998	0.00162	0.00107	-0.00163	1.00000		-8.59095	59.40799	874.03117	179.78658	2.46658	-2.84734	0.73257	0.99784	0.04983	0.04280	0.04963	-0.99875	0.00586	0.04304	-0.00372	-0.99907		599.86018	7.67759	40.50223	1.17872	-0.34861	1.75517	0.40786	0.99951	0.03050	0.00671	-0.03063	0.99932	0.02038	-0.00608	-0.02057	0.99977	
50	0.49000	-0.23827	2.02984	0.25800	0.09617	0.06459	-0.30645	0.49582	0.99998	-0.00535	-0.00114	0.00535	0.99998	0.00167	0.00113	-0.00168	1.00000		-8.58432	59.36295	874.08169	179.75902	2.53407	-2.77577	0.73684	0.99785	0.04861	0.04396	0.04838	-0.99881	0.00634	0.04421	-0.00420	-0.99901		599.85907	7.68550	40.52474	1.16557	-0.35341	1.77006	0.41080	0.99950	0.03076	0.00679	-0.03089	0.99932	0.02014	-0.00617	-0.02034	0.99977	
51	0.50000	-0.18908	2.04966	-0.09003	0.20891	-0.05770	-0.29700	0.46078	0.99999	-0.00519	0.00099	0.00518	0.99998	0.00365	-0.00101	-0.00365	0.99999		-6.75031	61.08770	874.32404	179.64798	2.41205	-2.76750	0.73722	0.99795	0.04854	0.04174	0.04824	-0.99880	0.00817	0.04209	-0.00614	-0.99910		599.90083	7.65371	39.58796	1.06059	-0.23221	1.74898	0.40782	0.99953	0.03044	0.00462	-0.03052	0.99937	0.01838	-0.00405	-0.01851	0.99982	
52	0.51000	-0.18527	2.05591	-0.10824	0.21443	-0.06340	-0.29738	0.45813	0.99999	-0.00519	0.00109	0.00519	0.99998	0.00375	-0.00111	-0.00374	0.99999		-6.65107	61.18630	874.32209	179.63063	2.39430	-2.76792	0.74163	0.99796	0.04856	0.04142	0.04825	-0.99880	0.00846	0.04178	-0.00644	-0.99911		600.09669	7.76978	39.46217	1.19734	-0.41573	1.72764	0.41910	0.99952	0.02999	0.00788	-0.03015	0.99933	0.02067	-0.00726	-0.02090	0.99976	
53	0.52000	-0.17448	2.06196	-0.12000	0.22300	-0.06764	-0.29987	0.45438	0.99999	-0.00524	0.00116	0.00523	0.99998	0.00390	-0.00118	-0.00389	0.99999		-6.62157	61.42401	874.27749	179.64906	2.33409	-2.84328	0.74300	0.99794	0.04985	0.04037	0.04956	-0.99874	0.00814	0.04073	-0.00612	-0.99915		599.90147	7.68874	39.50195	1.04923	-0.22824	1.74503	0.41304	0.99953	0.03037	0.00454	-0.03045	0.99937	0.01818	-0.00398	-0.01831	0.99982	
54	0.53000	-0.22209	2.03725	0.24386	0.08746	0.05892	-0.30581	0.49847	0.99999	-0.00534	-0.00104	0.00534	0.99998	0.00152	0.00103	-0.00153	1.00000		-8.41520	59.29043	874.09701	179.77225	2.51783	-2.76790	0.73527	0.99787	0.04846	0.04369	0.04824	-0.99882	0.00609	0.04393	-0.00397	-0.99903		599.85906	7.68085	40.46900	1.18499	-0.35409	1.74850	0.41188	0.99952	0.03038	0.00681	-0.03051	0.99932	0.02048	-0.00618	-0.02068	0.99977	
55	0.54000	-0.18416	2.04386	-0.09869	0.21450	-0.06070	-0.29300	0.45848	0.99999	-0.00512	0.00104	0.00511	0.99998	0.00375	-0.00106	-0.00374	0.99999		-6.59978	61.24307	874.30480	179.63396	2.38930	-2.75617	0.74478	0.99797	0.04835	0.04133	0.04804	-0.99881	0.00839	0.04169	-0.00638	-0.99911		599.89601	7.61989	39.55524	1.05302	-0.22307	1.74876	0.40981	0.99953	0.03044	0.00445	-0.03052	0.99937	0.01825	-0.00389	-0.01838	0.99982	
56	0.55000	-0.18902	2.04490	-0.10500	0.22023	-0.06341	-0.29337	0.45521	0.99999	-0.00512	0.00109	0.00512	0.99998	0.00385	-0.00111	-0.00384	0.99999		-6.55016	61.36005	874.27463	179.63615	2.37106	-2.75914	0.72727	0.99799	0.04840	0.04102	0.04810	-0.99881	0.00833	0.04137	-0.00634	-0.99912		599.90058	7.63166	39.53294	1.05439	-0.21719	1.75318	0.40457	0.99952	0.03052	0.00435	-0.03059	0.99936	0.01828	-0.00379	-0.01840	0.99982	
57	0.56000	-0.18715	2.05993	-0.14173	0.23044	-0.07667	-0.29838	0.46268	0.99999	-0.00521	0.00132	0.00521	0.99998	0.00403	-0.00134	-0.00402	0.99999		-6.34667	61.48037	874.33750	179.61270	2.37303	-2.76521	0.73661	0.99798	0.04852	0.04103	0.04820	-0.99880	0.00875	0.04141	-0.00675	-0.99912		600.10600	7.81327	39.34599	1.20233	-0.40365	1.72010	0.41705	0.99952	0.02986	0.00767	-0.03002	0.99933	0.02076	-0.00704	-0.02098	0.99976	
58	0.57000	-0.18463	2.05022	-0.11061	0.21360	-0.06355	-0.29683	0.45547	0.99999	-0.00518	0.00109	0.00518	0.99998	0.00373	-0.00111	-0.00373	0.99999		-6.56149	61.22079	874.33754	179.64207	2.40001	-2.75366	0.73651	0.99797	0.04830	0.04153	0.04800	-0.99881	0.00825	0.04188	-0.00624	-0.99910		599.89988	7.64718	39.53563	1.04960	-0.22673	1.77181	0.41050	0.99951	0.03084	0.00452	-0.03092	0.99936	0.01819	-0.00396	-0.01832	0.99982	
59	0.58000	-0.21713	2.08206	0.36101	0.20893	0.09228	-0.30085	0.46266	0.99998	-0.00524	-0.00163	0.00525	0.99998	0.00364	0.00161	-0.00365	0.99999		-8.94576	61.10142	873.83713	179.63947	2.54831	-2.77332	0.74048	0.99784	0.04866	0.04410	0.04834	-0.99880	0.00844	0.04446	-0.00629	-0.99899		599.83383	7.66689	40.68920	1.05765	-0.38681	1.75694	0.41005	0.99951	0.03053	0.00731	-0.03066	0.99936	0.01824	-0.00675	-0.01846	0.99981	
60	0.59000	-0.18163	2.07082	-0.13403	0.22345	-0.07428	-0.30275	0.46103	0.99998	-0.00529	0.00128	0.00528	0.99998	0.00391	-0.00130	-0.00390	0.99999		-6.47548	61.32309	874.35180	179.62479	2.39008	-2.76714	0.74064	0.99797	0.04855	0.04134	0.04824	-0.99880	0.00855	0.04170	-0.00654	-0.99911		599.91157	7.71163	39.44762	1.04631	-0.21174	1.75865	0.40794	0.99952	0.03062	0.00425	-0.03069	0.99936	0.01814	-0.00370	-0.01826	0.99983	
61	0.60000	-0.17993	2.06885	-0.11400	0.22408	-0.06596	-0.30107	0.45950	0.99999	-0.00526	0.00113	0.00525	0.99998	0.00392	-0.00115	-0.00391	0.99999		-6.62719	61.32507	874.32999	179.62665	2.40581	-2.77170	0.73966	0.99795	0.04863	0.04161	0.04831	-0.99880	0.00854	0.04198	-0.00651	-0.99910		599.90144	7.70221	39.51400	1.05486	-0.22036	1.74273	0.40900	0.99953	0.03034	0.00440	-0.03041	0.99937	0.01828	-0.00385	-0.01841	0.99982	
62	0.61000	-0.23289	2.03246	0.26305	0.10211	0.06557	-0.30165	0.49370	0.99999	-0.00526	-0.00115	0.00526	0.99998	0.00178	0.00114	-0.00178	1.00000		-8.60565	59.46883	874.05193	179.76633	2.53042	-2.75832	0.73032	0.99787	0.04830	0.04390	0.04808	-0.99882	0.00620	0.04415	-0.00407	-0.99902		600.06299	7.77920	40.43945	1.32436	-0.55626	1.72275	0.41741	0.99950	0.02983	0.01040	-0.03006	0.99929	0.02281	-0.00971	-0.02311	0.99969	
63	0.62000	-0.22830	2.04366	0.23695	0.10585	0.05615	-0.30621	0.49362	0.99998	-0.00534	-0.00099	0.00534	0.99998	0.00184	0.00098	-0.00185	1.00000		-8.52130	59.59621	874.03051	179.76118	2.46551	-2.84524	0.74033	0.99784	0.04982	0.04276	0.04959	-0.99875	0.00630	0.04302	-0.00416	-0.99907		599.86014	7.69499	40.45006	1.16859	-0.34356	1.76586	0.40907	0.99951	0.03069	0.00662	-0.03081	0.99932	0.02020	-0.00600	-0.02039	0.99977	
64	0.63000	-0.18753	2.07117	-0.12202	0.21768	-0.07004	-0.30368	0.46111	0.99998	-0.00530	0.00120	0.00530	0.99998	0.00380	-0.00122	-0.00380	0.99999		-6.63390	61.29389	874.28946	179.66006	2.33735	-2.85532	0.73926	0.99793	0.05005	0.04044	0.04977	-0.99873	0.00796	0.04078	-0.00593	-0.99915		599.90657	7.71416	39.48224	1.05421	-0.22196	1.75957	0.40765	0.99952	0.03063	0.00444	-0.03071	0.99936	0.01827	-0.00387	-0.01840	0.99982	
65	0.64000	-0.19242	2.05606	-0.12091	0.22566	-0.06707	-0.29779	0.46183	0.99999	-0.00520	0.00115	0.00520	0.99998	0.00394	-0.00117	-0.00394	0.99999		-6.58715	61.32222	874.33356	179.63194	2.40117	-2.77297	0.73755	0.99795	0.04865	0.04154	0.04834	-0.99880	0.00844	0.04190	-0.00642	-0.99910		599.90543	7.67700	39.50777	1.05116	-0.22302	1.74564	0.41025	0.99953	0.03039	0.00445	-0.03046	0.99937	0.01822	-0.00389	-0.01835	0.99982	
66	0.65000	-0.18689	2.05131	-0.10459	0.22189	-0.06326	-0.29440	0.46126	0.99999	-0.00514	0.00108	0.00514	0.99998	0.00388	-0.00110	-0.00387	0.99999		-6.68015	61.36496	874.26339	179.65202	2.33965	-2.83982	0.74105	0.99794	0.04979	0.04047	0.04950	-0.99874	0.00809	0.04082	-0.00607	-0.99915		599.89578	7.64952	39.52991	1.06348	-0.22245	1.73640	0.40648	0.99953	0.03022	0.00444	-0.03030	0.99937	0.01843	-0.00388	-0.01856	0.99982	
67	0.66000	-0.21444	2.07715	0.37217	0.20241	0.09583	-0.29649	0.46033	0.99998	-0.00517	-0.00169	0.00517	0.99998	0.00352	0.00167	-0.00353	0.99999		-9.00645	60.94032	873.84100	179.66081	2.55428	-2.76917	0.74132	0.99784	0.04858	0.04423	0.04826	-0.99880	0.00807	0.04457	-0.00591	-0.99899		599.81799	7.61583	40.72284	1.05912	-0.38134	1.76461	0.40813	0.99950	0.03067	0.00722	-0.03079	0.99936	0.01827	-0.00666	-0.01848	0.99981	
68	0.67000	-0.17953	2.05680	-0.09678	0.22381	-0.05960	-0.29597	0.45800	0.99999	-0.00517	0.00102	0.00517	0.99998	0.00391	-0.00104	-0.00391	0.99999		-6.64920	61.29329	874.31713	179.63226	2.40446	-2.75885	0.73455	0.99796	0.04840	0.04160	0.04809	-0.99881	0.00843	0.04195	-0.00641	-0.99910		599.90053	7.65226	39.55961	1.04113	-0.23348	1.75092	0.40989	0.99952	0.03048	0.00463	-0.03055	0.99937	0.01804	-0.00408	-0.01817	0.99983	
69	0.68000	-0.17936	2.06269	-0.09379	0.21117	-0.05838	-0.30080	0.45882	0.99999	-0.00525	0.00100	0.00525	0.99998	0.00369	-0.00102	-0.00369	0.99999		-6.66050	61.11200	874.30445	179.64014	2.38636	-2.76804	0.74025	0.99797	0.04855	0.04129	0.04825	-0.99880	0.00828	0.04164	-0.00628	-0.99911		599.90285	7.68518	39.57422	1.05250	-0.22938	1.75514	0.40968	0.99952	0.03055	0.00456	-0.03063	0.99936	0.01824	-0.00400	-0.01837	0.99982	
70	0.69000	-0.22418	2.04362	0.24328	0.09406	0.06082	-0.30593	0.49200	0.99998	-0.00534	-0.00107	0.00534	0.99998	0.00164	0.00106	-0.00164	1.00000		-8.41321	59.35826	874.09215	179.75710	2.51797	-2.78388	0.73906	0.99786	0.04875	0.04367	0.04852	-0.99880	0.00637	0.04393	-0.00424	-0.99903		599.86304	7.67601	40.49607	1.16893	-0.34919	1.76628	0.41042	0.99951	0.03069	0.00672	-0.03082	0.99932	0.02020	-0.00609	-0.02040	0.99977	
71	0.70000	-0.22671	2.05113	0.24125	0.10794	0.06251	-0.30849	0.49354	0.99998	-0.00538	-0.00110	0.00538	0.99998	0.00188	0.00109	-0.00188	1.00000		-8.45151	59.55273	874.07198	179.74892	2.51237	-2.76685	0.73752	0.99787	0.04846	0.04357	0.04823	-0.99882	0.00649	0.04384	-0.00438	-0.99903		599.85266	7.71155	40.51453	1.16025	-0.34120	1.75390	0.40949	0.99951	0.03048	0.00657	-0.03061	0.99933	0.02006	-0.00596	-0.02025	0.99978	
72	0.71000	-0.18830	2.06308	-0.10811	0.21948	-0.06373	-0.29955	0.46005	0.99999	-0.00523	0.00109	0.00523	0.99998	0.00384	-0.00111	-0.00383	0.99999		-6.62507	61.37233	874.25106	179.64178	2.32790	-2.83704	0.73941	0.99795	0.04975	0.04026	0.04945	-0.99874	0.00825	0.04062	-0.00625	-0.99916		599.89841	7.66483	39.53840	1.03923	-0.21424	1.76779	0.41048	0.99952	0.03078	0.00430	-0.03085	0.99936	0.01801	-0.00374	-0.01814	0.99983	
73	0.72000	-0.18724	2.05674	-0.12264	0.22071	-0.06904	-0.29630	0.45602	0.99999	-0.00518	0.00119	0.00517	0.99998	0.00386	-0.00121	-0.00385	0.99999		-6.51927	61.31257	874.31848	179.62379	2.37839	-2.76450	0.74072	0.99798	0.04850	0.04113	0.04819	-0.99880	0.00856	0.04150	-0.00656	-0.99912		599.90139	7.64828	39.48774	1.03953	-0.21655	1.75079	0.41099	0.99953	0.03048	0.00433	-0.03055	0.99937	0.01802	-0.00378	-0.01814	0.99983	
74	0.73000	-0.19106	2.07016	-0.13592	0.22733	-0.07517	-0.30050	0.45670	0.99999	-0.00525	0.00129	0.00524	0.99998	0.00397	-0.00131	-0.00397	0.99999		-6.45355	61.38734	874.34595	179.61819	2.38914	-2.75670	0.73697	0.99797	0.04837	0.04132	0.04805	-0.99881	0.00866	0.04169	-0.00666	-0.99911		599.91548	7.68725	39.43642	1.03507	-0.22716	1.74843	0.41387	0.99953	0.03043	0.00451	-0.03051	0.99937	0.01794	-0.00396	-0.01806	0.99983	
75	0.74000	-0.19135	2.05946	-0.13110	0.22445	-0.07251	-0.29651	0.45824	0.99999	-0.00518	0.00125	0.00517	0.99998	0.00392	-0.00127	-0.00392	0.99999		-6.52149	61.36759	874.34879	179.61484	2.39351	-2.76282	0.73698	0.99797	0.04848	0.04139	0.04816	-0.99880	0.00873	0.04176	-0.00672	-0.99910		600.10927	7.78141	39.37875	1.19892	-0.41736	1.71554	0.42158	0.99953	0.02978	0.00791	-0.02994	0.99934	0.02070	-0.00728	-0.02092	0.99975	
76	0.75000	-0.18558	2.05379	-0.11426	0.22636	-0.06382	-0.29434	0.45562	0.99999	-0.00514	0.00109	0.00514	0.99998	0.00396	-0.00111	-0.00395	0.99999		-6.67295	61.40128	874.31928	179.61534	2.40229	-2.75819	0.73858	0.99796	0.04840	0.04154	0.04808	-0.99881	0.00872	0.04192	-0.00671	-0.99910		599.90617	7.63930	39.54155	1.03963	-0.22446	1.75262	0.40965	0.99952	0.03051	0.00447	-0.03058	0.99937	0.01802	-0.00392	-0.01814	0.99983	
77	0.76000	-0.23230	2.05671	0.24494	0.10800	0.06492	-0.31218	0.49085	0.99998	-0.00545	-0.00114	0.00545	0.99998	0.00188	0.00113	-0.00188	1.00000		-8.65890	59.66344	874.01723	179.76080	2.47130	-2.84912	0.74108	0.99784	0.04989	0.04286	0.04966	-0.99875	0.00631	0.04312	-0.00417	-0.99906		599.86129	7.74993	40.52644	1.17640	-0.36308	1.75736	0.40904	0.99951	0.03053	0.00696	-0.03067	0.99932	0.02033	-0.00634	-0.02053	0.99977	
78	0.77000	-0.22977	2.04091	0.24618	0.08507	0.06093	-0.30859	0.49315	0.99998	-0.00538	-0.00107	0.00539	0.99998	0.00148	0.00106	-0.00148	1.00000		-8.53360	59.23054	874.09624	179.76282	2.52490	-2.77674	0.73437	0.99786	0.04863	0.04380	0.04840	-0.99881	0.00627	0.04405	-0.00414	-0.99902		600.06449	7.83143	40.40088	1.33810	-0.55721	1.73468	0.41859	0.99949	0.03004	0.01042	-0.03027	0.99928	0.02305	-0.00972	-0.02335	0.99968	
79	0.78000	-0.24076	2.04719	0.25531	0.09416	0.06682	-0.30902	0.49030	0.99998	-0.00539	-0.00117	0.00539	0.99998	0.00164	0.00117	-0.00164	1.00000		-8.60236	59.36318	874.06405	179.76498	2.52217	-2.77360	0.72981	0.99786	0.04857	0.04376	0.04834	-0.99881	0.00623	0.04401	-0.00410	-0.99902		599.87969	7.73066	40.53537	1.19631	-0.36979	1.74789	0.40758	0.99951	0.03036	0.00709	-0.03050	0.99932	0.02067	-0.00645	-0.02088	0.99976	
80	0.79000	-0.24040	2.02672	0.25985	0.08217	0.06928	-0.30434	0.49452	0.99998	-0.00531	-0.00122	0.00531	0.99998	0.00143	0.00121	-0.00143	1.00000		-8.61254	59.19831	874.06498	179.78001	2.51768	-2.76704	0.73012	0.99787	0.04844	0.04369	0.04823	-0.99882	0.00596	0.04393	-0.00384	-0.99903		599.86556	7.68513	40.56000	1.20120	-0.35966	1.74171	0.41149	0.99952	0.03026	0.00691	-0.03039	0.99932	0.02076	-0.00628	-0.02096	0.99976	
81	0.80000	-0.17708	2.08130	0.01211	0.32024	-0.03248	-0.28421	0.42804	0.99999	-0.00496	0.00054	0.00496	0.99997	0.00559	-0.00057	-0.00559	0.99998		-7.09052	62.78702	874.07893	179.54169	2.41781	-2.75582	0.73127	0.99795	0.04842	0.04175	0.04804	-0.99880	0.01002	0.04219	-0.00799	-0.99908		599.87775	7.58408	39.72437	0.95812	-0.26518	1.72794	0.40991	0.99953	0.03007	0.00513	-0.03015	0.99941	0.01657	-0.00463	-0.01672	0.99985	
82	0.81000	-0.21664	2.05501	0.36940	0.19762	0.09424	-0.28567	0.45717	0.99999	-0.00498	-0.00166	0.00499	0.99998	0.00344	0.00164	-0.00345	0.99999		-8.94043	60.90912	873.84763	179.65527	2.54630	-2.75407	0.73411	0.99786	0.04832	0.04409	0.04800	-0.99881	0.00814	0.04443	-0.00601	-0.99899		600.02071	7.65385	40.62118	1.22628	-0.57602	1.70635	0.42102	0.99951	0.02956	0.01068	-0.02978	0.99933	0.02109	-0.01005	-0.02140	0.99972	
83	0.82000	-0.23121	2.04328	0.24362	0.10369	0.06370	-0.30547	0.48903	0.99998	-0.00533	-0.00112	0.00533	0.99998	0.00180	0.00111	-0.00181	1.00000		-8.46394	59.46993	874.07592	179.74998	2.51403	-2.77090	0.73839	0.99787	0.04853	0.04360	0.04830	-0.99881	0.00648	0.04386	-0.00436	-0.99903		599.86153	7.67869	40.51343	1.15644	-0.35357	1.75877	0.40691	0.99951	0.03056	0.00679	-0.03069	0.99933	0.01998	-0.00617	-0.02018	0.99978	
84	0.83000	-0.23473	2.05109	0.28464	0.10088	0.07709	-0.30876	0.48842	0.99998	-0.00539	-0.00135	0.00539	0.99998	0.00175	0.00135	-0.00176	1.00000		-8.66247	59.41852	874.03041	179.74847	2.52418	-2.77800	0.73993	0.99786	0.04866	0.04378	0.04842	-0.99881	0.00652	0.04404	-0.00439	-0.99902		599.85808	7.72016	40.61199	1.19111	-0.36420	1.76318	0.40827	0.99951	0.03063	0.00699	-0.03077	0.99931	0.02058	-0.00636	-0.02079	0.99976	
85	0.84000	-0.18612	2.06577	-0.09837	0.20800	-0.05738	-0.29861	0.45599	0.99999	-0.00522	0.00098	0.00521	0.99998	0.00363	-0.00100	-0.00363	0.99999		-6.66658	61.04150	874.31994	179.64452	2.39514	-2.76142	0.74001	0.99797	0.04844	0.04144	0.04814	-0.99881	0.00821	0.04179	-0.00620	-0.99911		599.90754	7.67934	39.58245	1.08023	-0.23303	1.73617	0.41402	0.99953	0.03022	0.00464	-0.03030	0.99937	0.01872	-0.00407	-0.01885	0.99981	
86	0.85000	-0.18538	2.06574	-0.12460	0.21721	-0.06913	-0.29953	0.45652	0.99999	-0.00523	0.00119	0.00523	0.99998	0.00380	-0.00121	-0.00379	0.99999		-6.50412	61.19474	874.34906	179.64427	2.39338	-2.77040	0.73862	0.99796	0.04859	0.04141	0.04829	-0.99880	0.00822	0.04176	-0.00620	-0.99911		599.90917	7.67684	39.48699	1.05119	-0.22126	1.75267	0.41208	0.99952	0.03051	0.00442	-0.03058	0.99937	0.01822	-0.00386	-0.01835	0.99982	
87	0.86000	-0.19016	2.06138	-0.12767	0.22053	-0.07037	-0.29739	0.45684	0.99999	-0.00519	0.00121	0.00519	0.99998	0.00385	-0.00123	-0.00385	0.99999		-6.50623	61.27470	874.32512	179.65834	2.38389	-2.76867	0.72914	0.99797	0.04855	0.04126	0.04826	-0.99880	0.00797	0.04159	-0.00596	-0.99912		599.91271	7.66404	39.47487	1.05094	-0.22138	1.74639	0.40926	0.99953	0.03040	0.00442	-0.03048	0.99937	0.01822	-0.00386	-0.01834	0.99982	
88	0.87000	-0.23567	2.04139	0.22926	0.09117	0.05675	-0.30637	0.49299	0.99998	-0.00535	-0.00100	0.00535	0.99998	0.00159	0.00099	-0.00159	1.00000		-8.41175	59.28404	874.11645	179.75735	2.52912	-2.76890	0.73551	0.99786	0.04849	0.04387	0.04826	-0.99881	0.00636	0.04413	-0.00423	-0.99902		599.87067	7.29803	40.46089	0.85809	-0.36004	2.24589	0.30627	0.99921	0.03909	0.00687	-0.03919	0.99912	0.01472	-0.00628	-0.01498	0.99987	
89	0.88000	-0.19574	2.06631	-0.12381	0.22095	-0.06781	-0.30046	0.45776	0.99999	-0.00525	0.00116	0.00524	0.99998	0.00386	-0.00118	-0.00386	0.99999		-6.57914	61.27197	874.32758	179.62959	2.39339	-2.77030	0.73664	0.99796	0.04860	0.04140	0.04829	-0.99880	0.00848	0.04176	-0.00646	-0.99911		599.90056	7.67631	39.49600	1.03565	-0.22096	1.76509	0.40596	0.99952	0.03073	0.00441	-0.03080	0.99936	0.01795	-0.00386	-0.01807	0.99983	
90	0.89000	-0.24704	2.05238	0.26186	0.10640	0.06703	-0.30923	0.49129	0.99998	-0.00539	-0.00118	0.00540	0.99998	0.00185	0.00117	-0.00186	1.00000		-8.60026	59.53302	874.05886	179.74731	2.53562	-2.77755	0.73386	0.99785	0.04865	0.04397	0.04841	-0.99881	0.00655	0.04424	-0.00441	-0.99901		599.85724	7.70645	40.53510	1.16438	-0.35519	1.76871	0.41152	0.99950	0.03073	0.00682	-0.03086	0.99932	0.02012	-0.00620	-0.02032	0.99977	
91	0.90000	-0.19088	2.05675	-0.10606	0.21744	-0.06210	-0.29572	0.45445	0.99999	-0.00517	0.00106	0.00516	0.99998	0.00380	-0.00108	-0.00380	0.99999		-6.68872	61.24377	874.32361	179.63565	2.40779	-2.76690	0.73920	0.99795	0.04854	0.04165	0.04823	-0.99880	0.00838	0.04201	-0.00635	-0.99910		599.89829	7.63334	39.53151	1.03560	-0.22713	1.75794	0.41148	0.99952	0.03060	0.00452	-0.03068	0.99937	0.01794	-0.00396	-0.01807	0.99983	
92	0.91000	-0.24280	2.07158	0.23710	0.11294	0.06046	-0.31738	0.49394	0.99998	-0.00554	-0.00107	0.00554	0.99998	0.00196	0.00106	-0.00197	1.00000		-8.51521	59.62616	874.07378	179.73216	2.53125	-2.78860	0.73605	0.99784	0.04886	0.04388	0.04860	-0.99879	0.00682	0.04416	-0.00467	-0.99901		599.86553	7.78365	40.48879	1.15954	-0.34531	1.76772	0.40888	0.99951	0.03072	0.00665	-0.03085	0.99932	0.02004	-0.00603	-0.02024	0.99978	
93	0.92000	-0.18717	2.05797	-0.10158	0.22140	-0.05894	-0.29692	0.45505	0.99999	-0.00519	0.00101	0.00518	0.99998	0.00387	-0.00103	-0.00386	0.99999		-6.72621	61.31318	874.31451	179.62552	2.41116	-2.76803	0.73014	0.99795	0.04857	0.04170	0.04825	-0.99880	0.00856	0.04207	-0.00653	-0.99909		599.90095	7.65531	39.56266	1.04180	-0.23637	1.74826	0.41032	0.99953	0.03043	0.00468	-0.03051	0.99937	0.01805	-0.00413	-0.01818	0.99983	
94	0.93000	-0.23161	2.04703	0.24544	0.09628	0.06242	-0.30635	0.49382	0.99998	-0.00534	-0.00110	0.00535	0.99998	0.00167	0.00109	-0.00168	1.00000		-8.51123	59.41543	874.07373	179.75412	2.52298	-2.77571	0.73823	0.99786	0.04861	0.04376	0.04838	-0.99881	0.00642	0.04402	-0.00429	-0.99902		599.85133	7.67556	40.50418	1.18039	-0.34292	1.76821	0.40681	0.99951	0.03073	0.00662	-0.03086	0.99932	0.02041	-0.00599	-0.02060	0.99977	
