1	0.00000	-0.23687	1.96480	1.63777	-0.49225	0.44538	-0.32666	0.57864	0.99995	-0.00577	-0.00772	0.00570	0.99995	-0.00864	0.00777	0.00859	0.99993		-14.05134	50.18915	873.42858	-179.65831	2.88598	-2.48671	0.59297	0.99779	0.04309	0.05056	0.04333	-0.99905	-0.00377	0.05035	0.00596	-0.99871		599.83405	7.41535	43.08395	1.57113	-0.99845	1.86843	0.37503	0.99932	0.03211	0.01830	-0.03260	0.99911	0.02684	-0.01743	-0.02741	0.99947	
2	0.01000	-0.23673	1.97931	1.63576	-0.49290	0.44606	-0.33168	0.58040	0.99995	-0.00586	-0.00773	0.00579	0.99995	-0.00865	0.00779	0.00860	0.99993		-14.11802	50.20006	873.36895	-179.64963	2.81979	-2.49137	0.60173	0.99785	0.04317	0.04941	0.04342	-0.99905	-0.00397	0.04919	0.00611	-0.99877		599.82951	7.46675	43.09990	1.59258	-0.98954	1.86418	0.37222	0.99932	0.03204	0.01816	-0.03253	0.99910	0.02722	-0.01727	-0.02779	0.99946	
3	0.02000	-0.10373	1.96757	0.93869	-0.26268	0.18415	-0.28524	0.50234	0.99998	-0.00499	-0.00319	0.00498	0.99998	-0.00460	0.00321	0.00458	0.99998		-10.19689	53.73519	873.95341	-179.88588	2.59980	-2.45819	0.60552	0.99805	0.04280	0.04540	0.04285	-0.99908	-0.00004	0.04536	0.00199	-0.99897		599.88695	7.13064	41.03722	1.34520	-0.72340	1.82846	0.36955	0.99941	0.03160	0.01336	-0.03190	0.99922	0.02306	-0.01263	-0.02347	0.99964	
4	0.03000	-0.09136	2.07541	0.25404	-0.09421	-0.04710	-0.33520	0.72371	0.99998	-0.00585	0.00083	0.00585	0.99998	-0.00164	-0.00082	0.00164	1.00000		-6.59383	56.38543	874.50697	179.99014	2.41497	-2.73338	0.70625	0.99798	0.04770	0.04208	0.04765	-0.99886	0.00218	0.04214	-0.00017	-0.99911		599.96913	7.81556	39.43600	1.33220	-0.18454	1.80979	0.37609	0.99950	0.03150	0.00395	-0.03158	0.99923	0.02314	-0.00322	-0.02325	0.99972	
5	0.04000	-0.09081	2.07772	0.25032	-0.09348	-0.04750	-0.33536	0.72876	0.99998	-0.00585	0.00084	0.00585	0.99998	-0.00163	-0.00083	0.00163	1.00000		-6.58873	56.40352	874.51084	179.98830	2.41673	-2.73827	0.70932	0.99797	0.04778	0.04211	0.04773	-0.99886	0.00222	0.04217	-0.00020	-0.99911		599.96625	7.81137	39.43589	1.32482	-0.17651	1.81433	0.37278	0.99949	0.03158	0.00381	-0.03166	0.99923	0.02301	-0.00308	-0.02312	0.99973	
6	0.05000	0.11106	2.72084	-0.23717	0.73897	-1.05322	-0.54900	0.65733	0.99978	-0.00982	0.01826	0.00958	0.99987	0.01307	-0.01838	-0.01289	0.99975		7.92665	68.41140	874.26585	179.21416	1.34629	-2.81818	0.62967	0.99851	0.04948	0.02279	0.04915	-0.99868	0.01485	0.02350	-0.01371	-0.99963		600.27974	9.82432	29.92595	0.22725	0.88997	2.28578	0.37155	0.99908	0.03995	-0.01536	-0.03988	0.99919	0.00458	0.01553	-0.00397	0.99987	
7	0.06000	-0.18790	2.10154	0.23056	0.20621	-0.03478	-0.32507	0.57156	0.99998	-0.00568	0.00059	0.00567	0.99998	0.00360	-0.00061	-0.00360	0.99999		-6.81692	60.97994	874.02038	179.62949	2.36138	-2.76079	0.73208	0.99799	0.04843	0.04084	0.04813	-0.99881	0.00844	0.04120	-0.00646	-0.99913		599.90454	7.77963	39.75635	0.96283	-0.24297	1.99642	0.44225	0.99938	0.03476	0.00482	-0.03484	0.99925	0.01665	-0.00424	-0.01680	0.99985	
8	0.07000	-0.20206	2.08929	0.56685	0.21767	0.11642	-0.30451	0.48135	0.99998	-0.00531	-0.00205	0.00531	0.99998	0.00379	0.00203	-0.00380	0.99999		-9.08633	61.15237	873.64934	179.61502	2.52141	-2.73923	0.72947	0.99789	0.04808	0.04362	0.04774	-0.99882	0.00881	0.04399	-0.00671	-0.99901		599.80013	7.66839	40.87265	0.99972	-0.37964	1.82798	0.40161	0.99947	0.03178	0.00718	-0.03190	0.99934	0.01723	-0.00663	-0.01745	0.99983	
9	0.08000	-0.19257	2.10107	0.20179	0.20986	-0.01830	-0.32290	0.55123	0.99998	-0.00564	0.00030	0.00564	0.99998	0.00366	-0.00032	-0.00366	0.99999		-7.08034	61.04370	874.02541	179.62299	2.38153	-2.76759	0.73301	0.99797	0.04856	0.04119	0.04824	-0.99880	0.00858	0.04155	-0.00657	-0.99911		599.88001	7.85091	39.79950	1.02212	-0.25854	1.82698	0.40701	0.99948	0.03180	0.00508	-0.03188	0.99934	0.01769	-0.00451	-0.01784	0.99983	
10	0.09000	-0.22296	2.03923	0.37273	0.09909	0.07774	-0.31045	0.51470	0.99998	-0.00542	-0.00137	0.00542	0.99998	0.00172	0.00136	-0.00173	1.00000		-8.48765	59.39862	873.95397	179.73662	2.47715	-2.74611	0.73931	0.99792	0.04811	0.04295	0.04787	-0.99883	0.00666	0.04322	-0.00459	-0.99906		599.83888	7.70886	40.63478	1.13712	-0.34385	1.81346	0.40152	0.99948	0.03152	0.00663	-0.03165	0.99931	0.01965	-0.00600	-0.01984	0.99979	
11	0.10000	-0.20929	2.09854	0.50616	0.22119	0.11436	-0.30429	0.47451	0.99998	-0.00530	-0.00202	0.00531	0.99998	0.00385	0.00200	-0.00386	0.99999		-9.06746	61.21821	873.68868	179.62099	2.52094	-2.75147	0.73890	0.99788	0.04829	0.04362	0.04796	-0.99881	0.00872	0.04398	-0.00661	-0.99901		599.79653	7.67251	40.86420	1.00937	-0.38007	1.79842	0.40468	0.99949	0.03126	0.00718	-0.03138	0.99936	0.01740	-0.00663	-0.01762	0.99982	
12	0.11000	-0.22843	2.05299	0.36182	0.09714	0.07952	-0.31296	0.50525	0.99998	-0.00546	-0.00140	0.00546	0.99998	0.00169	0.00139	-0.00170	1.00000		-8.57132	59.45858	873.90514	179.76022	2.41962	-2.82674	0.74246	0.99789	0.04949	0.04196	0.04927	-0.99877	0.00626	0.04222	-0.00418	-0.99910		599.83820	7.71918	40.64358	1.13917	-0.35052	1.80807	0.40284	0.99948	0.03142	0.00674	-0.03155	0.99931	0.01968	-0.00612	-0.01988	0.99978	
13	0.12000	-0.22092	2.05956	0.29942	0.09888	0.06131	-0.31606	0.50651	0.99998	-0.00551	-0.00108	0.00552	0.99998	0.00172	0.00107	-0.00173	1.00000		-8.25089	59.38764	874.02096	179.74223	2.45837	-2.76084	0.73923	0.99792	0.04836	0.04263	0.04812	-0.99882	0.00656	0.04289	-0.00449	-0.99907		599.84277	7.75780	40.50594	1.15374	-0.33158	1.80292	0.40489	0.99949	0.03134	0.00642	-0.03146	0.99931	0.01994	-0.00579	-0.02013	0.99978	
14	0.13000	-0.22762	2.04776	0.33494	0.10342	0.07506	-0.31161	0.50083	0.99998	-0.00544	-0.00132	0.00544	0.99998	0.00180	0.00131	-0.00181	1.00000		-8.43871	59.47778	873.98563	179.73851	2.48027	-2.76269	0.73975	0.99790	0.04840	0.04300	0.04815	-0.99882	0.00664	0.04328	-0.00456	-0.99905		599.84405	7.73515	40.61146	1.16048	-0.35006	1.78448	0.40747	0.99950	0.03101	0.00674	-0.03114	0.99931	0.02005	-0.00611	-0.02025	0.99978	
15	0.14000	-0.22293	2.06508	0.29180	0.11045	0.06129	-0.31790	0.50065	0.99998	-0.00555	-0.00108	0.00555	0.99998	0.00192	0.00107	-0.00193	1.00000		-8.23473	59.56596	874.02070	179.73784	2.46668	-2.77298	0.73911	0.99790	0.04857	0.04277	0.04833	-0.99881	0.00665	0.04304	-0.00457	-0.99906		599.84657	7.78048	40.49708	1.13106	-0.34076	1.79275	0.40856	0.99949	0.03116	0.00656	-0.03128	0.99932	0.01954	-0.00595	-0.01974	0.99979	
16	0.15000	-0.20957	2.09943	0.42599	0.21354	0.09877	-0.30596	0.46239	0.99998	-0.00533	-0.00174	0.00534	0.99998	0.00372	0.00172	-0.00373	0.99999		-8.81491	61.09577	873.76158	179.63416	2.50010	-2.75685	0.73990	0.99789	0.04837	0.04326	0.04805	-0.99881	0.00848	0.04362	-0.00638	-0.99903		599.80452	7.68482	40.74334	1.02324	-0.37763	1.78964	0.40817	0.99949	0.03111	0.00714	-0.03123	0.99936	0.01764	-0.00659	-0.01786	0.99982	
17	0.16000	-0.23211	2.06150	0.31772	0.11522	0.07403	-0.31302	0.49572	0.99998	-0.00546	-0.00130	0.00546	0.99998	0.00200	0.00129	-0.00201	1.00000		-8.41763	59.63537	873.97924	179.73515	2.47398	-2.76383	0.74298	0.99791	0.04842	0.04289	0.04817	-0.99882	0.00670	0.04317	-0.00462	-0.99906		599.83946	7.73024	40.59496	1.13276	-0.34742	1.80119	0.40410	0.99949	0.03131	0.00668	-0.03143	0.99931	0.01957	-0.00606	-0.01977	0.99979	
18	0.17000	-0.22394	2.05244	0.31076	0.10650	0.07246	-0.31123	0.49668	0.99998	-0.00543	-0.00127	0.00543	0.99998	0.00185	0.00126	-0.00186	1.00000		-8.40250	59.50994	874.00390	179.74261	2.47828	-2.76687	0.74018	0.99790	0.04847	0.04297	0.04823	-0.99881	0.00657	0.04324	-0.00449	-0.99905		599.83340	7.70142	40.57881	1.13274	-0.34756	1.80979	0.40950	0.99948	0.03146	0.00669	-0.03158	0.99931	0.01957	-0.00607	-0.01977	0.99979	
19	0.18000	-0.22658	2.05752	0.31475	0.09788	0.07396	-0.31239	0.49800	0.99998	-0.00545	-0.00130	0.00545	0.99998	0.00170	0.00129	-0.00171	1.00000		-8.41990	59.36524	874.01287	179.74533	2.48128	-2.76008	0.73665	0.99790	0.04835	0.04303	0.04811	-0.99882	0.00652	0.04329	-0.00444	-0.99905		599.83961	7.71966	40.59831	1.14913	-0.34805	1.78876	0.40512	0.99949	0.03109	0.00670	-0.03121	0.99932	0.01986	-0.00607	-0.02005	0.99978	
20	0.19000	-0.22968	2.06558	0.30737	0.11412	0.07316	-0.31599	0.50338	0.99998	-0.00551	-0.00129	0.00552	0.99998	0.00198	0.00128	-0.00199	1.00000		-8.41019	59.61722	873.99844	179.72810	2.47905	-2.77245	0.73890	0.99789	0.04857	0.04297	0.04832	-0.99881	0.00683	0.04325	-0.00474	-0.99905		599.83852	7.77223	40.58238	1.15844	-0.35034	1.78693	0.40404	0.99950	0.03105	0.00674	-0.03118	0.99931	0.02002	-0.00611	-0.02022	0.99978	
21	0.20000	-0.22763	2.07019	0.31358	0.10884	0.07723	-0.31806	0.49776	0.99998	-0.00555	-0.00136	0.00555	0.99998	0.00189	0.00135	-0.00190	1.00000		-8.48908	59.51800	873.99643	179.72841	2.47577	-2.77228	0.73889	0.99790	0.04857	0.04292	0.04832	-0.99881	0.00682	0.04320	-0.00474	-0.99906		599.83044	7.78560	40.62675	1.15628	-0.34416	1.79026	0.40394	0.99949	0.03111	0.00663	-0.03124	0.99931	0.01998	-0.00601	-0.02018	0.99978	
22	0.21000	-0.21194	2.10991	0.43866	0.21137	0.10868	-0.30708	0.45631	0.99998	-0.00535	-0.00192	0.00536	0.99998	0.00368	0.00190	-0.00369	0.99999		-8.98709	61.04374	873.74457	179.63060	2.50549	-2.75645	0.74127	0.99789	0.04837	0.04335	0.04804	-0.99881	0.00854	0.04372	-0.00644	-0.99902		599.79569	7.68459	40.81957	1.04073	-0.38593	1.78961	0.40795	0.99949	0.03110	0.00730	-0.03123	0.99935	0.01794	-0.00674	-0.01816	0.99981	
23	0.22000	-0.22669	2.06619	0.28636	0.10656	0.06809	-0.31605	0.49448	0.99998	-0.00551	-0.00120	0.00552	0.99998	0.00185	0.00119	-0.00186	1.00000		-8.34775	59.48954	874.01714	179.73817	2.47192	-2.76687	0.74045	0.99790	0.04847	0.04286	0.04823	-0.99881	0.00665	0.04313	-0.00457	-0.99906		599.83470	7.74907	40.55886	1.12871	-0.33165	1.79656	0.40706	0.99949	0.03123	0.00640	-0.03135	0.99932	0.01951	-0.00579	-0.01970	0.99979	
24	0.23000	-0.22759	2.07222	0.28937	0.11489	0.06937	-0.31576	0.49598	0.99998	-0.00551	-0.00122	0.00551	0.99998	0.00200	0.00121	-0.00201	1.00000		-8.36858	59.62252	874.01545	179.73000	2.47646	-2.76944	0.74495	0.99790	0.04852	0.04293	0.04827	-0.99881	0.00679	0.04321	-0.00471	-0.99905		599.83587	7.76698	40.55812	1.15251	-0.34120	1.77748	0.40416	0.99950	0.03089	0.00657	-0.03102	0.99932	0.01992	-0.00596	-0.02011	0.99978	
25	0.24000	-0.18193	2.07022	-0.05131	0.21612	-0.05059	-0.30439	0.46035	0.99999	-0.00532	0.00086	0.00531	0.99998	0.00378	-0.00088	-0.00377	0.99999		-6.58489	61.17081	874.24931	179.62560	2.34763	-2.75356	0.74156	0.99801	0.04831	0.04060	0.04800	-0.99881	0.00849	0.04096	-0.00653	-0.99914		599.88356	7.72256	39.63039	1.04211	-0.23048	1.76581	0.40598	0.99952	0.03074	0.00458	-0.03081	0.99936	0.01805	-0.00402	-0.01819	0.99983	
26	0.25000	-0.18037	2.07160	-0.07975	0.23128	-0.06139	-0.30067	0.46051	0.99999	-0.00525	0.00105	0.00525	0.99998	0.00404	-0.00107	-0.00404	0.99999		-6.41419	61.41320	874.27798	179.61177	2.35043	-2.75782	0.74090	0.99800	0.04839	0.04064	0.04807	-0.99881	0.00874	0.04101	-0.00677	-0.99914		599.88677	7.68211	39.54172	1.02433	-0.22388	1.77083	0.40800	0.99951	0.03083	0.00446	-0.03090	0.99936	0.01775	-0.00391	-0.01788	0.99983	
27	0.26000	-0.22483	2.06082	0.28867	0.10479	0.06864	-0.31254	0.49227	0.99998	-0.00545	-0.00121	0.00545	0.99998	0.00182	0.00120	-0.00183	1.00000		-8.36576	59.48709	874.01461	179.73473	2.46476	-2.77781	0.73770	0.99790	0.04866	0.04273	0.04842	-0.99880	0.00671	0.04300	-0.00463	-0.99906		599.83896	7.74012	40.54821	1.16296	-0.34593	1.77241	0.41030	0.99950	0.03080	0.00666	-0.03093	0.99932	0.02010	-0.00604	-0.02030	0.99978	
28	0.27000	-0.22706	2.04772	0.29679	0.10789	0.07389	-0.30855	0.49505	0.99998	-0.00538	-0.00130	0.00539	0.99998	0.00188	0.00129	-0.00188	1.00000		-8.43799	59.56643	873.99748	179.75113	2.47490	-2.76381	0.73647	0.99791	0.04841	0.04292	0.04817	-0.99882	0.00642	0.04318	-0.00434	-0.99906		599.82868	7.69752	40.59410	1.14513	-0.34879	1.78639	0.41017	0.99950	0.03105	0.00671	-0.03117	0.99932	0.01979	-0.00609	-0.01998	0.99978	
29	0.28000	-0.23085	2.04741	0.29910	0.11323	0.07464	-0.30831	0.49436	0.99998	-0.00538	-0.00131	0.00538	0.99998	0.00197	0.00130	-0.00198	1.00000		-8.43657	59.62289	873.99557	179.72510	2.47440	-2.75989	0.73680	0.99791	0.04836	0.04289	0.04811	-0.99882	0.00687	0.04317	-0.00479	-0.99906		599.83888	7.71159	40.59955	1.14790	-0.34888	1.77390	0.40527	0.99950	0.03083	0.00671	-0.03095	0.99932	0.01984	-0.00609	-0.02003	0.99978	
30	0.29000	-0.22905	2.05924	0.29304	0.10450	0.07191	-0.31184	0.49269	0.99998	-0.00544	-0.00126	0.00544	0.99998	0.00182	0.00126	-0.00182	1.00000		-8.39178	59.49582	874.01332	179.74249	2.47255	-2.77319	0.73893	0.99790	0.04858	0.04287	0.04834	-0.99881	0.00658	0.04314	-0.00449	-0.99906		599.83511	7.71166	40.57760	1.13682	-0.33743	1.79116	0.40722	0.99949	0.03113	0.00651	-0.03126	0.99932	0.01965	-0.00589	-0.01984	0.99979	
31	0.30000	-0.21959	2.10500	0.43506	0.21639	0.11161	-0.30780	0.45829	0.99998	-0.00536	-0.00197	0.00537	0.99998	0.00377	0.00195	-0.00378	0.99999		-9.05814	61.24921	873.68895	179.64252	2.45889	-2.84238	0.74067	0.99785	0.04985	0.04254	0.04954	-0.99874	0.00836	0.04290	-0.00623	-0.99906		599.80020	7.72527	40.83241	1.05389	-0.39275	1.76797	0.40331	0.99950	0.03072	0.00742	-0.03085	0.99936	0.01817	-0.00685	-0.01839	0.99981	
32	0.31000	-0.22975	2.06510	0.28740	0.10950	0.07014	-0.31427	0.49236	0.99998	-0.00548	-0.00123	0.00549	0.99998	0.00190	0.00122	-0.00191	1.00000		-8.41826	59.66273	873.96144	179.75310	2.41403	-2.85687	0.74684	0.99787	0.05002	0.04185	0.04980	-0.99874	0.00640	0.04212	-0.00431	-0.99910		599.84062	7.74295	40.55554	1.12698	-0.34870	1.78068	0.40711	0.99950	0.03095	0.00669	-0.03107	0.99933	0.01947	-0.00609	-0.01967	0.99979	
33	0.32000	-0.22965	2.05915	0.28640	0.11004	0.06908	-0.31065	0.49516	0.99998	-0.00542	-0.00122	0.00542	0.99998	0.00191	0.00121	-0.00192	1.00000		-8.34432	59.57063	874.00661	179.72758	2.47228	-2.77493	0.74223	0.99790	0.04862	0.04285	0.04837	-0.99881	0.00684	0.04314	-0.00475	-0.99906		599.84388	7.73445	40.54554	1.16971	-0.35051	1.76087	0.40833	0.99951	0.03060	0.00674	-0.03073	0.99932	0.02022	-0.00612	-0.02041	0.99977	
34	0.33000	-0.18258	2.06954	-0.06919	0.22642	-0.05478	-0.30107	0.46152	0.99999	-0.00526	0.00094	0.00525	0.99998	0.00396	-0.00096	-0.00395	0.99999		-6.51124	61.33514	874.25776	179.61778	2.34710	-2.75135	0.74228	0.99801	0.04827	0.04058	0.04796	-0.99881	0.00863	0.04095	-0.00667	-0.99914		599.88630	7.69065	39.58795	1.03164	-0.23763	1.75606	0.40606	0.99952	0.03056	0.00470	-0.03064	0.99937	0.01787	-0.00415	-0.01800	0.99983	
35	0.34000	-0.17973	2.07627	-0.08903	0.22293	-0.06173	-0.30497	0.45638	0.99999	-0.00533	0.00106	0.00532	0.99998	0.00390	-0.00108	-0.00389	0.99999		-6.42653	61.30143	874.26425	179.63347	2.33059	-2.76766	0.73793	0.99801	0.04854	0.04031	0.04825	-0.99880	0.00835	0.04067	-0.00639	-0.99915		599.88178	7.73286	39.54247	1.04892	-0.21520	1.75521	0.41014	0.99952	0.03056	0.00431	-0.03063	0.99937	0.01818	-0.00376	-0.01831	0.99983	
36	0.35000	-0.22473	2.05709	0.25811	0.10867	0.06066	-0.31156	0.49321	0.99998	-0.00544	-0.00107	0.00544	0.99998	0.00189	0.00106	-0.00190	1.00000		-8.24939	59.56214	874.01336	179.74684	2.44750	-2.77705	0.73447	0.99791	0.04864	0.04244	0.04841	-0.99881	0.00648	0.04270	-0.00441	-0.99908		599.84328	7.74091	40.48138	1.15817	-0.34394	1.75734	0.40802	0.99951	0.03054	0.00662	-0.03067	0.99933	0.02002	-0.00600	-0.02021	0.99978	
37	0.36000	-0.16663	2.11752	0.02624	0.33290	-0.03227	-0.29609	0.42770	0.99999	-0.00517	0.00053	0.00517	0.99997	0.00581	-0.00056	-0.00581	0.99998		-6.87593	62.91228	874.04381	179.51570	2.37472	-2.75602	0.74046	0.99799	0.04843	0.04098	0.04804	-0.99879	0.01043	0.04143	-0.00845	-0.99911		599.85396	7.67080	39.71610	0.93491	-0.25910	1.74789	0.40489	0.99952	0.03042	0.00502	-0.03050	0.99940	0.01617	-0.00452	-0.01632	0.99986	
38	0.37000	-0.22512	2.05070	0.25782	0.10755	0.06052	-0.30815	0.49584	0.99998	-0.00538	-0.00107	0.00538	0.99998	0.00187	0.00106	-0.00188	1.00000		-8.23390	59.54392	874.05136	179.75041	2.46620	-2.77658	0.73565	0.99790	0.04863	0.04277	0.04840	-0.99881	0.00644	0.04303	-0.00435	-0.99906		599.83962	7.70114	40.47075	1.16169	-0.34386	1.77388	0.40311	0.99950	0.03083	0.00662	-0.03095	0.99932	0.02008	-0.00600	-0.02027	0.99978	
39	0.38000	-0.21516	2.09724	0.38667	0.22214	0.09551	-0.30205	0.45599	0.99998	-0.00526	-0.00169	0.00527	0.99998	0.00387	0.00167	-0.00388	0.99999		-8.77617	61.23548	873.78800	179.63225	2.50118	-2.76820	0.73755	0.99788	0.04857	0.04328	0.04825	-0.99880	0.00852	0.04364	-0.00641	-0.99903		599.80503	7.67310	40.70799	1.05045	-0.37920	1.75256	0.40928	0.99951	0.03046	0.00717	-0.03058	0.99937	0.01812	-0.00662	-0.01833	0.99981	
40	0.39000	-0.21556	2.09275	0.38425	0.21704	0.09323	-0.30120	0.45976	0.99998	-0.00525	-0.00165	0.00526	0.99998	0.00378	0.00163	-0.00379	0.99999		-8.73752	61.16113	873.79678	179.63161	2.49822	-2.76172	0.73877	0.99789	0.04846	0.04323	0.04814	-0.99880	0.00852	0.04359	-0.00642	-0.99903		599.81159	7.66788	40.68435	1.05053	-0.37268	1.75048	0.40505	0.99951	0.03042	0.00706	-0.03055	0.99937	0.01813	-0.00650	-0.01833	0.99981	
41	0.40000	-0.23158	2.06692	0.27436	0.10371	0.06578	-0.31508	0.49234	0.99998	-0.00550	-0.00116	0.00550	0.99998	0.00180	0.00115	-0.00181	1.00000		-8.32533	59.47377	874.01601	179.75291	2.46025	-2.77809	0.73592	0.99790	0.04865	0.04267	0.04842	-0.99881	0.00639	0.04293	-0.00431	-0.99907		599.84718	7.76073	40.51951	1.16299	-0.35288	1.76615	0.41074	0.99951	0.03069	0.00678	-0.03082	0.99932	0.02010	-0.00616	-0.02030	0.99978	
42	0.41000	-0.22646	2.05863	0.26463	0.11479	0.06428	-0.30996	0.49197	0.99998	-0.00541	-0.00113	0.00541	0.99998	0.00200	0.00112	-0.00200	1.00000		-8.29494	59.63676	874.01960	179.74231	2.46866	-2.76090	0.73557	0.99791	0.04836	0.04281	0.04812	-0.99882	0.00657	0.04307	-0.00449	-0.99906		599.84143	7.70318	40.51539	1.12743	-0.34143	1.78211	0.40717	0.99950	0.03098	0.00657	-0.03110	0.99933	0.01948	-0.00596	-0.01968	0.99979	
43	0.42000	-0.22269	2.06017	0.23288	0.11793	0.05037	-0.30897	0.49386	0.99998	-0.00539	-0.00089	0.00539	0.99998	0.00205	0.00088	-0.00206	1.00000		-8.07651	59.68673	874.06097	179.72501	2.45710	-2.77655	0.74703	0.99791	0.04865	0.04259	0.04840	-0.99880	0.00687	0.04287	-0.00480	-0.99907		599.84745	7.69863	40.39834	1.13707	-0.33165	1.77939	0.40602	0.99950	0.03093	0.00640	-0.03105	0.99932	0.01965	-0.00579	-0.01984	0.99979	
44	0.43000	-0.17951	2.06967	-0.09932	0.22931	-0.06569	-0.29978	0.46092	0.99999	-0.00524	0.00113	0.00523	0.99998	0.00401	-0.00115	-0.00400	0.99999		-6.34236	61.39172	874.29369	179.62473	2.34598	-2.76363	0.74436	0.99800	0.04848	0.04057	0.04818	-0.99880	0.00852	0.04093	-0.00654	-0.99914		599.89363	7.68393	39.51062	1.04247	-0.22082	1.75851	0.40537	0.99952	0.03061	0.00441	-0.03069	0.99937	0.01807	-0.00385	-0.01819	0.99983	
45	0.44000	-0.17815	2.07284	-0.10178	0.23474	-0.06760	-0.30090	0.45885	0.99999	-0.00526	0.00116	0.00525	0.99998	0.00410	-0.00118	-0.00410	0.99999		-6.32165	61.46370	874.28344	179.60278	2.33330	-2.76002	0.74155	0.99801	0.04843	0.04033	0.04811	-0.99880	0.00888	0.04071	-0.00693	-0.99915		599.89918	7.71129	39.48950	1.04990	-0.22841	1.74934	0.40887	0.99953	0.03045	0.00454	-0.03053	0.99937	0.01819	-0.00399	-0.01832	0.99982	
46	0.45000	-0.18294	2.09008	-0.11972	0.23719	-0.07306	-0.30809	0.46237	0.99998	-0.00538	0.00125	0.00538	0.99998	0.00415	-0.00128	-0.00414	0.99999		-6.24206	61.48743	874.29283	179.60718	2.32740	-2.76591	0.73523	0.99801	0.04853	0.04023	0.04822	-0.99880	0.00881	0.04061	-0.00685	-0.99915		599.90163	7.75437	39.44925	1.01597	-0.21246	1.76615	0.40653	0.99952	0.03075	0.00425	-0.03082	0.99937	0.01761	-0.00371	-0.01773	0.99984	
47	0.46000	-0.18361	2.06494	-0.08905	0.22546	-0.06017	-0.29917	0.45494	0.99999	-0.00523	0.00103	0.00522	0.99998	0.00394	-0.00105	-0.00394	0.99999		-6.43876	61.35159	874.25730	179.62706	2.33175	-2.75311	0.73466	0.99802	0.04830	0.04033	0.04799	-0.99881	0.00846	0.04069	-0.00650	-0.99915		599.89237	7.68422	39.55728	1.04059	-0.21811	1.75752	0.40848	0.99952	0.03060	0.00436	-0.03067	0.99937	0.01804	-0.00381	-0.01816	0.99983	
48	0.47000	-0.18590	2.07715	-0.08698	0.22383	-0.05719	-0.30358	0.45451	0.99999	-0.00530	0.00098	0.00530	0.99998	0.00391	-0.00100	-0.00391	0.99999		-6.47826	61.30632	874.27541	179.62006	2.34387	-2.76628	0.74210	0.99800	0.04853	0.04053	0.04822	-0.99880	0.00860	0.04090	-0.00663	-0.99914		599.89611	7.71861	39.57595	1.03916	-0.23235	1.76216	0.40553	0.99952	0.03067	0.00461	-0.03075	0.99936	0.01800	-0.00406	-0.01814	0.99983	
49	0.48000	-0.22804	2.06247	0.26387	0.11656	0.06412	-0.31068	0.48883	0.99998	-0.00542	-0.00113	0.00542	0.99998	0.00203	0.00112	-0.00203	1.00000		-8.28517	59.65845	874.03377	179.72813	2.47622	-2.76523	0.74127	0.99790	0.04845	0.04293	0.04820	-0.99881	0.00682	0.04320	-0.00474	-0.99905		599.85207	7.72988	40.51423	1.14421	-0.34741	1.76559	0.40858	0.99951	0.03068	0.00667	-0.03081	0.99933	0.01977	-0.00606	-0.01997	0.99978	
50	0.49000	-0.22371	2.07134	0.23624	0.11375	0.05173	-0.31530	0.49529	0.99998	-0.00550	-0.00091	0.00550	0.99998	0.00198	0.00090	-0.00199	1.00000		-8.10796	59.62093	874.06339	179.73311	2.46017	-2.78267	0.74180	0.99790	0.04875	0.04265	0.04850	-0.99880	0.00674	0.04292	-0.00465	-0.99907		599.85157	7.76841	40.40978	1.16093	-0.33137	1.77567	0.40629	0.99950	0.03086	0.00641	-0.03099	0.99932	0.02007	-0.00578	-0.02026	0.99978	
51	0.50000	-0.23121	2.05305	0.27282	0.10245	0.06713	-0.30864	0.49188	0.99998	-0.00538	-0.00118	0.00539	0.99998	0.00178	0.00117	-0.00179	1.00000		-8.32859	59.46412	874.03296	179.74657	2.47438	-2.77354	0.73980	0.99790	0.04858	0.04291	0.04834	-0.99881	0.00651	0.04317	-0.00442	-0.99906		599.84670	7.71470	40.54346	1.17257	-0.34468	1.76948	0.40997	0.99951	0.03075	0.00664	-0.03088	0.99932	0.02027	-0.00602	-0.02046	0.99977	
52	0.51000	-0.19020	2.09050	-0.08231	0.22609	-0.05672	-0.30745	0.45878	0.99998	-0.00537	0.00097	0.00537	0.99998	0.00395	-0.00099	-0.00395	0.99999		-6.49045	61.32089	874.26791	179.62027	2.34654	-2.77202	0.74013	0.99799	0.04863	0.04057	0.04832	-0.99879	0.00860	0.04094	-0.00662	-0.99914		599.89964	7.76486	39.57419	1.05813	-0.23531	1.74429	0.40516	0.99953	0.03036	0.00467	-0.03044	0.99937	0.01833	-0.00411	-0.01847	0.99982	
53	0.52000	-0.17886	2.08138	-0.10859	0.23845	-0.06841	-0.30203	0.45709	0.99999	-0.00528	0.00117	0.00527	0.99998	0.00417	-0.00119	-0.00416	0.99999		-6.31610	61.51139	874.29027	179.60498	2.34304	-2.75920	0.74411	0.99801	0.04842	0.04050	0.04810	-0.99880	0.00885	0.04088	-0.00689	-0.99914		599.89000	7.70316	39.48224	1.02813	-0.21474	1.76199	0.40739	0.99952	0.03068	0.00430	-0.03075	0.99937	0.01782	-0.00375	-0.01794	0.99983	
54	0.53000	-0.17726	2.09532	-0.11730	0.23449	-0.07008	-0.30773	0.45519	0.99998	-0.00538	0.00120	0.00537	0.99998	0.00410	-0.00122	-0.00409	0.99999		-6.29675	61.43598	874.30088	179.60361	2.33541	-2.76632	0.73900	0.99801	0.04854	0.04037	0.04822	-0.99880	0.00888	0.04075	-0.00691	-0.99915		599.88902	7.75094	39.47461	1.03385	-0.21869	1.75477	0.40771	0.99952	0.03055	0.00437	-0.03062	0.99937	0.01792	-0.00382	-0.01804	0.99983	
55	0.54000	-0.17799	2.07904	-0.11035	0.22291	-0.06772	-0.30331	0.45244	0.99999	-0.00530	0.00116	0.00529	0.99998	0.00390	-0.00118	-0.00389	0.99999		-6.32294	61.27770	874.30754	179.62454	2.34112	-2.76654	0.73972	0.99800	0.04853	0.04048	0.04823	-0.99880	0.00852	0.04085	-0.00655	-0.99914		599.88740	7.70016	39.49108	1.03451	-0.22055	1.77363	0.40955	0.99951	0.03088	0.00441	-0.03095	0.99936	0.01793	-0.00385	-0.01805	0.99983	
56	0.55000	-0.18257	2.07255	-0.09688	0.23188	-0.06162	-0.30040	0.45405	0.99999	-0.00525	0.00105	0.00524	0.99998	0.00405	-0.00108	-0.00405	0.99999		-6.41501	61.43716	874.27149	179.63286	2.34026	-2.76293	0.73287	0.99800	0.04846	0.04048	0.04816	-0.99880	0.00837	0.04083	-0.00640	-0.99915		599.89446	7.69536	39.53093	1.02732	-0.23270	1.75338	0.40791	0.99952	0.03052	0.00461	-0.03060	0.99937	0.01780	-0.00406	-0.01793	0.99983	
57	0.56000	-0.23100	2.07537	0.26102	0.11554	0.06503	-0.31435	0.48999	0.99998	-0.00548	-0.00115	0.00549	0.99998	0.00201	0.00113	-0.00202	1.00000		-8.29266	59.64676	874.02804	179.73463	2.46769	-2.78843	0.74133	0.99789	0.04885	0.04278	0.04860	-0.99880	0.00672	0.04306	-0.00463	-0.99906		599.84799	7.74999	40.51797	1.14144	-0.34740	1.77139	0.41093	0.99950	0.03078	0.00667	-0.03091	0.99933	0.01972	-0.00606	-0.01992	0.99978	
58	0.57000	-0.18389	2.07755	-0.08772	0.22138	-0.05931	-0.30217	0.45852	0.99999	-0.00528	0.00102	0.00527	0.99998	0.00387	-0.00104	-0.00386	0.99999		-6.44076	61.23498	874.28373	179.61505	2.34648	-2.75638	0.74417	0.99801	0.04836	0.04057	0.04805	-0.99881	0.00868	0.04094	-0.00671	-0.99914		599.88330	7.70051	39.55345	1.04324	-0.21817	1.76437	0.40657	0.99952	0.03071	0.00437	-0.03079	0.99936	0.01808	-0.00381	-0.01821	0.99983	
59	0.58000	-0.18326	2.07296	-0.10221	0.23208	-0.06265	-0.30047	0.46035	0.99999	-0.00525	0.00107	0.00524	0.99998	0.00406	-0.00109	-0.00405	0.99999		-6.38470	61.43991	874.29303	179.62245	2.34487	-2.77529	0.73895	0.99799	0.04869	0.04055	0.04838	-0.99879	0.00856	0.04091	-0.00658	-0.99914		599.89078	7.70863	39.53015	1.04654	-0.22202	1.73423	0.40744	0.99953	0.03019	0.00443	-0.03026	0.99938	0.01814	-0.00388	-0.01826	0.99983	
60	0.59000	-0.22838	2.06028	0.28453	0.10807	0.07422	-0.31025	0.49167	0.99998	-0.00541	-0.00130	0.00541	0.99998	0.00188	0.00130	-0.00189	1.00000		-8.43126	59.53865	874.02446	179.73880	2.48532	-2.77639	0.73766	0.99789	0.04864	0.04309	0.04839	-0.99881	0.00665	0.04336	-0.00455	-0.99905		599.83748	7.71294	40.58974	1.14976	-0.35840	1.77532	0.40794	0.99950	0.03085	0.00687	-0.03098	0.99932	0.01986	-0.00626	-0.02007	0.99978	
61	0.60000	-0.18409	2.08392	-0.09274	0.23243	-0.05897	-0.30367	0.45700	0.99999	-0.00530	0.00101	0.00530	0.99998	0.00406	-0.00103	-0.00406	0.99999		-6.44196	61.41758	874.28834	179.60730	2.35798	-2.76581	0.73672	0.99799	0.04853	0.04076	0.04821	-0.99880	0.00883	0.04114	-0.00685	-0.99913		599.88173	7.72360	39.56313	1.04755	-0.21612	1.75516	0.40967	0.99952	0.03055	0.00433	-0.03063	0.99937	0.01816	-0.00377	-0.01828	0.99983	
62	0.61000	-0.18442	2.09074	-0.10811	0.23766	-0.06504	-0.30610	0.45422	0.99998	-0.00535	0.00111	0.00534	0.99998	0.00415	-0.00114	-0.00415	0.99999		-6.36453	61.50194	874.28162	179.60872	2.33840	-2.77336	0.73876	0.99800	0.04866	0.04042	0.04834	-0.99879	0.00880	0.04080	-0.00682	-0.99914		599.89479	7.74092	39.50561	1.03247	-0.22623	1.75997	0.40672	0.99952	0.03064	0.00450	-0.03071	0.99937	0.01789	-0.00395	-0.01802	0.99983	
63	0.62000	-0.18019	2.08020	-0.13586	0.23251	-0.07688	-0.30235	0.45530	0.99998	-0.00528	0.00132	0.00528	0.99998	0.00406	-0.00134	-0.00406	0.99999		-6.18517	61.43161	874.32792	179.62016	2.33260	-2.76597	0.73756	0.99801	0.04852	0.04033	0.04822	-0.99880	0.00859	0.04070	-0.00662	-0.99915		599.88876	7.71666	39.41436	1.04505	-0.20193	1.74518	0.40736	0.99953	0.03039	0.00408	-0.03045	0.99937	0.01812	-0.00352	-0.01824	0.99983	
64	0.63000	-0.18601	2.07847	-0.11592	0.23312	-0.06920	-0.30009	0.45539	0.99999	-0.00524	0.00119	0.00524	0.99998	0.00407	-0.00121	-0.00407	0.99999		-6.29885	61.44224	874.28971	179.61183	2.33006	-2.76005	0.73941	0.99801	0.04843	0.04028	0.04811	-0.99880	0.00872	0.04066	-0.00677	-0.99915		599.89256	7.68682	39.47917	1.03704	-0.20973	1.74882	0.40518	0.99953	0.03045	0.00421	-0.03052	0.99937	0.01798	-0.00366	-0.01810	0.99983	
65	0.64000	-0.18142	2.08631	-0.11825	0.22482	-0.06744	-0.30741	0.45429	0.99998	-0.00537	0.00116	0.00537	0.99998	0.00393	-0.00118	-0.00392	0.99999		-6.33352	61.30650	874.30627	179.62311	2.33794	-2.76658	0.73724	0.99800	0.04853	0.04043	0.04823	-0.99880	0.00854	0.04079	-0.00657	-0.99915		599.89677	7.76139	39.48780	1.04747	-0.22620	1.73960	0.40346	0.99953	0.03028	0.00450	-0.03036	0.99937	0.01815	-0.00395	-0.01828	0.99983	
66	0.65000	-0.18387	2.07428	-0.10308	0.23235	-0.06253	-0.29883	0.45975	0.99999	-0.00522	0.00107	0.00522	0.99998	0.00406	-0.00109	-0.00406	0.99999		-6.39944	61.44284	874.29562	179.61565	2.35095	-2.76688	0.73380	0.99799	0.04855	0.04065	0.04823	-0.99880	0.00868	0.04102	-0.00670	-0.99914		599.89153	7.66342	39.53423	1.03170	-0.22247	1.76896	0.40555	0.99952	0.03079	0.00444	-0.03087	0.99936	0.01788	-0.00388	-0.01801	0.99983	
67	0.66000	-0.17972	2.07675	-0.11150	0.22783	-0.06652	-0.30124	0.45684	0.99999	-0.00526	0.00114	0.00526	0.99998	0.00398	-0.00116	-0.00398	0.99999		-6.36474	61.38480	874.27163	179.61859	2.32067	-2.76844	0.73170	0.99801	0.04857	0.04012	0.04826	-0.99880	0.00860	0.04049	-0.00665	-0.99916		599.89157	7.68514	39.49599	1.02569	-0.22334	1.77223	0.40387	0.99951	0.03085	0.00445	-0.03093	0.99936	0.01777	-0.00390	-0.01790	0.99983	
68	0.67000	-0.17772	2.07943	-0.13884	0.23341	-0.07724	-0.30208	0.45398	0.99998	-0.00528	0.00133	0.00527	0.99998	0.00408	-0.00135	-0.00407	0.99999		-6.18436	61.44430	874.32034	179.61980	2.33293	-2.75992	0.73930	0.99801	0.04842	0.04034	0.04811	-0.99881	0.00859	0.04071	-0.00663	-0.99915		599.89520	7.71634	39.41599	1.03802	-0.20786	1.74534	0.40471	0.99953	0.03039	0.00418	-0.03046	0.99937	0.01800	-0.00363	-0.01812	0.99983	
69	0.68000	-0.18040	2.08818	-0.11129	0.22432	-0.06705	-0.30606	0.45253	0.99998	-0.00535	0.00115	0.00534	0.99998	0.00392	-0.00117	-0.00392	0.99999		-6.38656	61.40100	874.23891	179.64099	2.27989	-2.84532	0.73675	0.99798	0.04989	0.03942	0.04960	-0.99874	0.00823	0.03978	-0.00626	-0.99919		599.89849	7.74460	39.48270	1.04093	-0.23261	1.74196	0.40540	0.99953	0.03032	0.00461	-0.03040	0.99938	0.01803	-0.00406	-0.01817	0.99983	
70	0.69000	-0.22902	2.06717	0.24667	0.10191	0.06347	-0.31224	0.49128	0.99998	-0.00545	-0.00112	0.00545	0.99998	0.00177	0.00111	-0.00178	1.00000		-8.27896	59.43213	874.05540	179.74077	2.46750	-2.77147	0.73692	0.99790	0.04855	0.04278	0.04831	-0.99881	0.00660	0.04305	-0.00452	-0.99906		599.84662	7.72522	40.50740	1.15225	-0.35021	1.76885	0.41082	0.99950	0.03074	0.00673	-0.03087	0.99933	0.01991	-0.00611	-0.02011	0.99978	
71	0.70000	-0.22808	2.06502	0.25171	0.10335	0.06200	-0.31160	0.48695	0.99998	-0.00544	-0.00109	0.00544	0.99998	0.00180	0.00108	-0.00180	1.00000		-8.24783	59.46683	874.05296	179.74863	2.47185	-2.77452	0.73819	0.99790	0.04859	0.04287	0.04836	-0.99881	0.00647	0.04313	-0.00438	-0.99906		599.85049	7.72744	40.48253	1.16359	-0.35161	1.76472	0.40632	0.99951	0.03066	0.00676	-0.03079	0.99932	0.02011	-0.00614	-0.02031	0.99977	
72	0.71000	-0.18168	2.06981	-0.10170	0.22594	-0.06197	-0.29776	0.45601	0.99999	-0.00520	0.00106	0.00520	0.99998	0.00395	-0.00108	-0.00394	0.99999		-6.39681	61.34075	874.28966	179.61783	2.34294	-2.76603	0.74007	0.99800	0.04853	0.04051	0.04822	-0.99880	0.00864	0.04088	-0.00666	-0.99914		599.89041	7.66613	39.53008	1.04435	-0.23037	1.74999	0.40798	0.99953	0.03046	0.00457	-0.03054	0.99937	0.01810	-0.00402	-0.01823	0.99983	
73	0.72000	-0.21051	2.11428	0.38732	0.21862	0.09752	-0.30695	0.45619	0.99998	-0.00535	-0.00172	0.00536	0.99998	0.00381	0.00170	-0.00382	0.99999		-8.81495	61.16368	873.78348	179.62428	2.50170	-2.77120	0.73856	0.99788	0.04863	0.04328	0.04830	-0.99880	0.00866	0.04365	-0.00655	-0.99903		599.81102	7.71471	40.70605	1.05123	-0.39201	1.75533	0.41018	0.99951	0.03050	0.00740	-0.03063	0.99937	0.01813	-0.00684	-0.01835	0.99981	
74	0.73000	-0.17930	2.08660	-0.09739	0.23803	-0.06184	-0.30377	0.45497	0.99999	-0.00531	0.00106	0.00530	0.99998	0.00416	-0.00108	-0.00415	0.99999		-6.41300	61.48946	874.27645	179.60146	2.34633	-2.76310	0.74144	0.99800	0.04849	0.04056	0.04817	-0.99880	0.00892	0.04094	-0.00695	-0.99914		599.89333	7.73572	39.52238	1.04461	-0.24016	1.73426	0.40734	0.99953	0.03018	0.00474	-0.03026	0.99938	0.01810	-0.00419	-0.01823	0.99983	
75	0.74000	-0.18302	2.09971	-0.12976	0.24546	-0.07428	-0.30727	0.45546	0.99998	-0.00537	0.00127	0.00536	0.99998	0.00429	-0.00130	-0.00428	0.99999		-6.21646	61.61902	874.29692	179.61360	2.33068	-2.77703	0.74058	0.99800	0.04872	0.04029	0.04841	-0.99879	0.00871	0.04067	-0.00674	-0.99915		599.89832	7.74884	39.43202	1.02801	-0.21398	1.76038	0.40782	0.99952	0.03065	0.00428	-0.03072	0.99937	0.01782	-0.00373	-0.01794	0.99983	
76	0.75000	-0.18407	2.09301	-0.10596	0.23269	-0.06423	-0.30712	0.45409	0.99998	-0.00536	0.00110	0.00536	0.99998	0.00407	-0.00112	-0.00406	0.99999		-6.37749	61.41804	874.28710	179.61404	2.34269	-2.76888	0.74376	0.99800	0.04858	0.04050	0.04827	-0.99880	0.00870	0.04088	-0.00673	-0.99914		599.89539	7.74983	39.50990	1.03739	-0.22623	1.75222	0.40398	0.99952	0.03050	0.00450	-0.03058	0.99937	0.01798	-0.00395	-0.01810	0.99983	
77	0.76000	-0.23159	2.07749	0.24825	0.10392	0.06248	-0.31737	0.49138	0.99998	-0.00554	-0.00110	0.00554	0.99998	0.00181	0.00109	-0.00181	1.00000		-8.26624	59.45914	874.06373	179.74884	2.47488	-2.78224	0.74147	0.99789	0.04873	0.04292	0.04849	-0.99880	0.00647	0.04318	-0.00438	-0.99906		599.84649	7.76096	40.49402	1.14031	-0.35342	1.77671	0.41000	0.99950	0.03088	0.00678	-0.03100	0.99933	0.01970	-0.00617	-0.01990	0.99978	
78	0.77000	-0.22668	2.05954	0.24614	0.10471	0.06219	-0.31153	0.49103	0.99998	-0.00543	-0.00109	0.00544	0.99998	0.00182	0.00109	-0.00183	1.00000		-8.26437	59.48729	874.05203	179.74881	2.46569	-2.77544	0.74087	0.99790	0.04861	0.04276	0.04838	-0.99881	0.00646	0.04302	-0.00438	-0.99906		599.84436	7.73621	40.50056	1.16690	-0.34557	1.75877	0.40561	0.99951	0.03056	0.00665	-0.03069	0.99933	0.02017	-0.00603	-0.02036	0.99977	
79	0.78000	-0.18292	2.08801	-0.11434	0.23311	-0.06758	-0.30524	0.45746	0.99998	-0.00533	0.00116	0.00533	0.99998	0.00407	-0.00118	-0.00407	0.99999		-6.34129	61.45064	874.27883	179.62216	2.33153	-2.77547	0.73482	0.99800	0.04869	0.04031	0.04838	-0.99879	0.00856	0.04068	-0.00659	-0.99915		599.89117	7.72591	39.48309	1.04399	-0.22266	1.75713	0.40737	0.99952	0.03059	0.00444	-0.03066	0.99937	0.01809	-0.00389	-0.01822	0.99983	
80	0.79000	-0.21805	2.10326	0.38966	0.21780	0.10087	-0.30268	0.45365	0.99998	-0.00528	-0.00178	0.00528	0.99998	0.00379	0.00176	-0.00380	0.99999		-8.86800	61.16013	873.77716	179.62613	2.50026	-2.76420	0.73785	0.99789	0.04851	0.04326	0.04818	-0.99880	0.00862	0.04362	-0.00652	-0.99903		599.80518	7.66150	40.74237	1.04037	-0.38809	1.75661	0.40669	0.99951	0.03053	0.00733	-0.03065	0.99937	0.01794	-0.00677	-0.01816	0.99981	
81	0.80000	-0.22116	2.07137	0.22771	0.11539	0.05260	-0.31252	0.49159	0.99998	-0.00545	-0.00093	0.00545	0.99998	0.00201	0.00092	-0.00201	1.00000		-8.12705	59.63369	874.07251	179.72818	2.46257	-2.76748	0.73947	0.99791	0.04849	0.04269	0.04824	-0.99881	0.00681	0.04297	-0.00474	-0.99907		599.84842	7.73675	40.41055	1.15211	-0.34462	1.75710	0.40899	0.99951	0.03054	0.00663	-0.03066	0.99933	0.01991	-0.00601	-0.02011	0.99978	
82	0.81000	-0.22072	2.12047	0.39808	0.21491	0.10388	-0.30887	0.45817	0.99998	-0.00538	-0.00183	0.00539	0.99998	0.00374	0.00181	-0.00375	0.99999		-8.91214	61.10340	873.78097	179.63544	2.51441	-2.76790	0.73729	0.99787	0.04857	0.04351	0.04824	-0.99880	0.00847	0.04387	-0.00636	-0.99902		599.80989	7.69872	40.76642	1.03195	-0.39877	1.77235	0.40768	0.99950	0.03080	0.00751	-0.03093	0.99936	0.01779	-0.00696	-0.01801	0.99981	
83	0.82000	-0.22815	2.07101	0.24952	0.10783	0.06389	-0.31337	0.48823	0.99998	-0.00547	-0.00112	0.00547	0.99998	0.00188	0.00112	-0.00188	1.00000		-8.28662	59.52949	874.04066	179.73831	2.46678	-2.77967	0.74658	0.99790	0.04869	0.04277	0.04845	-0.99880	0.00665	0.04304	-0.00456	-0.99906		599.84283	7.74997	40.50744	1.16479	-0.35111	1.75532	0.40562	0.99951	0.03050	0.00675	-0.03063	0.99933	0.02013	-0.00613	-0.02033	0.99977	
84	0.83000	-0.18481	2.08113	-0.09072	0.22033	-0.05874	-0.30373	0.45672	0.99999	-0.00530	0.00101	0.00530	0.99998	0.00385	-0.00103	-0.00385	0.99999		-6.47285	61.25553	874.26918	179.63239	2.33706	-2.75749	0.73197	0.99801	0.04837	0.04042	0.04807	-0.99881	0.00837	0.04078	-0.00641	-0.99915		599.88849	7.70303	39.55544	1.04221	-0.23697	1.75750	0.40936	0.99952	0.03059	0.00469	-0.03067	0.99937	0.01805	-0.00414	-0.01819	0.99983	
85	0.84000	-0.23755	2.08117	0.29065	0.10473	0.07660	-0.31808	0.49270	0.99998	-0.00555	-0.00135	0.00555	0.99998	0.00182	0.00134	-0.00183	1.00000		-8.47508	59.46694	874.00627	179.74266	2.48025	-2.77790	0.74276	0.99789	0.04866	0.04301	0.04842	-0.99881	0.00658	0.04327	-0.00449	-0.99905		599.84611	7.76603	40.60164	1.14029	-0.36213	1.77154	0.40223	0.99950	0.03078	0.00693	-0.03091	0.99933	0.01970	-0.00632	-0.01990	0.99978	
86	0.85000	-0.23486	2.07306	0.26330	0.11248	0.06708	-0.31588	0.48946	0.99998	-0.00551	-0.00118	0.00551	0.99998	0.00196	0.00117	-0.00196	1.00000		-8.32784	59.59783	874.02023	179.73636	2.46616	-2.77582	0.74193	0.99790	0.04863	0.04276	0.04838	-0.99881	0.00668	0.04303	-0.00460	-0.99906		599.85161	7.76113	40.52441	1.15419	-0.36021	1.77662	0.40367	0.99950	0.03087	0.00691	-0.03100	0.99932	0.01994	-0.00629	-0.02014	0.99978	
87	0.86000	-0.18580	2.09036	-0.12066	0.24097	-0.06781	-0.30480	0.45388	0.99998	-0.00532	0.00116	0.00532	0.99998	0.00421	-0.00118	-0.00421	0.99999		-6.36117	61.65071	874.24338	179.62984	2.28799	-2.84210	0.74211	0.99797	0.04984	0.03955	0.04954	-0.99874	0.00843	0.03992	-0.00646	-0.99918		599.89886	7.71761	39.48912	1.00925	-0.21956	1.76309	0.40847	0.99952	0.03069	0.00437	-0.03077	0.99937	0.01749	-0.00383	-0.01761	0.99984	
88	0.87000	-0.18161	2.07320	-0.11277	0.22292	-0.06483	-0.30181	0.45400	0.99999	-0.00527	0.00111	0.00527	0.99998	0.00390	-0.00113	-0.00389	0.99999		-6.36048	61.30978	874.30437	179.62733	2.34458	-2.77729	0.73800	0.99799	0.04872	0.04055	0.04841	-0.99879	0.00848	0.04091	-0.00650	-0.99914		599.89071	7.69538	39.51308	1.02550	-0.22320	1.75615	0.40614	0.99952	0.03057	0.00444	-0.03065	0.99937	0.01777	-0.00390	-0.01790	0.99983	
89	0.88000	-0.22928	2.07888	0.23912	0.10947	0.05744	-0.31663	0.49141	0.99998	-0.00552	-0.00101	0.00553	0.99998	0.00190	0.00100	-0.00191	1.00000		-8.19115	59.53894	874.07005	179.74063	2.46941	-2.77434	0.74150	0.99790	0.04860	0.04282	0.04836	-0.99881	0.00661	0.04309	-0.00452	-0.99906		599.85159	7.75298	40.44717	1.13160	-0.34502	1.79112	0.40564	0.99949	0.03113	0.00663	-0.03126	0.99932	0.01955	-0.00602	-0.01975	0.99979	
90	0.89000	-0.22642	2.05960	0.23142	0.09528	0.05660	-0.31177	0.49037	0.99998	-0.00544	-0.00100	0.00544	0.99998	0.00166	0.00099	-0.00166	1.00000		-8.17523	59.35019	874.08138	179.75890	2.46507	-2.77343	0.73700	0.99790	0.04857	0.04276	0.04834	-0.99881	0.00628	0.04301	-0.00420	-0.99907		599.84716	7.73679	40.45023	1.16849	-0.33555	1.75403	0.40570	0.99951	0.03048	0.00648	-0.03061	0.99933	0.02020	-0.00586	-0.02039	0.99977	
91	0.90000	-0.23061	2.05611	0.25945	0.09917	0.06898	-0.30978	0.48942	0.99998	-0.00540	-0.00121	0.00541	0.99998	0.00172	0.00120	-0.00173	1.00000		-8.35678	59.40901	874.04840	179.75183	2.47697	-2.77361	0.73941	0.99790	0.04858	0.04296	0.04834	-0.99881	0.00642	0.04322	-0.00433	-0.99906		599.84431	7.69489	40.55163	1.13679	-0.34732	1.78184	0.41065	0.99950	0.03097	0.00667	-0.03109	0.99932	0.01964	-0.00606	-0.01984	0.99978	
92	0.91000	-0.22799	2.05703	0.24673	0.09725	0.06307	-0.30971	0.48882	0.99998	-0.00540	-0.00111	0.00541	0.99998	0.00169	0.00110	-0.00170	1.00000		-8.27381	59.37499	874.06828	179.76082	2.47576	-2.77098	0.74146	0.99790	0.04852	0.04294	0.04830	-0.99881	0.00626	0.04320	-0.00417	-0.99906		599.85454	7.72591	40.49936	1.17755	-0.35171	1.75485	0.40650	0.99951	0.03049	0.00676	-0.03062	0.99932	0.02035	-0.00614	-0.02055	0.99977	
93	0.92000	-0.18445	2.08897	-0.10449	0.22077	-0.06061	-0.30780	0.45900	0.99998	-0.00538	0.00104	0.00537	0.99998	0.00386	-0.00106	-0.00385	0.99999		-6.45252	61.25226	874.28405	179.64288	2.33774	-2.77096	0.73426	0.99800	0.04860	0.04044	0.04830	-0.99880	0.00820	0.04079	-0.00623	-0.99915		599.89740	7.75338	39.54251	1.04875	-0.22786	1.75713	0.40665	0.99952	0.03059	0.00454	-0.03066	0.99936	0.01817	-0.00398	-0.01830	0.99982	
94	0.93000	-0.18351	2.07596	-0.11431	0.21925	-0.06377	-0.29992	0.45278	0.99999	-0.00524	0.00109	0.00523	0.99998	0.00383	-0.00111	-0.00383	0.99999		-6.38617	61.22559	874.30636	179.62224	2.33431	-2.76216	0.73562	0.99801	0.04846	0.04036	0.04815	-0.99880	0.00855	0.04073	-0.00659	-0.99915		599.90084	7.67862	39.52252	1.03970	-0.22372	1.76016	0.40715	0.99952	0.03064	0.00446	-0.03072	0.99937	0.01802	-0.00390	-0.01815	0.99983	
