1	0.00000	-0.16420	2.02630	0.83865	-0.25163	0.16553	-0.32144	0.50558	0.99998	-0.00562	-0.00286	0.00561	0.99997	-0.00441	0.00289	0.00439	0.99999		-9.90953	53.97070	874.01655	-179.87283	2.55998	-2.50757	0.60635	0.99805	0.04365	0.04472	0.04371	-0.99904	-0.00026	0.04467	0.00222	-0.99900		599.96136	7.47696	40.91471	1.36344	-0.72176	1.84080	0.36928	0.99940	0.03181	0.01335	-0.03212	0.99921	0.02338	-0.01260	-0.02379	0.99964	
2	0.01000	-0.16473	2.02578	0.84441	-0.26125	0.16699	-0.32119	0.50503	0.99998	-0.00562	-0.00289	0.00561	0.99997	-0.00458	0.00291	0.00456	0.99998		-9.89386	53.77157	874.06507	-179.87794	2.60219	-2.50139	0.60918	0.99802	0.04355	0.04545	0.04360	-0.99905	-0.00015	0.04540	0.00213	-0.99897		599.96028	7.46365	40.92840	1.36471	-0.72857	1.84061	0.36716	0.99940	0.03181	0.01347	-0.03212	0.99921	0.02340	-0.01272	-0.02381	0.99964	
3	0.02000	-0.16851	2.02334	0.84434	-0.26211	0.16915	-0.32108	0.50483	0.99998	-0.00562	-0.00293	0.00560	0.99997	-0.00459	0.00295	0.00457	0.99998		-9.96503	53.79458	874.02697	-179.85420	2.56856	-2.50777	0.60554	0.99804	0.04364	0.04488	0.04371	-0.99904	-0.00058	0.04481	0.00254	-0.99899		599.95109	7.45897	40.95698	1.35212	-0.71498	1.84324	0.36833	0.99940	0.03186	0.01323	-0.03216	0.99921	0.02318	-0.01248	-0.02359	0.99964	
4	0.03000	-0.12218	2.08775	0.23090	-0.10532	-0.05066	-0.34239	0.71898	0.99998	-0.00597	0.00090	0.00598	0.99998	-0.00183	-0.00088	0.00184	1.00000		-6.51502	56.31544	874.53428	-179.97243	2.41227	-2.76931	0.71266	0.99795	0.04829	0.04206	0.04827	-0.99883	0.00155	0.04209	0.00048	-0.99911		599.99367	7.87329	39.42653	1.35792	-0.16782	1.80185	0.37640	0.99950	0.03136	0.00367	-0.03144	0.99923	0.02359	-0.00293	-0.02370	0.99971	
5	0.04000	-0.23142	2.03295	1.06552	-0.38848	0.24431	-0.35353	0.82723	0.99997	-0.00620	-0.00422	0.00617	0.99996	-0.00681	0.00426	0.00678	0.99997		-10.93012	52.11731	873.89671	-179.66396	2.66727	-2.84514	0.72284	0.99769	0.04936	0.04677	0.04958	-0.99876	-0.00355	0.04654	0.00586	-0.99890		599.89473	7.84681	41.69632	1.63092	-0.45898	1.83102	0.37201	0.99946	0.03171	0.00891	-0.03195	0.99909	0.02819	-0.00801	-0.02846	0.99956	
6	0.05000	0.03266	2.59890	0.41568	0.52814	-0.83144	-0.54209	0.69934	0.99985	-0.00959	0.01442	0.00946	0.99991	0.00935	-0.01451	-0.00922	0.99985		4.66199	65.35292	873.90212	179.43285	1.58418	-2.81016	0.64131	0.99842	0.04930	0.02713	0.04901	-0.99874	0.01124	0.02765	-0.00989	-0.99957		600.25662	9.72034	31.61910	0.45441	0.67081	2.24166	0.36418	0.99917	0.03921	-0.01139	-0.03911	0.99920	0.00838	0.01171	-0.00793	0.99990	
7	0.06000	-0.23067	2.10568	0.24804	0.19283	-0.03245	-0.33074	0.58477	0.99998	-0.00577	0.00055	0.00577	0.99998	0.00337	-0.00057	-0.00337	0.99999		-6.79774	60.87295	874.03909	179.65707	2.38771	-2.79058	0.74223	0.99795	0.04893	0.04132	0.04864	-0.99878	0.00801	0.04166	-0.00598	-0.99911		599.94385	7.77422	39.79672	0.93038	-0.21887	2.04274	0.44085	0.99936	0.03558	0.00440	-0.03564	0.99923	0.01609	-0.00382	-0.01624	0.99986	
8	0.07000	-0.23523	2.08444	0.24590	0.18841	-0.01697	-0.32156	0.57153	0.99998	-0.00561	0.00028	0.00561	0.99998	0.00329	-0.00030	-0.00329	0.99999		-7.06263	60.91851	873.97501	179.66632	2.34733	-2.84868	0.75052	0.99793	0.04994	0.04062	0.04966	-0.99874	0.00785	0.04096	-0.00582	-0.99914		599.92267	7.82356	39.79684	1.00688	-0.25013	1.85313	0.40725	0.99947	0.03226	0.00493	-0.03234	0.99933	0.01742	-0.00437	-0.01757	0.99984	
9	0.08000	-0.23270	2.08841	0.20835	0.20284	-0.02481	-0.32109	0.56158	0.99998	-0.00561	0.00041	0.00560	0.99998	0.00354	-0.00043	-0.00354	0.99999		-6.90106	61.05857	874.04177	179.64734	2.38733	-2.78123	0.74482	0.99796	0.04878	0.04131	0.04848	-0.99879	0.00817	0.04165	-0.00615	-0.99911		600.10574	7.96640	39.65561	1.18537	-0.43703	1.80618	0.41216	0.99947	0.03135	0.00827	-0.03152	0.99929	0.02044	-0.00763	-0.02069	0.99976	
10	0.09000	-0.24368	2.08910	0.53435	0.20653	0.11424	-0.30425	0.47915	0.99998	-0.00530	-0.00201	0.00531	0.99998	0.00359	0.00199	-0.00360	0.99999		-8.98899	61.10999	873.68743	179.64714	2.52694	-2.77061	0.75124	0.99786	0.04861	0.04374	0.04829	-0.99880	0.00828	0.04409	-0.00615	-0.99901		600.02863	7.81397	40.76126	1.20706	-0.59027	1.77173	0.41874	0.99947	0.03069	0.01095	-0.03092	0.99931	0.02074	-0.01030	-0.02106	0.99973	
11	0.10000	-0.24851	2.09339	0.51412	0.20809	0.11581	-0.30499	0.47539	0.99998	-0.00532	-0.00204	0.00532	0.99998	0.00362	0.00202	-0.00363	0.99999		-9.00927	61.12992	873.70963	179.64334	2.53734	-2.77044	0.74954	0.99785	0.04861	0.04392	0.04829	-0.99880	0.00836	0.04427	-0.00622	-0.99900		599.84573	7.68947	40.87058	1.03977	-0.39074	1.79582	0.40533	0.99949	0.03121	0.00738	-0.03134	0.99935	0.01792	-0.00682	-0.01815	0.99981	
12	0.11000	-0.26419	2.04210	0.37547	0.09119	0.08295	-0.31340	0.51386	0.99998	-0.00547	-0.00146	0.00547	0.99998	0.00158	0.00145	-0.00159	1.00000		-8.49223	59.42014	873.98287	179.76942	2.50965	-2.79059	0.74889	0.99786	0.04886	0.04354	0.04864	-0.99880	0.00615	0.04379	-0.00402	-0.99903		600.06755	7.87826	40.58994	1.31952	-0.55718	1.77651	0.42141	0.99947	0.03077	0.01043	-0.03100	0.99926	0.02272	-0.00972	-0.02303	0.99969	
13	0.12000	-0.27619	2.04156	0.37451	0.08383	0.08711	-0.31573	0.50789	0.99998	-0.00551	-0.00153	0.00551	0.99998	0.00145	0.00152	-0.00146	1.00000		-8.54479	59.28281	873.98435	179.77199	2.51649	-2.77314	0.75110	0.99787	0.04856	0.04366	0.04833	-0.99881	0.00610	0.04391	-0.00398	-0.99903		600.07282	7.89458	40.62927	1.32816	-0.56471	1.78531	0.42341	0.99947	0.03092	0.01057	-0.03115	0.99925	0.02286	-0.00986	-0.02318	0.99968	
14	0.13000	-0.25876	2.09533	0.49813	0.19977	0.11760	-0.30955	0.46840	0.99998	-0.00540	-0.00207	0.00540	0.99998	0.00347	0.00205	-0.00349	0.99999		-9.03345	61.00589	873.72889	179.66216	2.54352	-2.76860	0.75484	0.99785	0.04856	0.04404	0.04825	-0.99880	0.00803	0.04438	-0.00589	-0.99900		599.85077	7.73184	40.87764	1.05655	-0.41647	1.79648	0.40845	0.99948	0.03121	0.00784	-0.03135	0.99934	0.01820	-0.00727	-0.01844	0.99980	
15	0.14000	-0.27114	2.04739	0.32120	0.09219	0.07367	-0.31476	0.50479	0.99998	-0.00549	-0.00129	0.00549	0.99998	0.00160	0.00129	-0.00161	1.00000		-8.35265	59.41389	874.02092	179.76268	2.49696	-2.77934	0.75118	0.99788	0.04867	0.04331	0.04844	-0.99881	0.00625	0.04357	-0.00414	-0.99904		599.87994	7.76208	40.60163	1.15959	-0.36212	1.79774	0.40948	0.99949	0.03124	0.00695	-0.03137	0.99931	0.02003	-0.00632	-0.02024	0.99978	
16	0.15000	-0.27416	2.04667	0.35030	0.08949	0.08429	-0.31614	0.50375	0.99998	-0.00551	-0.00148	0.00552	0.99998	0.00155	0.00147	-0.00156	1.00000		-8.52027	59.36585	873.99019	179.76767	2.50723	-2.77625	0.75190	0.99787	0.04861	0.04350	0.04839	-0.99881	0.00617	0.04375	-0.00405	-0.99903		599.87596	7.77596	40.67668	1.17105	-0.37095	1.78832	0.41117	0.99949	0.03107	0.00711	-0.03121	0.99931	0.02023	-0.00647	-0.02044	0.99977	
17	0.16000	-0.27804	2.04661	0.34634	0.09182	0.08297	-0.31529	0.50221	0.99998	-0.00550	-0.00146	0.00550	0.99998	0.00159	0.00145	-0.00160	1.00000		-8.50093	59.40149	873.98837	179.76219	2.50523	-2.77937	0.75098	0.99787	0.04867	0.04346	0.04844	-0.99881	0.00627	0.04371	-0.00415	-0.99904		599.88268	7.76277	40.65922	1.15194	-0.37524	1.78803	0.41227	0.99949	0.03106	0.00717	-0.03120	0.99932	0.01989	-0.00655	-0.02010	0.99978	
18	0.17000	-0.27889	2.05304	0.34884	0.08866	0.08572	-0.31801	0.49947	0.99998	-0.00555	-0.00150	0.00555	0.99998	0.00154	0.00150	-0.00155	1.00000		-8.54485	59.34541	873.99707	179.75810	2.51454	-2.78364	0.75321	0.99786	0.04875	0.04362	0.04852	-0.99880	0.00635	0.04387	-0.00422	-0.99903		599.88021	7.79644	40.68855	1.17827	-0.37038	1.77974	0.40812	0.99950	0.03092	0.00710	-0.03106	0.99931	0.02035	-0.00646	-0.02056	0.99977	
19	0.18000	-0.27295	2.04322	0.33981	0.08725	0.08330	-0.31510	0.50286	0.99998	-0.00550	-0.00146	0.00550	0.99998	0.00151	0.00145	-0.00152	1.00000		-8.51481	59.33974	874.00461	179.77060	2.50834	-2.78804	0.74676	0.99786	0.04882	0.04352	0.04859	-0.99880	0.00613	0.04376	-0.00400	-0.99903		599.87456	7.75420	40.66564	1.16513	-0.37098	1.79876	0.41031	0.99949	0.03125	0.00711	-0.03139	0.99930	0.02012	-0.00647	-0.02033	0.99977	
20	0.19000	-0.27200	2.05300	0.30113	0.08459	0.07117	-0.31712	0.50385	0.99998	-0.00553	-0.00125	0.00553	0.99998	0.00147	0.00124	-0.00148	1.00000		-8.32587	59.28097	874.04855	179.76686	2.49332	-2.78339	0.75039	0.99787	0.04874	0.04325	0.04851	-0.99880	0.00618	0.04350	-0.00407	-0.99905		600.07215	7.90977	40.49590	1.33672	-0.55884	1.74606	0.42534	0.99949	0.03023	0.01046	-0.03047	0.99927	0.02302	-0.00975	-0.02333	0.99968	
21	0.20000	-0.27537	2.05238	0.31853	0.09150	0.07670	-0.31699	0.50180	0.99998	-0.00553	-0.00135	0.00553	0.99998	0.00159	0.00134	-0.00160	1.00000		-8.40180	59.37902	874.02712	179.76540	2.50528	-2.78048	0.74971	0.99787	0.04869	0.04346	0.04846	-0.99881	0.00621	0.04371	-0.00409	-0.99904		599.88323	7.76749	40.60413	1.15272	-0.37379	1.79584	0.40635	0.99949	0.03120	0.00715	-0.03134	0.99931	0.01990	-0.00652	-0.02012	0.99978	
22	0.21000	-0.27811	2.05867	0.31421	0.09915	0.07504	-0.31789	0.50569	0.99998	-0.00555	-0.00132	0.00555	0.99998	0.00172	0.00131	-0.00173	1.00000		-8.43477	59.62982	873.92774	179.78873	2.41927	-2.86563	0.74492	0.99786	0.05015	0.04197	0.04995	-0.99873	0.00579	0.04221	-0.00368	-0.99910		600.07259	7.91025	40.52177	1.31780	-0.55767	1.76396	0.42286	0.99948	0.03055	0.01043	-0.03078	0.99927	0.02269	-0.00973	-0.02300	0.99969	
23	0.22000	-0.25939	2.10193	0.43059	0.22258	0.10663	-0.30810	0.46270	0.99998	-0.00537	-0.00188	0.00538	0.99998	0.00387	0.00186	-0.00388	0.99999		-8.87328	61.35699	873.75056	179.64355	2.52129	-2.77628	0.74549	0.99786	0.04871	0.04364	0.04839	-0.99879	0.00834	0.04399	-0.00622	-0.99901		599.84202	7.74586	40.80280	1.05457	-0.39906	1.75896	0.41201	0.99950	0.03056	0.00753	-0.03069	0.99936	0.01818	-0.00696	-0.01840	0.99981	
24	0.23000	-0.27414	2.04927	0.32783	0.10199	0.08087	-0.31206	0.50139	0.99998	-0.00544	-0.00142	0.00545	0.99998	0.00177	0.00141	-0.00178	1.00000		-8.45974	59.55138	873.98988	179.74504	2.49702	-2.78094	0.74769	0.99787	0.04871	0.04330	0.04847	-0.99880	0.00656	0.04357	-0.00445	-0.99904		600.06557	7.86184	40.55694	1.31409	-0.57045	1.75409	0.42787	0.99948	0.03037	0.01065	-0.03061	0.99928	0.02262	-0.00996	-0.02293	0.99969	
25	0.24000	-0.27526	2.05492	0.32620	0.09522	0.08174	-0.31595	0.50056	0.99998	-0.00551	-0.00144	0.00551	0.99998	0.00165	0.00143	-0.00166	1.00000		-8.47620	59.43013	873.99351	179.74689	2.49841	-2.77897	0.75248	0.99787	0.04867	0.04333	0.04844	-0.99880	0.00653	0.04359	-0.00441	-0.99904		599.88410	7.77541	40.64579	1.17703	-0.37719	1.77059	0.41136	0.99950	0.03076	0.00721	-0.03090	0.99932	0.02033	-0.00658	-0.02054	0.99977	
26	0.25000	-0.26984	2.05957	0.30448	0.10299	0.07376	-0.31516	0.49715	0.99998	-0.00550	-0.00130	0.00550	0.99998	0.00179	0.00129	-0.00180	1.00000		-8.35186	59.55544	874.01961	179.75076	2.49895	-2.77764	0.74998	0.99788	0.04865	0.04334	0.04841	-0.99881	0.00646	0.04360	-0.00435	-0.99904		599.87966	7.75599	40.58072	1.14355	-0.37532	1.77762	0.41227	0.99950	0.03088	0.00717	-0.03102	0.99932	0.01974	-0.00655	-0.01996	0.99978	
27	0.26000	-0.23184	2.06070	-0.06018	0.21197	-0.05480	-0.30232	0.46491	0.99999	-0.00528	0.00094	0.00528	0.99998	0.00370	-0.00096	-0.00370	0.99999		-6.43566	61.23784	874.27010	179.64970	2.36156	-2.77061	0.74873	0.99798	0.04859	0.04086	0.04830	-0.99880	0.00810	0.04121	-0.00611	-0.99913		599.93631	7.69701	39.58759	1.05486	-0.24706	1.77040	0.40777	0.99951	0.03081	0.00488	-0.03089	0.99936	0.01827	-0.00431	-0.01841	0.99982	
28	0.27000	-0.25829	2.08892	0.43646	0.21128	0.10916	-0.30351	0.46095	0.99998	-0.00529	-0.00192	0.00530	0.99998	0.00368	0.00191	-0.00369	0.99999		-8.90038	61.19265	873.77565	179.63976	2.54451	-2.77170	0.74961	0.99785	0.04863	0.04404	0.04831	-0.99880	0.00843	0.04440	-0.00628	-0.99899		599.84039	7.65798	40.81801	1.02709	-0.40158	1.79325	0.40834	0.99949	0.03116	0.00757	-0.03129	0.99935	0.01770	-0.00701	-0.01792	0.99981	
29	0.28000	-0.27473	2.05507	0.31559	0.10690	0.07950	-0.31348	0.49647	0.99998	-0.00547	-0.00140	0.00547	0.99998	0.00186	0.00139	-0.00187	1.00000		-8.50840	59.76391	873.91345	179.77829	2.42964	-2.87146	0.74541	0.99785	0.05026	0.04215	0.05005	-0.99873	0.00599	0.04239	-0.00387	-0.99909		599.87965	7.73210	40.63143	1.12983	-0.36801	1.78887	0.41121	0.99949	0.03108	0.00703	-0.03122	0.99932	0.01951	-0.00642	-0.01972	0.99978	
30	0.29000	-0.25690	2.08898	0.41834	0.21546	0.10122	-0.30195	0.46092	0.99998	-0.00526	-0.00179	0.00527	0.99998	0.00375	0.00177	-0.00376	0.99999		-8.79314	61.26853	873.77422	179.64328	2.52545	-2.77662	0.74629	0.99786	0.04872	0.04371	0.04840	-0.99879	0.00835	0.04406	-0.00622	-0.99901		599.84018	7.66033	40.75060	1.03008	-0.39401	1.77562	0.40942	0.99950	0.03086	0.00743	-0.03098	0.99936	0.01776	-0.00688	-0.01798	0.99981	
31	0.30000	-0.27351	2.05188	0.29265	0.10712	0.07041	-0.31080	0.49314	0.99998	-0.00542	-0.00124	0.00542	0.99998	0.00186	0.00123	-0.00187	1.00000		-8.31641	59.65160	874.02338	179.75078	2.49507	-2.78310	0.74875	0.99787	0.04874	0.04327	0.04851	-0.99880	0.00646	0.04353	-0.00435	-0.99904		599.87669	7.72569	40.55672	1.14897	-0.36408	1.76825	0.41286	0.99950	0.03072	0.00697	-0.03086	0.99933	0.01985	-0.00635	-0.02005	0.99978	
32	0.31000	-0.27979	2.05116	0.32888	0.08848	0.08642	-0.31483	0.49808	0.99998	-0.00549	-0.00152	0.00549	0.99998	0.00154	0.00151	-0.00154	1.00000		-8.55631	59.36075	873.99603	179.77330	2.50653	-2.78551	0.75235	0.99786	0.04877	0.04349	0.04855	-0.99880	0.00608	0.04373	-0.00395	-0.99904		599.86927	7.75805	40.69317	1.16736	-0.37164	1.77691	0.41329	0.99950	0.03087	0.00711	-0.03101	0.99932	0.02016	-0.00649	-0.02037	0.99977	
33	0.32000	-0.27946	2.07401	0.30260	0.10591	0.07461	-0.32024	0.49529	0.99998	-0.00559	-0.00131	0.00559	0.99998	0.00184	0.00130	-0.00185	1.00000		-8.38916	59.61637	874.01503	179.76076	2.50253	-2.79752	0.74340	0.99786	0.04899	0.04341	0.04876	-0.99879	0.00630	0.04366	-0.00417	-0.99904		599.87647	7.79872	40.58421	1.14379	-0.37517	1.78649	0.41060	0.99949	0.03104	0.00717	-0.03117	0.99932	0.01975	-0.00655	-0.01996	0.99978	
34	0.33000	-0.27729	2.05139	0.30318	0.09487	0.07514	-0.31226	0.49383	0.99998	-0.00545	-0.00132	0.00545	0.99998	0.00165	0.00131	-0.00166	1.00000		-8.38021	59.45337	874.03523	179.75989	2.51088	-2.77475	0.74495	0.99787	0.04859	0.04355	0.04836	-0.99881	0.00631	0.04381	-0.00419	-0.99903		600.06606	7.85437	40.52022	1.32678	-0.56010	1.75090	0.42286	0.99949	0.03032	0.01048	-0.03055	0.99927	0.02285	-0.00978	-0.02315	0.99968	
35	0.34000	-0.27461	2.05136	0.28117	0.08003	0.06698	-0.31514	0.49839	0.99998	-0.00550	-0.00118	0.00550	0.99998	0.00139	0.00117	-0.00140	1.00000		-8.26420	59.24884	874.06602	179.78178	2.49209	-2.79077	0.74768	0.99787	0.04885	0.04324	0.04864	-0.99880	0.00592	0.04348	-0.00381	-0.99905		600.07680	7.88706	40.45130	1.34728	-0.56109	1.75166	0.42720	0.99948	0.03033	0.01050	-0.03057	0.99926	0.02320	-0.00979	-0.02351	0.99968	
36	0.35000	-0.23100	2.05250	-0.06165	0.19690	-0.05441	-0.30105	0.46274	0.99999	-0.00526	0.00093	0.00525	0.99998	0.00344	-0.00095	-0.00344	0.99999		-6.44444	61.03266	874.30553	179.66812	2.37888	-2.77130	0.75353	0.99797	0.04859	0.04118	0.04831	-0.99880	0.00779	0.04151	-0.00579	-0.99912		599.93295	7.70524	39.58241	1.08016	-0.25454	1.74713	0.41318	0.99953	0.03040	0.00501	-0.03049	0.99936	0.01871	-0.00444	-0.01885	0.99981	
37	0.36000	-0.28063	2.05096	0.31496	0.08945	0.08165	-0.31029	0.49324	0.99998	-0.00541	-0.00143	0.00542	0.99998	0.00155	0.00143	-0.00156	1.00000		-8.47160	59.37975	874.01596	179.77129	2.50664	-2.78211	0.75222	0.99787	0.04871	0.04349	0.04849	-0.99880	0.00611	0.04374	-0.00399	-0.99904		599.87217	7.69657	40.64774	1.16281	-0.37260	1.78355	0.41481	0.99949	0.03099	0.00713	-0.03112	0.99931	0.02008	-0.00650	-0.02029	0.99977	
38	0.37000	-0.27590	2.04948	0.30773	0.09444	0.07709	-0.31010	0.49619	0.99998	-0.00541	-0.00135	0.00541	0.99998	0.00164	0.00135	-0.00165	1.00000		-8.40183	59.45306	874.02289	179.75807	2.50467	-2.77720	0.74699	0.99787	0.04864	0.04344	0.04841	-0.99881	0.00633	0.04370	-0.00422	-0.99904		599.87485	7.71654	40.60597	1.16940	-0.37315	1.76235	0.41325	0.99951	0.03061	0.00714	-0.03075	0.99932	0.02020	-0.00651	-0.02041	0.99977	
39	0.38000	-0.23616	2.06877	-0.06876	0.20865	-0.05354	-0.30431	0.46429	0.99999	-0.00531	0.00092	0.00531	0.99998	0.00365	-0.00093	-0.00364	0.99999		-6.44955	61.17802	874.29426	179.64244	2.37687	-2.76547	0.74604	0.99798	0.04851	0.04112	0.04821	-0.99880	0.00823	0.04147	-0.00624	-0.99912		599.92603	7.71620	39.60387	1.05292	-0.24488	1.75728	0.41359	0.99952	0.03058	0.00483	-0.03067	0.99936	0.01824	-0.00427	-0.01838	0.99982	
40	0.39000	-0.23457	2.06565	-0.08638	0.23001	-0.06052	-0.29971	0.46196	0.99999	-0.00523	0.00104	0.00523	0.99998	0.00402	-0.00106	-0.00401	0.99999		-6.39521	61.61479	874.22299	179.64221	2.30033	-2.84466	0.74780	0.99796	0.04988	0.03978	0.04959	-0.99874	0.00823	0.04014	-0.00624	-0.99917		599.92265	7.67364	39.54289	1.02212	-0.23409	1.76346	0.41160	0.99952	0.03070	0.00463	-0.03077	0.99937	0.01770	-0.00409	-0.01784	0.99983	
41	0.40000	-0.27274	2.05318	0.26787	0.10421	0.06440	-0.31031	0.49337	0.99998	-0.00541	-0.00113	0.00542	0.99998	0.00181	0.00112	-0.00182	1.00000		-8.21975	59.58541	874.04431	179.75081	2.48454	-2.77573	0.74990	0.99789	0.04861	0.04309	0.04838	-0.99881	0.00644	0.04335	-0.00435	-0.99905		599.87815	7.71081	40.50415	1.14609	-0.35993	1.76789	0.41584	0.99950	0.03072	0.00689	-0.03085	0.99933	0.01980	-0.00628	-0.02000	0.99978	
42	0.41000	-0.22805	2.05005	-0.07760	0.21147	-0.05729	-0.29567	0.45912	0.99999	-0.00516	0.00098	0.00516	0.99998	0.00370	-0.00100	-0.00369	0.99999		-6.39818	61.23817	874.29859	179.65001	2.37300	-2.75827	0.74831	0.99798	0.04837	0.04106	0.04808	-0.99881	0.00809	0.04140	-0.00610	-0.99912		599.91790	7.65529	39.56976	1.05885	-0.23923	1.73113	0.41432	0.99953	0.03013	0.00473	-0.03021	0.99938	0.01834	-0.00418	-0.01848	0.99982	
43	0.42000	-0.28147	2.04403	0.27437	0.08829	0.06949	-0.30974	0.49421	0.99998	-0.00540	-0.00122	0.00541	0.99998	0.00153	0.00121	-0.00154	1.00000		-8.34749	59.45885	873.99192	179.78618	2.42493	-2.85521	0.75045	0.99786	0.04997	0.04207	0.04977	-0.99874	0.00583	0.04231	-0.00373	-0.99910		600.08334	7.84009	40.46741	1.32829	-0.57378	1.73607	0.42808	0.99949	0.03006	0.01071	-0.03029	0.99928	0.02287	-0.01001	-0.02318	0.99968	
44	0.43000	-0.28172	2.04672	0.28727	0.09692	0.07327	-0.30847	0.49682	0.99998	-0.00538	-0.00129	0.00538	0.99998	0.00168	0.00128	-0.00169	1.00000		-8.35120	59.48563	874.03866	179.76794	2.50465	-2.77571	0.74810	0.99787	0.04860	0.04345	0.04838	-0.99881	0.00616	0.04370	-0.00405	-0.99904		599.88913	7.71935	40.57579	1.19354	-0.38021	1.74140	0.41594	0.99952	0.03024	0.00726	-0.03039	0.99933	0.02062	-0.00664	-0.02083	0.99976	
45	0.44000	-0.23470	2.06528	-0.08917	0.22385	-0.05813	-0.30050	0.45952	0.99999	-0.00525	0.00099	0.00524	0.99998	0.00391	-0.00101	-0.00391	0.99999		-6.40438	61.44677	874.28062	179.64478	2.36185	-2.77809	0.74275	0.99798	0.04872	0.04086	0.04843	-0.99879	0.00819	0.04121	-0.00619	-0.99913		600.11767	7.81127	39.48727	1.20041	-0.43723	1.72920	0.42602	0.99952	0.03001	0.00826	-0.03017	0.99933	0.02071	-0.00763	-0.02095	0.99975	
46	0.45000	-0.23208	2.06450	-0.06373	0.20647	-0.05114	-0.30266	0.45920	0.99999	-0.00529	0.00087	0.00528	0.99998	0.00361	-0.00089	-0.00360	0.99999		-6.50823	61.15309	874.28859	179.65100	2.37503	-2.76885	0.74338	0.99797	0.04856	0.04110	0.04827	-0.99880	0.00809	0.04144	-0.00609	-0.99912		599.92540	7.71274	39.61795	1.07369	-0.25742	1.74380	0.41219	0.99953	0.03034	0.00506	-0.03043	0.99936	0.01859	-0.00449	-0.01874	0.99981	
47	0.46000	-0.27596	2.03711	0.26881	0.08505	0.06605	-0.30730	0.49488	0.99998	-0.00536	-0.00116	0.00536	0.99998	0.00148	0.00115	-0.00148	1.00000		-8.24361	59.31953	874.07588	179.77075	2.49857	-2.77097	0.74851	0.99788	0.04852	0.04335	0.04830	-0.99881	0.00610	0.04359	-0.00400	-0.99904		599.88064	7.68381	40.51893	1.17389	-0.36443	1.76704	0.41552	0.99950	0.03070	0.00699	-0.03084	0.99932	0.02028	-0.00636	-0.02049	0.99977	
48	0.47000	-0.23318	2.07228	-0.08343	0.21673	-0.05920	-0.30503	0.46140	0.99999	-0.00533	0.00101	0.00532	0.99998	0.00379	-0.00103	-0.00378	0.99999		-6.38963	61.31818	874.28685	179.64372	2.36271	-2.77843	0.75042	0.99798	0.04873	0.04087	0.04843	-0.99879	0.00821	0.04123	-0.00621	-0.99913		599.92858	7.71214	39.55377	1.03310	-0.24338	1.76094	0.40923	0.99952	0.03065	0.00480	-0.03073	0.99937	0.01789	-0.00425	-0.01803	0.99983	
49	0.48000	-0.23180	2.06834	-0.07576	0.20822	-0.05490	-0.30231	0.45692	0.99999	-0.00528	0.00094	0.00528	0.99998	0.00364	-0.00096	-0.00363	0.99999		-6.44398	61.18647	874.30136	179.64310	2.37492	-2.77499	0.74738	0.99797	0.04867	0.04109	0.04837	-0.99880	0.00823	0.04144	-0.00622	-0.99912		599.92134	7.67915	39.59390	1.04581	-0.24391	1.76630	0.41485	0.99952	0.03074	0.00482	-0.03082	0.99936	0.01811	-0.00426	-0.01825	0.99982	
50	0.49000	-0.22956	2.05722	-0.08784	0.21287	-0.05897	-0.29821	0.45610	0.99999	-0.00521	0.00101	0.00520	0.99998	0.00372	-0.00103	-0.00372	0.99999		-6.38731	61.28871	874.28850	179.65692	2.36437	-2.76687	0.74311	0.99798	0.04852	0.04092	0.04823	-0.99880	0.00797	0.04125	-0.00598	-0.99913		600.11793	7.77248	39.48021	1.19691	-0.43983	1.74438	0.42605	0.99951	0.03027	0.00831	-0.03044	0.99932	0.02065	-0.00768	-0.02089	0.99975	
51	0.50000	-0.23412	2.06845	-0.08847	0.21761	-0.05940	-0.30009	0.45814	0.99999	-0.00524	0.00102	0.00524	0.99998	0.00380	-0.00104	-0.00380	0.99999		-6.36430	61.33697	874.31044	179.64284	2.37555	-2.76465	0.74787	0.99798	0.04849	0.04110	0.04819	-0.99880	0.00823	0.04145	-0.00623	-0.99912		599.93611	7.68125	39.55076	1.04973	-0.24922	1.74954	0.41203	0.99952	0.03045	0.00491	-0.03053	0.99937	0.01818	-0.00435	-0.01832	0.99982	
52	0.51000	-0.22977	2.06660	-0.09654	0.21554	-0.06111	-0.30208	0.45870	0.99999	-0.00528	0.00105	0.00527	0.99998	0.00377	-0.00107	-0.00376	0.99999		-6.33977	61.30761	874.31329	179.64677	2.36904	-2.77338	0.74559	0.99797	0.04864	0.04099	0.04834	-0.99880	0.00816	0.04134	-0.00616	-0.99913		599.87808	7.68012	39.56751	1.04875	-0.18759	1.80447	0.39834	0.99950	0.03142	0.00385	-0.03149	0.99934	0.01819	-0.00327	-0.01830	0.99983	
53	0.52000	-0.23295	2.06380	-0.09809	0.21660	-0.06263	-0.29929	0.45805	0.99999	-0.00523	0.00107	0.00522	0.99998	0.00379	-0.00109	-0.00378	0.99999		-6.31725	61.32767	874.31202	179.64336	2.36928	-2.76823	0.74595	0.99798	0.04855	0.04099	0.04825	-0.99880	0.00821	0.04134	-0.00622	-0.99913		599.92285	7.66460	39.53789	1.04830	-0.22787	1.76735	0.41549	0.99952	0.03076	0.00454	-0.03084	0.99936	0.01816	-0.00398	-0.01830	0.99982	
54	0.53000	-0.28182	2.04453	0.29677	0.08479	0.07755	-0.30687	0.48928	0.99998	-0.00535	-0.00136	0.00536	0.99998	0.00147	0.00135	-0.00148	1.00000		-8.46121	59.42083	873.97012	179.78926	2.43588	-2.85612	0.74565	0.99786	0.04998	0.04226	0.04978	-0.99874	0.00579	0.04250	-0.00367	-0.99909		599.87282	7.67085	40.61292	1.17644	-0.36790	1.76709	0.41169	0.99950	0.03070	0.00705	-0.03084	0.99932	0.02032	-0.00642	-0.02053	0.99977	
55	0.54000	-0.23165	2.07467	-0.08306	0.21497	-0.05702	-0.30373	0.45847	0.99999	-0.00530	0.00098	0.00530	0.99998	0.00376	-0.00100	-0.00375	0.99999		-6.42540	61.31021	874.26972	179.65575	2.35265	-2.77367	0.74775	0.99799	0.04864	0.04071	0.04835	-0.99880	0.00799	0.04105	-0.00600	-0.99914		599.92193	7.70733	39.57322	1.05321	-0.23958	1.75743	0.41382	0.99952	0.03059	0.00474	-0.03067	0.99936	0.01824	-0.00418	-0.01838	0.99982	
56	0.55000	-0.27691	2.05041	0.25605	0.09199	0.06243	-0.31082	0.49790	0.99998	-0.00542	-0.00110	0.00542	0.99998	0.00160	0.00109	-0.00161	1.00000		-8.20515	59.43988	874.05077	179.77980	2.46974	-2.78028	0.74598	0.99790	0.04867	0.04285	0.04846	-0.99881	0.00593	0.04309	-0.00384	-0.99906		599.88314	7.72460	40.48644	1.18405	-0.36643	1.75613	0.41567	0.99951	0.03051	0.00702	-0.03064	0.99932	0.02046	-0.00640	-0.02066	0.99977	
57	0.56000	-0.27890	2.05863	0.27199	0.09215	0.06908	-0.31206	0.49360	0.99998	-0.00544	-0.00121	0.00545	0.99998	0.00160	0.00121	-0.00161	1.00000		-8.34710	59.52056	874.00014	179.79204	2.43552	-2.85968	0.75287	0.99785	0.05004	0.04226	0.04985	-0.99874	0.00575	0.04250	-0.00363	-0.99909		599.87299	7.71913	40.54645	1.16483	-0.36116	1.76490	0.41538	0.99951	0.03066	0.00693	-0.03080	0.99932	0.02013	-0.00630	-0.02033	0.99977	
58	0.57000	-0.23482	2.06549	-0.08424	0.21267	-0.05560	-0.30150	0.45907	0.99999	-0.00527	0.00095	0.00526	0.99998	0.00372	-0.00097	-0.00371	0.99999		-6.43750	61.25437	874.29867	179.64668	2.37237	-2.77092	0.74735	0.99797	0.04860	0.04105	0.04830	-0.99880	0.00816	0.04139	-0.00616	-0.99912		599.92112	7.68891	39.57825	1.05288	-0.25188	1.74596	0.41495	0.99953	0.03038	0.00495	-0.03047	0.99937	0.01823	-0.00440	-0.01837	0.99982	
59	0.58000	-0.28090	2.04854	0.26743	0.08696	0.06953	-0.31161	0.49383	0.99998	-0.00544	-0.00122	0.00544	0.99998	0.00151	0.00121	-0.00152	1.00000		-8.30166	59.33830	874.05429	179.77255	2.49012	-2.78106	0.74691	0.99788	0.04869	0.04320	0.04847	-0.99881	0.00607	0.04345	-0.00397	-0.99905		599.87651	7.71711	40.54996	1.16462	-0.36809	1.76327	0.41178	0.99951	0.03063	0.00705	-0.03077	0.99932	0.02012	-0.00642	-0.02032	0.99977	
60	0.59000	-0.28435	2.05273	0.31657	0.09041	0.08653	-0.31074	0.49783	0.99998	-0.00542	-0.00152	0.00542	0.99998	0.00157	0.00151	-0.00158	1.00000		-8.55675	59.38668	874.01210	179.77232	2.51726	-2.78110	0.74749	0.99786	0.04869	0.04368	0.04847	-0.99881	0.00610	0.04392	-0.00397	-0.99903		599.86208	7.72023	40.68504	1.18394	-0.37939	1.75297	0.41414	0.99951	0.03045	0.00725	-0.03059	0.99932	0.02045	-0.00662	-0.02066	0.99976	
61	0.60000	-0.23490	2.08386	-0.08643	0.21740	-0.05804	-0.30665	0.45786	0.99998	-0.00536	0.00099	0.00535	0.99998	0.00380	-0.00101	-0.00379	0.99999		-6.40160	61.30476	874.28969	179.64127	2.36609	-2.77924	0.75042	0.99797	0.04875	0.04093	0.04845	-0.99879	0.00826	0.04128	-0.00626	-0.99913		600.12006	7.85772	39.48039	1.20731	-0.44126	1.73087	0.42613	0.99951	0.03004	0.00833	-0.03020	0.99933	0.02083	-0.00770	-0.02107	0.99975	
62	0.61000	-0.28474	2.04784	0.28390	0.09849	0.07406	-0.30744	0.49269	0.99998	-0.00536	-0.00130	0.00537	0.99998	0.00171	0.00129	-0.00172	1.00000		-8.36054	59.51743	874.03941	179.75967	2.50278	-2.78154	0.74622	0.99787	0.04871	0.04341	0.04848	-0.99880	0.00631	0.04367	-0.00419	-0.99904		599.88783	7.69472	40.57814	1.16586	-0.37836	1.75238	0.41418	0.99951	0.03044	0.00722	-0.03058	0.99933	0.02014	-0.00660	-0.02035	0.99977	
63	0.62000	-0.28122	2.05447	0.27372	0.09633	0.07194	-0.31142	0.49383	0.99998	-0.00543	-0.00126	0.00544	0.99998	0.00167	0.00126	-0.00168	1.00000		-8.34175	59.49257	874.03500	179.77988	2.49292	-2.77893	0.74247	0.99788	0.04865	0.04326	0.04844	-0.99881	0.00595	0.04350	-0.00384	-0.99905		599.88138	7.74678	40.56556	1.18158	-0.37574	1.74485	0.41135	0.99951	0.03031	0.00718	-0.03045	0.99933	0.02041	-0.00656	-0.02062	0.99977	
64	0.63000	-0.23831	2.06413	-0.06660	0.21268	-0.04914	-0.29975	0.45498	0.99999	-0.00523	0.00084	0.00523	0.99998	0.00372	-0.00086	-0.00371	0.99999		-6.52262	61.27306	874.27321	179.65440	2.37301	-2.77940	0.74793	0.99797	0.04874	0.04106	0.04845	-0.99879	0.00803	0.04141	-0.00603	-0.99912		599.92393	7.67675	39.63015	1.04482	-0.25327	1.74354	0.41804	0.99953	0.03034	0.00497	-0.03043	0.99937	0.01809	-0.00442	-0.01823	0.99982	
65	0.64000	-0.28831	2.05622	0.30429	0.09014	0.08383	-0.31114	0.49576	0.99998	-0.00543	-0.00147	0.00543	0.99998	0.00156	0.00146	-0.00157	1.00000		-8.50268	59.38355	874.02092	179.75993	2.50932	-2.78209	0.74363	0.99786	0.04872	0.04353	0.04849	-0.99880	0.00631	0.04378	-0.00419	-0.99903		599.88217	7.72613	40.65576	1.18945	-0.38973	1.74858	0.41692	0.99951	0.03037	0.00743	-0.03051	0.99932	0.02054	-0.00680	-0.02076	0.99976	
66	0.65000	-0.26708	2.09943	0.38732	0.20871	0.10039	-0.30305	0.45773	0.99998	-0.00528	-0.00177	0.00529	0.99998	0.00363	0.00175	-0.00364	0.99999		-8.77435	61.14990	873.81543	179.65051	2.53132	-2.76932	0.74504	0.99786	0.04858	0.04382	0.04827	-0.99880	0.00823	0.04417	-0.00609	-0.99901		599.85112	7.66939	40.73297	1.05998	-0.41186	1.75372	0.41212	0.99951	0.03047	0.00775	-0.03060	0.99936	0.01827	-0.00719	-0.01850	0.99980	
67	0.66000	-0.27788	2.04533	0.26499	0.09810	0.06773	-0.30633	0.49457	0.99998	-0.00534	-0.00119	0.00535	0.99998	0.00171	0.00118	-0.00171	1.00000		-8.25871	59.52018	874.05730	179.76166	2.49667	-2.76857	0.74533	0.99788	0.04848	0.04331	0.04826	-0.99882	0.00626	0.04356	-0.00416	-0.99904		599.87669	7.67713	40.53839	1.16078	-0.35871	1.75928	0.41515	0.99951	0.03057	0.00688	-0.03070	0.99933	0.02006	-0.00626	-0.02026	0.99978	
68	0.67000	-0.23198	2.07747	-0.09094	0.21430	-0.05723	-0.30312	0.45831	0.99999	-0.00529	0.00098	0.00529	0.99998	0.00374	-0.00100	-0.00374	0.99999		-6.41769	61.30628	874.27878	179.65225	2.36184	-2.77890	0.73638	0.99798	0.04873	0.04087	0.04844	-0.99879	0.00806	0.04121	-0.00606	-0.99913		599.92095	7.70255	39.56955	1.06121	-0.24400	1.73870	0.41078	0.99953	0.03026	0.00482	-0.03034	0.99937	0.01838	-0.00426	-0.01852	0.99982	
69	0.68000	-0.28299	2.06208	0.27405	0.09194	0.07338	-0.31398	0.49592	0.99998	-0.00548	-0.00129	0.00548	0.99998	0.00160	0.00128	-0.00160	1.00000		-8.40780	59.51544	873.99149	179.78531	2.43839	-2.85741	0.75291	0.99785	0.05001	0.04231	0.04981	-0.99874	0.00586	0.04255	-0.00374	-0.99909		599.87754	7.74023	40.57510	1.17502	-0.37654	1.75752	0.41098	0.99951	0.03053	0.00720	-0.03067	0.99932	0.02030	-0.00657	-0.02051	0.99977	
70	0.69000	-0.28460	2.06049	0.29325	0.09519	0.07715	-0.31286	0.49377	0.99998	-0.00546	-0.00135	0.00546	0.99998	0.00165	0.00135	-0.00166	1.00000		-8.40840	59.46547	874.03890	179.76498	2.50879	-2.78757	0.74329	0.99786	0.04881	0.04352	0.04859	-0.99880	0.00623	0.04377	-0.00410	-0.99903		599.87934	7.74434	40.59880	1.18957	-0.38111	1.75152	0.41343	0.99951	0.03042	0.00728	-0.03056	0.99932	0.02055	-0.00665	-0.02076	0.99976	
71	0.70000	-0.23711	2.07367	-0.09506	0.21733	-0.05915	-0.30458	0.45813	0.99999	-0.00532	0.00101	0.00532	0.99998	0.00380	-0.00103	-0.00379	0.99999		-6.38524	61.32600	874.29990	179.64500	2.36648	-2.77494	0.74521	0.99798	0.04867	0.04094	0.04837	-0.99880	0.00819	0.04129	-0.00619	-0.99913		599.92415	7.73691	39.55475	1.06290	-0.24201	1.73022	0.41293	0.99954	0.03011	0.00478	-0.03019	0.99937	0.01841	-0.00422	-0.01855	0.99982	
72	0.71000	-0.28138	2.05036	0.26982	0.08903	0.07038	-0.31126	0.49280	0.99998	-0.00543	-0.00124	0.00543	0.99998	0.00155	0.00123	-0.00155	1.00000		-8.31731	59.38441	874.05397	179.77605	2.49593	-2.78557	0.74922	0.99787	0.04877	0.04331	0.04855	-0.99880	0.00602	0.04355	-0.00391	-0.99904		599.88238	7.72366	40.54922	1.18522	-0.37248	1.74955	0.41509	0.99951	0.03039	0.00713	-0.03053	0.99932	0.02048	-0.00650	-0.02068	0.99976	
73	0.72000	-0.27686	2.05379	0.24982	0.09510	0.06239	-0.30901	0.49423	0.99998	-0.00539	-0.00110	0.00539	0.99998	0.00165	0.00109	-0.00166	1.00000		-8.19872	59.48050	874.06963	179.76529	2.48873	-2.78833	0.74158	0.99787	0.04882	0.04317	0.04860	-0.99880	0.00620	0.04342	-0.00409	-0.99905		599.87803	7.69239	40.49558	1.15552	-0.35922	1.74970	0.41781	0.99951	0.03040	0.00688	-0.03053	0.99933	0.01997	-0.00627	-0.02017	0.99978	
74	0.73000	-0.23690	2.07186	-0.08337	0.20587	-0.05517	-0.30399	0.45469	0.99999	-0.00531	0.00094	0.00531	0.99998	0.00360	-0.00096	-0.00359	0.99999		-6.44771	61.14861	874.31274	179.64778	2.37685	-2.77308	0.74589	0.99797	0.04863	0.04113	0.04834	-0.99880	0.00815	0.04147	-0.00614	-0.99912		599.92661	7.71020	39.58606	1.06446	-0.24804	1.74809	0.41072	0.99953	0.03042	0.00489	-0.03050	0.99936	0.01844	-0.00433	-0.01858	0.99982	
75	0.74000	-0.23410	2.06526	-0.10728	0.21005	-0.06413	-0.30087	0.45976	0.99999	-0.00525	0.00110	0.00525	0.99998	0.00367	-0.00112	-0.00367	0.99999		-6.30701	61.22088	874.33592	179.65503	2.37134	-2.77141	0.74691	0.99797	0.04860	0.04104	0.04831	-0.99880	0.00801	0.04138	-0.00602	-0.99913		599.92865	7.69235	39.51380	1.06168	-0.23775	1.73363	0.41612	0.99953	0.03017	0.00471	-0.03025	0.99937	0.01839	-0.00415	-0.01853	0.99982	
76	0.75000	-0.23677	2.06552	-0.09719	0.22055	-0.05855	-0.30101	0.46035	0.99999	-0.00526	0.00100	0.00525	0.99998	0.00385	-0.00102	-0.00385	0.99999		-6.39593	61.38321	874.29609	179.63600	2.36125	-2.77788	0.74956	0.99798	0.04872	0.04084	0.04842	-0.99879	0.00834	0.04120	-0.00635	-0.99913		599.92487	7.69403	39.57044	1.05239	-0.23991	1.75549	0.41850	0.99952	0.03055	0.00475	-0.03063	0.99936	0.01823	-0.00419	-0.01837	0.99982	
77	0.76000	-0.23151	2.06854	-0.10116	0.20990	-0.06087	-0.30128	0.45804	0.99999	-0.00526	0.00104	0.00526	0.99998	0.00367	-0.00106	-0.00366	0.99999		-6.35633	61.22388	874.31334	179.64958	2.36400	-2.78309	0.75185	0.99797	0.04881	0.04090	0.04851	-0.99879	0.00811	0.04125	-0.00611	-0.99913		599.91808	7.68865	39.54752	1.05531	-0.23739	1.74368	0.41456	0.99953	0.03035	0.00470	-0.03043	0.99937	0.01828	-0.00414	-0.01842	0.99982	
78	0.77000	-0.23347	2.06950	-0.10566	0.22095	-0.06391	-0.30296	0.45462	0.99999	-0.00529	0.00110	0.00529	0.99998	0.00386	-0.00112	-0.00386	0.99999		-6.30556	61.36443	874.31130	179.63898	2.36308	-2.76271	0.74225	0.99799	0.04846	0.04088	0.04816	-0.99881	0.00828	0.04123	-0.00630	-0.99913		599.92148	7.71336	39.52267	1.05110	-0.22507	1.75056	0.41042	0.99953	0.03047	0.00449	-0.03055	0.99937	0.01822	-0.00393	-0.01834	0.99982	
79	0.78000	-0.24047	2.07107	-0.07860	0.20145	-0.05192	-0.30506	0.45543	0.99999	-0.00533	0.00089	0.00532	0.99998	0.00352	-0.00091	-0.00352	0.99999		-6.48954	61.07382	874.29544	179.66324	2.36610	-2.77651	0.74545	0.99797	0.04868	0.04095	0.04840	-0.99880	0.00787	0.04128	-0.00587	-0.99913		599.92628	7.72499	39.61105	1.06480	-0.25025	1.74383	0.41319	0.99953	0.03034	0.00493	-0.03043	0.99937	0.01844	-0.00437	-0.01858	0.99982	
80	0.79000	-0.23475	2.05821	-0.09607	0.21746	-0.05783	-0.29793	0.45717	0.99999	-0.00520	0.00099	0.00520	0.99998	0.00380	-0.00101	-0.00380	0.99999		-6.39072	61.32975	874.30241	179.63622	2.36882	-2.76843	0.74593	0.99798	0.04856	0.04098	0.04826	-0.99880	0.00834	0.04133	-0.00634	-0.99913		600.11716	7.79398	39.48958	1.20609	-0.43053	1.71201	0.42707	0.99953	0.02971	0.00814	-0.02987	0.99934	0.02081	-0.00751	-0.02105	0.99975	
81	0.80000	-0.23234	2.07614	-0.10348	0.21978	-0.06212	-0.30471	0.45523	0.99999	-0.00532	0.00106	0.00532	0.99998	0.00384	-0.00108	-0.00384	0.99999		-6.35009	61.37940	874.28840	179.65523	2.35228	-2.78296	0.74129	0.99798	0.04880	0.04070	0.04851	-0.99879	0.00800	0.04104	-0.00601	-0.99914		599.93146	7.73453	39.53132	1.05369	-0.24095	1.74697	0.41222	0.99953	0.03040	0.00476	-0.03049	0.99937	0.01825	-0.00421	-0.01839	0.99982	
82	0.81000	-0.23794	2.06108	-0.08760	0.20419	-0.05720	-0.30116	0.45864	0.99999	-0.00526	0.00098	0.00526	0.99998	0.00357	-0.00100	-0.00356	0.99999		-6.39676	61.11498	874.31214	179.64919	2.37487	-2.76169	0.74393	0.99798	0.04843	0.04109	0.04814	-0.99881	0.00811	0.04144	-0.00612	-0.99912		599.93089	7.70526	39.56615	1.07754	-0.23833	1.74333	0.41210	0.99953	0.03034	0.00473	-0.03042	0.99936	0.01867	-0.00416	-0.01881	0.99981	
83	0.82000	-0.23993	2.07784	-0.07693	0.20914	-0.05258	-0.30560	0.45939	0.99999	-0.00534	0.00090	0.00533	0.99998	0.00365	-0.00092	-0.00365	0.99999		-6.47816	61.17916	874.29479	179.64999	2.37321	-2.77226	0.75226	0.99797	0.04862	0.04106	0.04832	-0.99880	0.00810	0.04141	-0.00610	-0.99912		599.92747	7.74630	39.61309	1.08101	-0.23706	1.73935	0.41408	0.99953	0.03027	0.00471	-0.03035	0.99936	0.01873	-0.00414	-0.01887	0.99981	
84	0.83000	-0.28379	2.05267	0.27415	0.09642	0.07125	-0.30968	0.49264	0.99998	-0.00540	-0.00125	0.00540	0.99998	0.00168	0.00124	-0.00168	1.00000		-8.36834	59.59381	873.98789	179.78836	2.44080	-2.86043	0.74799	0.99785	0.05006	0.04235	0.04986	-0.99874	0.00581	0.04259	-0.00369	-0.99909		599.88545	7.71332	40.55614	1.17237	-0.36815	1.77029	0.41002	0.99950	0.03075	0.00705	-0.03089	0.99932	0.02025	-0.00643	-0.02046	0.99977	
85	0.84000	-0.24135	2.07020	-0.08087	0.20979	-0.05199	-0.30243	0.46111	0.99999	-0.00528	0.00089	0.00528	0.99998	0.00367	-0.00091	-0.00366	0.99999		-6.48570	61.21068	874.28184	179.64687	2.36983	-2.77799	0.75239	0.99797	0.04872	0.04100	0.04842	-0.99879	0.00816	0.04135	-0.00616	-0.99913		599.93041	7.70919	39.61442	1.07021	-0.24818	1.74084	0.41235	0.99953	0.03029	0.00490	-0.03038	0.99937	0.01854	-0.00433	-0.01868	0.99982	
86	0.85000	-0.28386	2.06204	0.27071	0.10077	0.07142	-0.31369	0.49243	0.99998	-0.00547	-0.00126	0.00547	0.99998	0.00175	0.00125	-0.00176	1.00000		-8.33181	59.54535	874.03656	179.75934	2.49266	-2.78982	0.74646	0.99787	0.04885	0.04324	0.04863	-0.99880	0.00631	0.04349	-0.00420	-0.99905		599.88320	7.73938	40.56280	1.14997	-0.36613	1.77507	0.41300	0.99950	0.03084	0.00701	-0.03098	0.99932	0.01986	-0.00639	-0.02007	0.99978	
87	0.86000	-0.28680	2.06737	0.29380	0.10144	0.07967	-0.31371	0.48969	0.99998	-0.00547	-0.00140	0.00548	0.99998	0.00176	0.00139	-0.00177	1.00000		-8.45171	59.54112	874.02899	179.75742	2.51282	-2.78474	0.74977	0.99786	0.04877	0.04359	0.04854	-0.99880	0.00636	0.04384	-0.00423	-0.99903		599.88086	7.74064	40.61979	1.15868	-0.37789	1.76386	0.41100	0.99950	0.03064	0.00721	-0.03078	0.99933	0.02001	-0.00660	-0.02022	0.99977	
88	0.87000	-0.24454	2.08263	-0.08049	0.20956	-0.05254	-0.30640	0.45722	0.99999	-0.00535	0.00090	0.00535	0.99998	0.00366	-0.00092	-0.00366	0.99999		-6.47434	61.21055	874.29610	179.65198	2.37708	-2.78786	0.74740	0.99796	0.04889	0.04113	0.04860	-0.99879	0.00808	0.04148	-0.00607	-0.99912		599.93815	7.73808	39.60149	1.06101	-0.25234	1.74340	0.41020	0.99953	0.03034	0.00496	-0.03042	0.99937	0.01837	-0.00440	-0.01852	0.99982	
89	0.88000	-0.27960	2.04156	0.25057	0.08951	0.06285	-0.30546	0.49568	0.99998	-0.00533	-0.00110	0.00533	0.99998	0.00156	0.00110	-0.00156	1.00000		-8.18824	59.38846	874.08578	179.77647	2.49491	-2.77175	0.74838	0.99788	0.04853	0.04329	0.04831	-0.99881	0.00600	0.04353	-0.00390	-0.99904		599.88953	7.67926	40.48517	1.18233	-0.37113	1.74912	0.41455	0.99951	0.03038	0.00710	-0.03052	0.99933	0.02043	-0.00648	-0.02063	0.99977	
90	0.89000	-0.27513	2.06357	0.25513	0.08935	0.06353	-0.31459	0.49720	0.99998	-0.00549	-0.00112	0.00549	0.99998	0.00155	0.00111	-0.00156	1.00000		-8.21418	59.36757	874.07191	179.76973	2.48883	-2.78642	0.74250	0.99788	0.04879	0.04318	0.04857	-0.99880	0.00613	0.04342	-0.00402	-0.99905		599.88342	7.76598	40.49060	1.19559	-0.36879	1.75218	0.41433	0.99951	0.03044	0.00707	-0.03058	0.99932	0.02066	-0.00644	-0.02086	0.99976	
91	0.90000	-0.23574	2.08900	-0.08627	0.20997	-0.05528	-0.30803	0.46295	0.99998	-0.00538	0.00095	0.00538	0.99998	0.00367	-0.00096	-0.00366	0.99999		-6.43834	61.20404	874.30027	179.64804	2.36865	-2.79170	0.75177	0.99796	0.04896	0.04098	0.04866	-0.99878	0.00815	0.04133	-0.00614	-0.99913		599.92970	7.75886	39.57302	1.07147	-0.25151	1.73761	0.41254	0.99953	0.03023	0.00495	-0.03032	0.99937	0.01856	-0.00439	-0.01870	0.99982	
92	0.91000	-0.27486	2.05538	0.26523	0.08022	0.06869	-0.31321	0.49076	0.99998	-0.00546	-0.00121	0.00547	0.99998	0.00139	0.00120	-0.00140	1.00000		-8.28262	59.24055	874.07071	179.78397	2.49440	-2.78561	0.74715	0.99787	0.04876	0.04329	0.04855	-0.99880	0.00588	0.04352	-0.00377	-0.99905		600.07878	7.87834	40.44659	1.36115	-0.57476	1.72647	0.42661	0.99950	0.02988	0.01074	-0.03013	0.99927	0.02344	-0.01003	-0.02375	0.99967	
93	0.92000	-0.27731	2.05976	0.24557	0.09918	0.06453	-0.30919	0.49271	0.99998	-0.00539	-0.00113	0.00540	0.99998	0.00172	0.00113	-0.00173	1.00000		-8.21334	59.52564	874.07688	179.75574	2.48985	-2.78752	0.74556	0.99787	0.04882	0.04318	0.04859	-0.99880	0.00637	0.04344	-0.00426	-0.99905		599.89187	7.71066	40.50783	1.17294	-0.36766	1.75554	0.41082	0.99951	0.03050	0.00704	-0.03063	0.99933	0.02026	-0.00642	-0.02047	0.99977	
94	0.93000	-0.28163	2.06528	0.26489	0.09299	0.06836	-0.31323	0.49668	0.99998	-0.00546	-0.00120	0.00547	0.99998	0.00162	0.00119	-0.00162	1.00000		-8.27243	59.43029	874.05314	179.76476	2.48776	-2.79078	0.75037	0.99787	0.04887	0.04315	0.04864	-0.99880	0.00621	0.04341	-0.00410	-0.99905		599.89119	7.74836	40.52804	1.18074	-0.37643	1.75177	0.41469	0.99951	0.03043	0.00720	-0.03057	0.99932	0.02040	-0.00657	-0.02061	0.99977	
