1	0.00000	-0.12317	1.91257	0.85998	-0.29489	0.16006	-0.27287	0.51544	0.99998	-0.00478	-0.00277	0.00476	0.99998	-0.00516	0.00279	0.00515	0.99998		-9.85106	53.41822	874.02933	-179.81613	2.55133	-2.46537	0.60146	0.99808	0.04287	0.04461	0.04297	-0.99908	-0.00129	0.04451	0.00321	-0.99900		599.92650	7.02237	40.83672	1.38662	-0.71268	1.80469	0.37019	0.99943	0.03118	0.01319	-0.03149	0.99922	0.02380	-0.01244	-0.02420	0.99963	
2	0.01000	-0.16490	2.02229	0.87941	-0.24033	0.18300	-0.32179	0.50734	0.99998	-0.00563	-0.00317	0.00562	0.99998	-0.00421	0.00319	0.00419	0.99999		-10.22449	54.13077	873.96632	-179.87569	2.57073	-2.52175	0.60769	0.99803	0.04390	0.04490	0.04395	-0.99903	-0.00019	0.04485	0.00217	-0.99899		599.94613	7.46803	41.06279	1.34221	-0.72222	1.84205	0.37153	0.99940	0.03184	0.01335	-0.03214	0.99922	0.02301	-0.01260	-0.02342	0.99965	
3	0.02000	-0.26326	1.96566	1.62077	-0.46802	0.44421	-0.32746	0.57846	0.99995	-0.00578	-0.00771	0.00571	0.99995	-0.00821	0.00775	0.00817	0.99994		-14.06036	50.66550	873.41646	-179.65985	2.85855	-2.53019	0.61742	0.99778	0.04385	0.05008	0.04409	-0.99902	-0.00373	0.04987	0.00593	-0.99874		599.85293	7.42209	43.07305	1.55192	-0.98501	1.87303	0.37150	0.99932	0.03221	0.01806	-0.03268	0.99911	0.02651	-0.01719	-0.02708	0.99949	
4	0.03000	-0.13294	2.07579	0.30337	-0.10407	-0.02780	-0.34333	0.73241	0.99998	-0.00599	0.00050	0.00599	0.99998	-0.00181	-0.00049	0.00182	1.00000		-6.89440	56.32996	874.46974	-179.96797	2.43829	-2.77289	0.71342	0.99792	0.04835	0.04252	0.04833	-0.99883	0.00150	0.04254	0.00056	-0.99909		599.99138	7.86912	39.58764	1.32919	-0.18510	1.81585	0.37411	0.99949	0.03160	0.00396	-0.03169	0.99923	0.02308	-0.00323	-0.02320	0.99973	
5	0.04000	-0.12401	2.06448	0.27025	-0.09022	-0.03881	-0.33537	0.73248	0.99998	-0.00585	0.00069	0.00585	0.99998	-0.00157	-0.00068	0.00157	1.00000		-6.72394	56.55835	874.48007	-179.99199	2.42219	-2.76629	0.71414	0.99794	0.04826	0.04222	0.04822	-0.99884	0.00190	0.04226	0.00014	-0.99911		599.98750	7.80058	39.49976	1.31832	-0.17173	1.82106	0.37554	0.99949	0.03170	0.00373	-0.03178	0.99923	0.02290	-0.00300	-0.02301	0.99973	
6	0.05000	-0.29069	2.76327	2.59428	0.70710	-0.06983	-0.58387	0.64705	0.99995	-0.01020	0.00109	0.01019	0.99987	0.01235	-0.00122	-0.01234	0.99992		-6.73783	67.78618	871.50013	179.27870	2.34423	-2.85585	0.63217	0.99792	0.05033	0.04022	0.04978	-0.99865	0.01461	0.04090	-0.01258	-0.99908		600.08521	10.06391	37.38565	0.27761	-0.09594	2.30530	0.37266	0.99919	0.04022	0.00187	-0.04022	0.99918	0.00477	-0.00167	-0.00485	0.99999	
7	0.06000	-0.26091	2.11072	0.33421	0.20204	-0.00028	-0.33753	0.59094	0.99998	-0.00589	-0.00002	0.00589	0.99998	0.00353	-0.00000	-0.00353	0.99999		-7.29785	60.98847	873.93129	179.64922	2.40780	-2.79746	0.73043	0.99793	0.04906	0.04166	0.04876	-0.99878	0.00817	0.04201	-0.00612	-0.99910		600.12825	7.96427	39.96671	1.10314	-0.44109	2.03796	0.44960	0.99934	0.03541	0.00838	-0.03556	0.99919	0.01897	-0.00770	-0.01925	0.99979	
8	0.07000	-0.25664	2.06879	0.30711	0.19507	0.00689	-0.32158	0.57309	0.99998	-0.00561	-0.00014	0.00561	0.99998	0.00340	0.00012	-0.00340	0.99999		-7.44398	61.03741	873.90105	179.67873	2.35915	-2.85144	0.73999	0.99792	0.04998	0.04083	0.04970	-0.99873	0.00765	0.04116	-0.00560	-0.99914		599.94966	7.83204	39.98515	1.01702	-0.28830	1.84880	0.40964	0.99947	0.03217	0.00560	-0.03226	0.99932	0.01758	-0.00503	-0.01775	0.99983	
9	0.08000	-0.28555	2.04831	0.46433	0.09393	0.10131	-0.32288	0.53285	0.99998	-0.00563	-0.00178	0.00564	0.99998	0.00163	0.00177	-0.00164	1.00000		-8.85393	59.52151	873.82036	179.78125	2.44041	-2.86120	0.73809	0.99785	0.05008	0.04234	0.04987	-0.99874	0.00594	0.04258	-0.00381	-0.99909		599.90159	7.79372	40.79770	1.12403	-0.39076	1.84398	0.40701	0.99946	0.03204	0.00745	-0.03218	0.99929	0.01939	-0.00682	-0.01962	0.99978	
10	0.09000	-0.29152	2.02024	0.44413	0.08655	0.10125	-0.31432	0.52841	0.99998	-0.00548	-0.00177	0.00549	0.99998	0.00150	0.00177	-0.00151	1.00000		-8.79674	59.36252	873.87075	179.78191	2.48870	-2.78455	0.73449	0.99788	0.04875	0.04319	0.04853	-0.99880	0.00591	0.04342	-0.00380	-0.99905		599.89850	7.71537	40.81064	1.12603	-0.38257	1.84873	0.40680	0.99946	0.03212	0.00731	-0.03226	0.99929	0.01943	-0.00668	-0.01965	0.99978	
11	0.10000	-0.28822	2.03551	0.40818	0.10185	0.09198	-0.31691	0.51678	0.99998	-0.00553	-0.00161	0.00553	0.99998	0.00177	0.00161	-0.00178	1.00000		-8.64977	59.56612	873.92686	179.75555	2.50201	-2.78187	0.73567	0.99787	0.04872	0.04340	0.04849	-0.99880	0.00638	0.04365	-0.00426	-0.99904		599.89305	7.78218	40.74229	1.15479	-0.36550	1.80418	0.41579	0.99948	0.03135	0.00701	-0.03148	0.99931	0.01994	-0.00638	-0.02015	0.99978	
12	0.11000	-0.27893	2.09134	0.55819	0.22367	0.13773	-0.31271	0.47609	0.99998	-0.00545	-0.00242	0.00546	0.99998	0.00389	0.00240	-0.00390	0.99999		-9.37630	61.39047	873.60479	179.64861	2.52752	-2.78787	0.73301	0.99784	0.04891	0.04375	0.04859	-0.99878	0.00827	0.04410	-0.00613	-0.99901		599.85559	7.75838	41.03782	1.02664	-0.42717	1.81649	0.41359	0.99947	0.03156	0.00802	-0.03170	0.99934	0.01767	-0.00746	-0.01792	0.99981	
13	0.12000	-0.29403	2.02881	0.39954	0.10255	0.09872	-0.31505	0.51599	0.99998	-0.00550	-0.00173	0.00550	0.99998	0.00178	0.00172	-0.00179	1.00000		-8.75552	59.58458	873.93015	179.76117	2.51138	-2.78836	0.74025	0.99786	0.04883	0.04356	0.04860	-0.99880	0.00630	0.04382	-0.00416	-0.99903		599.89477	7.75983	40.79328	1.13441	-0.39176	1.80936	0.41262	0.99948	0.03143	0.00746	-0.03157	0.99931	0.01957	-0.00684	-0.01980	0.99978	
14	0.13000	-0.29705	2.03598	0.40333	0.09783	0.09920	-0.31792	0.51001	0.99998	-0.00555	-0.00174	0.00555	0.99998	0.00170	0.00173	-0.00171	1.00000		-8.76725	59.50119	873.91916	179.76744	2.50656	-2.78926	0.73942	0.99786	0.04884	0.04348	0.04862	-0.99880	0.00618	0.04373	-0.00406	-0.99904		599.90124	7.76954	40.78446	1.14218	-0.39671	1.80986	0.41422	0.99948	0.03144	0.00755	-0.03158	0.99931	0.01970	-0.00692	-0.01993	0.99978	
15	0.14000	-0.29183	2.01546	0.37811	0.09478	0.09259	-0.30862	0.50798	0.99998	-0.00538	-0.00162	0.00539	0.99998	0.00164	0.00162	-0.00165	1.00000		-8.66856	59.47351	873.95976	179.77464	2.50765	-2.77982	0.73712	0.99787	0.04867	0.04351	0.04845	-0.99881	0.00605	0.04375	-0.00393	-0.99903		599.89969	7.69770	40.73909	1.13844	-0.38222	1.79699	0.41410	0.99949	0.03122	0.00729	-0.03136	0.99932	0.01965	-0.00667	-0.01987	0.99978	
16	0.15000	-0.29288	2.03070	0.36118	0.10112	0.08819	-0.31490	0.50828	0.99998	-0.00549	-0.00155	0.00550	0.99998	0.00176	0.00154	-0.00176	1.00000		-8.60399	59.55320	873.97024	179.76576	2.50700	-2.78926	0.73754	0.99786	0.04884	0.04349	0.04862	-0.99880	0.00621	0.04374	-0.00408	-0.99903		599.90143	7.74761	40.70398	1.14754	-0.38116	1.81204	0.41820	0.99948	0.03148	0.00728	-0.03162	0.99930	0.01981	-0.00665	-0.02003	0.99978	
17	0.16000	-0.29379	2.02125	0.37544	0.08635	0.09429	-0.31355	0.50879	0.99998	-0.00547	-0.00165	0.00547	0.99998	0.00150	0.00165	-0.00151	1.00000		-8.70214	59.32874	873.95246	179.77708	2.50247	-2.78830	0.74300	0.99786	0.04882	0.04342	0.04860	-0.99880	0.00601	0.04366	-0.00389	-0.99904		599.89576	7.75033	40.75117	1.16926	-0.38917	1.79418	0.41541	0.99949	0.03116	0.00743	-0.03131	0.99931	0.02018	-0.00679	-0.02041	0.99977	
18	0.17000	-0.29540	2.03330	0.37032	0.10340	0.09405	-0.31445	0.50607	0.99998	-0.00548	-0.00165	0.00549	0.99998	0.00179	0.00164	-0.00180	1.00000		-8.69814	59.57267	873.93529	179.75909	2.49729	-2.79010	0.73625	0.99787	0.04886	0.04332	0.04863	-0.99880	0.00632	0.04357	-0.00420	-0.99904		600.09580	7.88706	40.66704	1.32579	-0.58874	1.76256	0.42936	0.99947	0.03051	0.01098	-0.03076	0.99927	0.02281	-0.01028	-0.02314	0.99968	
19	0.18000	-0.30513	2.02747	0.37419	0.10063	0.09801	-0.31438	0.50714	0.99998	-0.00548	-0.00172	0.00549	0.99998	0.00175	0.00171	-0.00176	1.00000		-8.73963	59.54254	873.94399	179.77072	2.50997	-2.79502	0.74017	0.99785	0.04894	0.04355	0.04872	-0.99879	0.00613	0.04379	-0.00400	-0.99903		599.90724	7.76333	40.78822	1.16391	-0.39713	1.79289	0.41603	0.99949	0.03114	0.00756	-0.03129	0.99931	0.02009	-0.00693	-0.02031	0.99977	
20	0.19000	-0.29297	2.02479	0.32398	0.09563	0.07812	-0.31488	0.50568	0.99998	-0.00549	-0.00137	0.00550	0.99998	0.00166	0.00136	-0.00167	1.00000		-8.45135	59.48119	873.98141	179.78888	2.48107	-2.79118	0.73127	0.99788	0.04885	0.04306	0.04865	-0.99880	0.00579	0.04329	-0.00368	-0.99906		599.90356	7.76527	40.61968	1.16853	-0.37888	1.78997	0.41719	0.99949	0.03109	0.00725	-0.03124	0.99931	0.02018	-0.00661	-0.02039	0.99977	
21	0.20000	-0.30202	2.03067	0.36089	0.10616	0.09374	-0.31401	0.50254	0.99998	-0.00548	-0.00165	0.00548	0.99998	0.00184	0.00164	-0.00185	1.00000		-8.67380	59.62016	873.94500	179.75392	2.49743	-2.79180	0.73840	0.99786	0.04889	0.04331	0.04866	-0.99879	0.00641	0.04357	-0.00429	-0.99904		600.09951	7.88145	40.66812	1.29838	-0.59187	1.76232	0.43040	0.99947	0.03051	0.01102	-0.03075	0.99928	0.02233	-0.01033	-0.02266	0.99969	
22	0.21000	-0.29715	2.03210	0.36039	0.10734	0.09454	-0.31424	0.49952	0.99998	-0.00548	-0.00166	0.00548	0.99998	0.00186	0.00165	-0.00187	1.00000		-8.68950	59.62470	873.94326	179.75606	2.50021	-2.78350	0.73542	0.99787	0.04875	0.04336	0.04852	-0.99880	0.00637	0.04362	-0.00425	-0.99904		599.90514	7.78190	40.75014	1.17316	-0.40111	1.76924	0.41978	0.99950	0.03072	0.00763	-0.03087	0.99932	0.02025	-0.00700	-0.02047	0.99977	
23	0.22000	-0.29705	2.02779	0.34482	0.10641	0.08830	-0.31304	0.50246	0.99998	-0.00546	-0.00155	0.00546	0.99998	0.00185	0.00154	-0.00186	1.00000		-8.57836	59.62704	873.97594	179.75792	2.50559	-2.78916	0.73517	0.99786	0.04884	0.04346	0.04861	-0.99880	0.00635	0.04372	-0.00422	-0.99904		600.16235	7.45582	40.60889	0.95948	-0.65458	2.32592	0.30508	0.99911	0.04039	0.01209	-0.04058	0.99904	0.01627	-0.01142	-0.01674	0.99979	
24	0.23000	-0.29484	2.02680	0.32863	0.10128	0.08391	-0.31176	0.50304	0.99998	-0.00544	-0.00147	0.00544	0.99998	0.00176	0.00146	-0.00177	1.00000		-8.51988	59.54207	873.98436	179.76375	2.48937	-2.78218	0.74102	0.99788	0.04872	0.04318	0.04849	-0.99880	0.00623	0.04343	-0.00412	-0.99905		599.91125	7.73335	40.66040	1.16361	-0.39705	1.78730	0.41371	0.99949	0.03104	0.00756	-0.03119	0.99931	0.02008	-0.00693	-0.02031	0.99977	
25	0.24000	-0.30073	2.03437	0.34577	0.10202	0.08938	-0.31494	0.50119	0.99998	-0.00549	-0.00157	0.00550	0.99998	0.00177	0.00156	-0.00178	1.00000		-8.60143	59.55973	873.97383	179.76294	2.50216	-2.79139	0.73830	0.99786	0.04888	0.04340	0.04865	-0.99880	0.00626	0.04366	-0.00413	-0.99904		599.90711	7.75870	40.69434	1.15792	-0.39873	1.78693	0.41776	0.99949	0.03104	0.00758	-0.03118	0.99931	0.01998	-0.00696	-0.02021	0.99977	
26	0.25000	-0.29397	2.02613	0.32040	0.10344	0.08216	-0.31226	0.50025	0.99998	-0.00545	-0.00144	0.00545	0.99998	0.00180	0.00143	-0.00181	1.00000		-8.49769	59.58773	873.98843	179.75081	2.49012	-2.78941	0.73691	0.99787	0.04885	0.04318	0.04862	-0.99880	0.00646	0.04345	-0.00434	-0.99905		599.89752	7.73527	40.65551	1.14937	-0.38511	1.78972	0.41704	0.99949	0.03109	0.00734	-0.03123	0.99932	0.01984	-0.00672	-0.02006	0.99978	
27	0.26000	-0.30316	2.02237	0.34620	0.10313	0.09131	-0.31149	0.50200	0.99998	-0.00543	-0.00160	0.00544	0.99998	0.00179	0.00159	-0.00180	1.00000		-8.63720	59.58913	873.96800	179.76741	2.50208	-2.78227	0.73877	0.99787	0.04872	0.04341	0.04849	-0.99880	0.00617	0.04366	-0.00406	-0.99904		599.89571	7.72920	40.72922	1.14562	-0.38894	1.78734	0.41624	0.99949	0.03105	0.00741	-0.03119	0.99932	0.01977	-0.00679	-0.01999	0.99978	
28	0.27000	-0.30640	2.03517	0.35592	0.10183	0.09596	-0.31425	0.50191	0.99998	-0.00548	-0.00168	0.00548	0.99998	0.00177	0.00167	-0.00178	1.00000		-8.70313	59.56250	873.95983	179.76675	2.51165	-2.78326	0.74104	0.99786	0.04874	0.04357	0.04851	-0.99880	0.00619	0.04382	-0.00407	-0.99903		599.89952	7.75602	40.76215	1.16180	-0.39707	1.77871	0.41858	0.99949	0.03089	0.00755	-0.03104	0.99932	0.02005	-0.00693	-0.02028	0.99977	
29	0.28000	-0.29989	2.03257	0.33948	0.11180	0.08961	-0.31239	0.49903	0.99998	-0.00545	-0.00157	0.00545	0.99998	0.00194	0.00156	-0.00195	1.00000		-8.62078	59.72622	873.96791	179.75595	2.50433	-2.79291	0.74214	0.99786	0.04891	0.04343	0.04868	-0.99879	0.00638	0.04369	-0.00426	-0.99904		599.89672	7.72994	40.70616	1.13122	-0.39206	1.78893	0.41353	0.99949	0.03108	0.00745	-0.03122	0.99932	0.01952	-0.00684	-0.01974	0.99978	
30	0.29000	-0.30412	2.03561	0.32782	0.10712	0.08474	-0.31579	0.49881	0.99998	-0.00551	-0.00149	0.00551	0.99998	0.00186	0.00148	-0.00187	1.00000		-8.55025	59.65630	873.97826	179.76035	2.49964	-2.79449	0.74082	0.99786	0.04894	0.04336	0.04871	-0.99879	0.00630	0.04361	-0.00418	-0.99904		599.89835	7.77088	40.66934	1.15272	-0.38749	1.77660	0.41859	0.99950	0.03086	0.00738	-0.03100	0.99932	0.01990	-0.00676	-0.02012	0.99977	
31	0.30000	-0.30203	2.03231	0.34128	0.09855	0.09090	-0.31453	0.50198	0.99998	-0.00549	-0.00160	0.00549	0.99998	0.00171	0.00159	-0.00172	1.00000		-8.64891	59.52746	873.97412	179.76881	2.50436	-2.79666	0.74215	0.99786	0.04897	0.04345	0.04874	-0.99879	0.00616	0.04370	-0.00403	-0.99904		599.89040	7.75536	40.72232	1.16596	-0.38985	1.78560	0.41732	0.99949	0.03101	0.00743	-0.03116	0.99931	0.02013	-0.00680	-0.02035	0.99977	
32	0.31000	-0.29575	2.02699	0.29922	0.09457	0.07626	-0.31306	0.50210	0.99998	-0.00546	-0.00134	0.00546	0.99998	0.00164	0.00133	-0.00165	1.00000		-8.44625	59.48973	873.99809	179.77631	2.47432	-2.79304	0.73448	0.99788	0.04890	0.04293	0.04868	-0.99880	0.00600	0.04317	-0.00390	-0.99906		599.89889	7.74031	40.61110	1.15884	-0.37393	1.78048	0.41688	0.99950	0.03093	0.00715	-0.03107	0.99932	0.02001	-0.00653	-0.02022	0.99977	
33	0.32000	-0.28594	2.09803	0.45484	0.21803	0.12318	-0.31218	0.45967	0.99998	-0.00544	-0.00217	0.00545	0.99998	0.00379	0.00215	-0.00381	0.99999		-9.16821	61.27288	873.72585	179.65485	2.53136	-2.78899	0.73981	0.99784	0.04892	0.04382	0.04861	-0.99878	0.00817	0.04417	-0.00602	-0.99901		599.85922	7.73145	40.92618	1.03334	-0.43533	1.78889	0.41646	0.99948	0.03107	0.00816	-0.03122	0.99935	0.01779	-0.00760	-0.01803	0.99981	
34	0.33000	-0.24872	2.05048	-0.05630	0.23219	-0.04791	-0.30367	0.46124	0.99999	-0.00530	0.00082	0.00530	0.99998	0.00406	-0.00084	-0.00405	0.99999		-6.58000	61.54690	874.24828	179.62868	2.36862	-2.78006	0.73646	0.99797	0.04877	0.04096	0.04846	-0.99879	0.00848	0.04133	-0.00648	-0.99912		599.94132	7.71116	39.65501	1.02004	-0.25863	1.77648	0.41926	0.99951	0.03092	0.00506	-0.03100	0.99936	0.01765	-0.00451	-0.01780	0.99983	
35	0.34000	-0.25223	2.03997	-0.05907	0.22312	-0.04821	-0.30268	0.46357	0.99999	-0.00529	0.00082	0.00528	0.99998	0.00390	-0.00084	-0.00389	0.99999		-6.56401	61.42525	874.25548	179.64032	2.35893	-2.78576	0.73958	0.99797	0.04886	0.04080	0.04856	-0.99879	0.00827	0.04116	-0.00627	-0.99913		599.94744	7.72740	39.65014	1.05437	-0.25979	1.75291	0.41817	0.99952	0.03050	0.00509	-0.03059	0.99937	0.01825	-0.00453	-0.01840	0.99982	
36	0.35000	-0.25004	2.05651	-0.06180	0.23638	-0.04976	-0.30816	0.45732	0.99998	-0.00538	0.00085	0.00538	0.99998	0.00413	-0.00087	-0.00413	0.99999		-6.54802	61.58883	874.24243	179.63391	2.35588	-2.78086	0.74199	0.99798	0.04878	0.04075	0.04848	-0.99879	0.00838	0.04111	-0.00638	-0.99913		599.93943	7.78012	39.63956	1.04370	-0.24671	1.76332	0.41485	0.99952	0.03069	0.00486	-0.03077	0.99936	0.01807	-0.00431	-0.01821	0.99982	
37	0.36000	-0.29840	2.03320	0.28657	0.10334	0.07491	-0.31399	0.49435	0.99998	-0.00548	-0.00132	0.00548	0.99998	0.00180	0.00131	-0.00180	1.00000		-8.38837	59.58361	874.02229	179.76492	2.48431	-2.79328	0.74079	0.99787	0.04891	0.04309	0.04869	-0.99879	0.00621	0.04335	-0.00410	-0.99905		599.90260	7.77166	40.60893	1.17232	-0.36962	1.76378	0.41571	0.99951	0.03064	0.00708	-0.03078	0.99932	0.02025	-0.00645	-0.02046	0.99977	
38	0.37000	-0.24861	2.04028	-0.07427	0.23209	-0.05397	-0.29985	0.46419	0.99999	-0.00524	0.00092	0.00523	0.99998	0.00405	-0.00094	-0.00405	0.99999		-6.46618	61.54385	874.25631	179.63223	2.35126	-2.77243	0.73767	0.99799	0.04863	0.04067	0.04833	-0.99880	0.00840	0.04103	-0.00641	-0.99914		600.14588	7.81168	39.51485	1.18569	-0.44847	1.73187	0.43413	0.99951	0.03005	0.00845	-0.03022	0.99933	0.02045	-0.00783	-0.02069	0.99976	
39	0.38000	-0.29560	2.03455	0.27202	0.10462	0.06826	-0.31298	0.49772	0.99998	-0.00546	-0.00120	0.00546	0.99998	0.00182	0.00119	-0.00183	1.00000		-8.29952	59.61396	874.01620	179.76984	2.46676	-2.79440	0.73549	0.99789	0.04892	0.04279	0.04871	-0.99879	0.00611	0.04304	-0.00401	-0.99907		599.91780	7.74162	40.53614	1.15142	-0.38172	1.77057	0.42171	0.99950	0.03076	0.00728	-0.03090	0.99932	0.01988	-0.00666	-0.02009	0.99978	
40	0.39000	-0.30130	2.03409	0.31112	0.10785	0.08240	-0.31342	0.49421	0.99998	-0.00547	-0.00145	0.00547	0.99998	0.00187	0.00144	-0.00188	1.00000		-8.50314	59.63738	873.98950	179.75987	2.49391	-2.78770	0.74234	0.99787	0.04882	0.04326	0.04859	-0.99880	0.00630	0.04351	-0.00419	-0.99904		599.85564	7.70390	40.66677	1.11059	-0.34184	1.84739	0.40406	0.99946	0.03212	0.00659	-0.03224	0.99930	0.01918	-0.00597	-0.01938	0.99979	
41	0.40000	-0.25450	2.05213	-0.04631	0.22735	-0.04315	-0.30321	0.45909	0.99999	-0.00529	0.00073	0.00529	0.99998	0.00397	-0.00075	-0.00397	0.99999		-6.63460	61.46232	874.24155	179.63722	2.37184	-2.77850	0.73832	0.99797	0.04874	0.04103	0.04843	-0.99879	0.00833	0.04138	-0.00633	-0.99912		599.94201	7.70770	39.66851	1.03354	-0.27465	1.76807	0.41871	0.99951	0.03076	0.00535	-0.03085	0.99936	0.01788	-0.00479	-0.01804	0.99983	
42	0.41000	-0.24904	2.03601	-0.05647	0.22194	-0.04722	-0.30023	0.46018	0.99999	-0.00524	0.00080	0.00524	0.99998	0.00388	-0.00082	-0.00387	0.99999		-6.59797	61.41461	874.23058	179.65843	2.35197	-2.77686	0.73353	0.99798	0.04869	0.04070	0.04841	-0.99880	0.00794	0.04104	-0.00596	-0.99914		599.94393	7.69005	39.64226	1.03427	-0.26712	1.75589	0.41722	0.99952	0.03055	0.00521	-0.03064	0.99937	0.01790	-0.00466	-0.01805	0.99983	
43	0.42000	-0.24999	2.05619	-0.07793	0.24234	-0.05324	-0.30278	0.45779	0.99999	-0.00529	0.00091	0.00528	0.99998	0.00423	-0.00093	-0.00423	0.99999		-6.49897	61.68905	874.24922	179.62700	2.35356	-2.77639	0.73956	0.99798	0.04870	0.04070	0.04840	-0.99879	0.00849	0.04107	-0.00650	-0.99914		599.94219	7.72375	39.60414	1.02346	-0.25095	1.75017	0.41450	0.99952	0.03046	0.00492	-0.03054	0.99938	0.01772	-0.00438	-0.01786	0.99983	
44	0.43000	-0.25212	2.05361	-0.08154	0.23463	-0.05273	-0.30460	0.45577	0.99999	-0.00532	0.00090	0.00532	0.99998	0.00410	-0.00092	-0.00410	0.99999		-6.50836	61.58254	874.26231	179.63255	2.35748	-2.78262	0.74651	0.99798	0.04881	0.04077	0.04851	-0.99879	0.00840	0.04113	-0.00641	-0.99913		600.14837	7.85089	39.52059	1.17595	-0.46455	1.73444	0.43430	0.99951	0.03009	0.00872	-0.03027	0.99934	0.02027	-0.00811	-0.02052	0.99976	
45	0.44000	-0.25354	2.04358	-0.06666	0.23012	-0.04831	-0.30145	0.45511	0.99999	-0.00526	0.00082	0.00526	0.99998	0.00402	-0.00084	-0.00402	0.99999		-6.56948	61.52557	874.25798	179.63351	2.37071	-2.77855	0.73451	0.99797	0.04874	0.04101	0.04843	-0.99879	0.00839	0.04136	-0.00639	-0.99912		599.94854	7.71964	39.64276	1.05048	-0.26500	1.74558	0.41828	0.99953	0.03037	0.00518	-0.03046	0.99937	0.01818	-0.00463	-0.01833	0.99982	
46	0.45000	-0.24842	2.05170	-0.08773	0.22783	-0.05734	-0.30444	0.46099	0.99999	-0.00532	0.00098	0.00531	0.99998	0.00398	-0.00100	-0.00398	0.99999		-6.44306	61.47177	874.28009	179.63327	2.35696	-2.77410	0.73752	0.99798	0.04866	0.04077	0.04836	-0.99879	0.00838	0.04113	-0.00640	-0.99913		599.94819	7.72688	39.56388	1.03266	-0.25300	1.75873	0.41621	0.99952	0.03061	0.00497	-0.03069	0.99937	0.01788	-0.00442	-0.01802	0.99983	
47	0.46000	-0.28932	2.03878	0.26354	0.11577	0.06823	-0.31308	0.49474	0.99998	-0.00546	-0.00120	0.00546	0.99998	0.00201	0.00119	-0.00202	1.00000		-8.31759	59.77295	874.03327	179.74866	2.48181	-2.78682	0.73397	0.99788	0.04881	0.04304	0.04857	-0.99880	0.00649	0.04330	-0.00438	-0.99905		599.90858	7.74889	40.53137	1.14721	-0.38456	1.77249	0.41347	0.99950	0.03079	0.00733	-0.03093	0.99933	0.01980	-0.00671	-0.02002	0.99978	
48	0.47000	-0.24938	2.05605	-0.07903	0.23114	-0.05161	-0.30460	0.45621	0.99999	-0.00532	0.00088	0.00532	0.99998	0.00404	-0.00090	-0.00403	0.99999		-6.51885	61.54095	874.26935	179.63586	2.36371	-2.78206	0.73686	0.99797	0.04880	0.04088	0.04850	-0.99879	0.00835	0.04124	-0.00635	-0.99913		599.94712	7.73775	39.61979	1.04245	-0.25616	1.74801	0.41727	0.99952	0.03042	0.00502	-0.03050	0.99937	0.01805	-0.00447	-0.01819	0.99982	
49	0.48000	-0.24537	2.05186	-0.10448	0.22630	-0.06259	-0.30481	0.46026	0.99999	-0.00532	0.00107	0.00532	0.99998	0.00395	-0.00109	-0.00395	0.99999		-6.34824	61.48199	874.28845	179.64090	2.34862	-2.79173	0.74313	0.99797	0.04896	0.04062	0.04866	-0.99878	0.00826	0.04098	-0.00626	-0.99914		599.94773	7.72395	39.52445	1.02104	-0.24998	1.76388	0.41810	0.99952	0.03070	0.00491	-0.03078	0.99937	0.01768	-0.00436	-0.01782	0.99983	
50	0.49000	-0.29679	2.02736	0.27261	0.10907	0.07113	-0.30833	0.49478	0.99998	-0.00538	-0.00125	0.00538	0.99998	0.00190	0.00124	-0.00190	1.00000		-8.32819	59.69847	874.03125	179.75700	2.48278	-2.78905	0.73840	0.99788	0.04884	0.04306	0.04861	-0.99880	0.00634	0.04332	-0.00424	-0.99905		599.91024	7.71994	40.55973	1.16122	-0.38174	1.74919	0.42069	0.99951	0.03038	0.00728	-0.03052	0.99933	0.02005	-0.00666	-0.02027	0.99977	
51	0.50000	-0.25327	2.04493	-0.05904	0.22568	-0.04498	-0.30014	0.45787	0.99999	-0.00524	0.00076	0.00524	0.99998	0.00394	-0.00079	-0.00394	0.99999		-6.59504	61.47618	874.25305	179.64400	2.37049	-2.78800	0.74133	0.99796	0.04890	0.04101	0.04860	-0.99878	0.00822	0.04136	-0.00621	-0.99913		599.94447	7.69210	39.66085	1.03725	-0.26468	1.74890	0.41302	0.99952	0.03043	0.00517	-0.03052	0.99937	0.01795	-0.00462	-0.01810	0.99983	
52	0.51000	-0.25154	2.05456	-0.07560	0.23613	-0.05278	-0.30254	0.45905	0.99999	-0.00528	0.00090	0.00528	0.99998	0.00413	-0.00092	-0.00412	0.99999		-6.48645	61.61534	874.25181	179.63316	2.35468	-2.78788	0.73898	0.99797	0.04890	0.04072	0.04860	-0.99878	0.00839	0.04109	-0.00640	-0.99914		599.94277	7.70846	39.60258	1.02741	-0.24943	1.75119	0.41881	0.99952	0.03048	0.00490	-0.03056	0.99937	0.01779	-0.00435	-0.01793	0.99983	
53	0.52000	-0.30036	2.03093	0.30219	0.11856	0.08123	-0.30860	0.49318	0.99998	-0.00538	-0.00143	0.00539	0.99998	0.00206	0.00142	-0.00207	1.00000		-8.48325	59.82542	873.97652	179.75165	2.48467	-2.78964	0.73873	0.99788	0.04886	0.04309	0.04862	-0.99880	0.00644	0.04335	-0.00433	-0.99905		599.89861	7.70088	40.63666	1.13132	-0.38353	1.77448	0.41742	0.99950	0.03083	0.00730	-0.03096	0.99933	0.01953	-0.00669	-0.01974	0.99978	
54	0.53000	-0.29635	2.03142	0.29967	0.09835	0.08104	-0.30986	0.49469	0.99998	-0.00541	-0.00142	0.00541	0.99998	0.00171	0.00141	-0.00172	1.00000		-8.48709	59.50659	874.01204	179.77800	2.48947	-2.78937	0.74291	0.99787	0.04883	0.04320	0.04862	-0.99880	0.00598	0.04344	-0.00387	-0.99905		599.89302	7.71734	40.63705	1.18391	-0.39094	1.76093	0.41859	0.99950	0.03058	0.00745	-0.03073	0.99932	0.02044	-0.00682	-0.02066	0.99976	
55	0.54000	-0.29761	2.03667	0.28946	0.10240	0.07889	-0.31321	0.49564	0.99998	-0.00546	-0.00139	0.00547	0.99998	0.00178	0.00138	-0.00179	1.00000		-8.47425	59.58608	874.00271	179.78067	2.48506	-2.79563	0.73064	0.99787	0.04894	0.04312	0.04873	-0.99879	0.00594	0.04336	-0.00382	-0.99905		599.89804	7.75293	40.62415	1.17676	-0.38974	1.75837	0.41665	0.99951	0.03054	0.00743	-0.03068	0.99932	0.02032	-0.00680	-0.02054	0.99977	
56	0.55000	-0.29551	2.03699	0.30051	0.10224	0.08151	-0.31444	0.49609	0.99998	-0.00549	-0.00143	0.00549	0.99998	0.00178	0.00142	-0.00178	1.00000		-8.50683	59.55155	874.00422	179.77005	2.49503	-2.78754	0.73673	0.99787	0.04881	0.04329	0.04859	-0.99880	0.00613	0.04353	-0.00401	-0.99904		599.88881	7.76742	40.64242	1.16467	-0.38551	1.75565	0.41942	0.99951	0.03049	0.00735	-0.03064	0.99933	0.02011	-0.00673	-0.02033	0.99977	
57	0.56000	-0.29727	2.03220	0.29249	0.10239	0.07831	-0.31108	0.49646	0.99998	-0.00543	-0.00138	0.00543	0.99998	0.00178	0.00137	-0.00179	1.00000		-8.45380	59.56362	874.01463	179.76726	2.49548	-2.79040	0.73617	0.99787	0.04886	0.04329	0.04864	-0.99880	0.00618	0.04354	-0.00406	-0.99904		599.89490	7.73504	40.62077	1.16943	-0.37944	1.74889	0.41773	0.99951	0.03038	0.00724	-0.03052	0.99933	0.02020	-0.00662	-0.02041	0.99977	
58	0.57000	-0.24922	2.03617	-0.05831	0.20813	-0.04508	-0.29988	0.45811	0.99999	-0.00524	0.00077	0.00523	0.99998	0.00364	-0.00079	-0.00363	0.99999		-6.62319	61.19085	874.28184	179.65939	2.37589	-2.78685	0.73855	0.99796	0.04887	0.04112	0.04858	-0.99879	0.00795	0.04146	-0.00594	-0.99912		599.92754	7.68262	39.67183	1.06916	-0.25404	1.74399	0.41976	0.99953	0.03035	0.00500	-0.03043	0.99937	0.01852	-0.00443	-0.01866	0.99982	
59	0.58000	-0.30102	2.03399	0.28111	0.10126	0.07573	-0.31222	0.49178	0.99998	-0.00545	-0.00133	0.00545	0.99998	0.00176	0.00132	-0.00177	1.00000		-8.41486	59.53491	874.02818	179.76173	2.49102	-2.78534	0.73941	0.99787	0.04877	0.04321	0.04855	-0.99880	0.00627	0.04346	-0.00415	-0.99905		599.89640	7.73377	40.59278	1.16866	-0.38629	1.76321	0.41763	0.99950	0.03063	0.00736	-0.03077	0.99932	0.02018	-0.00674	-0.02040	0.99977	
60	0.59000	-0.30025	2.03420	0.29755	0.10834	0.08121	-0.31059	0.49172	0.99998	-0.00542	-0.00143	0.00542	0.99998	0.00188	0.00142	-0.00189	1.00000		-8.49146	59.64855	874.01749	179.76280	2.50365	-2.78809	0.73995	0.99786	0.04882	0.04343	0.04860	-0.99880	0.00626	0.04368	-0.00414	-0.99904		600.08944	7.84636	40.55733	1.31156	-0.58427	1.72680	0.43723	0.99949	0.02989	0.01088	-0.03013	0.99929	0.02257	-0.01020	-0.02289	0.99969	
61	0.60000	-0.30393	2.03380	0.29773	0.10197	0.08288	-0.31207	0.49375	0.99998	-0.00544	-0.00146	0.00545	0.99998	0.00177	0.00145	-0.00178	1.00000		-8.52714	59.57189	873.99098	179.77412	2.48639	-2.78982	0.73281	0.99787	0.04884	0.04314	0.04863	-0.99880	0.00605	0.04338	-0.00394	-0.99905		599.89818	7.72992	40.64722	1.15451	-0.39321	1.75855	0.42332	0.99951	0.03054	0.00748	-0.03069	0.99933	0.01993	-0.00686	-0.02015	0.99977	
62	0.61000	-0.27849	2.07643	0.41420	0.21672	0.10837	-0.30220	0.45380	0.99998	-0.00527	-0.00191	0.00527	0.99998	0.00377	0.00189	-0.00378	0.99999		-8.92440	61.28067	873.75978	179.64941	2.51611	-2.79121	0.74233	0.99785	0.04896	0.04355	0.04865	-0.99878	0.00825	0.04390	-0.00611	-0.99902		599.86188	7.67894	40.79269	1.06408	-0.42005	1.73499	0.41847	0.99951	0.03014	0.00789	-0.03028	0.99937	0.01834	-0.00733	-0.01857	0.99980	
63	0.62000	-0.29844	2.02305	0.30584	0.10554	0.08380	-0.30602	0.48942	0.99998	-0.00534	-0.00147	0.00534	0.99998	0.00183	0.00146	-0.00184	1.00000		-8.52918	59.64062	874.00048	179.75833	2.49294	-2.79174	0.74008	0.99787	0.04889	0.04324	0.04866	-0.99880	0.00633	0.04350	-0.00421	-0.99904		599.89731	7.70402	40.65738	1.17798	-0.39142	1.73228	0.42141	0.99952	0.03008	0.00745	-0.03023	0.99934	0.02034	-0.00683	-0.02056	0.99977	
64	0.63000	-0.30135	2.03697	0.28430	0.09800	0.07630	-0.31339	0.49495	0.99998	-0.00547	-0.00134	0.00547	0.99998	0.00170	0.00133	-0.00171	1.00000		-8.41208	59.51692	874.02220	179.76552	2.48228	-2.80134	0.74040	0.99787	0.04905	0.04306	0.04883	-0.99879	0.00620	0.04331	-0.00409	-0.99905		599.90408	7.74863	40.58515	1.17851	-0.39406	1.75559	0.41573	0.99951	0.03049	0.00750	-0.03064	0.99932	0.02035	-0.00688	-0.02057	0.99976	
65	0.64000	-0.25711	2.05507	-0.06469	0.22733	-0.04596	-0.30276	0.45651	0.99999	-0.00529	0.00078	0.00528	0.99998	0.00397	-0.00080	-0.00397	0.99999		-6.58412	61.48222	874.25994	179.64384	2.36957	-2.78523	0.73994	0.99796	0.04885	0.04099	0.04855	-0.99879	0.00822	0.04134	-0.00621	-0.99913		599.94340	7.70000	39.65290	1.03764	-0.26709	1.75720	0.41837	0.99952	0.03057	0.00521	-0.03066	0.99937	0.01796	-0.00466	-0.01811	0.99983	
66	0.65000	-0.30535	2.04374	0.31062	0.09429	0.08420	-0.31704	0.49203	0.99998	-0.00553	-0.00148	0.00553	0.99998	0.00164	0.00147	-0.00165	1.00000		-8.53292	59.44267	874.00789	179.77266	2.49692	-2.79511	0.73844	0.99786	0.04894	0.04332	0.04872	-0.99879	0.00609	0.04357	-0.00396	-0.99904		599.90440	7.77836	40.65032	1.17799	-0.39885	1.75875	0.41720	0.99950	0.03054	0.00759	-0.03069	0.99932	0.02034	-0.00696	-0.02056	0.99976	
67	0.66000	-0.23697	2.10265	0.04803	0.34864	-0.01795	-0.29870	0.42292	0.99999	-0.00521	0.00028	0.00521	0.99997	0.00609	-0.00031	-0.00608	0.99998		-7.04570	63.28455	874.00858	179.51965	2.39250	-2.77945	0.74084	0.99795	0.04884	0.04129	0.04845	-0.99877	0.01040	0.04174	-0.00838	-0.99909		599.91630	7.71800	39.82133	0.93915	-0.30411	1.73134	0.41578	0.99953	0.03012	0.00580	-0.03021	0.99941	0.01622	-0.00531	-0.01639	0.99985	
68	0.67000	-0.25537	2.05240	-0.07750	0.23638	-0.05102	-0.30145	0.44988	0.99999	-0.00526	0.00087	0.00526	0.99998	0.00413	-0.00089	-0.00413	0.99999		-6.51814	61.62407	874.26191	179.62750	2.36543	-2.78358	0.74322	0.99797	0.04883	0.04091	0.04852	-0.99879	0.00850	0.04127	-0.00650	-0.99913		600.15050	7.83962	39.53261	1.19683	-0.46197	1.71193	0.43458	0.99952	0.02970	0.00868	-0.02987	0.99934	0.02064	-0.00806	-0.02089	0.99975	
69	0.68000	-0.29427	2.02993	0.27908	0.10463	0.07462	-0.31120	0.49326	0.99998	-0.00543	-0.00131	0.00543	0.99998	0.00182	0.00130	-0.00183	1.00000		-8.40508	59.61970	874.01684	179.76619	2.48166	-2.79172	0.73465	0.99788	0.04888	0.04305	0.04866	-0.99880	0.00618	0.04330	-0.00408	-0.99905		599.90547	7.74481	40.57361	1.17527	-0.39236	1.75549	0.42061	0.99951	0.03049	0.00747	-0.03063	0.99932	0.02029	-0.00685	-0.02051	0.99977	
70	0.69000	-0.25411	2.04664	-0.06406	0.21886	-0.04516	-0.30257	0.45277	0.99999	-0.00528	0.00077	0.00528	0.99998	0.00382	-0.00079	-0.00382	0.99999		-6.62287	61.33192	874.27389	179.63919	2.37308	-2.77255	0.73702	0.99797	0.04863	0.04105	0.04833	-0.99880	0.00829	0.04141	-0.00629	-0.99912		599.95205	7.71461	39.66683	1.06006	-0.26615	1.74588	0.41334	0.99953	0.03038	0.00521	-0.03047	0.99937	0.01835	-0.00465	-0.01850	0.99982	
71	0.70000	-0.29895	2.03761	0.28576	0.11714	0.07655	-0.31187	0.49093	0.99998	-0.00544	-0.00135	0.00544	0.99998	0.00204	0.00134	-0.00204	1.00000		-8.43833	59.79119	873.99943	179.74989	2.48899	-2.78977	0.73737	0.99787	0.04886	0.04316	0.04863	-0.99880	0.00647	0.04343	-0.00436	-0.99905		599.91781	7.73882	40.58629	1.13462	-0.39762	1.76180	0.41486	0.99950	0.03060	0.00754	-0.03074	0.99934	0.01958	-0.00694	-0.01980	0.99978	
72	0.71000	-0.25366	2.04777	-0.07340	0.22770	-0.04856	-0.30253	0.45945	0.99999	-0.00528	0.00083	0.00528	0.99998	0.00398	-0.00085	-0.00397	0.99999		-6.57161	61.48035	874.26021	179.63884	2.36655	-2.78029	0.73582	0.99797	0.04877	0.04094	0.04846	-0.99879	0.00830	0.04129	-0.00630	-0.99913		599.95615	7.70875	39.63502	1.03734	-0.26549	1.75662	0.41452	0.99952	0.03057	0.00519	-0.03065	0.99937	0.01795	-0.00463	-0.01810	0.99983	
73	0.72000	-0.25080	2.03850	-0.07145	0.21825	-0.04814	-0.29941	0.45549	0.99999	-0.00523	0.00082	0.00523	0.99998	0.00381	-0.00084	-0.00381	0.99999		-6.57719	61.34206	874.26654	179.64935	2.36259	-2.77281	0.73788	0.99798	0.04863	0.04088	0.04833	-0.99880	0.00811	0.04122	-0.00611	-0.99913		599.94528	7.69804	39.64407	1.06153	-0.25942	1.72526	0.41926	0.99954	0.03002	0.00508	-0.03011	0.99938	0.01838	-0.00453	-0.01853	0.99982	
74	0.73000	-0.25273	2.05515	-0.09015	0.22695	-0.05293	-0.30619	0.45488	0.99999	-0.00535	0.00090	0.00534	0.99998	0.00397	-0.00092	-0.00396	0.99999		-6.50752	61.46022	874.27658	179.63519	2.36036	-2.79492	0.73699	0.99796	0.04902	0.04082	0.04872	-0.99878	0.00837	0.04118	-0.00636	-0.99913		600.14976	7.85945	39.52831	1.18874	-0.44969	1.73412	0.43525	0.99951	0.03009	0.00847	-0.03026	0.99933	0.02050	-0.00785	-0.02075	0.99975	
75	0.74000	-0.30367	2.04305	0.29255	0.10626	0.08200	-0.31402	0.48898	0.99998	-0.00548	-0.00144	0.00548	0.99998	0.00185	0.00143	-0.00185	1.00000		-8.51560	59.61437	874.00929	179.75432	2.49121	-2.79697	0.73542	0.99786	0.04898	0.04320	0.04875	-0.99879	0.00640	0.04347	-0.00428	-0.99905		599.91368	7.74876	40.63617	1.15280	-0.40330	1.76490	0.42057	0.99950	0.03065	0.00765	-0.03080	0.99933	0.01989	-0.00704	-0.02012	0.99977	
76	0.75000	-0.25205	2.04958	-0.07912	0.21687	-0.04967	-0.30660	0.45571	0.99999	-0.00535	0.00085	0.00535	0.99998	0.00379	-0.00087	-0.00379	0.99999		-6.55427	61.30420	874.27958	179.64909	2.36209	-2.78694	0.73964	0.99797	0.04887	0.04087	0.04858	-0.99879	0.00812	0.04121	-0.00612	-0.99913		599.95663	7.75054	39.62011	1.04452	-0.27186	1.74365	0.41888	0.99953	0.03034	0.00530	-0.03043	0.99937	0.01808	-0.00474	-0.01823	0.99982	
77	0.76000	-0.25220	2.04417	-0.08030	0.22036	-0.05042	-0.30169	0.45597	0.99999	-0.00527	0.00086	0.00527	0.99998	0.00385	-0.00088	-0.00385	0.99999		-6.52313	61.36197	874.29049	179.64618	2.37471	-2.78209	0.73982	0.99796	0.04879	0.04109	0.04850	-0.99879	0.00818	0.04143	-0.00617	-0.99912		599.94842	7.70635	39.62604	1.04280	-0.25889	1.74138	0.41878	0.99953	0.03030	0.00507	-0.03039	0.99938	0.01805	-0.00452	-0.01820	0.99982	
78	0.77000	-0.29835	2.03185	0.27681	0.09805	0.07653	-0.31235	0.49596	0.99998	-0.00545	-0.00134	0.00545	0.99998	0.00170	0.00134	-0.00171	1.00000		-8.41952	59.50655	874.02393	179.77530	2.48316	-2.80032	0.74014	0.99787	0.04902	0.04308	0.04881	-0.99879	0.00603	0.04333	-0.00392	-0.99905		600.10326	7.87306	40.52763	1.33550	-0.57938	1.74034	0.42813	0.99949	0.03013	0.01081	-0.03037	0.99927	0.02299	-0.01011	-0.02331	0.99968	
79	0.78000	-0.29567	2.03750	0.27189	0.09721	0.07242	-0.31389	0.49282	0.99998	-0.00548	-0.00127	0.00548	0.99998	0.00169	0.00126	-0.00170	1.00000		-8.35568	59.48411	874.03389	179.77440	2.48325	-2.79796	0.73547	0.99787	0.04898	0.04308	0.04877	-0.99879	0.00605	0.04333	-0.00393	-0.99905		599.91336	7.76668	40.56554	1.18849	-0.39211	1.75569	0.41595	0.99951	0.03049	0.00747	-0.03064	0.99932	0.02052	-0.00684	-0.02074	0.99976	
80	0.79000	-0.29520	2.02907	0.29100	0.09562	0.08119	-0.31203	0.49562	0.99998	-0.00544	-0.00143	0.00545	0.99998	0.00166	0.00142	-0.00167	1.00000		-8.49043	59.46971	874.01320	179.78317	2.49377	-2.79297	0.73772	0.99787	0.04889	0.04327	0.04868	-0.99880	0.00590	0.04351	-0.00378	-0.99905		599.90197	7.73120	40.64883	1.15462	-0.38455	1.76602	0.41803	0.99950	0.03068	0.00733	-0.03082	0.99933	0.01993	-0.00671	-0.02015	0.99977	
81	0.80000	-0.25137	2.05047	-0.09426	0.23177	-0.05686	-0.30199	0.46127	0.99999	-0.00527	0.00097	0.00527	0.99998	0.00405	-0.00099	-0.00405	0.99999		-6.43230	61.53364	874.27098	179.63576	2.35117	-2.77962	0.73659	0.99798	0.04875	0.04067	0.04845	-0.99879	0.00834	0.04102	-0.00635	-0.99914		600.15935	7.84761	39.48396	1.19445	-0.46301	1.70974	0.43645	0.99952	0.02966	0.00870	-0.02984	0.99934	0.02060	-0.00808	-0.02084	0.99975	
82	0.81000	-0.30230	2.03476	0.30330	0.09548	0.08667	-0.31339	0.49629	0.99998	-0.00547	-0.00152	0.00547	0.99998	0.00166	0.00151	-0.00167	1.00000		-8.56960	59.47739	873.99874	179.77057	2.49473	-2.80911	0.73687	0.99785	0.04918	0.04328	0.04896	-0.99878	0.00613	0.04353	-0.00400	-0.99904		599.90985	7.76657	40.68416	1.18757	-0.40619	1.74878	0.41698	0.99951	0.03036	0.00772	-0.03052	0.99932	0.02050	-0.00709	-0.02072	0.99976	
83	0.82000	-0.25742	2.05265	-0.06769	0.22756	-0.04774	-0.30519	0.45965	0.99999	-0.00533	0.00081	0.00533	0.99998	0.00398	-0.00083	-0.00397	0.99999		-6.56874	61.48120	874.25889	179.63983	2.36829	-2.79006	0.73733	0.99796	0.04893	0.04097	0.04863	-0.99878	0.00829	0.04132	-0.00628	-0.99913		599.95761	7.74294	39.63825	1.02986	-0.26355	1.74296	0.41919	0.99953	0.03033	0.00514	-0.03042	0.99938	0.01783	-0.00460	-0.01797	0.99983	
84	0.83000	-0.30324	2.03751	0.28911	0.09404	0.07899	-0.31591	0.49513	0.99998	-0.00551	-0.00139	0.00551	0.99998	0.00163	0.00138	-0.00164	1.00000		-8.46578	59.44499	874.02058	179.77153	2.49444	-2.79722	0.73548	0.99786	0.04897	0.04328	0.04876	-0.99879	0.00611	0.04352	-0.00398	-0.99904		599.91279	7.78058	40.62432	1.17882	-0.39017	1.75569	0.41966	0.99951	0.03049	0.00744	-0.03064	0.99932	0.02035	-0.00681	-0.02057	0.99977	
85	0.84000	-0.29840	2.04254	0.26288	0.10233	0.06703	-0.31600	0.49596	0.99998	-0.00551	-0.00118	0.00552	0.99998	0.00178	0.00117	-0.00179	1.00000		-8.29451	59.56410	874.04779	179.75703	2.48355	-2.79769	0.73462	0.99787	0.04899	0.04307	0.04876	-0.99879	0.00635	0.04333	-0.00424	-0.99905		599.91056	7.79046	40.52365	1.18835	-0.37457	1.74929	0.41645	0.99951	0.03038	0.00717	-0.03053	0.99932	0.02053	-0.00654	-0.02074	0.99976	
86	0.85000	-0.25418	2.04927	-0.07203	0.21751	-0.04953	-0.30305	0.45649	0.99999	-0.00529	0.00084	0.00529	0.99998	0.00380	-0.00086	-0.00380	0.99999		-6.56022	61.32030	874.27452	179.64320	2.36832	-2.77641	0.73359	0.99797	0.04869	0.04097	0.04840	-0.99879	0.00822	0.04132	-0.00622	-0.99913		599.94628	7.71190	39.63096	1.04719	-0.25527	1.74872	0.41993	0.99952	0.03043	0.00501	-0.03052	0.99937	0.01813	-0.00446	-0.01828	0.99982	
87	0.86000	-0.26056	2.06505	-0.07257	0.22535	-0.04878	-0.30888	0.46419	0.99998	-0.00539	0.00083	0.00539	0.99998	0.00394	-0.00085	-0.00393	0.99999		-6.56794	61.43528	874.27015	179.64531	2.37146	-2.78600	0.74121	0.99796	0.04886	0.04103	0.04856	-0.99879	0.00819	0.04138	-0.00619	-0.99912		599.95708	7.74599	39.63479	1.03037	-0.25977	1.76494	0.42211	0.99952	0.03071	0.00508	-0.03080	0.99937	0.01783	-0.00453	-0.01798	0.99983	
88	0.87000	-0.25699	2.05195	-0.06193	0.22210	-0.04716	-0.30536	0.45556	0.99999	-0.00533	0.00080	0.00533	0.99998	0.00388	-0.00082	-0.00388	0.99999		-6.59143	61.40372	874.26195	179.64929	2.37017	-2.78771	0.73417	0.99796	0.04889	0.04101	0.04859	-0.99879	0.00813	0.04136	-0.00612	-0.99913		599.94942	7.73526	39.64650	1.03318	-0.25344	1.75361	0.41336	0.99952	0.03052	0.00497	-0.03060	0.99937	0.01789	-0.00442	-0.01803	0.99983	
89	0.88000	-0.25447	2.05437	-0.07698	0.22504	-0.05133	-0.30651	0.45763	0.99999	-0.00535	0.00088	0.00535	0.99998	0.00393	-0.00090	-0.00393	0.99999		-6.53106	61.43974	874.26928	179.64301	2.36212	-2.78595	0.73382	0.99797	0.04886	0.04086	0.04856	-0.99879	0.00823	0.04122	-0.00623	-0.99913		599.95429	7.75335	39.61429	1.04502	-0.25787	1.74917	0.41727	0.99952	0.03044	0.00505	-0.03052	0.99937	0.01809	-0.00450	-0.01824	0.99982	
90	0.89000	-0.25606	2.05250	-0.09198	0.23151	-0.05522	-0.30286	0.45699	0.99999	-0.00529	0.00094	0.00529	0.99998	0.00405	-0.00096	-0.00404	0.99999		-6.45468	61.53584	874.28448	179.63216	2.36428	-2.78022	0.73900	0.99797	0.04877	0.04089	0.04846	-0.99879	0.00841	0.04125	-0.00641	-0.99913		599.95280	7.71034	39.59238	1.02721	-0.24537	1.75627	0.41885	0.99952	0.03057	0.00483	-0.03065	0.99937	0.01779	-0.00428	-0.01793	0.99983	
91	0.90000	-0.25354	2.04376	-0.08264	0.22328	-0.05324	-0.30320	0.45604	0.99999	-0.00530	0.00091	0.00529	0.99998	0.00390	-0.00093	-0.00390	0.99999		-6.48560	61.42011	874.27827	179.64503	2.35959	-2.78885	0.73693	0.99797	0.04891	0.04082	0.04861	-0.99878	0.00819	0.04117	-0.00619	-0.99913		599.97180	7.31529	39.60260	0.69565	-0.27644	2.26547	0.30800	0.99921	0.03947	0.00530	-0.03953	0.99915	0.01194	-0.00482	-0.01214	0.99991	
92	0.91000	-0.25281	2.04680	-0.06601	0.22072	-0.04639	-0.30256	0.45941	0.99999	-0.00528	0.00079	0.00528	0.99998	0.00386	-0.00081	-0.00385	0.99999		-6.58627	61.37230	874.27035	179.64478	2.37201	-2.78242	0.74187	0.99797	0.04880	0.04104	0.04850	-0.99879	0.00820	0.04139	-0.00619	-0.99912		599.95058	7.70450	39.65830	1.04599	-0.26048	1.76074	0.41416	0.99952	0.03064	0.00510	-0.03073	0.99936	0.01811	-0.00455	-0.01825	0.99982	
93	0.92000	-0.30271	2.03812	0.28390	0.10894	0.07968	-0.31352	0.49109	0.99998	-0.00547	-0.00140	0.00547	0.99998	0.00189	0.00139	-0.00190	1.00000		-8.46597	59.66431	874.01470	179.75595	2.49311	-2.79825	0.73779	0.99786	0.04900	0.04324	0.04877	-0.99879	0.00638	0.04350	-0.00426	-0.99904		599.91247	7.77829	40.63663	1.16904	-0.39163	1.74304	0.41392	0.99951	0.03027	0.00745	-0.03042	0.99933	0.02018	-0.00684	-0.02040	0.99977	
94	0.93000	-0.29852	2.03187	0.26962	0.09995	0.07248	-0.31079	0.49826	0.99998	-0.00542	-0.00127	0.00542	0.99998	0.00174	0.00126	-0.00174	1.00000		-8.35903	59.52485	874.04555	179.77116	2.48639	-2.78809	0.73588	0.99788	0.04881	0.04314	0.04860	-0.99880	0.00610	0.04338	-0.00399	-0.99905		599.91280	7.72712	40.56347	1.15752	-0.38400	1.76048	0.41691	0.99951	0.03058	0.00732	-0.03072	0.99933	0.01999	-0.00670	-0.02020	0.99977	
