1	0.00000	-0.16016	2.03719	0.82547	-0.25060	0.16541	-0.32479	0.49924	0.99998	-0.00568	-0.00286	0.00567	0.99997	-0.00439	0.00289	0.00437	0.99999		-9.90395	53.98474	874.01494	-179.73553	2.51608	-2.49528	0.58130	0.99809	0.04333	0.04406	0.04350	-0.99905	-0.00270	0.04390	0.00461	-0.99903		599.86728	7.43512	40.99622	1.31198	-0.66376	2.01765	0.35861	0.99931	0.03493	0.01238	-0.03520	0.99913	0.02247	-0.01158	-0.02289	0.99967	
2	0.01000	-0.16708	2.02349	0.83829	-0.26672	0.17329	-0.32058	0.50432	0.99998	-0.00561	-0.00300	0.00560	0.99997	-0.00467	0.00302	0.00466	0.99998		-9.94482	53.75983	874.05819	-179.72595	2.57282	-2.49781	0.58272	0.99804	0.04337	0.04505	0.04354	-0.99905	-0.00282	0.04489	0.00478	-0.99898		599.94686	7.45439	41.00678	1.37168	-0.72347	1.84386	0.36832	0.99940	0.03186	0.01339	-0.03217	0.99921	0.02352	-0.01263	-0.02394	0.99963	
3	0.02000	-0.16988	2.02593	0.81833	-0.25567	0.16247	-0.32150	0.50539	0.99998	-0.00562	-0.00281	0.00561	0.99997	-0.00448	0.00284	0.00446	0.99999		-9.82595	53.96569	874.00509	-179.72415	2.50839	-2.50854	0.57539	0.99808	0.04356	0.04393	0.04373	-0.99904	-0.00289	0.04377	0.00481	-0.99903		599.96293	7.46706	40.90226	1.35753	-0.71947	1.84026	0.37086	0.99941	0.03181	0.01331	-0.03211	0.99921	0.02328	-0.01256	-0.02369	0.99964	
4	0.03000	-0.13338	2.07507	0.24985	-0.12105	-0.03863	-0.33762	0.71963	0.99998	-0.00589	0.00069	0.00589	0.99998	-0.00211	-0.00067	0.00211	1.00000		-6.63935	56.15995	874.52685	-179.96698	2.42121	-2.76199	0.71483	0.99795	0.04816	0.04222	0.04814	-0.99884	0.00146	0.04225	0.00058	-0.99911		599.99479	7.80241	39.51661	1.35091	-0.19287	1.82041	0.37389	0.99949	0.03168	0.00411	-0.03177	0.99922	0.02346	-0.00337	-0.02358	0.99972	
5	0.04000	-0.12766	2.06946	0.22499	-0.09444	-0.05056	-0.33301	0.73321	0.99998	-0.00581	0.00089	0.00581	0.99998	-0.00164	-0.00088	0.00165	1.00000		-6.48939	56.56531	874.52405	-179.98657	2.41546	-2.75829	0.71483	0.99795	0.04811	0.04211	0.04808	-0.99884	0.00179	0.04215	0.00023	-0.99911		600.00271	7.79320	39.42781	1.33972	-0.16382	1.80636	0.37749	0.99950	0.03145	0.00359	-0.03152	0.99923	0.02328	-0.00286	-0.02338	0.99972	
6	0.05000	0.03357	2.60144	0.37647	0.57477	-0.83442	-0.53741	0.70034	0.99985	-0.00952	0.01447	0.00938	0.99990	0.01017	-0.01456	-0.01003	0.99984		4.68734	66.09229	873.88218	179.37912	1.59154	-2.79116	0.63332	0.99843	0.04899	0.02721	0.04868	-0.99874	0.01218	0.02777	-0.01083	-0.99956		600.25137	9.70957	31.61432	0.41450	0.67165	2.24448	0.37330	0.99916	0.03925	-0.01143	-0.03916	0.99920	0.00769	0.01172	-0.00723	0.99991	
7	0.06000	-0.23473	2.11575	0.21917	0.19449	-0.03214	-0.33437	0.57976	0.99998	-0.00584	0.00054	0.00584	0.99998	0.00340	-0.00056	-0.00339	0.99999		-6.85770	60.88952	874.04603	179.65002	2.38617	-2.77703	0.72800	0.99796	0.04870	0.04129	0.04841	-0.99879	0.00812	0.04163	-0.00610	-0.99911		599.94708	7.81909	39.80482	0.97078	-0.23522	2.03086	0.44399	0.99936	0.03536	0.00470	-0.03544	0.99923	0.01679	-0.00411	-0.01694	0.99985	
8	0.07000	-0.28194	2.08612	0.96663	0.12280	0.22823	-0.31747	0.57643	0.99998	-0.00553	-0.00399	0.00554	0.99998	0.00212	0.00398	-0.00214	0.99999		-10.79096	59.81821	873.30907	179.73485	2.63848	-2.76878	0.72778	0.99777	0.04852	0.04576	0.04825	-0.99881	0.00685	0.04603	-0.00462	-0.99893		599.80171	7.73287	41.61948	1.08908	-0.50429	1.84070	0.40400	0.99945	0.03195	0.00941	-0.03212	0.99931	0.01871	-0.00880	-0.01901	0.99978	
9	0.08000	-0.26679	2.04170	0.39836	0.09017	0.08412	-0.31646	0.52798	0.99998	-0.00552	-0.00148	0.00552	0.99998	0.00157	0.00147	-0.00157	1.00000		-8.65022	59.45088	873.89345	179.77434	2.45382	-2.84691	0.74415	0.99785	0.04984	0.04257	0.04962	-0.99875	0.00606	0.04281	-0.00394	-0.99908		599.87840	7.75564	40.66220	1.14567	-0.36689	1.82342	0.40869	0.99947	0.03168	0.00704	-0.03182	0.99930	0.01978	-0.00640	-0.01999	0.99978	
10	0.09000	-0.25584	2.08994	0.49920	0.21909	0.11073	-0.30576	0.48050	0.99998	-0.00533	-0.00195	0.00534	0.99998	0.00381	0.00193	-0.00382	0.99999		-9.00838	61.26299	873.70750	179.62982	2.53974	-2.76825	0.74482	0.99785	0.04858	0.04395	0.04825	-0.99880	0.00859	0.04431	-0.00645	-0.99900		599.83805	7.67593	40.83137	1.00245	-0.38343	1.80998	0.40872	0.99948	0.03146	0.00724	-0.03158	0.99935	0.01728	-0.00669	-0.01749	0.99982	
11	0.10000	-0.27144	2.02772	0.35045	0.09748	0.07648	-0.30832	0.51650	0.99998	-0.00538	-0.00134	0.00538	0.99998	0.00169	0.00133	-0.00170	1.00000		-8.45518	59.45567	873.99159	179.75436	2.50548	-2.76241	0.74240	0.99788	0.04838	0.04346	0.04815	-0.99882	0.00639	0.04371	-0.00428	-0.99903		599.87677	7.69551	40.61244	1.13902	-0.35663	1.80517	0.40790	0.99948	0.03137	0.00685	-0.03150	0.99931	0.01967	-0.00622	-0.01988	0.99978	
12	0.11000	-0.25161	2.07843	0.48769	0.20737	0.11309	-0.30260	0.47365	0.99998	-0.00527	-0.00199	0.00528	0.99998	0.00361	0.00197	-0.00362	0.99999		-9.00180	61.08575	873.73817	179.65210	2.54606	-2.75908	0.74224	0.99785	0.04840	0.04408	0.04809	-0.99881	0.00820	0.04442	-0.00607	-0.99899		599.82882	7.65899	40.84468	1.03268	-0.39242	1.79218	0.41150	0.99949	0.03115	0.00741	-0.03127	0.99935	0.01780	-0.00685	-0.01802	0.99981	
13	0.12000	-0.26698	2.03082	0.35731	0.09123	0.08566	-0.30682	0.50760	0.99998	-0.00535	-0.00150	0.00536	0.99998	0.00158	0.00149	-0.00159	1.00000		-8.54399	59.37372	873.97704	179.76331	2.50541	-2.76825	0.74445	0.99788	0.04848	0.04346	0.04825	-0.99882	0.00624	0.04371	-0.00413	-0.99904		599.85753	7.69502	40.68981	1.16778	-0.36294	1.78109	0.41021	0.99950	0.03095	0.00696	-0.03108	0.99931	0.02017	-0.00633	-0.02038	0.99977	
14	0.13000	-0.26234	2.05078	0.33246	0.10690	0.07598	-0.31331	0.50800	0.99998	-0.00547	-0.00134	0.00547	0.99998	0.00186	0.00133	-0.00187	1.00000		-8.38498	59.59565	873.99396	179.75157	2.49402	-2.77038	0.74419	0.99789	0.04852	0.04325	0.04829	-0.99881	0.00643	0.04352	-0.00433	-0.99904		599.87195	7.74094	40.60118	1.14269	-0.36721	1.79195	0.41273	0.99949	0.03114	0.00703	-0.03127	0.99932	0.01973	-0.00641	-0.01994	0.99978	
15	0.14000	-0.25734	2.05389	0.33497	0.10220	0.07858	-0.31418	0.50439	0.99998	-0.00548	-0.00138	0.00548	0.99998	0.00178	0.00137	-0.00178	1.00000		-8.40977	59.52427	873.98453	179.74913	2.49381	-2.77160	0.74957	0.99788	0.04854	0.04325	0.04831	-0.99881	0.00648	0.04351	-0.00437	-0.99904		599.86592	7.77457	40.62596	1.17491	-0.36634	1.76446	0.41269	0.99951	0.03065	0.00702	-0.03079	0.99932	0.02030	-0.00639	-0.02050	0.99977	
16	0.15000	-0.25514	2.05359	0.31612	0.10320	0.07213	-0.31248	0.50743	0.99998	-0.00545	-0.00127	0.00545	0.99998	0.00179	0.00126	-0.00180	1.00000		-8.30503	59.57131	873.99157	179.75844	2.48126	-2.77672	0.74761	0.99789	0.04863	0.04304	0.04840	-0.99881	0.00631	0.04329	-0.00421	-0.99905		599.86908	7.72052	40.57429	1.13735	-0.35935	1.79908	0.40788	0.99949	0.03126	0.00689	-0.03139	0.99931	0.01964	-0.00627	-0.01985	0.99978	
17	0.16000	-0.26234	2.04190	0.31434	0.09673	0.07658	-0.30983	0.50406	0.99998	-0.00540	-0.00135	0.00541	0.99998	0.00168	0.00134	-0.00169	1.00000		-8.36497	59.49445	874.00381	179.76115	2.48835	-2.77788	0.74876	0.99788	0.04864	0.04316	0.04842	-0.99881	0.00627	0.04342	-0.00416	-0.99905		599.87020	7.70293	40.61720	1.14287	-0.36151	1.79271	0.40861	0.99949	0.03115	0.00693	-0.03128	0.99932	0.01974	-0.00631	-0.01995	0.99978	
18	0.17000	-0.21584	2.05578	-0.07355	0.22393	-0.06223	-0.30047	0.46866	0.99999	-0.00525	0.00107	0.00524	0.99998	0.00391	-0.00109	-0.00391	0.99999		-6.30577	61.44155	874.28161	179.62349	2.36205	-2.76798	0.74708	0.99798	0.04856	0.04085	0.04825	-0.99880	0.00855	0.04121	-0.00657	-0.99913		600.10234	7.83129	39.46518	1.21384	-0.40878	1.73738	0.42066	0.99951	0.03016	0.00777	-0.03032	0.99932	0.02096	-0.00713	-0.02118	0.99975	
19	0.18000	-0.26454	2.03305	0.29063	0.08297	0.06739	-0.30903	0.50186	0.99998	-0.00539	-0.00118	0.00539	0.99998	0.00144	0.00118	-0.00145	1.00000		-8.27083	59.32789	874.02930	179.77280	2.48209	-2.77870	0.73770	0.99789	0.04865	0.04306	0.04843	-0.99881	0.00606	0.04331	-0.00396	-0.99905		599.87163	7.71944	40.54175	1.19270	-0.35239	1.76846	0.40941	0.99950	0.03073	0.00679	-0.03086	0.99931	0.02062	-0.00615	-0.02081	0.99976	
20	0.19000	-0.24908	2.09025	0.39836	0.20709	0.09493	-0.30400	0.46508	0.99998	-0.00530	-0.00168	0.00531	0.99998	0.00360	0.00166	-0.00361	0.99999		-8.72182	61.15567	873.80799	179.64139	2.52378	-2.76670	0.74778	0.99787	0.04854	0.04368	0.04822	-0.99880	0.00838	0.04403	-0.00625	-0.99901		599.82769	7.68735	40.70913	1.05528	-0.38052	1.76410	0.41179	0.99950	0.03066	0.00720	-0.03078	0.99936	0.01820	-0.00664	-0.01842	0.99981	
21	0.20000	-0.26324	2.03836	0.28124	0.08339	0.06673	-0.30966	0.50089	0.99998	-0.00540	-0.00117	0.00540	0.99998	0.00145	0.00116	-0.00146	1.00000		-8.31061	59.33039	874.06181	179.77142	2.49731	-2.77910	0.74461	0.99788	0.04866	0.04333	0.04844	-0.99881	0.00610	0.04357	-0.00399	-0.99904		600.05875	7.82967	40.45387	1.32452	-0.55386	1.75393	0.42554	0.99948	0.03038	0.01037	-0.03061	0.99927	0.02281	-0.00967	-0.02311	0.99969	
22	0.21000	-0.25117	2.09769	0.43046	0.20960	0.10703	-0.30643	0.46057	0.99998	-0.00534	-0.00189	0.00535	0.99998	0.00365	0.00187	-0.00366	0.99999		-8.95227	61.20149	873.77423	179.65039	2.54631	-2.77918	0.74465	0.99784	0.04876	0.04408	0.04844	-0.99879	0.00825	0.04443	-0.00610	-0.99899		599.82882	7.71668	40.79413	1.06357	-0.40324	1.76121	0.40972	0.99950	0.03060	0.00760	-0.03073	0.99936	0.01834	-0.00704	-0.01856	0.99980	
23	0.22000	-0.21556	2.08019	-0.07581	0.20463	-0.06024	-0.30909	0.46359	0.99998	-0.00540	0.00103	0.00539	0.99998	0.00358	-0.00105	-0.00357	0.99999		-6.45507	61.13464	874.31894	179.64697	2.39095	-2.77243	0.74349	0.99796	0.04862	0.04137	0.04833	-0.99880	0.00817	0.04172	-0.00616	-0.99911		599.91762	7.76337	39.55130	1.07567	-0.23802	1.74894	0.41520	0.99953	0.03044	0.00472	-0.03052	0.99936	0.01864	-0.00415	-0.01877	0.99982	
24	0.23000	-0.24165	2.08917	0.41518	0.20664	0.10065	-0.30055	0.46160	0.99998	-0.00524	-0.00178	0.00525	0.99998	0.00360	0.00176	-0.00361	0.99999		-8.86809	61.13562	873.81029	179.64934	2.55173	-2.76467	0.73899	0.99785	0.04851	0.04417	0.04819	-0.99880	0.00826	0.04452	-0.00611	-0.99899		599.82849	7.67052	40.74565	1.08126	-0.39717	1.74563	0.41190	0.99951	0.03033	0.00750	-0.03046	0.99936	0.01865	-0.00693	-0.01887	0.99980	
25	0.24000	-0.21630	2.07966	-0.09409	0.22030	-0.06486	-0.30495	0.45962	0.99998	-0.00533	0.00111	0.00532	0.99998	0.00385	-0.00113	-0.00384	0.99999		-6.36127	61.36899	874.30699	179.63736	2.37000	-2.77515	0.74569	0.99797	0.04868	0.04100	0.04838	-0.99879	0.00832	0.04135	-0.00632	-0.99912		599.91486	7.71900	39.51368	1.04335	-0.23290	1.75539	0.41505	0.99952	0.03055	0.00462	-0.03063	0.99937	0.01808	-0.00406	-0.01821	0.99983	
26	0.25000	-0.20248	2.10599	0.03794	0.32875	-0.03214	-0.29357	0.42876	0.99999	-0.00513	0.00053	0.00512	0.99997	0.00574	-0.00056	-0.00574	0.99998		-6.83601	62.98529	874.04821	179.52631	2.39924	-2.76351	0.74428	0.99796	0.04856	0.04141	0.04817	-0.99879	0.01028	0.04186	-0.00826	-0.99909		599.87536	7.65823	39.72204	0.94742	-0.25915	1.73746	0.41304	0.99953	0.03024	0.00502	-0.03032	0.99941	0.01639	-0.00452	-0.01653	0.99985	
27	0.26000	-0.22341	2.08450	-0.08737	0.22150	-0.06367	-0.30659	0.45862	0.99998	-0.00535	0.00109	0.00535	0.99998	0.00387	-0.00111	-0.00387	0.99999		-6.31045	61.37108	874.29347	179.63734	2.36206	-2.78271	0.74328	0.99797	0.04881	0.04086	0.04851	-0.99879	0.00832	0.04121	-0.00632	-0.99913		599.91849	7.73295	39.52345	1.03788	-0.22659	1.76543	0.41046	0.99952	0.03073	0.00451	-0.03081	0.99936	0.01798	-0.00395	-0.01811	0.99983	
28	0.27000	-0.26621	2.04155	0.28225	0.10369	0.06830	-0.30405	0.49399	0.99998	-0.00530	-0.00120	0.00531	0.99998	0.00180	0.00119	-0.00181	1.00000		-8.24810	59.59880	874.02230	179.75226	2.48193	-2.77967	0.74323	0.99789	0.04868	0.04304	0.04845	-0.99880	0.00642	0.04330	-0.00432	-0.99905		599.86607	7.67603	40.54436	1.15815	-0.34902	1.75554	0.41136	0.99951	0.03051	0.00671	-0.03063	0.99933	0.02002	-0.00609	-0.02021	0.99978	
29	0.28000	-0.21880	2.05845	-0.10077	0.20916	-0.06756	-0.29978	0.46118	0.99999	-0.00524	0.00116	0.00523	0.99998	0.00366	-0.00118	-0.00365	0.99999		-6.20567	61.18786	874.32022	179.64883	2.35256	-2.77104	0.75234	0.99799	0.04860	0.04070	0.04830	-0.99880	0.00811	0.04105	-0.00612	-0.99914		599.92003	7.67220	39.49073	1.03648	-0.22518	1.75941	0.41133	0.99952	0.03063	0.00448	-0.03070	0.99937	0.01796	-0.00393	-0.01809	0.99983	
30	0.29000	-0.25589	2.05214	0.26638	0.10309	0.06308	-0.30904	0.49258	0.99998	-0.00539	-0.00111	0.00539	0.99998	0.00179	0.00110	-0.00180	1.00000		-8.16420	59.53949	874.03530	179.75615	2.47249	-2.76766	0.74808	0.99790	0.04847	0.04288	0.04824	-0.99882	0.00633	0.04314	-0.00425	-0.99906		599.86320	7.70898	40.50418	1.16930	-0.34376	1.76932	0.41559	0.99951	0.03075	0.00663	-0.03088	0.99932	0.02021	-0.00600	-0.02041	0.99977	
31	0.30000	-0.21345	2.06813	-0.08879	0.20757	-0.06020	-0.30259	0.46119	0.99999	-0.00528	0.00103	0.00528	0.99998	0.00363	-0.00105	-0.00362	0.99999		-6.32310	61.13811	874.30760	179.64934	2.36132	-2.76409	0.75454	0.99799	0.04847	0.04086	0.04818	-0.99881	0.00810	0.04120	-0.00612	-0.99913		599.91072	7.70426	39.55138	1.05935	-0.23289	1.75099	0.41091	0.99952	0.03048	0.00463	-0.03056	0.99936	0.01836	-0.00406	-0.01849	0.99982	
32	0.31000	-0.19237	2.11473	0.01039	0.33225	-0.03876	-0.29344	0.43029	0.99999	-0.00512	0.00065	0.00512	0.99997	0.00580	-0.00068	-0.00580	0.99998		-6.69323	62.99979	874.07549	179.52554	2.38380	-2.76645	0.74356	0.99797	0.04861	0.04114	0.04822	-0.99878	0.01028	0.04159	-0.00827	-0.99910		599.88137	7.63360	39.66665	0.91747	-0.25574	1.75303	0.41672	0.99952	0.03052	0.00495	-0.03059	0.99941	0.01587	-0.00446	-0.01601	0.99986	
33	0.32000	-0.20829	2.06701	-0.10904	0.22257	-0.06884	-0.29931	0.45499	0.99999	-0.00523	0.00118	0.00522	0.99998	0.00389	-0.00120	-0.00388	0.99999		-6.24538	61.39259	874.30215	179.64735	2.35147	-2.76864	0.73854	0.99799	0.04855	0.04068	0.04826	-0.99880	0.00813	0.04103	-0.00615	-0.99914		599.91652	7.68818	39.46714	1.04992	-0.22969	1.74389	0.41221	0.99953	0.03035	0.00456	-0.03043	0.99937	0.01819	-0.00401	-0.01832	0.99982	
34	0.33000	-0.26353	2.04276	0.25333	0.09546	0.06011	-0.30686	0.49597	0.99998	-0.00535	-0.00106	0.00536	0.99998	0.00166	0.00105	-0.00167	1.00000		-8.16742	59.47199	874.07902	179.76103	2.49359	-2.78759	0.74147	0.99787	0.04881	0.04325	0.04859	-0.99880	0.00628	0.04351	-0.00417	-0.99904		599.87248	7.69039	40.47271	1.17311	-0.35044	1.76643	0.41244	0.99951	0.03069	0.00674	-0.03082	0.99932	0.02027	-0.00612	-0.02047	0.99977	
35	0.34000	-0.21694	2.07133	-0.09056	0.21118	-0.06049	-0.30450	0.45629	0.99999	-0.00532	0.00104	0.00531	0.99998	0.00369	-0.00106	-0.00369	0.99999		-6.40516	61.20661	874.30353	179.64183	2.36727	-2.76912	0.74355	0.99798	0.04857	0.04095	0.04827	-0.99880	0.00824	0.04130	-0.00625	-0.99913		599.91070	7.71151	39.54543	1.05037	-0.23008	1.76021	0.41308	0.99952	0.03064	0.00458	-0.03072	0.99936	0.01820	-0.00402	-0.01833	0.99982	
36	0.35000	-0.21850	2.07262	-0.11771	0.21766	-0.07031	-0.30387	0.45772	0.99998	-0.00531	0.00121	0.00530	0.99998	0.00380	-0.00123	-0.00380	0.99999		-6.27130	61.32325	874.33102	179.63484	2.36330	-2.77673	0.74293	0.99798	0.04871	0.04088	0.04840	-0.99879	0.00836	0.04124	-0.00637	-0.99913		599.90991	7.71137	39.47480	1.04075	-0.22097	1.76140	0.41061	0.99952	0.03066	0.00441	-0.03074	0.99936	0.01804	-0.00386	-0.01816	0.99983	
37	0.36000	-0.21775	2.08852	-0.11147	0.21482	-0.06883	-0.31075	0.45395	0.99998	-0.00543	0.00118	0.00542	0.99998	0.00376	-0.00120	-0.00375	0.99999		-6.31511	61.29393	874.30821	179.65289	2.36299	-2.78406	0.74191	0.99797	0.04882	0.04089	0.04853	-0.99879	0.00805	0.04123	-0.00605	-0.99913		599.91723	7.77687	39.48253	1.05058	-0.22545	1.75674	0.41211	0.99952	0.03058	0.00449	-0.03066	0.99936	0.01821	-0.00393	-0.01833	0.99982	
38	0.37000	-0.21557	2.08065	-0.10679	0.21351	-0.06517	-0.30763	0.45798	0.99998	-0.00537	0.00112	0.00537	0.99998	0.00373	-0.00114	-0.00373	0.99999		-6.35309	61.26513	874.33637	179.64833	2.38465	-2.77307	0.74561	0.99796	0.04863	0.04126	0.04834	-0.99880	0.00814	0.04161	-0.00613	-0.99912		599.91544	7.74509	39.51223	1.05378	-0.24216	1.76072	0.41135	0.99952	0.03064	0.00479	-0.03073	0.99936	0.01825	-0.00423	-0.01839	0.99982	
39	0.38000	-0.21799	2.08827	-0.09615	0.22247	-0.06187	-0.30768	0.45708	0.99998	-0.00537	0.00106	0.00537	0.99998	0.00389	-0.00108	-0.00388	0.99999		-6.38959	61.40823	874.30449	179.64247	2.38425	-2.77974	0.74733	0.99796	0.04875	0.04125	0.04845	-0.99879	0.00825	0.04160	-0.00623	-0.99911		599.91165	7.75597	39.54471	1.05331	-0.22879	1.75372	0.41387	0.99952	0.03052	0.00455	-0.03060	0.99936	0.01825	-0.00399	-0.01838	0.99982	
40	0.39000	-0.19421	2.11860	0.01052	0.33478	-0.03594	-0.29205	0.42916	0.99999	-0.00510	0.00060	0.00510	0.99997	0.00585	-0.00063	-0.00584	0.99998		-6.78510	63.09696	874.07505	179.51671	2.40397	-2.76157	0.74528	0.99796	0.04853	0.04149	0.04814	-0.99879	0.01045	0.04194	-0.00843	-0.99908		599.86743	7.65324	39.70754	0.95554	-0.25196	1.72815	0.41020	0.99954	0.03008	0.00490	-0.03016	0.99941	0.01654	-0.00440	-0.01668	0.99985	
41	0.40000	-0.19119	2.11032	0.00352	0.32993	-0.03955	-0.29052	0.42505	0.99999	-0.00507	0.00066	0.00507	0.99997	0.00576	-0.00069	-0.00576	0.99998		-6.70942	63.02292	874.07936	179.52258	2.39063	-2.75498	0.74537	0.99797	0.04841	0.04126	0.04802	-0.99879	0.01033	0.04171	-0.00833	-0.99910		599.87128	7.61425	39.66907	0.93196	-0.25087	1.74678	0.40666	0.99953	0.03041	0.00487	-0.03048	0.99941	0.01612	-0.00438	-0.01626	0.99986	
42	0.41000	-0.21261	2.07198	-0.11829	0.21862	-0.07202	-0.30232	0.45252	0.99999	-0.00528	0.00124	0.00528	0.99998	0.00382	-0.00126	-0.00382	0.99999		-6.17405	61.36889	874.32641	179.63733	2.35727	-2.77028	0.74281	0.99799	0.04859	0.04078	0.04829	-0.99880	0.00831	0.04113	-0.00632	-0.99913		599.92096	7.72953	39.45498	1.06706	-0.23088	1.72835	0.41446	0.99954	0.03008	0.00459	-0.03016	0.99937	0.01849	-0.00403	-0.01862	0.99982	
43	0.42000	-0.20087	2.11323	0.00534	0.32327	-0.03828	-0.29334	0.42362	0.99999	-0.00512	0.00064	0.00512	0.99997	0.00564	-0.00067	-0.00564	0.99998		-6.67467	62.91969	874.08354	179.53471	2.38647	-2.76325	0.74928	0.99797	0.04855	0.04120	0.04817	-0.99879	0.01012	0.04164	-0.00811	-0.99910		600.07923	7.78523	39.58365	1.10976	-0.46669	1.70014	0.42492	0.99953	0.02951	0.00871	-0.02967	0.99938	0.01912	-0.00815	-0.01937	0.99978	
44	0.43000	-0.22319	2.06568	-0.11008	0.22031	-0.06634	-0.30105	0.45339	0.99999	-0.00526	0.00114	0.00525	0.99998	0.00385	-0.00116	-0.00385	0.99999		-6.22397	61.39448	874.31171	179.63551	2.35747	-2.77439	0.74830	0.99798	0.04866	0.04078	0.04836	-0.99880	0.00834	0.04113	-0.00636	-0.99913		600.12551	7.84504	39.41698	1.23121	-0.44076	1.71337	0.42499	0.99952	0.02973	0.00833	-0.02990	0.99933	0.02125	-0.00769	-0.02149	0.99974	
45	0.44000	-0.21889	2.07132	-0.11554	0.21653	-0.06805	-0.30196	0.45271	0.99999	-0.00527	0.00117	0.00527	0.99998	0.00378	-0.00119	-0.00378	0.99999		-6.20826	61.31258	874.31961	179.64696	2.35639	-2.76848	0.74419	0.99799	0.04855	0.04077	0.04826	-0.99880	0.00814	0.04112	-0.00616	-0.99914		599.92143	7.69581	39.48455	1.04099	-0.23958	1.75586	0.41164	0.99952	0.03056	0.00474	-0.03064	0.99937	0.01803	-0.00418	-0.01817	0.99983	
46	0.45000	-0.22145	2.07715	-0.11485	0.21813	-0.06784	-0.30529	0.45385	0.99998	-0.00533	0.00116	0.00533	0.99998	0.00381	-0.00118	-0.00381	0.99999		-6.22961	61.32649	874.32843	179.64348	2.36084	-2.77856	0.74744	0.99798	0.04873	0.04084	0.04843	-0.99879	0.00821	0.04119	-0.00622	-0.99913		599.91648	7.72581	39.49047	1.04998	-0.22455	1.75339	0.40705	0.99952	0.03052	0.00448	-0.03060	0.99937	0.01820	-0.00392	-0.01832	0.99982	
47	0.46000	-0.21521	2.06944	-0.12177	0.21978	-0.07039	-0.30195	0.45494	0.99999	-0.00527	0.00121	0.00527	0.99998	0.00384	-0.00123	-0.00384	0.99999		-6.22041	61.36647	874.32228	179.65215	2.36014	-2.77401	0.73949	0.99798	0.04865	0.04084	0.04836	-0.99880	0.00806	0.04118	-0.00607	-0.99913		599.92169	7.70649	39.46700	1.04175	-0.23026	1.74293	0.40935	0.99953	0.03034	0.00457	-0.03041	0.99937	0.01805	-0.00402	-0.01818	0.99983	
48	0.47000	-0.20142	2.12326	-0.01175	0.33106	-0.04206	-0.29720	0.42509	0.99999	-0.00519	0.00070	0.00519	0.99997	0.00578	-0.00073	-0.00578	0.99998		-6.69030	62.97947	874.09762	179.53284	2.38630	-2.77183	0.74636	0.99796	0.04870	0.04119	0.04832	-0.99878	0.01016	0.04164	-0.00815	-0.99910		599.87777	7.67867	39.65451	0.93610	-0.24748	1.74270	0.41231	0.99953	0.03034	0.00481	-0.03041	0.99941	0.01620	-0.00432	-0.01634	0.99986	
49	0.48000	-0.22144	2.07463	-0.11441	0.20786	-0.06822	-0.30406	0.45232	0.99998	-0.00531	0.00117	0.00531	0.99998	0.00363	-0.00119	-0.00363	0.99999		-6.28297	61.12708	874.33541	179.64758	2.36321	-2.77008	0.74118	0.99798	0.04858	0.04089	0.04829	-0.99880	0.00814	0.04123	-0.00615	-0.99913		600.10649	7.85686	39.41168	1.22831	-0.41817	1.71028	0.42235	0.99953	0.02968	0.00793	-0.02984	0.99933	0.02121	-0.00730	-0.02144	0.99974	
50	0.49000	-0.22074	2.06764	-0.09428	0.20534	-0.06135	-0.30012	0.45535	0.99999	-0.00524	0.00105	0.00524	0.99998	0.00359	-0.00107	-0.00358	0.99999		-6.44543	61.21554	874.25911	179.66994	2.30969	-2.85797	0.75105	0.99794	0.05009	0.03996	0.04982	-0.99873	0.00776	0.04030	-0.00576	-0.99917		600.10613	7.81443	39.45161	1.22780	-0.43818	1.71546	0.42774	0.99952	0.02977	0.00828	-0.02994	0.99933	0.02119	-0.00765	-0.02143	0.99974	
51	0.50000	-0.22187	2.08162	-0.11288	0.20368	-0.06951	-0.30694	0.45278	0.99998	-0.00536	0.00119	0.00536	0.99998	0.00356	-0.00121	-0.00355	0.99999		-6.27729	61.07148	874.33364	179.65926	2.35979	-2.77736	0.73952	0.99798	0.04870	0.04084	0.04841	-0.99880	0.00794	0.04117	-0.00594	-0.99913		599.91716	7.74774	39.47157	1.07629	-0.22720	1.74312	0.41278	0.99953	0.03034	0.00453	-0.03042	0.99936	0.01865	-0.00397	-0.01878	0.99982	
52	0.51000	-0.22771	2.09375	-0.12081	0.21716	-0.07185	-0.30813	0.45225	0.99998	-0.00538	0.00123	0.00538	0.99998	0.00380	-0.00125	-0.00379	0.99999		-6.22943	61.26858	874.32979	179.64728	2.36099	-2.77814	0.74689	0.99798	0.04872	0.04085	0.04843	-0.99879	0.00815	0.04120	-0.00615	-0.99913		599.92417	7.75790	39.45642	1.06439	-0.22272	1.74707	0.41418	0.99953	0.03041	0.00445	-0.03049	0.99936	0.01845	-0.00389	-0.01858	0.99982	
53	0.52000	-0.22047	2.08372	-0.12944	0.21970	-0.07534	-0.30257	0.45472	0.99998	-0.00529	0.00130	0.00528	0.99998	0.00384	-0.00131	-0.00383	0.99999		-6.16070	61.32865	874.35193	179.63434	2.36972	-2.77683	0.74788	0.99797	0.04871	0.04099	0.04840	-0.99879	0.00838	0.04135	-0.00638	-0.99912		599.87440	7.69005	39.44128	1.04034	-0.17906	1.78235	0.40022	0.99951	0.03104	0.00369	-0.03110	0.99935	0.01805	-0.00313	-0.01816	0.99983	
54	0.53000	-0.21760	2.08768	-0.13722	0.22039	-0.07918	-0.30393	0.45183	0.99998	-0.00531	0.00136	0.00530	0.99998	0.00385	-0.00138	-0.00385	0.99999		-6.09767	61.35171	874.34200	179.63712	2.35184	-2.78140	0.74666	0.99798	0.04878	0.04068	0.04848	-0.99879	0.00832	0.04104	-0.00633	-0.99914		599.91403	7.69411	39.39108	1.03369	-0.21146	1.76831	0.41143	0.99952	0.03079	0.00424	-0.03086	0.99936	0.01792	-0.00369	-0.01804	0.99983	
55	0.54000	-0.21634	2.08750	-0.12662	0.21950	-0.07297	-0.30438	0.45356	0.99998	-0.00532	0.00125	0.00531	0.99998	0.00384	-0.00127	-0.00383	0.99999		-6.18313	61.36817	874.31767	179.65718	2.35192	-2.78266	0.74555	0.99798	0.04879	0.04070	0.04851	-0.99879	0.00797	0.04104	-0.00598	-0.99914		599.91453	7.72574	39.45454	1.06739	-0.21492	1.73984	0.41453	0.99953	0.03029	0.00431	-0.03036	0.99937	0.01851	-0.00375	-0.01863	0.99982	
56	0.55000	-0.21481	2.08643	-0.13281	0.21865	-0.07707	-0.30470	0.45590	0.99998	-0.00532	0.00133	0.00532	0.99998	0.00382	-0.00135	-0.00382	0.99999		-6.10325	61.33848	874.33733	179.63773	2.34898	-2.77374	0.75092	0.99799	0.04865	0.04063	0.04835	-0.99880	0.00830	0.04099	-0.00632	-0.99914		599.91559	7.71001	39.40761	1.04172	-0.21553	1.75551	0.41042	0.99952	0.03056	0.00432	-0.03063	0.99937	0.01806	-0.00376	-0.01818	0.99983	
57	0.56000	-0.21782	2.08590	-0.14562	0.21844	-0.08132	-0.30419	0.45511	0.99998	-0.00531	0.00140	0.00531	0.99998	0.00382	-0.00142	-0.00381	0.99999		-6.02383	61.35230	874.34470	179.64139	2.33917	-2.77644	0.74918	0.99799	0.04869	0.04046	0.04840	-0.99879	0.00823	0.04081	-0.00625	-0.99915		599.91866	7.71212	39.37295	1.05673	-0.21367	1.75140	0.41255	0.99953	0.03049	0.00429	-0.03056	0.99936	0.01832	-0.00373	-0.01844	0.99982	
58	0.57000	-0.22088	2.09078	-0.12127	0.21899	-0.07180	-0.30738	0.45071	0.99998	-0.00537	0.00123	0.00536	0.99998	0.00383	-0.00125	-0.00382	0.99999		-6.16168	61.34881	874.32932	179.63788	2.35996	-2.77154	0.75039	0.99798	0.04861	0.04082	0.04831	-0.99880	0.00830	0.04118	-0.00631	-0.99913		599.91809	7.74003	39.45474	1.06053	-0.22229	1.75614	0.40788	0.99952	0.03057	0.00444	-0.03065	0.99936	0.01838	-0.00388	-0.01851	0.99982	
59	0.58000	-0.20690	2.12045	-0.00165	0.31778	-0.04041	-0.29572	0.42287	0.99999	-0.00516	0.00068	0.00516	0.99997	0.00555	-0.00071	-0.00555	0.99998		-6.71238	62.93755	874.02285	179.55978	2.31716	-2.84612	0.74510	0.99795	0.04996	0.04000	0.04961	-0.99872	0.00968	0.04043	-0.00768	-0.99915		599.88361	7.65537	39.64343	0.94738	-0.25793	1.74820	0.41483	0.99952	0.03043	0.00500	-0.03051	0.99940	0.01639	-0.00450	-0.01653	0.99985	
60	0.59000	-0.20741	2.13359	0.01141	0.32168	-0.03416	-0.29917	0.42263	0.99999	-0.00522	0.00057	0.00522	0.99997	0.00562	-0.00060	-0.00561	0.99998		-6.76756	62.88466	874.08388	179.53569	2.39891	-2.77623	0.74155	0.99795	0.04877	0.04141	0.04839	-0.99878	0.01012	0.04186	-0.00810	-0.99909		599.87499	7.68234	39.70392	0.94581	-0.25433	1.74973	0.40936	0.99952	0.03046	0.00494	-0.03053	0.99940	0.01636	-0.00444	-0.01651	0.99985	
61	0.60000	-0.22032	2.08702	-0.11624	0.21218	-0.06891	-0.30808	0.45476	0.99998	-0.00538	0.00118	0.00538	0.99998	0.00371	-0.00120	-0.00370	0.99999		-6.25250	61.27131	874.31371	179.65767	2.35934	-2.78093	0.73780	0.99798	0.04876	0.04083	0.04848	-0.99879	0.00797	0.04117	-0.00597	-0.99913		599.91100	7.76376	39.47919	1.07299	-0.21929	1.73250	0.40956	0.99954	0.03016	0.00439	-0.03023	0.99937	0.01860	-0.00383	-0.01873	0.99982	
62	0.61000	-0.21799	2.08303	-0.13719	0.21697	-0.07566	-0.30358	0.45334	0.99998	-0.00530	0.00130	0.00530	0.99998	0.00379	-0.00132	-0.00379	0.99999		-6.21571	61.42900	874.27680	179.65685	2.29350	-2.86094	0.74536	0.99795	0.05015	0.03967	0.04987	-0.99872	0.00798	0.04002	-0.00598	-0.99918		599.90905	7.69910	39.43004	1.03971	-0.20730	1.75705	0.41360	0.99952	0.03059	0.00417	-0.03066	0.99937	0.01803	-0.00362	-0.01815	0.99983	
63	0.62000	-0.21847	2.08429	-0.12173	0.21674	-0.06990	-0.30460	0.45375	0.99998	-0.00532	0.00120	0.00532	0.99998	0.00379	-0.00122	-0.00378	0.99999		-6.26790	61.31370	874.32700	179.63617	2.36179	-2.78704	0.74676	0.99797	0.04888	0.04085	0.04858	-0.99878	0.00835	0.04121	-0.00634	-0.99913		599.90610	7.70707	39.48248	1.04477	-0.20543	1.75897	0.40960	0.99952	0.03062	0.00414	-0.03069	0.99936	0.01812	-0.00359	-0.01823	0.99983	
64	0.63000	-0.21466	2.07567	-0.13303	0.22579	-0.07244	-0.30123	0.45409	0.99999	-0.00526	0.00124	0.00526	0.99998	0.00395	-0.00126	-0.00394	0.99999		-6.24317	61.43254	874.33873	179.63385	2.36539	-2.76523	0.74871	0.99798	0.04851	0.04091	0.04820	-0.99880	0.00837	0.04127	-0.00639	-0.99913		599.91007	7.69251	39.45119	1.04249	-0.22482	1.75493	0.41282	0.99952	0.03055	0.00448	-0.03062	0.99937	0.01807	-0.00392	-0.01819	0.99983	
65	0.64000	-0.21644	2.06851	-0.13223	0.21275	-0.07550	-0.29912	0.45157	0.99999	-0.00523	0.00130	0.00522	0.99998	0.00372	-0.00132	-0.00371	0.99999		-6.18136	61.24957	874.34888	179.64671	2.36013	-2.77818	0.74287	0.99798	0.04872	0.04083	0.04843	-0.99879	0.00815	0.04118	-0.00616	-0.99913		599.91901	7.67223	39.41687	1.05424	-0.22860	1.74550	0.40553	0.99953	0.03038	0.00455	-0.03046	0.99937	0.01827	-0.00399	-0.01840	0.99982	
66	0.65000	-0.27020	2.07014	0.25139	0.09642	0.06443	-0.31652	0.49031	0.99998	-0.00552	-0.00113	0.00552	0.99998	0.00168	0.00112	-0.00168	1.00000		-8.26385	59.43723	874.06806	179.76749	2.50267	-2.78546	0.73973	0.99787	0.04877	0.04342	0.04855	-0.99880	0.00618	0.04367	-0.00405	-0.99904		599.85833	7.75614	40.51650	1.16797	-0.35159	1.78030	0.41239	0.99950	0.03094	0.00677	-0.03107	0.99931	0.02018	-0.00614	-0.02038	0.99977	
67	0.66000	-0.22164	2.09305	-0.13651	0.22216	-0.07481	-0.30888	0.45249	0.99998	-0.00540	0.00129	0.00539	0.99998	0.00388	-0.00131	-0.00388	0.99999		-6.17163	61.35416	874.35235	179.63657	2.36304	-2.78395	0.74311	0.99797	0.04883	0.04087	0.04853	-0.99879	0.00834	0.04123	-0.00634	-0.99913		599.91245	7.75732	39.43354	1.04478	-0.21690	1.74388	0.40955	0.99953	0.03036	0.00434	-0.03043	0.99937	0.01811	-0.00379	-0.01823	0.99983	
68	0.67000	-0.22162	2.08936	-0.11148	0.21046	-0.06739	-0.30714	0.45327	0.99998	-0.00536	0.00116	0.00536	0.99998	0.00368	-0.00118	-0.00367	0.99999		-6.26591	61.17389	874.32084	179.64517	2.35938	-2.78641	0.74630	0.99797	0.04887	0.04082	0.04857	-0.99879	0.00819	0.04117	-0.00619	-0.99913		600.10088	7.85645	39.40588	1.21449	-0.42388	1.72347	0.42498	0.99952	0.02991	0.00803	-0.03007	0.99933	0.02096	-0.00740	-0.02119	0.99975	
69	0.68000	-0.21877	2.08447	-0.13678	0.22214	-0.07654	-0.30226	0.45461	0.99998	-0.00528	0.00132	0.00528	0.99998	0.00388	-0.00134	-0.00388	0.99999		-6.10797	61.38233	874.32592	179.65408	2.34718	-2.77689	0.73776	0.99799	0.04869	0.04061	0.04841	-0.99880	0.00801	0.04095	-0.00603	-0.99914		600.12212	7.83031	39.33425	1.20802	-0.41550	1.70737	0.42564	0.99953	0.02964	0.00788	-0.02979	0.99934	0.02086	-0.00725	-0.02108	0.99975	
70	0.69000	-0.21703	2.08920	-0.13071	0.21305	-0.07369	-0.30751	0.45609	0.99998	-0.00537	0.00127	0.00537	0.99998	0.00372	-0.00129	-0.00372	0.99999		-6.15156	61.21730	874.33552	179.64917	2.34846	-2.78082	0.74515	0.99798	0.04877	0.04063	0.04847	-0.99879	0.00810	0.04098	-0.00612	-0.99914		599.92533	7.75682	39.43498	1.07339	-0.23686	1.73411	0.41310	0.99953	0.03018	0.00470	-0.03026	0.99937	0.01860	-0.00413	-0.01873	0.99982	
71	0.70000	-0.21786	2.09135	-0.13273	0.21623	-0.07420	-0.30643	0.45362	0.99998	-0.00535	0.00128	0.00535	0.99998	0.00378	-0.00130	-0.00377	0.99999		-6.13730	61.27924	874.34082	179.64595	2.35084	-2.77963	0.74489	0.99798	0.04875	0.04067	0.04845	-0.99879	0.00816	0.04102	-0.00617	-0.99914		599.91821	7.75542	39.43121	1.08305	-0.21944	1.72530	0.41221	0.99954	0.03003	0.00440	-0.03011	0.99937	0.01878	-0.00383	-0.01890	0.99981	
72	0.71000	-0.21883	2.08094	-0.14397	0.21763	-0.07822	-0.30121	0.45464	0.99998	-0.00526	0.00135	0.00526	0.99998	0.00380	-0.00137	-0.00380	0.99999		-6.06273	61.31680	874.36009	179.64973	2.35759	-2.77240	0.74790	0.99798	0.04862	0.04079	0.04833	-0.99880	0.00810	0.04114	-0.00611	-0.99913		599.92137	7.68230	39.40173	1.04947	-0.21552	1.74605	0.41208	0.99953	0.03040	0.00432	-0.03047	0.99937	0.01819	-0.00376	-0.01832	0.99983	
73	0.72000	-0.27093	2.06196	0.24911	0.08283	0.06358	-0.31137	0.49259	0.99998	-0.00543	-0.00112	0.00543	0.99998	0.00144	0.00111	-0.00145	1.00000		-8.19838	59.28319	874.06962	179.79591	2.48374	-2.77301	0.73861	0.99789	0.04853	0.04311	0.04833	-0.99882	0.00565	0.04334	-0.00356	-0.99905		599.87907	7.73582	40.50266	1.20671	-0.36316	1.74368	0.41361	0.99952	0.03029	0.00697	-0.03043	0.99932	0.02086	-0.00634	-0.02106	0.99976	
74	0.73000	-0.22834	2.08881	-0.11948	0.20946	-0.06991	-0.30738	0.45512	0.99998	-0.00537	0.00120	0.00536	0.99998	0.00366	-0.00122	-0.00366	0.99999		-6.20878	61.19290	874.32867	179.65169	2.35421	-2.77933	0.74621	0.99798	0.04874	0.04073	0.04845	-0.99879	0.00806	0.04108	-0.00607	-0.99914		600.13657	7.88774	39.38045	1.23705	-0.43781	1.70018	0.42032	0.99953	0.02950	0.00828	-0.02967	0.99933	0.02135	-0.00764	-0.02159	0.99974	
75	0.74000	-0.21428	2.14045	-0.02007	0.32733	-0.04431	-0.30039	0.42506	0.99999	-0.00525	0.00074	0.00524	0.99997	0.00572	-0.00077	-0.00571	0.99998		-6.62671	62.96029	874.09636	179.52898	2.38442	-2.78399	0.74404	0.99795	0.04891	0.04115	0.04853	-0.99877	0.01023	0.04160	-0.00821	-0.99910		600.09663	7.83719	39.54567	1.10944	-0.46309	1.71564	0.42937	0.99952	0.02978	0.00866	-0.02994	0.99937	0.01911	-0.00808	-0.01936	0.99978	
76	0.75000	-0.22930	2.08482	-0.12131	0.21458	-0.06954	-0.30280	0.45457	0.99999	-0.00529	0.00119	0.00528	0.99998	0.00375	-0.00121	-0.00375	0.99999		-6.24573	61.28290	874.32610	179.64847	2.36227	-2.77336	0.74551	0.99798	0.04864	0.04087	0.04834	-0.99880	0.00812	0.04122	-0.00613	-0.99913		599.95038	7.29599	39.46218	0.71229	-0.25141	2.25848	0.29877	0.99921	0.03935	0.00487	-0.03941	0.99915	0.01225	-0.00439	-0.01243	0.99991	
77	0.76000	-0.22041	2.07616	-0.15825	0.22461	-0.08505	-0.29900	0.45414	0.99999	-0.00522	0.00146	0.00522	0.99998	0.00393	-0.00148	-0.00392	0.99999		-6.02688	61.44776	874.35843	179.63181	2.35421	-2.77235	0.74528	0.99799	0.04863	0.04072	0.04833	-0.99880	0.00841	0.04108	-0.00642	-0.99914		600.12433	7.79171	39.25983	1.19620	-0.41604	1.73831	0.42078	0.99951	0.03018	0.00789	-0.03033	0.99933	0.02065	-0.00726	-0.02088	0.99976	
78	0.77000	-0.22719	2.08937	-0.12859	0.21526	-0.07223	-0.30499	0.45474	0.99998	-0.00533	0.00124	0.00532	0.99998	0.00376	-0.00126	-0.00376	0.99999		-6.23049	61.28486	874.34383	179.63538	2.37061	-2.77653	0.74538	0.99797	0.04870	0.04101	0.04840	-0.99879	0.00836	0.04136	-0.00636	-0.99912		599.92636	7.71154	39.44390	1.05033	-0.22388	1.75968	0.41099	0.99952	0.03063	0.00447	-0.03071	0.99936	0.01820	-0.00391	-0.01833	0.99982	
79	0.78000	-0.22482	2.08313	-0.12469	0.21147	-0.07060	-0.30229	0.45262	0.99999	-0.00528	0.00121	0.00528	0.99998	0.00370	-0.00123	-0.00369	0.99999		-6.25757	61.24205	874.34735	179.64462	2.37398	-2.77285	0.74236	0.99797	0.04863	0.04107	0.04833	-0.99880	0.00820	0.04142	-0.00620	-0.99912		600.12168	7.81828	39.37575	1.22542	-0.42969	1.72372	0.42573	0.99952	0.02991	0.00814	-0.03008	0.99932	0.02115	-0.00750	-0.02139	0.99974	
80	0.79000	-0.22850	2.08837	-0.11148	0.20861	-0.06576	-0.30603	0.45353	0.99998	-0.00535	0.00113	0.00534	0.99998	0.00365	-0.00115	-0.00364	0.99999		-6.32871	61.19718	874.32303	179.64503	2.36795	-2.78611	0.74058	0.99797	0.04886	0.04097	0.04857	-0.99879	0.00820	0.04132	-0.00619	-0.99913		599.94039	7.32501	39.48611	0.71802	-0.25006	2.25810	0.29579	0.99921	0.03934	0.00485	-0.03940	0.99915	0.01235	-0.00436	-0.01253	0.99991	
81	0.80000	-0.22479	2.08504	-0.13598	0.21221	-0.07384	-0.30543	0.45476	0.99998	-0.00534	0.00127	0.00533	0.99998	0.00371	-0.00129	-0.00370	0.99999		-6.18735	61.24166	874.35744	179.64766	2.36569	-2.77165	0.75024	0.99798	0.04861	0.04093	0.04831	-0.99880	0.00814	0.04128	-0.00614	-0.99913		599.91977	7.72542	39.43296	1.05979	-0.22499	1.75278	0.41138	0.99952	0.03051	0.00449	-0.03059	0.99936	0.01837	-0.00393	-0.01850	0.99982	
82	0.81000	-0.22684	2.08244	-0.13082	0.21620	-0.07156	-0.30357	0.45579	0.99998	-0.00530	0.00123	0.00530	0.99998	0.00378	-0.00125	-0.00377	0.99999		-6.19824	61.30683	874.33846	179.64330	2.36280	-2.77643	0.74134	0.99798	0.04869	0.04088	0.04840	-0.99879	0.00822	0.04123	-0.00622	-0.99913		599.91460	7.71877	39.45575	1.06831	-0.22197	1.73978	0.40834	0.99953	0.03028	0.00444	-0.03036	0.99937	0.01852	-0.00387	-0.01864	0.99982	
83	0.82000	-0.23294	2.08727	-0.12015	0.20786	-0.06776	-0.30737	0.45485	0.99998	-0.00537	0.00116	0.00536	0.99998	0.00363	-0.00118	-0.00363	0.99999		-6.24095	61.15575	874.34622	179.65060	2.36611	-2.77588	0.74490	0.99798	0.04868	0.04094	0.04839	-0.99880	0.00809	0.04128	-0.00609	-0.99913		599.87357	7.71429	39.49235	1.04696	-0.18355	1.80373	0.39579	0.99950	0.03141	0.00378	-0.03148	0.99934	0.01816	-0.00320	-0.01827	0.99983	
84	0.83000	-0.22784	2.07192	-0.12507	0.20315	-0.06701	-0.30127	0.45314	0.99999	-0.00526	0.00115	0.00526	0.99998	0.00355	-0.00117	-0.00355	0.99999		-6.24208	61.10682	874.33610	179.65327	2.35291	-2.77966	0.74449	0.99798	0.04874	0.04071	0.04845	-0.99879	0.00804	0.04105	-0.00605	-0.99914		599.92435	7.25941	39.49187	0.68973	-0.23753	2.26583	0.29841	0.99921	0.03948	0.00462	-0.03954	0.99915	0.01186	-0.00415	-0.01204	0.99992	
85	0.84000	-0.22790	2.08409	-0.13161	0.21602	-0.07295	-0.30603	0.45001	0.99998	-0.00535	0.00125	0.00534	0.99998	0.00378	-0.00127	-0.00377	0.99999		-6.15012	61.26704	874.34889	179.63922	2.35751	-2.76775	0.74760	0.99799	0.04855	0.04078	0.04825	-0.99880	0.00828	0.04113	-0.00629	-0.99913		599.92807	7.73866	39.43504	1.05983	-0.22859	1.73663	0.40872	0.99953	0.03023	0.00455	-0.03031	0.99937	0.01837	-0.00399	-0.01850	0.99982	
86	0.85000	-0.20553	2.12629	-0.02842	0.32317	-0.04849	-0.29725	0.42455	0.99999	-0.00519	0.00082	0.00519	0.99997	0.00564	-0.00085	-0.00564	0.99998		-6.54649	62.86991	874.11110	179.53624	2.37512	-2.77357	0.74827	0.99797	0.04872	0.04100	0.04835	-0.99878	0.01009	0.04144	-0.00809	-0.99911		599.88537	7.67530	39.58661	0.95514	-0.24443	1.73374	0.40658	0.99953	0.03018	0.00477	-0.03025	0.99941	0.01653	-0.00427	-0.01667	0.99985	
87	0.86000	-0.20691	2.13189	-0.00729	0.32807	-0.03974	-0.29982	0.42419	0.99999	-0.00524	0.00066	0.00523	0.99997	0.00573	-0.00069	-0.00573	0.99998		-6.69576	62.93166	874.08456	179.53450	2.38423	-2.77797	0.74740	0.99796	0.04880	0.04116	0.04842	-0.99878	0.01013	0.04160	-0.00812	-0.99910		600.08254	7.82318	39.57108	1.09660	-0.45352	1.70680	0.42496	0.99953	0.02963	0.00848	-0.02978	0.99938	0.01889	-0.00792	-0.01914	0.99979	
88	0.87000	-0.22484	2.07968	-0.12801	0.21381	-0.07182	-0.30424	0.45279	0.99998	-0.00531	0.00123	0.00531	0.99998	0.00374	-0.00125	-0.00373	0.99999		-6.19186	61.24366	874.34050	179.64670	2.35866	-2.77802	0.74479	0.99798	0.04872	0.04081	0.04843	-0.99879	0.00815	0.04115	-0.00616	-0.99913		599.94028	7.30517	39.44576	0.68842	-0.23479	2.25755	0.29898	0.99922	0.03934	0.00457	-0.03939	0.99915	0.01184	-0.00410	-0.01201	0.99992	
89	0.88000	-0.20692	2.11574	-0.00128	0.32393	-0.03730	-0.29624	0.42384	0.99999	-0.00517	0.00062	0.00517	0.99997	0.00566	-0.00065	-0.00565	0.99998		-6.75153	62.89591	874.09035	179.53616	2.39719	-2.77519	0.74511	0.99795	0.04875	0.04138	0.04837	-0.99878	0.01011	0.04183	-0.00809	-0.99909		599.88068	7.65854	39.67342	0.93516	-0.26088	1.74950	0.40783	0.99952	0.03045	0.00505	-0.03053	0.99940	0.01617	-0.00455	-0.01632	0.99986	
90	0.89000	-0.22551	2.07300	-0.13427	0.21623	-0.07363	-0.30368	0.45342	0.99998	-0.00530	0.00127	0.00530	0.99998	0.00378	-0.00129	-0.00377	0.99999		-6.19099	61.28786	874.34986	179.65433	2.35918	-2.77448	0.73892	0.99798	0.04865	0.04082	0.04836	-0.99880	0.00802	0.04116	-0.00603	-0.99913		599.92355	7.70211	39.42378	1.04049	-0.23215	1.75423	0.40950	0.99952	0.03053	0.00461	-0.03061	0.99937	0.01803	-0.00405	-0.01816	0.99983	
91	0.90000	-0.22973	2.07065	-0.13425	0.21128	-0.07356	-0.30329	0.45146	0.99998	-0.00530	0.00126	0.00529	0.99998	0.00369	-0.00128	-0.00369	0.99999		-6.20254	61.22393	874.34521	179.64227	2.36131	-2.78029	0.74607	0.99797	0.04876	0.04085	0.04846	-0.99879	0.00823	0.04120	-0.00624	-0.99913		599.92791	7.71151	39.43434	1.05964	-0.22213	1.74178	0.40936	0.99953	0.03032	0.00444	-0.03039	0.99937	0.01837	-0.00388	-0.01849	0.99982	
92	0.91000	-0.21246	2.10656	-0.00550	0.30765	-0.03978	-0.29403	0.42342	0.99999	-0.00514	0.00067	0.00513	0.99997	0.00537	-0.00069	-0.00537	0.99998		-6.73338	62.66230	874.11337	179.54912	2.39791	-2.77052	0.74101	0.99796	0.04866	0.04141	0.04829	-0.99878	0.00988	0.04184	-0.00786	-0.99909		599.88043	7.64279	39.65107	0.95974	-0.25187	1.73901	0.41068	0.99953	0.03027	0.00490	-0.03035	0.99940	0.01661	-0.00440	-0.01675	0.99985	
93	0.92000	-0.22290	2.06537	-0.13860	0.20071	-0.07630	-0.30139	0.45318	0.99999	-0.00526	0.00131	0.00526	0.99998	0.00351	-0.00133	-0.00350	0.99999		-6.16971	61.07547	874.36235	179.65002	2.35912	-2.77583	0.74288	0.99798	0.04868	0.04082	0.04839	-0.99880	0.00809	0.04116	-0.00610	-0.99913		599.93183	7.25135	39.41253	0.69162	-0.22848	2.27261	0.29466	0.99921	0.03960	0.00446	-0.03965	0.99914	0.01190	-0.00399	-0.01207	0.99992	
94	0.93000	-0.22667	2.06813	-0.12624	0.21744	-0.07067	-0.29881	0.45132	0.99999	-0.00522	0.00121	0.00522	0.99998	0.00380	-0.00123	-0.00380	0.99999		-6.28972	61.44458	874.26841	179.65535	2.30428	-2.85456	0.74216	0.99795	0.05004	0.03986	0.04976	-0.99873	0.00801	0.04021	-0.00601	-0.99917		600.18394	7.31793	39.36009	0.80920	-0.48530	2.32579	0.28404	0.99914	0.04046	0.00904	-0.04058	0.99908	0.01377	-0.00847	-0.01412	0.99986	
