1	0.00000	-0.18977	2.04311	0.84527	-0.25109	0.17237	-0.32947	0.50418	0.99998	-0.00576	-0.00298	0.00575	0.99997	-0.00440	0.00301	0.00438	0.99999		-10.17668	54.04420	874.05066	-179.89693	2.63434	-2.52774	0.61996	0.99797	0.04402	0.04600	0.04406	-0.99903	0.00023	0.04596	0.00180	-0.99894		600.16649	7.54552	40.89797	1.32195	-0.73151	2.01649	0.45746	0.99930	0.03488	0.01357	-0.03518	0.99913	0.02261	-0.01277	-0.02307	0.99965	
2	0.01000	-0.18275	2.03910	0.85189	-0.24454	0.17610	-0.32707	0.50281	0.99998	-0.00572	-0.00305	0.00571	0.99997	-0.00429	0.00307	0.00427	0.99999		-10.33970	54.17027	873.98960	-179.88251	2.61720	-2.51461	0.60781	0.99799	0.04378	0.04571	0.04383	-0.99904	-0.00005	0.04566	0.00205	-0.99895		599.97974	7.51515	40.98942	1.33353	-0.74238	1.87309	0.37578	0.99938	0.03238	0.01371	-0.03268	0.99920	0.02284	-0.01296	-0.02327	0.99965	
3	0.02000	-0.17782	2.04042	0.82731	-0.24876	0.16502	-0.32865	0.50015	0.99998	-0.00575	-0.00285	0.00574	0.99997	-0.00436	0.00288	0.00434	0.99999		-10.12404	54.48454	874.02360	-179.75383	2.60469	-2.82632	0.73288	0.99775	0.04911	0.04560	0.04926	-0.99878	-0.00205	0.04544	0.00429	-0.99896		599.96540	7.52892	40.90332	1.34535	-0.72853	1.86154	0.37339	0.99939	0.03218	0.01347	-0.03248	0.99921	0.02305	-0.01271	-0.02348	0.99964	
4	0.03000	-0.14368	2.09284	0.23111	-0.09098	-0.04867	-0.34367	0.72129	0.99998	-0.00600	0.00086	0.00600	0.99998	-0.00158	-0.00085	0.00159	1.00000		-6.88323	56.61824	874.50515	-179.99005	2.46057	-2.77232	0.71647	0.99791	0.04836	0.04289	0.04832	-0.99883	0.00190	0.04293	0.00017	-0.99908		600.01798	7.88046	39.41679	1.32022	-0.18471	1.82432	0.37939	0.99949	0.03175	0.00395	-0.03183	0.99923	0.02293	-0.00322	-0.02304	0.99973	
5	0.04000	-0.20991	2.09339	1.32113	-0.13875	0.31423	-0.32896	0.71666	0.99997	-0.00575	-0.00547	0.00574	0.99998	-0.00245	0.00548	0.00242	0.99998		-12.33297	55.82981	873.40823	-179.93660	2.82614	-2.75736	0.71274	0.99763	0.04805	0.04930	0.04805	-0.99884	0.00127	0.04931	0.00111	-0.99878		599.82255	7.71355	42.13738	1.39097	-0.54032	1.79485	0.37430	0.99946	0.03108	0.01018	-0.03132	0.99922	0.02397	-0.00943	-0.02427	0.99966	
6	0.05000	-0.00901	2.59961	0.41644	0.51949	-0.82959	-0.54382	0.69671	0.99985	-0.00962	0.01439	0.00949	0.99991	0.00920	-0.01448	-0.00907	0.99985		4.33344	65.27958	873.89569	179.44112	1.62830	-2.84029	0.63308	0.99837	0.04983	0.02790	0.04953	-0.99871	0.01115	0.02842	-0.00975	-0.99955		600.28564	9.73735	31.61146	0.46537	0.64876	2.24736	0.37279	0.99917	0.03930	-0.01100	-0.03921	0.99919	0.00856	0.01132	-0.00812	0.99990	
7	0.06000	-0.23916	2.14314	0.40961	0.32926	0.01526	-0.31878	0.53308	0.99998	-0.00556	-0.00030	0.00556	0.99997	0.00574	0.00027	-0.00575	0.99998		-7.82745	62.90931	873.67335	179.53246	2.46366	-2.78259	0.73583	0.99790	0.04890	0.04254	0.04850	-0.99877	0.01024	0.04299	-0.00815	-0.99904		599.91386	7.74702	40.08712	0.85001	-0.29988	1.98439	0.44554	0.99939	0.03455	0.00574	-0.03463	0.99929	0.01464	-0.00523	-0.01483	0.99988	
8	0.07000	-0.31050	2.10913	0.94502	0.14141	0.22128	-0.33167	0.57552	0.99998	-0.00578	-0.00388	0.00579	0.99998	0.00245	0.00386	-0.00247	0.99999		-10.83161	60.03237	873.34914	179.72060	2.67671	-2.78694	0.74167	0.99773	0.04885	0.04641	0.04857	-0.99879	0.00714	0.04670	-0.00487	-0.99890		599.81099	7.85924	41.58687	1.06714	-0.48657	1.87434	0.40501	0.99943	0.03254	0.00910	-0.03271	0.99930	0.01834	-0.00849	-0.01862	0.99979	
9	0.08000	-0.28682	2.03322	0.41302	0.09899	0.08754	-0.31453	0.52534	0.99998	-0.00549	-0.00154	0.00549	0.99998	0.00172	0.00153	-0.00173	1.00000		-8.73895	59.46237	873.92327	179.75732	2.53179	-2.78163	0.75082	0.99785	0.04872	0.04392	0.04848	-0.99880	0.00637	0.04417	-0.00423	-0.99901		599.89140	7.74384	40.68925	1.11164	-0.37299	1.82942	0.40748	0.99947	0.03179	0.00712	-0.03192	0.99931	0.01918	-0.00651	-0.01940	0.99979	
10	0.09000	-0.26712	2.10082	0.52908	0.20256	0.12604	-0.31292	0.47306	0.99998	-0.00545	-0.00222	0.00546	0.99998	0.00352	0.00220	-0.00354	0.99999		-9.32814	60.97797	873.67610	179.67148	2.55979	-2.78013	0.73880	0.99783	0.04876	0.04433	0.04846	-0.99879	0.00789	0.04466	-0.00573	-0.99899		599.84402	7.73011	40.96147	1.02823	-0.40889	1.82555	0.41062	0.99947	0.03172	0.00770	-0.03186	0.99934	0.01771	-0.00714	-0.01794	0.99981	
11	0.10000	-0.27938	2.03608	0.37273	0.10117	0.08585	-0.31413	0.50483	0.99998	-0.00548	-0.00151	0.00548	0.99998	0.00176	0.00150	-0.00177	1.00000		-8.66628	59.47370	873.95844	179.75664	2.52331	-2.78286	0.74291	0.99785	0.04874	0.04377	0.04850	-0.99880	0.00638	0.04403	-0.00424	-0.99902		599.88803	7.74005	40.69041	1.12656	-0.36969	1.81899	0.41035	0.99948	0.03161	0.00707	-0.03174	0.99931	0.01945	-0.00645	-0.01966	0.99979	
12	0.11000	-0.27739	2.04841	0.35871	0.09995	0.08481	-0.31818	0.50502	0.99998	-0.00555	-0.00149	0.00555	0.99998	0.00174	0.00148	-0.00174	1.00000		-8.65527	59.45272	873.95655	179.77539	2.51637	-2.78026	0.73880	0.99786	0.04868	0.04366	0.04846	-0.99881	0.00605	0.04390	-0.00392	-0.99903		599.88403	7.77703	40.67366	1.12980	-0.37794	1.81345	0.40967	0.99948	0.03151	0.00722	-0.03164	0.99931	0.01950	-0.00660	-0.01972	0.99978	
13	0.12000	-0.27604	2.02848	0.33466	0.09763	0.07914	-0.30912	0.50129	0.99998	-0.00539	-0.00139	0.00540	0.99998	0.00170	0.00138	-0.00170	1.00000		-8.58004	59.45942	873.98710	179.77492	2.51063	-2.78109	0.74128	0.99786	0.04869	0.04356	0.04847	-0.99881	0.00605	0.04380	-0.00392	-0.99903		599.89134	7.70287	40.63364	1.13047	-0.37474	1.79302	0.41484	0.99949	0.03115	0.00715	-0.03129	0.99932	0.01951	-0.00654	-0.01973	0.99978	
14	0.13000	-0.27441	2.09698	0.48108	0.20945	0.11995	-0.31185	0.46439	0.99998	-0.00543	-0.00211	0.00544	0.99998	0.00364	0.00209	-0.00366	0.99999		-9.23358	61.08944	873.73550	179.64882	2.56994	-2.78004	0.74540	0.99782	0.04878	0.04449	0.04845	-0.99879	0.00830	0.04484	-0.00612	-0.99898		599.84470	7.74237	40.90714	1.03307	-0.40938	1.80463	0.41587	0.99948	0.03136	0.00771	-0.03149	0.99935	0.01780	-0.00715	-0.01803	0.99981	
15	0.14000	-0.29551	2.04327	0.32007	0.09458	0.07915	-0.31526	0.50365	0.99998	-0.00550	-0.00139	0.00550	0.99998	0.00164	0.00138	-0.00165	1.00000		-8.62744	59.42511	874.01963	179.76724	2.53401	-2.78813	0.74953	0.99784	0.04882	0.04396	0.04860	-0.99880	0.00621	0.04421	-0.00406	-0.99901		599.88552	7.76698	40.65469	1.15911	-0.36519	1.78787	0.41482	0.99949	0.03106	0.00700	-0.03120	0.99931	0.02002	-0.00637	-0.02023	0.99978	
16	0.15000	-0.30000	2.04932	0.34254	0.09784	0.08779	-0.31916	0.50120	0.99998	-0.00557	-0.00154	0.00557	0.99998	0.00170	0.00153	-0.00171	1.00000		-8.81849	59.49044	873.98561	179.76410	2.54846	-2.79013	0.74388	0.99783	0.04886	0.04421	0.04863	-0.99880	0.00628	0.04446	-0.00411	-0.99900		599.88482	7.80074	40.70815	1.15566	-0.38364	1.79051	0.41202	0.99949	0.03110	0.00732	-0.03124	0.99931	0.01995	-0.00670	-0.02017	0.99977	
17	0.16000	-0.29712	2.03672	0.33021	0.09846	0.08233	-0.31130	0.50011	0.99998	-0.00543	-0.00145	0.00543	0.99998	0.00171	0.00144	-0.00172	1.00000		-8.77442	59.54913	874.00175	179.75929	2.55408	-2.79224	0.74624	0.99782	0.04890	0.04430	0.04867	-0.99879	0.00637	0.04456	-0.00420	-0.99900		599.88090	7.70854	40.65451	1.13595	-0.38114	1.80335	0.41380	0.99948	0.03133	0.00727	-0.03147	0.99931	0.01961	-0.00665	-0.01982	0.99978	
18	0.17000	-0.29507	2.04758	0.31663	0.10105	0.07701	-0.31428	0.49964	0.99998	-0.00548	-0.00135	0.00549	0.99998	0.00176	0.00134	-0.00176	1.00000		-8.73026	59.59055	874.01760	179.75432	2.55847	-2.78476	0.74382	0.99782	0.04877	0.04438	0.04854	-0.99880	0.00645	0.04464	-0.00428	-0.99899		599.88370	7.75253	40.61710	1.15518	-0.36781	1.77473	0.41161	0.99950	0.03083	0.00704	-0.03097	0.99932	0.01995	-0.00642	-0.02016	0.99978	
19	0.18000	-0.23912	2.03910	-0.06193	0.21515	-0.05586	-0.29673	0.46228	0.99999	-0.00518	0.00096	0.00518	0.99998	0.00376	-0.00097	-0.00376	0.99999		-6.76300	61.38048	874.27208	179.64290	2.41467	-2.77573	0.74399	0.99794	0.04869	0.04178	0.04838	-0.99879	0.00827	0.04213	-0.00623	-0.99909		599.92631	7.64626	39.58695	1.02640	-0.24110	1.76890	0.40999	0.99951	0.03079	0.00476	-0.03087	0.99937	0.01777	-0.00421	-0.01791	0.99983	
20	0.19000	-0.29045	2.04052	0.30096	0.09819	0.07340	-0.31260	0.50383	0.99998	-0.00545	-0.00129	0.00546	0.99998	0.00171	0.00128	-0.00171	1.00000		-8.67177	59.59801	874.03548	179.75838	2.55559	-2.79133	0.74454	0.99782	0.04889	0.04433	0.04865	-0.99880	0.00638	0.04459	-0.00421	-0.99900		599.88287	7.71049	40.59053	1.12960	-0.36639	1.79720	0.40915	0.99949	0.03123	0.00701	-0.03136	0.99932	0.01950	-0.00639	-0.01971	0.99979	
21	0.20000	-0.24470	2.05946	-0.07974	0.21876	-0.06101	-0.30547	0.46593	0.99999	-0.00534	0.00104	0.00533	0.99998	0.00382	-0.00106	-0.00382	0.99999		-6.63443	61.42890	874.29457	179.63596	2.41398	-2.77631	0.74648	0.99794	0.04870	0.04176	0.04839	-0.99879	0.00839	0.04212	-0.00635	-0.99909		599.93507	7.73184	39.54605	1.04447	-0.24316	1.75479	0.41367	0.99952	0.03054	0.00480	-0.03062	0.99937	0.01809	-0.00424	-0.01823	0.99982	
22	0.21000	-0.30061	2.04672	0.31853	0.10515	0.08347	-0.31356	0.49718	0.99998	-0.00547	-0.00147	0.00547	0.99998	0.00183	0.00146	-0.00184	1.00000		-8.73442	59.71327	874.00062	179.75783	2.55348	-2.79475	0.74284	0.99782	0.04895	0.04429	0.04871	-0.99879	0.00639	0.04455	-0.00422	-0.99900		599.88566	7.73687	40.66542	1.13615	-0.38539	1.78505	0.41434	0.99949	0.03101	0.00734	-0.03115	0.99932	0.01961	-0.00673	-0.01983	0.99978	
23	0.22000	-0.22749	2.08485	0.04069	0.32708	-0.02948	-0.29031	0.43274	0.99999	-0.00507	0.00049	0.00507	0.99997	0.00571	-0.00051	-0.00571	0.99998		-7.03071	63.05589	874.03787	179.53224	2.42393	-2.76517	0.74649	0.99794	0.04859	0.04185	0.04820	-0.99879	0.01019	0.04229	-0.00816	-0.99907		599.89350	7.60945	39.74278	0.91419	-0.27643	1.75404	0.41206	0.99952	0.03053	0.00531	-0.03061	0.99941	0.01580	-0.00482	-0.01595	0.99986	
24	0.23000	-0.22710	2.10678	0.03152	0.34860	-0.03111	-0.29413	0.42776	0.99999	-0.00514	0.00051	0.00513	0.99997	0.00609	-0.00054	-0.00608	0.99998		-6.97260	63.34916	874.02798	179.50800	2.41861	-2.77807	0.74821	0.99793	0.04883	0.04173	0.04842	-0.99877	0.01062	0.04220	-0.00858	-0.99907		599.89354	7.64887	39.73471	0.89741	-0.27351	1.75972	0.41375	0.99952	0.03063	0.00525	-0.03071	0.99941	0.01551	-0.00477	-0.01566	0.99987	
25	0.24000	-0.24464	2.03722	-0.09371	0.23193	-0.06058	-0.29364	0.45577	0.99999	-0.00513	0.00104	0.00512	0.99998	0.00405	-0.00106	-0.00405	0.99999		-6.46672	61.60513	874.29529	179.62788	2.39586	-2.76789	0.74555	0.99796	0.04856	0.04144	0.04825	-0.99880	0.00851	0.04180	-0.00649	-0.99910		599.94245	7.64182	39.55727	1.02042	-0.24968	1.74439	0.41750	0.99953	0.03036	0.00490	-0.03044	0.99938	0.01767	-0.00436	-0.01781	0.99983	
26	0.25000	-0.23964	2.05196	-0.08521	0.22185	-0.05998	-0.30131	0.45909	0.99999	-0.00526	0.00103	0.00526	0.99998	0.00388	-0.00105	-0.00387	0.99999		-6.48713	61.39976	874.30515	179.64236	2.39879	-2.77187	0.74728	0.99795	0.04862	0.04150	0.04832	-0.99880	0.00826	0.04185	-0.00624	-0.99910		600.12198	7.81833	39.47870	1.19717	-0.43203	1.74572	0.42923	0.99951	0.03030	0.00817	-0.03046	0.99932	0.02065	-0.00754	-0.02089	0.99975	
27	0.26000	-0.28596	2.04339	0.29587	0.10975	0.07674	-0.30998	0.49649	0.99998	-0.00541	-0.00135	0.00541	0.99998	0.00191	0.00134	-0.00192	1.00000		-8.54378	59.66742	874.00434	179.75865	2.52433	-2.78825	0.74560	0.99785	0.04883	0.04379	0.04860	-0.99880	0.00635	0.04404	-0.00421	-0.99902		599.88701	7.72076	40.60655	1.15546	-0.38493	1.77589	0.41424	0.99950	0.03085	0.00734	-0.03099	0.99932	0.01995	-0.00672	-0.02016	0.99977	
28	0.27000	-0.22206	2.11133	0.01755	0.34576	-0.03390	-0.29526	0.42825	0.99999	-0.00516	0.00056	0.00515	0.99997	0.00604	-0.00059	-0.00603	0.99998		-6.94836	63.17825	874.06501	179.51495	2.42319	-2.77097	0.74816	0.99794	0.04870	0.04182	0.04830	-0.99878	0.01050	0.04228	-0.00846	-0.99907		599.90600	7.66627	39.70690	0.91495	-0.27931	1.75141	0.40984	0.99952	0.03048	0.00536	-0.03056	0.99941	0.01581	-0.00487	-0.01597	0.99986	
29	0.28000	-0.28848	2.03816	0.27343	0.10194	0.06789	-0.30916	0.49602	0.99998	-0.00539	-0.00119	0.00540	0.99998	0.00177	0.00118	-0.00178	1.00000		-8.47257	59.49805	874.04519	179.75726	2.51923	-2.78159	0.74606	0.99786	0.04871	0.04370	0.04848	-0.99880	0.00636	0.04395	-0.00423	-0.99902		599.88759	7.71460	40.53918	1.15970	-0.36789	1.76199	0.41331	0.99951	0.03061	0.00704	-0.03075	0.99933	0.02003	-0.00642	-0.02024	0.99977	
30	0.29000	-0.30033	2.03700	0.31661	0.09892	0.08508	-0.30905	0.49452	0.99998	-0.00539	-0.00149	0.00539	0.99998	0.00172	0.00148	-0.00173	1.00000		-8.75537	59.45483	874.01629	179.77133	2.54997	-2.79151	0.74354	0.99782	0.04888	0.04424	0.04865	-0.99880	0.00615	0.04449	-0.00399	-0.99900		599.89042	7.72384	40.67364	1.17465	-0.39845	1.75449	0.41471	0.99951	0.03047	0.00758	-0.03062	0.99933	0.02028	-0.00695	-0.02050	0.99977	
31	0.30000	-0.30522	2.02965	0.31532	0.09285	0.08417	-0.30743	0.49547	0.99998	-0.00536	-0.00148	0.00537	0.99998	0.00161	0.00147	-0.00162	1.00000		-8.76975	59.36241	874.01938	179.77229	2.55081	-2.77987	0.74714	0.99783	0.04868	0.04426	0.04845	-0.99881	0.00613	0.04451	-0.00397	-0.99900		599.89209	7.69941	40.67293	1.18005	-0.38745	1.77458	0.41561	0.99950	0.03082	0.00740	-0.03097	0.99931	0.02038	-0.00676	-0.02059	0.99977	
32	0.31000	-0.25250	2.04887	-0.07180	0.21728	-0.05129	-0.30134	0.45624	0.99999	-0.00526	0.00088	0.00526	0.99998	0.00380	-0.00090	-0.00379	0.99999		-6.78483	61.27308	874.28890	179.64583	2.41049	-2.78002	0.74548	0.99794	0.04876	0.04171	0.04846	-0.99879	0.00821	0.04206	-0.00618	-0.99910		599.93063	7.68746	39.62294	1.03269	-0.25620	1.76889	0.41653	0.99951	0.03078	0.00502	-0.03087	0.99936	0.01788	-0.00447	-0.01802	0.99983	
33	0.32000	-0.25465	2.06216	-0.06849	0.22459	-0.04949	-0.30440	0.46009	0.99999	-0.00532	0.00084	0.00531	0.99998	0.00392	-0.00086	-0.00392	0.99999		-6.81775	61.40808	874.28334	179.64520	2.42360	-2.79726	0.74123	0.99792	0.04906	0.04193	0.04876	-0.99878	0.00825	0.04229	-0.00619	-0.99909		599.94530	7.72217	39.63163	1.02863	-0.26569	1.75905	0.41243	0.99952	0.03061	0.00519	-0.03070	0.99937	0.01780	-0.00464	-0.01795	0.99983	
34	0.33000	-0.24845	2.07400	-0.09702	0.22523	-0.05841	-0.30826	0.45765	0.99998	-0.00538	0.00100	0.00538	0.99998	0.00394	-0.00102	-0.00393	0.99999		-6.69517	61.44480	874.27134	179.65756	2.39895	-2.79159	0.74004	0.99794	0.04895	0.04152	0.04866	-0.99878	0.00801	0.04186	-0.00597	-0.99911		599.94037	7.74927	39.57529	1.03450	-0.24261	1.77540	0.41594	0.99951	0.03090	0.00479	-0.03098	0.99936	0.01791	-0.00423	-0.01805	0.99983	
35	0.34000	-0.24022	2.05752	-0.10282	0.22964	-0.06177	-0.30054	0.46013	0.99999	-0.00525	0.00106	0.00525	0.99998	0.00401	-0.00108	-0.00401	0.99999		-6.60926	61.51959	874.30529	179.63533	2.41360	-2.77225	0.74364	0.99794	0.04863	0.04175	0.04832	-0.99880	0.00839	0.04211	-0.00636	-0.99909		599.93940	7.69879	39.54318	1.03426	-0.24358	1.75073	0.41573	0.99952	0.03047	0.00480	-0.03055	0.99937	0.01791	-0.00425	-0.01805	0.99983	
36	0.35000	-0.28256	2.04700	0.25567	0.09343	0.06547	-0.31168	0.49183	0.99998	-0.00544	-0.00115	0.00544	0.99998	0.00162	0.00114	-0.00163	1.00000		-8.47414	59.47046	874.07057	179.76668	2.53118	-2.78081	0.74391	0.99785	0.04869	0.04391	0.04847	-0.99881	0.00621	0.04416	-0.00407	-0.99902		599.89087	7.72360	40.52118	1.16000	-0.37708	1.77169	0.41320	0.99950	0.03078	0.00720	-0.03092	0.99932	0.02003	-0.00658	-0.02024	0.99977	
37	0.36000	-0.29016	2.05159	0.29394	0.08693	0.08255	-0.31307	0.49358	0.99998	-0.00546	-0.00145	0.00546	0.99998	0.00151	0.00144	-0.00152	1.00000		-8.68297	59.40917	874.02896	179.77454	2.54416	-2.79673	0.74852	0.99782	0.04897	0.04414	0.04874	-0.99879	0.00610	0.04439	-0.00393	-0.99901		599.88433	7.72679	40.66321	1.16928	-0.38960	1.77417	0.41372	0.99950	0.03081	0.00743	-0.03096	0.99932	0.02019	-0.00680	-0.02041	0.99977	
38	0.37000	-0.23106	2.10167	0.04261	0.33423	-0.01841	-0.29271	0.42764	0.99999	-0.00511	0.00029	0.00511	0.99997	0.00583	-0.00032	-0.00583	0.99998		-7.17147	63.15299	874.03139	179.52747	2.43993	-2.76440	0.74471	0.99793	0.04858	0.04212	0.04819	-0.99879	0.01029	0.04257	-0.00824	-0.99906		599.89395	7.64459	39.84350	0.92670	-0.28974	1.73964	0.41926	0.99953	0.03027	0.00554	-0.03036	0.99941	0.01601	-0.00506	-0.01617	0.99986	
39	0.38000	-0.29311	2.06093	0.26280	0.09345	0.07075	-0.31741	0.49203	0.99998	-0.00554	-0.00124	0.00554	0.99998	0.00162	0.00123	-0.00163	1.00000		-8.45804	59.52174	874.03989	179.76527	2.51607	-2.79136	0.74882	0.99785	0.04888	0.04365	0.04865	-0.99880	0.00623	0.04390	-0.00409	-0.99903		599.89042	7.76622	40.57141	1.15836	-0.38184	1.77069	0.41186	0.99950	0.03076	0.00728	-0.03090	0.99932	0.02000	-0.00666	-0.02022	0.99977	
40	0.39000	-0.29900	2.05640	0.30086	0.10607	0.08575	-0.31328	0.49247	0.99998	-0.00546	-0.00151	0.00547	0.99998	0.00184	0.00150	-0.00185	1.00000		-8.68824	59.72390	873.98046	179.76091	2.52735	-2.78428	0.74118	0.99785	0.04876	0.04384	0.04853	-0.99880	0.00631	0.04410	-0.00417	-0.99902		599.88229	7.74087	40.69067	1.15336	-0.39021	1.76133	0.41666	0.99950	0.03059	0.00742	-0.03074	0.99933	0.01991	-0.00681	-0.02013	0.99977	
41	0.40000	-0.23431	2.11127	0.03965	0.32488	-0.02253	-0.29731	0.42647	0.99999	-0.00519	0.00036	0.00519	0.99997	0.00567	-0.00039	-0.00567	0.99998		-7.15607	63.10802	873.97917	179.55559	2.37180	-2.85764	0.75019	0.99790	0.05017	0.04094	0.04981	-0.99871	0.00981	0.04138	-0.00775	-0.99911		599.89809	7.66874	39.79314	0.93323	-0.28831	1.74577	0.41506	0.99952	0.03038	0.00553	-0.03046	0.99941	0.01613	-0.00503	-0.01629	0.99985	
42	0.41000	-0.24280	2.07484	-0.08588	0.22593	-0.05330	-0.30688	0.45570	0.99998	-0.00536	0.00091	0.00536	0.99998	0.00395	-0.00093	-0.00394	0.99999		-6.65575	61.51348	874.28113	179.63548	2.41047	-2.78978	0.74552	0.99793	0.04894	0.04170	0.04863	-0.99878	0.00840	0.04206	-0.00636	-0.99909		599.92965	7.73666	39.60791	1.03464	-0.25190	1.75538	0.41203	0.99952	0.03055	0.00495	-0.03063	0.99937	0.01791	-0.00440	-0.01806	0.99983	
43	0.42000	-0.27555	2.09285	0.39819	0.21772	0.10718	-0.30267	0.45846	0.99998	-0.00528	-0.00189	0.00528	0.99998	0.00379	0.00187	-0.00380	0.99999		-9.10630	61.31823	873.77832	179.64026	2.56639	-2.77567	0.74399	0.99782	0.04871	0.04442	0.04838	-0.99879	0.00844	0.04478	-0.00627	-0.99898		599.84487	7.65651	40.80018	1.02889	-0.41011	1.75262	0.41649	0.99951	0.03045	0.00770	-0.03058	0.99937	0.01773	-0.00716	-0.01796	0.99981	
44	0.43000	-0.29014	2.04873	0.25360	0.10810	0.06682	-0.31167	0.48862	0.99998	-0.00544	-0.00118	0.00544	0.99998	0.00188	0.00117	-0.00189	1.00000		-8.50433	59.66623	874.05487	179.75414	2.53334	-2.79222	0.74712	0.99784	0.04890	0.04394	0.04867	-0.99879	0.00644	0.04420	-0.00429	-0.99901		599.87686	7.71885	40.53783	1.14447	-0.36226	1.76493	0.41471	0.99951	0.03067	0.00693	-0.03080	0.99933	0.01977	-0.00632	-0.01997	0.99978	
45	0.44000	-0.25187	2.06908	-0.07951	0.22968	-0.05005	-0.30294	0.45895	0.99999	-0.00529	0.00085	0.00529	0.99998	0.00401	-0.00087	-0.00401	0.99999		-6.78366	61.48137	874.28228	179.63403	2.42680	-2.78479	0.74348	0.99792	0.04885	0.04198	0.04854	-0.99879	0.00844	0.04234	-0.00638	-0.99908		599.92262	7.70485	39.62171	1.03587	-0.25931	1.74109	0.41798	0.99953	0.03030	0.00507	-0.03038	0.99938	0.01793	-0.00453	-0.01808	0.99983	
46	0.45000	-0.25391	2.08215	-0.10862	0.22839	-0.06279	-0.31020	0.45440	0.99998	-0.00542	0.00107	0.00541	0.99998	0.00399	-0.00110	-0.00399	0.99999		-6.61264	61.43335	874.30804	179.64452	2.40566	-2.79189	0.74585	0.99793	0.04897	0.04162	0.04867	-0.99878	0.00824	0.04197	-0.00620	-0.99910		599.92731	7.76266	39.52605	1.03290	-0.23722	1.75556	0.41437	0.99952	0.03056	0.00469	-0.03064	0.99937	0.01789	-0.00414	-0.01803	0.99983	
47	0.46000	-0.30606	2.05734	0.26591	0.09786	0.07235	-0.31785	0.49053	0.99998	-0.00554	-0.00127	0.00555	0.99998	0.00170	0.00126	-0.00171	1.00000		-8.61216	59.43905	874.06389	179.77423	2.54625	-2.80470	0.74701	0.99782	0.04911	0.04418	0.04888	-0.99879	0.00611	0.04443	-0.00394	-0.99900		599.88262	7.78895	40.57447	1.18028	-0.37653	1.75437	0.41614	0.99951	0.03047	0.00720	-0.03061	0.99932	0.02039	-0.00657	-0.02060	0.99977	
48	0.47000	-0.30016	2.05586	0.24854	0.10279	0.06617	-0.31703	0.49293	0.99998	-0.00553	-0.00116	0.00553	0.99998	0.00179	0.00115	-0.00179	1.00000		-8.51631	59.50611	874.06903	179.77415	2.53107	-2.80252	0.74519	0.99783	0.04907	0.04392	0.04885	-0.99879	0.00610	0.04416	-0.00394	-0.99902		599.82879	7.73408	40.54968	1.13223	-0.31233	1.83088	0.40028	0.99947	0.03184	0.00608	-0.03195	0.99930	0.01958	-0.00545	-0.01976	0.99979	
49	0.48000	-0.25203	2.06146	-0.10962	0.21585	-0.06212	-0.30373	0.45922	0.99999	-0.00530	0.00106	0.00530	0.99998	0.00377	-0.00108	-0.00377	0.99999		-6.57015	61.24367	874.32229	179.65169	2.40182	-2.79131	0.74417	0.99794	0.04895	0.04156	0.04866	-0.99878	0.00811	0.04191	-0.00607	-0.99910		599.93155	7.71487	39.52226	1.04025	-0.24580	1.73681	0.41619	0.99953	0.03023	0.00484	-0.03031	0.99938	0.01802	-0.00429	-0.01815	0.99983	
50	0.49000	-0.28897	2.05327	0.23529	0.10438	0.06081	-0.31335	0.49072	0.99998	-0.00547	-0.00107	0.00547	0.99998	0.00182	0.00106	-0.00182	1.00000		-8.38788	59.55934	874.07284	179.76984	2.51893	-2.80306	0.74153	0.99784	0.04908	0.04370	0.04886	-0.99879	0.00616	0.04395	-0.00401	-0.99903		599.88568	7.73756	40.47901	1.17271	-0.36770	1.76613	0.41308	0.99950	0.03068	0.00704	-0.03082	0.99932	0.02026	-0.00642	-0.02047	0.99977	
51	0.50000	-0.24632	2.06334	-0.08042	0.21879	-0.05015	-0.30409	0.45743	0.99999	-0.00531	0.00086	0.00531	0.99998	0.00382	-0.00088	-0.00382	0.99999		-6.69896	61.31079	874.28468	179.64549	2.40652	-2.78994	0.75005	0.99793	0.04893	0.04164	0.04863	-0.99878	0.00822	0.04199	-0.00618	-0.99910		599.93188	7.71808	39.61870	1.04748	-0.26850	1.74040	0.41466	0.99953	0.03028	0.00524	-0.03037	0.99937	0.01813	-0.00469	-0.01828	0.99982	
52	0.51000	-0.22526	2.11199	0.00845	0.33376	-0.03171	-0.29730	0.42377	0.99999	-0.00519	0.00052	0.00519	0.99997	0.00583	-0.00055	-0.00583	0.99998		-6.97874	63.03408	874.06224	179.53185	2.42144	-2.77880	0.74448	0.99793	0.04882	0.04180	0.04844	-0.99877	0.01021	0.04225	-0.00816	-0.99907		599.89958	7.66946	39.71697	0.92087	-0.28232	1.74325	0.41413	0.99953	0.03034	0.00541	-0.03042	0.99941	0.01591	-0.00493	-0.01607	0.99986	
53	0.52000	-0.24669	2.09227	-0.10359	0.22988	-0.05972	-0.31118	0.45511	0.99998	-0.00543	0.00102	0.00543	0.99998	0.00402	-0.00104	-0.00401	0.99999		-6.52556	61.48864	874.28616	179.63533	2.38909	-2.78302	0.74310	0.99795	0.04882	0.04133	0.04851	-0.99879	0.00838	0.04169	-0.00636	-0.99911		599.92922	7.76889	39.54316	1.03376	-0.25018	1.75874	0.41317	0.99952	0.03061	0.00492	-0.03069	0.99937	0.01790	-0.00437	-0.01804	0.99983	
54	0.53000	-0.25312	2.07452	-0.08875	0.22566	-0.05276	-0.30744	0.45412	0.99998	-0.00537	0.00090	0.00537	0.99998	0.00394	-0.00092	-0.00394	0.99999		-6.61212	61.48050	874.28127	179.63669	2.40523	-2.78775	0.74274	0.99794	0.04890	0.04161	0.04859	-0.99878	0.00837	0.04197	-0.00634	-0.99910		599.93902	7.76122	39.60208	1.04500	-0.26087	1.73567	0.41388	0.99953	0.03020	0.00510	-0.03029	0.99938	0.01809	-0.00455	-0.01824	0.99982	
55	0.54000	-0.28446	2.08580	0.38711	0.20500	0.10227	-0.30203	0.45459	0.99998	-0.00526	-0.00180	0.00527	0.99998	0.00357	0.00178	-0.00358	0.99999		-8.95692	61.15381	873.80669	179.65459	2.55735	-2.77871	0.74410	0.99783	0.04875	0.04427	0.04843	-0.99879	0.00818	0.04462	-0.00602	-0.99899		599.85276	7.66108	40.75725	1.05822	-0.40725	1.75531	0.41532	0.99951	0.03049	0.00767	-0.03063	0.99936	0.01824	-0.00711	-0.01847	0.99980	
56	0.55000	-0.29803	2.04809	0.25548	0.10171	0.06845	-0.31194	0.49299	0.99998	-0.00544	-0.00120	0.00544	0.99998	0.00177	0.00119	-0.00178	1.00000		-8.45567	59.62795	874.04966	179.75764	2.52839	-2.78740	0.74310	0.99784	0.04882	0.04386	0.04858	-0.99880	0.00637	0.04411	-0.00423	-0.99902		599.89488	7.73503	40.53566	1.16273	-0.38030	1.76057	0.41574	0.99951	0.03058	0.00726	-0.03072	0.99933	0.02008	-0.00664	-0.02029	0.99977	
57	0.56000	-0.25320	2.06453	-0.11475	0.23120	-0.06405	-0.30305	0.45611	0.99999	-0.00529	0.00110	0.00529	0.99998	0.00404	-0.00112	-0.00404	0.99999		-6.51487	61.61626	874.30565	179.62973	2.40320	-2.78921	0.74534	0.99794	0.04893	0.04157	0.04862	-0.99878	0.00850	0.04193	-0.00646	-0.99910		599.89115	7.67837	39.54084	1.00506	-0.19141	1.81520	0.39832	0.99949	0.03161	0.00389	-0.03168	0.99935	0.01743	-0.00334	-0.01754	0.99984	
58	0.57000	-0.25053	2.05875	-0.10721	0.21931	-0.05903	-0.30251	0.45118	0.99999	-0.00528	0.00101	0.00528	0.99998	0.00383	-0.00103	-0.00383	0.99999		-6.63076	61.43161	874.30733	179.63954	2.41383	-2.77991	0.74263	0.99794	0.04876	0.04176	0.04846	-0.99879	0.00833	0.04212	-0.00629	-0.99909		599.93206	7.69232	39.57154	1.02283	-0.23732	1.76623	0.41248	0.99952	0.03074	0.00469	-0.03082	0.99937	0.01771	-0.00414	-0.01785	0.99983	
59	0.58000	-0.29346	2.04465	0.24919	0.10759	0.06766	-0.30946	0.49025	0.99998	-0.00540	-0.00119	0.00540	0.99998	0.00187	0.00118	-0.00188	1.00000		-8.55229	59.71749	874.05021	179.75510	2.54052	-2.78153	0.74590	0.99784	0.04872	0.04407	0.04848	-0.99880	0.00642	0.04433	-0.00427	-0.99901		600.09429	7.85519	40.45964	1.32517	-0.58087	1.72271	0.43285	0.99950	0.02982	0.01083	-0.03006	0.99929	0.02281	-0.01014	-0.02313	0.99968	
60	0.59000	-0.25101	2.06106	-0.09275	0.22204	-0.05170	-0.30052	0.45296	0.99999	-0.00525	0.00088	0.00524	0.99998	0.00388	-0.00090	-0.00388	0.99999		-6.77464	61.46119	874.29085	179.64511	2.42660	-2.78562	0.74110	0.99792	0.04886	0.04199	0.04856	-0.99879	0.00824	0.04234	-0.00619	-0.99908		599.93497	7.69655	39.62278	1.04949	-0.25982	1.74231	0.41389	0.99953	0.03032	0.00509	-0.03040	0.99937	0.01817	-0.00453	-0.01832	0.99982	
61	0.60000	-0.25836	2.05523	-0.10533	0.22283	-0.05310	-0.29797	0.45246	0.99999	-0.00520	0.00091	0.00520	0.99998	0.00389	-0.00093	-0.00389	0.99999		-6.74046	61.45107	874.31415	179.64413	2.43036	-2.77858	0.74289	0.99793	0.04874	0.04205	0.04843	-0.99879	0.00826	0.04241	-0.00621	-0.99908		599.94573	7.65092	39.61437	1.02201	-0.25907	1.75898	0.41089	0.99952	0.03061	0.00507	-0.03069	0.99937	0.01769	-0.00452	-0.01784	0.99983	
62	0.61000	-0.25403	2.05787	-0.11372	0.23569	-0.05923	-0.29962	0.45462	0.99999	-0.00523	0.00101	0.00523	0.99998	0.00412	-0.00103	-0.00411	0.99999		-6.64983	61.65032	874.28717	179.64372	2.40311	-2.77752	0.73716	0.99795	0.04872	0.04158	0.04842	-0.99879	0.00824	0.04193	-0.00621	-0.99910		600.13585	7.80811	39.47583	1.18066	-0.45438	1.73039	0.42644	0.99951	0.03003	0.00855	-0.03020	0.99934	0.02036	-0.00793	-0.02060	0.99976	
63	0.62000	-0.25882	2.06146	-0.10312	0.22324	-0.05589	-0.30344	0.45206	0.99999	-0.00530	0.00096	0.00530	0.99998	0.00390	-0.00098	-0.00390	0.99999		-6.65654	61.42495	874.30811	179.64439	2.41145	-2.78752	0.74481	0.99793	0.04889	0.04172	0.04859	-0.99878	0.00825	0.04208	-0.00620	-0.99910		599.94535	7.74223	39.57890	1.07874	-0.26858	1.73175	0.41592	0.99953	0.03013	0.00525	-0.03022	0.99937	0.01868	-0.00469	-0.01883	0.99981	
64	0.63000	-0.30366	2.03590	0.27030	0.09327	0.07668	-0.30852	0.48743	0.99998	-0.00538	-0.00135	0.00538	0.99998	0.00162	0.00134	-0.00163	1.00000		-8.60488	59.42886	874.03170	179.77591	2.52731	-2.78842	0.74525	0.99784	0.04882	0.04385	0.04860	-0.99880	0.00605	0.04410	-0.00391	-0.99902		599.89623	7.69882	40.60906	1.16587	-0.38549	1.75936	0.41052	0.99951	0.03056	0.00735	-0.03070	0.99933	0.02013	-0.00673	-0.02035	0.99977	
65	0.64000	-0.25061	2.05754	-0.10101	0.22369	-0.05600	-0.30108	0.45345	0.99999	-0.00526	0.00096	0.00525	0.99998	0.00391	-0.00098	-0.00390	0.99999		-6.60049	61.40351	874.30199	179.64442	2.40513	-2.78500	0.74470	0.99794	0.04885	0.04161	0.04855	-0.99879	0.00824	0.04197	-0.00620	-0.99910		600.13799	7.83396	39.49844	1.20464	-0.45826	1.71513	0.43108	0.99952	0.02976	0.00862	-0.02993	0.99934	0.02077	-0.00800	-0.02102	0.99975	
66	0.65000	-0.27886	2.09799	0.38512	0.21212	0.10708	-0.30810	0.45709	0.99998	-0.00537	-0.00189	0.00538	0.99998	0.00369	0.00187	-0.00370	0.99999		-9.04886	61.14957	873.80415	179.65503	2.55956	-2.78247	0.74719	0.99782	0.04881	0.04431	0.04850	-0.99879	0.00818	0.04466	-0.00601	-0.99898		599.85909	7.72162	40.80121	1.05561	-0.41807	1.76340	0.41207	0.99950	0.03063	0.00786	-0.03077	0.99936	0.01819	-0.00730	-0.01842	0.99980	
67	0.66000	-0.29460	2.06022	0.28605	0.09559	0.08427	-0.31665	0.49046	0.99998	-0.00552	-0.00148	0.00553	0.99998	0.00166	0.00147	-0.00167	1.00000		-8.67190	59.41350	874.02876	179.76894	2.53824	-2.80183	0.75243	0.99782	0.04906	0.04404	0.04883	-0.99879	0.00619	0.04429	-0.00403	-0.99901		599.89106	7.77806	40.67081	1.17241	-0.39962	1.75628	0.41555	0.99951	0.03050	0.00760	-0.03065	0.99933	0.02024	-0.00697	-0.02046	0.99977	
68	0.67000	-0.24614	2.06477	-0.08510	0.22121	-0.04823	-0.30076	0.45519	0.99999	-0.00525	0.00082	0.00525	0.99998	0.00386	-0.00084	-0.00386	0.99999		-6.69656	61.34998	874.26879	179.64735	2.39139	-2.78804	0.74890	0.99795	0.04890	0.04138	0.04860	-0.99878	0.00818	0.04173	-0.00615	-0.99911		599.93391	7.67907	39.65001	1.03576	-0.25914	1.74879	0.41495	0.99952	0.03043	0.00507	-0.03052	0.99937	0.01793	-0.00452	-0.01808	0.99983	
69	0.68000	-0.22734	2.11307	0.01544	0.32304	-0.02462	-0.29752	0.42563	0.99999	-0.00519	0.00040	0.00519	0.99997	0.00564	-0.00043	-0.00564	0.99998		-7.09073	62.85141	874.06568	179.54373	2.42664	-2.77903	0.74433	0.99793	0.04882	0.04190	0.04844	-0.99878	0.01001	0.04234	-0.00796	-0.99907		599.89269	7.67332	39.78752	0.93915	-0.28561	1.74227	0.41628	0.99953	0.03032	0.00548	-0.03040	0.99941	0.01623	-0.00498	-0.01639	0.99985	
70	0.69000	-0.25197	2.06604	-0.11018	0.22758	-0.05735	-0.30188	0.45487	0.99999	-0.00527	0.00098	0.00527	0.99998	0.00398	-0.00100	-0.00397	0.99999		-6.59825	61.48476	874.27706	179.65240	2.38495	-2.78759	0.74280	0.99795	0.04888	0.04127	0.04859	-0.99879	0.00808	0.04161	-0.00606	-0.99912		599.93629	7.68600	39.57307	1.01983	-0.25696	1.75295	0.41564	0.99952	0.03051	0.00503	-0.03059	0.99938	0.01765	-0.00448	-0.01780	0.99983	
71	0.70000	-0.23565	2.10499	-0.00219	0.34635	-0.03213	-0.29424	0.42287	0.99999	-0.00514	0.00053	0.00514	0.99997	0.00605	-0.00056	-0.00604	0.99998		-7.01312	63.23949	874.06243	179.52000	2.43382	-2.77453	0.74845	0.99793	0.04876	0.04201	0.04836	-0.99878	0.01042	0.04247	-0.00837	-0.99906		599.89956	7.65558	39.72256	0.91357	-0.27806	1.73307	0.41655	0.99953	0.03016	0.00533	-0.03024	0.99942	0.01579	-0.00485	-0.01594	0.99986	
72	0.71000	-0.24964	2.05741	-0.10565	0.22208	-0.05667	-0.30089	0.45103	0.99999	-0.00526	0.00097	0.00525	0.99998	0.00388	-0.00099	-0.00388	0.99999		-6.65412	61.41519	874.30432	179.64336	2.41512	-2.78153	0.74290	0.99793	0.04879	0.04179	0.04848	-0.99879	0.00826	0.04214	-0.00622	-0.99909		599.87211	7.63770	39.59471	0.98799	-0.20395	1.81741	0.40106	0.99949	0.03165	0.00410	-0.03171	0.99935	0.01712	-0.00356	-0.01724	0.99984	
73	0.72000	-0.25035	2.06060	-0.10315	0.22689	-0.05677	-0.30141	0.44877	0.99999	-0.00526	0.00097	0.00526	0.99998	0.00396	-0.00099	-0.00396	0.99999		-6.69175	61.52252	874.27942	179.65562	2.40888	-2.78491	0.74218	0.99794	0.04884	0.04169	0.04854	-0.99879	0.00805	0.04203	-0.00601	-0.99910		599.92524	7.67426	39.58182	1.01868	-0.24258	1.75133	0.41757	0.99952	0.03048	0.00477	-0.03056	0.99938	0.01764	-0.00423	-0.01778	0.99983	
74	0.73000	-0.25315	2.06367	-0.10094	0.21366	-0.05410	-0.30098	0.45413	0.99999	-0.00526	0.00093	0.00525	0.99998	0.00373	-0.00094	-0.00373	0.99999		-6.78889	61.43605	874.23240	179.66797	2.34877	-2.87178	0.75126	0.99791	0.05034	0.04064	0.05006	-0.99872	0.00784	0.04098	-0.00579	-0.99914		599.87749	7.64167	39.62220	1.02084	-0.19936	1.80894	0.40087	0.99950	0.03150	0.00404	-0.03157	0.99934	0.01770	-0.00348	-0.01782	0.99984	
75	0.74000	-0.27316	2.08741	0.37384	0.20592	0.10045	-0.30347	0.45655	0.99998	-0.00529	-0.00177	0.00530	0.99998	0.00358	0.00175	-0.00359	0.99999		-9.14273	61.30169	873.72955	179.68369	2.49688	-2.87335	0.74219	0.99779	0.05037	0.04323	0.05008	-0.99872	0.00770	0.04356	-0.00552	-0.99904		599.83701	7.67770	40.74079	1.06268	-0.40236	1.73909	0.41696	0.99951	0.03021	0.00758	-0.03035	0.99937	0.01832	-0.00702	-0.01855	0.99980	
76	0.75000	-0.24719	2.05883	-0.10436	0.22304	-0.05832	-0.30079	0.45603	0.99999	-0.00525	0.00100	0.00525	0.99998	0.00390	-0.00102	-0.00389	0.99999		-6.66304	61.47636	874.29086	179.63609	2.41319	-2.77904	0.74826	0.99794	0.04875	0.04175	0.04844	-0.99879	0.00839	0.04211	-0.00635	-0.99909		599.92536	7.70167	39.55916	1.05237	-0.24649	1.73111	0.41260	0.99953	0.03012	0.00485	-0.03021	0.99938	0.01823	-0.00430	-0.01837	0.99982	
77	0.76000	-0.25033	2.06470	-0.11313	0.22034	-0.06114	-0.30381	0.45342	0.99999	-0.00531	0.00105	0.00530	0.99998	0.00385	-0.00107	-0.00385	0.99999		-6.59601	61.44765	874.30815	179.64331	2.40923	-2.79048	0.74204	0.99793	0.04894	0.04168	0.04864	-0.99878	0.00826	0.04204	-0.00622	-0.99910		599.92847	7.71191	39.54451	1.03922	-0.22851	1.75025	0.41744	0.99953	0.03047	0.00454	-0.03054	0.99937	0.01801	-0.00399	-0.01814	0.99983	
78	0.77000	-0.29656	2.05174	0.25284	0.09356	0.06927	-0.31466	0.49508	0.99998	-0.00549	-0.00122	0.00549	0.99998	0.00163	0.00121	-0.00163	1.00000		-8.56088	59.61616	873.99324	179.79436	2.47043	-2.87604	0.74992	0.99781	0.05033	0.04287	0.05013	-0.99873	0.00575	0.04310	-0.00359	-0.99906		599.89200	7.74877	40.54134	1.16201	-0.38164	1.75867	0.41592	0.99951	0.03055	0.00728	-0.03069	0.99933	0.02007	-0.00666	-0.02028	0.99977	
79	0.78000	-0.25558	2.05989	-0.10214	0.21542	-0.05700	-0.30379	0.45469	0.99999	-0.00531	0.00098	0.00530	0.99998	0.00376	-0.00099	-0.00376	0.99999		-6.59337	61.35890	874.29726	179.63510	2.40043	-2.78771	0.74835	0.99794	0.04890	0.04152	0.04859	-0.99878	0.00840	0.04188	-0.00636	-0.99910		599.93272	7.72018	39.56551	1.05391	-0.25370	1.74227	0.41554	0.99953	0.03032	0.00498	-0.03040	0.99937	0.01825	-0.00443	-0.01839	0.99982	
80	0.79000	-0.25161	2.05288	-0.11386	0.22908	-0.05807	-0.29793	0.44988	0.99999	-0.00520	0.00099	0.00520	0.99998	0.00400	-0.00101	-0.00400	0.99999		-6.55695	61.55915	874.28742	179.63120	2.39530	-2.77751	0.74362	0.99795	0.04873	0.04143	0.04842	-0.99879	0.00845	0.04179	-0.00643	-0.99911		599.93277	7.66577	39.57059	1.02078	-0.24072	1.75301	0.41208	0.99952	0.03051	0.00474	-0.03059	0.99938	0.01768	-0.00420	-0.01781	0.99983	
81	0.80000	-0.24959	2.05875	-0.10547	0.22565	-0.05564	-0.30042	0.45562	0.99999	-0.00525	0.00095	0.00524	0.99998	0.00394	-0.00097	-0.00394	0.99999		-6.58633	61.48926	874.28935	179.63953	2.39963	-2.77904	0.74489	0.99795	0.04875	0.04151	0.04844	-0.99879	0.00831	0.04187	-0.00629	-0.99910		599.92786	7.69806	39.59533	1.04793	-0.24049	1.74003	0.41588	0.99953	0.03028	0.00475	-0.03036	0.99937	0.01815	-0.00420	-0.01829	0.99982	
82	0.81000	-0.24610	2.07329	-0.12674	0.22891	-0.06406	-0.30700	0.45457	0.99998	-0.00536	0.00110	0.00536	0.99998	0.00400	-0.00112	-0.00400	0.99999		-6.47242	61.49519	874.31755	179.63683	2.39439	-2.78034	0.74878	0.99795	0.04877	0.04142	0.04846	-0.99879	0.00836	0.04178	-0.00633	-0.99911		599.93195	7.74072	39.52308	1.03035	-0.23270	1.75613	0.41579	0.99952	0.03057	0.00461	-0.03065	0.99937	0.01785	-0.00406	-0.01798	0.99983	
83	0.82000	-0.29584	2.03640	0.25178	0.08849	0.07032	-0.30982	0.49121	0.99998	-0.00541	-0.00124	0.00541	0.99998	0.00154	0.00123	-0.00154	1.00000		-8.47510	59.36494	874.06253	179.77670	2.52125	-2.79346	0.74733	0.99784	0.04891	0.04375	0.04869	-0.99880	0.00604	0.04399	-0.00389	-0.99902		599.89278	7.73563	40.56577	1.19910	-0.37628	1.73633	0.41346	0.99952	0.03016	0.00720	-0.03030	0.99933	0.02072	-0.00657	-0.02093	0.99976	
84	0.83000	-0.24745	2.05922	-0.09601	0.22867	-0.05236	-0.30262	0.45381	0.99999	-0.00528	0.00089	0.00528	0.99998	0.00400	-0.00091	-0.00399	0.99999		-6.67833	61.46835	874.29329	179.63576	2.40912	-2.78053	0.74756	0.99794	0.04878	0.04168	0.04847	-0.99879	0.00839	0.04203	-0.00635	-0.99910		599.92767	7.71079	39.60555	1.02741	-0.25010	1.74112	0.40951	0.99953	0.03030	0.00491	-0.03038	0.99938	0.01779	-0.00437	-0.01793	0.99983	
85	0.84000	-0.29814	2.05076	0.25803	0.09808	0.07208	-0.31520	0.49229	0.99998	-0.00550	-0.00127	0.00550	0.99998	0.00170	0.00126	-0.00171	1.00000		-8.54866	59.46128	874.06762	179.76947	2.54468	-2.79765	0.74547	0.99782	0.04899	0.04415	0.04876	-0.99879	0.00619	0.04440	-0.00402	-0.99901		599.89221	7.75844	40.55920	1.16157	-0.38876	1.75892	0.41282	0.99951	0.03055	0.00740	-0.03069	0.99933	0.02005	-0.00679	-0.02027	0.99977	
86	0.85000	-0.25099	2.05814	-0.11824	0.22017	-0.06326	-0.30143	0.45665	0.99999	-0.00526	0.00108	0.00526	0.99998	0.00385	-0.00110	-0.00384	0.99999		-6.55106	61.32531	874.32422	179.63719	2.40221	-2.77884	0.74914	0.99795	0.04874	0.04156	0.04844	-0.99879	0.00836	0.04191	-0.00633	-0.99910		599.92923	7.68862	39.52706	1.03252	-0.22865	1.75283	0.41445	0.99952	0.03051	0.00454	-0.03059	0.99937	0.01789	-0.00399	-0.01802	0.99983	
87	0.86000	-0.25679	2.06527	-0.10959	0.22520	-0.05718	-0.30477	0.45762	0.99999	-0.00532	0.00098	0.00532	0.99998	0.00394	-0.00100	-0.00393	0.99999		-6.65821	61.38590	874.31105	179.64204	2.41189	-2.77742	0.74294	0.99794	0.04872	0.04173	0.04841	-0.99879	0.00828	0.04208	-0.00624	-0.99909		599.94098	7.71372	39.57150	1.02331	-0.25196	1.75932	0.41299	0.99952	0.03062	0.00494	-0.03070	0.99937	0.01772	-0.00440	-0.01786	0.99983	
88	0.87000	-0.30680	2.04588	0.27173	0.09200	0.07664	-0.31212	0.49392	0.99998	-0.00545	-0.00135	0.00545	0.99998	0.00160	0.00134	-0.00161	1.00000		-8.65971	59.38400	874.04271	179.77400	2.54264	-2.79756	0.74610	0.99782	0.04898	0.04412	0.04876	-0.99879	0.00611	0.04436	-0.00394	-0.99901		599.89462	7.72835	40.60643	1.16849	-0.37998	1.75804	0.41188	0.99951	0.03054	0.00725	-0.03068	0.99933	0.02018	-0.00663	-0.02039	0.99977	
89	0.88000	-0.25335	2.06183	-0.10169	0.22304	-0.05433	-0.30344	0.45189	0.99999	-0.00530	0.00093	0.00530	0.99998	0.00390	-0.00095	-0.00389	0.99999		-6.71631	61.39796	874.30251	179.64053	2.41890	-2.79253	0.74694	0.99792	0.04898	0.04185	0.04868	-0.99878	0.00832	0.04221	-0.00627	-0.99909		599.93520	7.71938	39.59196	1.03913	-0.25396	1.74472	0.41462	0.99953	0.03036	0.00498	-0.03045	0.99937	0.01799	-0.00443	-0.01814	0.99983	
90	0.89000	-0.24749	2.06058	-0.11357	0.21380	-0.05944	-0.30394	0.45609	0.99999	-0.00531	0.00102	0.00530	0.99998	0.00374	-0.00104	-0.00373	0.99999		-6.63778	61.28783	874.31823	179.65849	2.40604	-2.79769	0.74594	0.99793	0.04906	0.04164	0.04877	-0.99878	0.00800	0.04198	-0.00596	-0.99910		599.93622	7.72844	39.55394	1.06874	-0.24557	1.73982	0.41117	0.99953	0.03028	0.00485	-0.03036	0.99937	0.01851	-0.00429	-0.01865	0.99982	
91	0.90000	-0.29630	2.04747	0.26352	0.08999	0.07316	-0.31442	0.49237	0.99998	-0.00549	-0.00128	0.00549	0.99998	0.00156	0.00128	-0.00157	1.00000		-8.58950	59.40403	874.05554	179.77725	2.53986	-2.79913	0.74395	0.99783	0.04901	0.04407	0.04879	-0.99879	0.00605	0.04431	-0.00388	-0.99901		600.08654	7.88540	40.49312	1.33671	-0.57495	1.73237	0.43017	0.99949	0.02999	0.01073	-0.03023	0.99928	0.02301	-0.01003	-0.02333	0.99968	
92	0.91000	-0.25454	2.04696	-0.08964	0.21640	-0.05069	-0.29836	0.45225	0.99999	-0.00521	0.00087	0.00521	0.99998	0.00378	-0.00088	-0.00378	0.99999		-6.70997	61.35825	874.29170	179.64742	2.41587	-2.77174	0.74944	0.99794	0.04862	0.04180	0.04831	-0.99880	0.00818	0.04215	-0.00615	-0.99909		599.95509	7.68496	39.61317	1.05538	-0.26863	1.73813	0.41398	0.99953	0.03024	0.00524	-0.03033	0.99937	0.01827	-0.00469	-0.01842	0.99982	
93	0.92000	-0.28002	2.08499	0.37061	0.19720	0.10094	-0.30301	0.45592	0.99998	-0.00528	-0.00178	0.00529	0.99998	0.00343	0.00176	-0.00344	0.99999		-8.97225	61.04107	873.82640	179.66536	2.55779	-2.78629	0.74340	0.99782	0.04887	0.04429	0.04856	-0.99879	0.00800	0.04463	-0.00583	-0.99899		599.86578	7.68518	40.74148	1.06700	-0.41633	1.73912	0.41713	0.99951	0.03021	0.00783	-0.03035	0.99937	0.01839	-0.00727	-0.01862	0.99980	
94	0.93000	-0.30692	2.04645	0.27288	0.08135	0.07951	-0.31532	0.48977	0.99998	-0.00550	-0.00139	0.00550	0.99998	0.00141	0.00139	-0.00142	1.00000		-8.57613	59.32976	874.04689	179.78349	2.53348	-2.79987	0.74667	0.99783	0.04901	0.04397	0.04880	-0.99879	0.00593	0.04420	-0.00378	-0.99902		599.90158	7.76667	40.62623	1.18325	-0.39056	1.75480	0.41501	0.99951	0.03048	0.00744	-0.03062	0.99932	0.02043	-0.00682	-0.02065	0.99976	
