1	0.00000	-0.16940	2.02765	0.84710	-0.25166	0.16965	-0.33357	0.50140	0.99998	-0.00583	-0.00293	0.00582	0.99997	-0.00441	0.00296	0.00439	0.99999		-10.09196	54.36263	873.98687	-179.71802	2.55600	-2.85236	0.73604	0.99777	0.04954	0.04478	0.04971	-0.99876	-0.00270	0.04460	0.00492	-0.99899		600.17985	7.71961	40.86004	1.52740	-0.93629	1.82663	0.38852	0.99936	0.03143	0.01718	-0.03187	0.99915	0.02612	-0.01634	-0.02665	0.99951	
2	0.01000	-0.13127	1.90866	0.84424	-0.31072	0.15213	-0.27755	0.51222	0.99998	-0.00486	-0.00263	0.00484	0.99997	-0.00544	0.00266	0.00542	0.99998		-9.87374	53.19146	874.07297	-179.78745	2.55328	-2.48727	0.61197	0.99807	0.04323	0.04467	0.04335	-0.99906	-0.00177	0.04455	0.00371	-0.99900		600.16694	7.23245	40.67874	1.61558	-0.93337	1.75811	0.38849	0.99940	0.03021	0.01714	-0.03068	0.99915	0.02768	-0.01629	-0.02819	0.99947	
3	0.02000	-0.26301	1.95779	1.60773	-0.48176	0.43932	-0.32839	0.57579	0.99995	-0.00580	-0.00762	0.00573	0.99995	-0.00845	0.00767	0.00841	0.99993		-14.08536	50.43003	873.46665	-179.65013	2.87022	-2.51897	0.62679	0.99778	0.04364	0.05029	0.04389	-0.99903	-0.00390	0.05007	0.00610	-0.99873		599.87682	7.45452	43.02782	1.60166	-1.00348	1.87138	0.37557	0.99931	0.03215	0.01841	-0.03265	0.99909	0.02736	-0.01751	-0.02795	0.99946	
4	0.03000	-0.23512	2.00603	1.10734	-0.38746	0.26176	-0.34960	0.81332	0.99997	-0.00613	-0.00453	0.00610	0.99996	-0.00679	0.00457	0.00676	0.99997		-11.25034	52.02180	873.88599	-179.68179	2.72902	-2.77283	0.71768	0.99770	0.04811	0.04782	0.04832	-0.99883	-0.00324	0.04761	0.00555	-0.99885		599.90071	7.83258	41.82887	1.63674	-0.49086	1.82530	0.37920	0.99946	0.03159	0.00947	-0.03185	0.99909	0.02828	-0.00857	-0.02856	0.99956	
5	0.04000	-0.22446	2.01808	1.08016	-0.36737	0.24814	-0.35305	0.82416	0.99997	-0.00619	-0.00429	0.00616	0.99996	-0.00644	0.00433	0.00641	0.99997		-11.02341	52.33970	873.88750	-179.70209	2.70795	-2.79100	0.71468	0.99770	0.04845	0.04744	0.04864	-0.99881	-0.00289	0.04725	0.00519	-0.99887		600.12747	7.96484	41.61834	1.75611	-0.68418	1.83260	0.39906	0.99942	0.03160	0.01291	-0.03198	0.99903	0.03025	-0.01194	-0.03064	0.99946	
6	0.05000	-0.29480	2.80359	2.62710	0.73974	-0.06740	-0.59314	0.63738	0.99995	-0.01037	0.00104	0.01035	0.99986	0.01292	-0.00118	-0.01291	0.99992		-6.84002	68.28865	871.39408	179.25504	2.29924	-2.89860	0.63793	0.99792	0.05109	0.03941	0.05053	-0.99861	0.01501	0.04012	-0.01299	-0.99911		600.12209	10.18226	37.37049	0.28074	-0.12031	2.30105	0.36484	0.99919	0.04014	0.00229	-0.04015	0.99918	0.00481	-0.00210	-0.00490	0.99999	
7	0.06000	-0.32132	2.07476	0.91926	0.00616	0.20314	-0.34877	0.65420	0.99997	-0.00609	-0.00355	0.00609	0.99998	0.00009	0.00355	-0.00011	0.99999		-10.34977	58.02518	873.49763	179.86536	2.60905	-2.79211	0.72629	0.99778	0.04882	0.04535	0.04866	-0.99880	0.00456	0.04552	-0.00235	-0.99896		599.87152	7.83137	41.61130	1.12867	-0.43977	2.10376	0.44305	0.99930	0.03655	0.00839	-0.03671	0.99914	0.01940	-0.00768	-0.01970	0.99978	
8	0.07000	-0.35387	1.99379	1.06733	-0.11473	0.30285	-0.33252	0.60834	0.99997	-0.00581	-0.00527	0.00580	0.99998	-0.00203	0.00529	0.00200	0.99998		-11.80893	56.27204	873.44231	179.96849	2.70509	-2.79266	0.74026	0.99770	0.04875	0.04711	0.04867	-0.99881	0.00285	0.04720	-0.00055	-0.99889		599.83796	7.79724	42.34934	1.33496	-0.57561	1.88398	0.40848	0.99941	0.03263	0.01080	-0.03287	0.99920	0.02295	-0.01005	-0.02330	0.99968	
9	0.08000	-0.35692	2.00575	1.03164	-0.11090	0.29868	-0.33291	0.59632	0.99997	-0.00582	-0.00520	0.00581	0.99998	-0.00197	0.00521	0.00194	0.99998		-11.76874	56.34148	873.47224	179.96725	2.70468	-2.80027	0.74813	0.99769	0.04888	0.04710	0.04880	-0.99880	0.00288	0.04719	-0.00057	-0.99889		599.83759	7.79572	42.32634	1.33057	-0.57708	1.87215	0.41452	0.99942	0.03243	0.01082	-0.03267	0.99920	0.02288	-0.01007	-0.02322	0.99968	
10	0.09000	-0.34211	2.03781	1.16347	0.02344	0.33596	-0.31619	0.53557	0.99997	-0.00552	-0.00587	0.00552	0.99998	0.00038	0.00586	-0.00041	0.99998		-12.37423	58.35520	873.20481	179.82599	2.75748	-2.77441	0.74475	0.99767	0.04855	0.04790	0.04835	-0.99882	0.00536	0.04811	-0.00303	-0.99884		599.78946	7.69577	42.54518	1.21047	-0.62800	1.83814	0.41157	0.99943	0.03184	0.01163	-0.03207	0.99927	0.02076	-0.01096	-0.02112	0.99972	
11	0.10000	-0.27704	2.07388	0.56987	0.20541	0.13042	-0.31077	0.47847	0.99998	-0.00542	-0.00230	0.00542	0.99998	0.00357	0.00228	-0.00359	0.99999		-9.35394	61.12310	873.62387	179.64125	2.54813	-2.78382	0.74512	0.99783	0.04884	0.04410	0.04852	-0.99879	0.00841	0.04446	-0.00626	-0.99899		599.86518	7.73278	40.96484	1.03263	-0.42430	1.81826	0.41499	0.99947	0.03159	0.00797	-0.03173	0.99934	0.01778	-0.00741	-0.01802	0.99981	
12	0.11000	-0.29709	2.02480	0.43224	0.08242	0.10273	-0.32052	0.52075	0.99998	-0.00559	-0.00180	0.00559	0.99998	0.00143	0.00179	-0.00144	1.00000		-8.96609	59.32785	873.88932	179.78276	2.52671	-2.80039	0.73250	0.99783	0.04902	0.04385	0.04881	-0.99879	0.00594	0.04409	-0.00379	-0.99902		599.89908	7.78221	40.81589	1.14343	-0.39220	1.83899	0.41202	0.99946	0.03195	0.00748	-0.03209	0.99929	0.01973	-0.00685	-0.01995	0.99978	
13	0.12000	-0.29637	2.00618	0.43358	0.08072	0.10598	-0.30943	0.51579	0.99998	-0.00540	-0.00186	0.00540	0.99998	0.00140	0.00185	-0.00141	1.00000		-9.01862	59.28261	873.91958	179.76559	2.54823	-2.78114	0.73590	0.99783	0.04870	0.04421	0.04847	-0.99880	0.00624	0.04446	-0.00409	-0.99900		599.89623	7.69490	40.84588	1.16142	-0.39441	1.81277	0.41533	0.99948	0.03149	0.00752	-0.03163	0.99930	0.02004	-0.00688	-0.02027	0.99977	
14	0.13000	-0.29305	2.03363	0.38818	0.08525	0.09083	-0.32146	0.51480	0.99998	-0.00561	-0.00159	0.00561	0.99998	0.00148	0.00159	-0.00149	1.00000		-8.81578	59.31454	873.95848	179.76849	2.53491	-2.79107	0.73981	0.99784	0.04887	0.04398	0.04865	-0.99880	0.00619	0.04423	-0.00404	-0.99901		599.91096	7.80721	40.72474	1.16488	-0.38953	1.80742	0.41613	0.99948	0.03140	0.00744	-0.03154	0.99930	0.02011	-0.00680	-0.02033	0.99977	
15	0.14000	-0.28223	2.01076	0.36394	0.08676	0.08235	-0.31320	0.50982	0.99998	-0.00546	-0.00144	0.00547	0.99998	0.00151	0.00144	-0.00151	1.00000		-8.68017	59.36726	873.96921	179.77048	2.51806	-2.78996	0.74128	0.99785	0.04885	0.04369	0.04863	-0.99880	0.00614	0.04393	-0.00400	-0.99903		599.90495	7.72936	40.65299	1.14965	-0.37702	1.81679	0.41592	0.99948	0.03157	0.00721	-0.03170	0.99930	0.01985	-0.00658	-0.02006	0.99978	
16	0.15000	-0.27466	2.06610	0.51805	0.21506	0.12512	-0.30269	0.46817	0.99998	-0.00527	-0.00220	0.00528	0.99998	0.00374	0.00218	-0.00375	0.99999		-9.31399	61.25153	873.67612	179.64633	2.55940	-2.77370	0.74134	0.99783	0.04867	0.04430	0.04834	-0.99880	0.00833	0.04466	-0.00617	-0.99898		599.85756	7.64201	40.93752	1.01163	-0.40866	1.81635	0.41169	0.99947	0.03157	0.00769	-0.03170	0.99935	0.01742	-0.00713	-0.01765	0.99982	
17	0.16000	-0.29082	2.00933	0.37790	0.08051	0.09161	-0.31337	0.51027	0.99998	-0.00547	-0.00161	0.00547	0.99998	0.00140	0.00160	-0.00141	1.00000		-8.76418	59.27063	873.94786	179.79091	2.51802	-2.78656	0.74011	0.99785	0.04878	0.04370	0.04857	-0.99880	0.00578	0.04393	-0.00365	-0.99903		599.89328	7.73765	40.73280	1.17552	-0.37663	1.81300	0.41561	0.99948	0.03150	0.00722	-0.03164	0.99929	0.02030	-0.00657	-0.02051	0.99977	
18	0.17000	-0.29615	2.01674	0.34813	0.09632	0.08293	-0.31368	0.50581	0.99998	-0.00547	-0.00146	0.00547	0.99998	0.00167	0.00145	-0.00168	1.00000		-8.58423	59.49526	873.95158	179.77489	2.49942	-2.77719	0.73578	0.99788	0.04862	0.04337	0.04841	-0.99881	0.00604	0.04361	-0.00393	-0.99904		599.90349	7.75473	40.66669	1.16269	-0.37640	1.79090	0.42069	0.99949	0.03111	0.00720	-0.03125	0.99931	0.02008	-0.00657	-0.02029	0.99977	
19	0.18000	-0.27455	2.04994	0.47998	0.19325	0.11656	-0.30220	0.46645	0.99998	-0.00527	-0.00205	0.00527	0.99998	0.00336	0.00203	-0.00337	0.99999		-9.07831	60.92623	873.72985	179.66905	2.53124	-2.77783	0.74044	0.99785	0.04872	0.04383	0.04842	-0.99880	0.00791	0.04416	-0.00577	-0.99901		599.86034	7.66575	40.86625	1.07021	-0.41533	1.78173	0.41508	0.99949	0.03095	0.00782	-0.03109	0.99935	0.01844	-0.00725	-0.01868	0.99980	
20	0.19000	-0.29892	2.02134	0.38433	0.10221	0.09779	-0.31272	0.50285	0.99998	-0.00545	-0.00172	0.00546	0.99998	0.00177	0.00171	-0.00178	1.00000		-8.75479	59.55437	873.91546	179.76286	2.50767	-2.78394	0.74150	0.99786	0.04875	0.04350	0.04852	-0.99880	0.00626	0.04375	-0.00413	-0.99903		599.89839	7.75875	40.77082	1.17547	-0.39598	1.77853	0.41787	0.99949	0.03089	0.00754	-0.03104	0.99931	0.02029	-0.00691	-0.02051	0.99977	
21	0.20000	-0.28723	2.01162	0.33406	0.08537	0.08154	-0.31037	0.49890	0.99998	-0.00541	-0.00143	0.00542	0.99998	0.00148	0.00142	-0.00149	1.00000		-8.51413	59.29735	873.99079	179.77859	2.48995	-2.77873	0.73936	0.99788	0.04865	0.04321	0.04843	-0.99881	0.00597	0.04344	-0.00386	-0.99905		599.89856	7.71644	40.65519	1.17262	-0.36856	1.79137	0.41607	0.99949	0.03112	0.00707	-0.03126	0.99931	0.02025	-0.00643	-0.02046	0.99977	
22	0.21000	-0.26545	2.06122	0.44219	0.21138	0.10691	-0.30167	0.46310	0.99998	-0.00526	-0.00188	0.00527	0.99998	0.00368	0.00187	-0.00369	0.99999		-8.92922	61.17451	873.76329	179.64984	2.53154	-2.77344	0.74534	0.99785	0.04866	0.04382	0.04834	-0.99880	0.00824	0.04417	-0.00611	-0.99901		599.81348	7.62854	40.82161	1.02471	-0.35446	1.83978	0.40207	0.99947	0.03199	0.00676	-0.03210	0.99933	0.01768	-0.00619	-0.01788	0.99982	
23	0.22000	-0.28115	2.01303	0.32304	0.10466	0.07941	-0.30898	0.50090	0.99998	-0.00539	-0.00140	0.00539	0.99998	0.00182	0.00139	-0.00183	1.00000		-8.52547	59.58941	873.99255	179.75938	2.50021	-2.77850	0.74035	0.99787	0.04866	0.04337	0.04843	-0.99881	0.00631	0.04362	-0.00420	-0.99904		599.89489	7.71827	40.63096	1.15125	-0.37930	1.77871	0.41566	0.99950	0.03090	0.00724	-0.03104	0.99932	0.01988	-0.00662	-0.02009	0.99978	
24	0.23000	-0.28840	2.02838	0.32041	0.10770	0.07938	-0.31651	0.50177	0.99998	-0.00552	-0.00140	0.00552	0.99998	0.00187	0.00139	-0.00188	1.00000		-8.54380	59.62814	873.99135	179.75540	2.50439	-2.79150	0.74281	0.99786	0.04889	0.04344	0.04866	-0.99880	0.00639	0.04370	-0.00426	-0.99904		599.89257	7.76273	40.63448	1.13273	-0.37293	1.80835	0.41555	0.99948	0.03142	0.00713	-0.03156	0.99931	0.01955	-0.00651	-0.01977	0.99978	
25	0.24000	-0.29924	2.02207	0.33959	0.10335	0.08467	-0.31174	0.49929	0.99998	-0.00544	-0.00149	0.00544	0.99998	0.00180	0.00148	-0.00180	1.00000		-8.65601	59.58492	873.95048	179.76424	2.50190	-2.78539	0.73549	0.99787	0.04877	0.04340	0.04855	-0.99880	0.00623	0.04365	-0.00411	-0.99904		599.90284	7.72451	40.66777	1.14897	-0.37854	1.79037	0.41679	0.99949	0.03110	0.00723	-0.03124	0.99932	0.01984	-0.00661	-0.02005	0.99978	
26	0.25000	-0.29960	2.02917	0.30432	0.10364	0.07404	-0.31724	0.49896	0.99998	-0.00553	-0.00130	0.00554	0.99998	0.00180	0.00129	-0.00181	1.00000		-8.51079	59.58522	874.01428	179.75659	2.50394	-2.80023	0.74028	0.99785	0.04904	0.04343	0.04881	-0.99879	0.00638	0.04369	-0.00424	-0.99904		599.90255	7.76778	40.59952	1.14111	-0.36656	1.80721	0.41180	0.99948	0.03140	0.00702	-0.03154	0.99931	0.01970	-0.00640	-0.01991	0.99978	
27	0.26000	-0.30801	2.02210	0.36341	0.09729	0.09452	-0.31397	0.49892	0.99998	-0.00548	-0.00166	0.00548	0.99998	0.00169	0.00165	-0.00170	1.00000		-8.83156	59.49753	873.95314	179.76712	2.53025	-2.79462	0.73947	0.99784	0.04893	0.04390	0.04871	-0.99879	0.00621	0.04415	-0.00406	-0.99902		599.89407	7.75209	40.75352	1.16004	-0.38731	1.78543	0.41559	0.99949	0.03101	0.00739	-0.03116	0.99931	0.02002	-0.00676	-0.02024	0.99977	
28	0.27000	-0.29824	2.01331	0.31994	0.08723	0.07962	-0.31203	0.50014	0.99998	-0.00544	-0.00140	0.00545	0.99998	0.00151	0.00139	-0.00152	1.00000		-8.62499	59.36337	874.01151	179.78145	2.51570	-2.78899	0.73778	0.99785	0.04882	0.04366	0.04861	-0.99880	0.00595	0.04389	-0.00381	-0.99903		599.90183	7.73361	40.63253	1.17425	-0.37667	1.78256	0.41555	0.99949	0.03097	0.00721	-0.03111	0.99931	0.02028	-0.00657	-0.02049	0.99977	
29	0.28000	-0.29287	2.02197	0.32066	0.09919	0.07953	-0.31327	0.50325	0.99998	-0.00546	-0.00140	0.00547	0.99998	0.00172	0.00139	-0.00173	1.00000		-8.68316	59.65544	873.92389	179.77922	2.44323	-2.87478	0.74163	0.99783	0.05032	0.04238	0.05011	-0.99873	0.00599	0.04263	-0.00385	-0.99908		599.89936	7.75193	40.62385	1.16289	-0.38696	1.77854	0.41434	0.99950	0.03089	0.00738	-0.03104	0.99932	0.02008	-0.00675	-0.02029	0.99977	
30	0.29000	-0.29237	2.02522	0.32356	0.10152	0.08097	-0.31222	0.49960	0.99998	-0.00545	-0.00142	0.00545	0.99998	0.00176	0.00141	-0.00177	1.00000		-8.63448	59.60415	873.97714	179.76053	2.51111	-2.79381	0.73606	0.99785	0.04892	0.04356	0.04870	-0.99879	0.00631	0.04381	-0.00418	-0.99903		600.09396	7.86927	40.55803	1.31439	-0.57686	1.74976	0.42948	0.99948	0.03030	0.01076	-0.03053	0.99928	0.02262	-0.01007	-0.02294	0.99969	
31	0.30000	-0.29416	2.00851	0.35034	0.09701	0.09418	-0.30768	0.49760	0.99998	-0.00537	-0.00165	0.00537	0.99998	0.00168	0.00164	-0.00169	1.00000		-8.78694	59.53571	873.97231	179.75711	2.53446	-2.78436	0.73956	0.99784	0.04876	0.04396	0.04853	-0.99880	0.00638	0.04422	-0.00424	-0.99901		599.89605	7.69290	40.75232	1.16295	-0.40054	1.78986	0.41476	0.99949	0.03109	0.00762	-0.03123	0.99931	0.02007	-0.00699	-0.02030	0.99977	
32	0.31000	-0.25071	2.01490	-0.02322	0.21250	-0.04023	-0.29685	0.46243	0.99999	-0.00518	0.00068	0.00518	0.99998	0.00371	-0.00070	-0.00371	0.99999		-6.75196	61.31103	874.22966	179.65395	2.38252	-2.77219	0.73706	0.99797	0.04861	0.04123	0.04832	-0.99880	0.00804	0.04157	-0.00603	-0.99912		599.95133	7.67031	39.70195	1.05688	-0.27025	1.75944	0.41567	0.99952	0.03061	0.00528	-0.03070	0.99936	0.01829	-0.00472	-0.01844	0.99982	
33	0.32000	-0.24714	2.02539	-0.04204	0.23212	-0.04664	-0.29920	0.46129	0.99999	-0.00522	0.00079	0.00522	0.99998	0.00405	-0.00081	-0.00405	0.99999		-6.63223	61.58676	874.24216	179.62912	2.38510	-2.76338	0.74302	0.99797	0.04848	0.04125	0.04817	-0.99880	0.00847	0.04162	-0.00647	-0.99911		599.94211	7.67158	39.65625	1.00721	-0.26247	1.77620	0.41847	0.99951	0.03091	0.00512	-0.03100	0.99937	0.01743	-0.00458	-0.01758	0.99983	
34	0.33000	-0.25543	2.02500	-0.04386	0.21467	-0.04803	-0.30074	0.46462	0.99999	-0.00525	0.00082	0.00525	0.99998	0.00375	-0.00084	-0.00375	0.99999		-6.58498	61.31910	874.25356	179.65105	2.37470	-2.76783	0.73995	0.99798	0.04854	0.04109	0.04825	-0.99880	0.00808	0.04143	-0.00609	-0.99912		599.95501	7.69587	39.65065	1.04187	-0.25969	1.76862	0.41415	0.99951	0.03078	0.00509	-0.03086	0.99936	0.01803	-0.00453	-0.01818	0.99982	
35	0.34000	-0.24773	2.03642	-0.03599	0.21889	-0.04507	-0.30435	0.46027	0.99999	-0.00531	0.00077	0.00531	0.99998	0.00382	-0.00079	-0.00382	0.99999		-6.63252	61.36860	874.23319	179.63647	2.36942	-2.77845	0.74269	0.99797	0.04874	0.04099	0.04843	-0.99879	0.00834	0.04134	-0.00634	-0.99912		599.94036	7.73249	39.65915	1.04402	-0.26439	1.76499	0.41460	0.99951	0.03071	0.00517	-0.03080	0.99936	0.01807	-0.00461	-0.01822	0.99982	
36	0.35000	-0.29111	2.00702	0.29713	0.10265	0.07201	-0.30615	0.49347	0.99998	-0.00534	-0.00127	0.00534	0.99998	0.00178	0.00126	-0.00179	1.00000		-8.37966	59.59498	874.01896	179.75319	2.49588	-2.78016	0.74035	0.99788	0.04869	0.04329	0.04846	-0.99880	0.00641	0.04355	-0.00430	-0.99904		599.90383	7.69756	40.57660	1.16746	-0.37082	1.77473	0.41374	0.99950	0.03083	0.00710	-0.03097	0.99932	0.02016	-0.00647	-0.02037	0.99977	
37	0.36000	-0.27254	2.06203	0.41045	0.21225	0.10482	-0.30049	0.46092	0.99998	-0.00524	-0.00185	0.00524	0.99998	0.00369	0.00183	-0.00370	0.99999		-8.92801	61.20866	873.78736	179.65366	2.53208	-2.77753	0.74257	0.99785	0.04872	0.04383	0.04841	-0.99879	0.00818	0.04418	-0.00604	-0.99901		599.86724	7.65421	40.78277	1.04363	-0.41330	1.77001	0.41543	0.99950	0.03075	0.00777	-0.03089	0.99936	0.01798	-0.00721	-0.01821	0.99981	
38	0.37000	-0.29696	2.01618	0.33480	0.10182	0.08752	-0.30976	0.49634	0.99998	-0.00540	-0.00154	0.00541	0.99998	0.00177	0.00153	-0.00178	1.00000		-8.67135	59.55175	873.98397	179.75906	2.52015	-2.78221	0.74011	0.99786	0.04872	0.04371	0.04849	-0.99880	0.00633	0.04397	-0.00420	-0.99902		599.90049	7.72971	40.68980	1.16910	-0.38676	1.76479	0.41222	0.99950	0.03065	0.00737	-0.03080	0.99932	0.02019	-0.00675	-0.02040	0.99977	
39	0.38000	-0.29650	2.02528	0.33610	0.09933	0.09106	-0.31332	0.49822	0.99998	-0.00547	-0.00160	0.00547	0.99998	0.00172	0.00159	-0.00173	1.00000		-8.76033	59.49882	873.97527	179.76866	2.51766	-2.79163	0.74181	0.99785	0.04888	0.04368	0.04866	-0.99880	0.00617	0.04393	-0.00403	-0.99903		599.90172	7.75493	40.72209	1.17564	-0.39771	1.76328	0.41818	0.99950	0.03062	0.00757	-0.03077	0.99932	0.02029	-0.00694	-0.02052	0.99977	
40	0.39000	-0.24669	2.02876	-0.05092	0.22277	-0.04727	-0.30098	0.46163	0.99999	-0.00526	0.00081	0.00525	0.99998	0.00389	-0.00083	-0.00389	0.99999		-6.72235	61.40936	874.23211	179.65259	2.37462	-2.78476	0.73655	0.99796	0.04883	0.04109	0.04854	-0.99879	0.00807	0.04143	-0.00606	-0.99912		599.93670	7.70770	39.65041	1.04165	-0.24844	1.75025	0.41306	0.99952	0.03046	0.00489	-0.03054	0.99937	0.01804	-0.00434	-0.01818	0.99983	
41	0.40000	-0.30427	2.01639	0.31673	0.11242	0.08528	-0.30677	0.49639	0.99998	-0.00535	-0.00150	0.00535	0.99998	0.00195	0.00149	-0.00196	1.00000		-8.68648	59.69321	873.99889	179.75471	2.52775	-2.77705	0.73882	0.99785	0.04864	0.04384	0.04840	-0.99881	0.00641	0.04410	-0.00428	-0.99902		599.90365	7.69566	40.67075	1.14589	-0.39288	1.76526	0.41698	0.99950	0.03066	0.00747	-0.03080	0.99933	0.01978	-0.00686	-0.02000	0.99978	
42	0.41000	-0.30764	2.02049	0.29954	0.09258	0.07808	-0.31540	0.49787	0.99998	-0.00550	-0.00137	0.00550	0.99998	0.00161	0.00136	-0.00162	1.00000		-8.58363	59.38908	874.02550	179.76770	2.50970	-2.79123	0.73830	0.99786	0.04887	0.04354	0.04865	-0.99880	0.00618	0.04379	-0.00405	-0.99903		599.90137	7.77836	40.62192	1.17479	-0.37098	1.77235	0.41560	0.99950	0.03079	0.00710	-0.03093	0.99932	0.02029	-0.00647	-0.02050	0.99977	
43	0.42000	-0.25521	2.04096	-0.07007	0.22587	-0.05467	-0.30368	0.45953	0.99999	-0.00530	0.00093	0.00530	0.99998	0.00395	-0.00095	-0.00394	0.99999		-6.65290	61.53547	874.20860	179.65701	2.31720	-2.86386	0.74926	0.99793	0.05020	0.04008	0.04992	-0.99872	0.00800	0.04043	-0.00598	-0.99916		599.94622	7.71775	39.58711	1.03376	-0.25074	1.76128	0.41484	0.99952	0.03065	0.00493	-0.03074	0.99937	0.01790	-0.00438	-0.01804	0.99983	
44	0.43000	-0.25410	2.03412	-0.05620	0.21444	-0.04903	-0.30139	0.45848	0.99999	-0.00526	0.00084	0.00526	0.99998	0.00375	-0.00086	-0.00374	0.99999		-6.66208	61.27452	874.27905	179.65161	2.39163	-2.77882	0.73880	0.99795	0.04873	0.04139	0.04844	-0.99879	0.00810	0.04173	-0.00608	-0.99911		599.94676	7.70219	39.62686	1.05195	-0.26070	1.75573	0.41518	0.99952	0.03055	0.00511	-0.03064	0.99936	0.01821	-0.00455	-0.01836	0.99982	
45	0.44000	-0.29690	2.01755	0.29490	0.11201	0.07523	-0.30928	0.49112	0.99998	-0.00539	-0.00132	0.00540	0.99998	0.00195	0.00131	-0.00195	1.00000		-8.49420	59.72261	874.00197	179.74797	2.50269	-2.78413	0.74058	0.99787	0.04876	0.04340	0.04853	-0.99880	0.00651	0.04367	-0.00439	-0.99904		599.91130	7.75013	40.58207	1.17101	-0.38491	1.74213	0.41725	0.99952	0.03026	0.00733	-0.03040	0.99933	0.02022	-0.00672	-0.02044	0.99977	
46	0.45000	-0.28947	2.01355	0.29842	0.10392	0.08105	-0.30779	0.49444	0.99998	-0.00537	-0.00142	0.00537	0.99998	0.00181	0.00141	-0.00181	1.00000		-8.56582	59.62237	873.99980	179.76245	2.50424	-2.78797	0.74418	0.99786	0.04882	0.04344	0.04859	-0.99880	0.00627	0.04369	-0.00414	-0.99904		599.90024	7.72229	40.63774	1.17367	-0.38466	1.75457	0.41588	0.99951	0.03047	0.00734	-0.03062	0.99933	0.02027	-0.00671	-0.02048	0.99977	
47	0.46000	-0.29134	2.01714	0.29773	0.09102	0.07934	-0.30891	0.49649	0.99998	-0.00539	-0.00139	0.00539	0.99998	0.00158	0.00138	-0.00159	1.00000		-8.51943	59.43730	874.02093	179.76840	2.50290	-2.78522	0.74030	0.99787	0.04877	0.04342	0.04855	-0.99880	0.00616	0.04367	-0.00404	-0.99904		599.90211	7.73726	40.62694	1.19455	-0.38254	1.74076	0.41772	0.99952	0.03023	0.00731	-0.03038	0.99933	0.02063	-0.00668	-0.02085	0.99976	
48	0.47000	-0.28825	2.01480	0.29630	0.10479	0.07965	-0.30600	0.49410	0.99998	-0.00534	-0.00140	0.00534	0.99998	0.00182	0.00139	-0.00183	1.00000		-8.52223	59.67360	873.99338	179.76057	2.49445	-2.78353	0.73486	0.99787	0.04874	0.04327	0.04852	-0.99880	0.00629	0.04352	-0.00417	-0.99904		599.89966	7.69385	40.63609	1.16803	-0.38525	1.76270	0.41598	0.99950	0.03062	0.00735	-0.03076	0.99932	0.02017	-0.00672	-0.02038	0.99977	
49	0.48000	-0.28087	2.06662	0.42050	0.20870	0.11066	-0.30397	0.45906	0.99998	-0.00530	-0.00195	0.00531	0.99998	0.00363	0.00193	-0.00364	0.99999		-8.99168	61.18972	873.75883	179.65710	2.52878	-2.77697	0.74033	0.99785	0.04871	0.04378	0.04840	-0.99880	0.00812	0.04412	-0.00598	-0.99901		599.86731	7.70100	40.81840	1.07419	-0.42291	1.75161	0.41841	0.99951	0.03042	0.00795	-0.03057	0.99936	0.01851	-0.00738	-0.01875	0.99980	
50	0.49000	-0.29566	2.03029	0.29691	0.09960	0.07690	-0.31334	0.49373	0.99998	-0.00547	-0.00135	0.00547	0.99998	0.00173	0.00134	-0.00174	1.00000		-8.47941	59.57272	873.98725	179.77249	2.48852	-2.78461	0.73451	0.99788	0.04875	0.04317	0.04854	-0.99880	0.00608	0.04342	-0.00397	-0.99905		599.89840	7.75574	40.59954	1.17029	-0.37827	1.76666	0.41641	0.99950	0.03069	0.00723	-0.03083	0.99932	0.02021	-0.00660	-0.02042	0.99977	
51	0.50000	-0.25361	2.03753	-0.05213	0.21862	-0.04523	-0.30188	0.45897	0.99999	-0.00527	0.00077	0.00527	0.99998	0.00382	-0.00079	-0.00382	0.99999		-6.66754	61.38764	874.24197	179.64983	2.37467	-2.78362	0.73760	0.99796	0.04882	0.04109	0.04852	-0.99879	0.00812	0.04143	-0.00611	-0.99912		599.94457	7.70963	39.65469	1.03704	-0.26765	1.75301	0.41718	0.99952	0.03050	0.00522	-0.03059	0.99937	0.01795	-0.00467	-0.01810	0.99983	
52	0.51000	-0.29481	2.02385	0.28055	0.10170	0.07321	-0.30961	0.48980	0.99998	-0.00540	-0.00129	0.00540	0.99998	0.00177	0.00128	-0.00177	1.00000		-8.46077	59.59922	874.01979	179.75946	2.49385	-2.79426	0.74240	0.99787	0.04893	0.04326	0.04870	-0.99879	0.00631	0.04351	-0.00419	-0.99904		599.90743	7.72113	40.57268	1.15254	-0.38258	1.77048	0.41968	0.99950	0.03076	0.00729	-0.03090	0.99932	0.01990	-0.00668	-0.02011	0.99978	
53	0.52000	-0.27682	2.07951	0.42576	0.21402	0.10980	-0.30450	0.45645	0.99998	-0.00531	-0.00194	0.00531	0.99998	0.00372	0.00192	-0.00374	0.99999		-9.06616	61.24085	873.76087	179.65091	2.54017	-2.78295	0.73626	0.99784	0.04882	0.04397	0.04850	-0.99879	0.00824	0.04432	-0.00609	-0.99900		599.86407	7.69312	40.79554	1.05643	-0.41978	1.75830	0.41733	0.99950	0.03054	0.00789	-0.03068	0.99936	0.01820	-0.00733	-0.01844	0.99980	
54	0.53000	-0.27738	2.07689	0.41815	0.21184	0.10829	-0.30600	0.45524	0.99998	-0.00533	-0.00191	0.00534	0.99998	0.00369	0.00189	-0.00370	0.99999		-9.06591	61.19898	873.76867	179.65538	2.54110	-2.78900	0.74088	0.99783	0.04892	0.04399	0.04861	-0.99878	0.00816	0.04434	-0.00601	-0.99900		599.86498	7.71749	40.79456	1.06476	-0.41449	1.74818	0.41559	0.99951	0.03037	0.00780	-0.03051	0.99937	0.01835	-0.00723	-0.01858	0.99980	
55	0.54000	-0.28872	2.03693	0.29372	0.09772	0.07651	-0.31472	0.49331	0.99998	-0.00549	-0.00134	0.00549	0.99998	0.00170	0.00134	-0.00171	1.00000		-8.59044	59.50942	873.99810	179.78195	2.50012	-2.80080	0.73134	0.99785	0.04903	0.04338	0.04882	-0.99879	0.00593	0.04362	-0.00380	-0.99904		599.89612	7.76946	40.59933	1.17551	-0.37497	1.75934	0.41178	0.99951	0.03056	0.00717	-0.03070	0.99932	0.02030	-0.00654	-0.02051	0.99977	
56	0.55000	-0.27809	2.08586	0.40102	0.22219	0.10332	-0.30587	0.45839	0.99998	-0.00533	-0.00182	0.00534	0.99998	0.00387	0.00180	-0.00388	0.99999		-8.99825	61.32169	873.78258	179.64296	2.53949	-2.78407	0.74171	0.99784	0.04885	0.04395	0.04852	-0.99879	0.00838	0.04431	-0.00623	-0.99900		599.86838	7.70850	40.75655	1.05527	-0.41652	1.75164	0.41591	0.99951	0.03043	0.00783	-0.03057	0.99937	0.01819	-0.00727	-0.01842	0.99980	
57	0.56000	-0.25293	2.05804	-0.06641	0.22372	-0.05048	-0.30671	0.45962	0.99999	-0.00536	0.00086	0.00535	0.99998	0.00391	-0.00088	-0.00390	0.99999		-6.71818	61.49364	874.21129	179.65575	2.32354	-2.87424	0.74095	0.99792	0.05039	0.04019	0.05010	-0.99871	0.00803	0.04054	-0.00600	-0.99916		599.94438	7.73293	39.61523	1.03029	-0.25924	1.76920	0.41204	0.99951	0.03079	0.00508	-0.03087	0.99936	0.01783	-0.00452	-0.01798	0.99983	
58	0.57000	-0.24973	2.04922	-0.06860	0.22477	-0.05060	-0.30297	0.45960	0.99999	-0.00529	0.00086	0.00529	0.99998	0.00393	-0.00088	-0.00392	0.99999		-6.63889	61.39949	874.26737	179.63954	2.37989	-2.77233	0.73673	0.99797	0.04863	0.04117	0.04833	-0.99880	0.00829	0.04152	-0.00629	-0.99912		599.93580	7.70852	39.62536	1.04801	-0.24708	1.75449	0.41580	0.99952	0.03053	0.00487	-0.03062	0.99937	0.01815	-0.00431	-0.01829	0.99982	
59	0.58000	-0.29190	2.01724	0.27456	0.10112	0.07089	-0.30631	0.49334	0.99998	-0.00534	-0.00125	0.00535	0.99998	0.00176	0.00124	-0.00176	1.00000		-8.41770	59.55206	874.03567	179.75822	2.49552	-2.79486	0.73918	0.99786	0.04894	0.04328	0.04871	-0.99879	0.00634	0.04354	-0.00422	-0.99904		600.09458	7.81560	40.46835	1.32575	-0.58452	1.73043	0.43124	0.99949	0.02995	0.01089	-0.03020	0.99928	0.02282	-0.01020	-0.02314	0.99968	
60	0.59000	-0.28640	2.02406	0.28002	0.10201	0.07279	-0.30799	0.48993	0.99998	-0.00537	-0.00128	0.00538	0.99998	0.00177	0.00127	-0.00178	1.00000		-8.43202	59.55973	874.03333	179.75951	2.49824	-2.79093	0.73782	0.99786	0.04887	0.04333	0.04865	-0.99880	0.00631	0.04359	-0.00419	-0.99904		599.89822	7.71196	40.56238	1.17857	-0.38957	1.74898	0.41447	0.99951	0.03037	0.00742	-0.03052	0.99933	0.02035	-0.00680	-0.02057	0.99977	
61	0.60000	-0.28942	2.03392	0.30678	0.10544	0.08176	-0.31203	0.49466	0.99998	-0.00544	-0.00144	0.00545	0.99998	0.00183	0.00143	-0.00184	1.00000		-8.56122	59.61973	873.99186	179.77077	2.50123	-2.79247	0.73398	0.99786	0.04889	0.04339	0.04867	-0.99880	0.00612	0.04364	-0.00400	-0.99904		599.89200	7.74270	40.64394	1.17237	-0.38628	1.76107	0.41821	0.99950	0.03059	0.00737	-0.03073	0.99932	0.02024	-0.00674	-0.02046	0.99977	
62	0.61000	-0.28609	2.05474	0.27793	0.11081	0.07388	-0.31856	0.49413	0.99998	-0.00556	-0.00130	0.00556	0.99998	0.00193	0.00129	-0.00193	1.00000		-8.44154	59.68202	874.01480	179.76311	2.49278	-2.80617	0.74216	0.99786	0.04914	0.04324	0.04891	-0.99878	0.00626	0.04349	-0.00413	-0.99905		599.89660	7.78812	40.58389	1.15818	-0.38123	1.77442	0.41660	0.99950	0.03082	0.00727	-0.03096	0.99932	0.02000	-0.00665	-0.02021	0.99977	
63	0.62000	-0.24663	2.05904	-0.04574	0.22387	-0.04179	-0.30750	0.46119	0.99999	-0.00537	0.00071	0.00537	0.99998	0.00391	-0.00073	-0.00391	0.99999		-6.71845	61.39547	874.22549	179.63676	2.37114	-2.77709	0.73913	0.99797	0.04871	0.04102	0.04841	-0.99879	0.00834	0.04137	-0.00633	-0.99912		599.93857	7.75575	39.68647	1.04887	-0.27041	1.74506	0.41868	0.99953	0.03036	0.00527	-0.03045	0.99937	0.01815	-0.00472	-0.01831	0.99982	
64	0.63000	-0.24581	2.05678	-0.08253	0.22918	-0.05476	-0.30504	0.45849	0.99999	-0.00533	0.00094	0.00532	0.99998	0.00400	-0.00096	-0.00400	0.99999		-6.58525	61.60704	874.18626	179.65013	2.28971	-2.86561	0.75064	0.99795	0.05024	0.03960	0.04995	-0.99872	0.00810	0.03995	-0.00610	-0.99918		599.94682	7.71115	39.58699	1.02052	-0.25644	1.77232	0.41943	0.99951	0.03084	0.00502	-0.03093	0.99937	0.01766	-0.00448	-0.01781	0.99983	
65	0.64000	-0.29591	2.05384	0.27103	0.10222	0.07041	-0.32034	0.49234	0.99998	-0.00559	-0.00124	0.00559	0.99998	0.00178	0.00123	-0.00178	1.00000		-8.41508	59.55110	874.02844	179.75449	2.49101	-2.79441	0.73804	0.99787	0.04894	0.04320	0.04871	-0.99879	0.00640	0.04346	-0.00428	-0.99905		599.91068	7.81149	40.54871	1.16022	-0.38752	1.76489	0.41590	0.99950	0.03066	0.00738	-0.03080	0.99932	0.02003	-0.00676	-0.02025	0.99977	
66	0.65000	-0.25705	2.05138	-0.06667	0.21799	-0.04990	-0.30628	0.45807	0.99999	-0.00535	0.00085	0.00535	0.99998	0.00381	-0.00087	-0.00380	0.99999		-6.62348	61.35375	874.26593	179.64664	2.38284	-2.78575	0.74111	0.99795	0.04886	0.04123	0.04856	-0.99879	0.00818	0.04158	-0.00616	-0.99912		599.95643	7.75222	39.62006	1.06253	-0.26099	1.74574	0.41974	0.99953	0.03037	0.00512	-0.03046	0.99937	0.01840	-0.00456	-0.01854	0.99982	
67	0.66000	-0.30651	2.03481	0.31631	0.09434	0.08436	-0.31523	0.49321	0.99998	-0.00550	-0.00148	0.00550	0.99998	0.00164	0.00147	-0.00165	1.00000		-8.64194	59.48262	873.99778	179.76666	2.51812	-2.80599	0.73989	0.99784	0.04913	0.04368	0.04891	-0.99878	0.00622	0.04394	-0.00407	-0.99903		599.90706	7.75887	40.65251	1.17103	-0.39578	1.78195	0.41866	0.99949	0.03095	0.00754	-0.03110	0.99931	0.02021	-0.00691	-0.02044	0.99977	
68	0.67000	-0.30480	2.03008	0.28601	0.09905	0.07681	-0.31373	0.49205	0.99998	-0.00547	-0.00135	0.00548	0.99998	0.00172	0.00134	-0.00173	1.00000		-8.55016	59.54783	874.02563	179.76324	2.50921	-2.79805	0.73666	0.99785	0.04900	0.04353	0.04877	-0.99879	0.00626	0.04378	-0.00413	-0.99903		599.91587	7.74939	40.59956	1.16237	-0.38668	1.77899	0.41655	0.99950	0.03090	0.00737	-0.03104	0.99932	0.02007	-0.00675	-0.02029	0.99977	
69	0.68000	-0.25304	2.03583	-0.05549	0.21887	-0.04452	-0.29990	0.46226	0.99999	-0.00524	0.00076	0.00523	0.99998	0.00382	-0.00078	-0.00382	0.99999		-6.75360	61.38649	874.25900	179.64850	2.39819	-2.78200	0.73836	0.99795	0.04879	0.04150	0.04849	-0.99879	0.00816	0.04184	-0.00613	-0.99911		599.95371	7.69793	39.65895	1.05653	-0.27121	1.74792	0.41721	0.99952	0.03041	0.00529	-0.03050	0.99937	0.01829	-0.00473	-0.01844	0.99982	
70	0.69000	-0.29490	2.03449	0.28927	0.10432	0.07782	-0.31257	0.49068	0.99998	-0.00545	-0.00137	0.00546	0.99998	0.00181	0.00136	-0.00182	1.00000		-8.58751	59.61591	874.00953	179.76038	2.51134	-2.79518	0.74178	0.99785	0.04895	0.04356	0.04872	-0.99879	0.00631	0.04382	-0.00418	-0.99903		599.90527	7.75445	40.61939	1.17473	-0.38656	1.75810	0.42036	0.99951	0.03054	0.00737	-0.03068	0.99932	0.02028	-0.00675	-0.02050	0.99977	
71	0.70000	-0.30033	2.03585	0.30402	0.10543	0.08163	-0.31248	0.49183	0.99998	-0.00545	-0.00143	0.00545	0.99998	0.00183	0.00142	-0.00184	1.00000		-8.62577	59.63071	873.98477	179.76448	2.51197	-2.79143	0.73533	0.99785	0.04888	0.04358	0.04865	-0.99880	0.00624	0.04383	-0.00411	-0.99903		599.90584	7.74689	40.64142	1.15784	-0.38314	1.76243	0.41625	0.99950	0.03061	0.00730	-0.03075	0.99933	0.01999	-0.00669	-0.02021	0.99977	
72	0.71000	-0.25397	2.04470	-0.07142	0.22012	-0.05240	-0.30219	0.45830	0.99999	-0.00528	0.00089	0.00527	0.99998	0.00385	-0.00091	-0.00384	0.99999		-6.60282	61.38080	874.26566	179.64296	2.37982	-2.78273	0.73660	0.99796	0.04881	0.04117	0.04851	-0.99879	0.00824	0.04152	-0.00623	-0.99912		599.95407	7.69826	39.59315	1.03517	-0.25567	1.75748	0.41705	0.99952	0.03058	0.00501	-0.03067	0.99937	0.01792	-0.00446	-0.01807	0.99983	
73	0.72000	-0.25291	2.04694	-0.07845	0.22472	-0.05385	-0.30233	0.45389	0.99999	-0.00528	0.00092	0.00528	0.99998	0.00393	-0.00094	-0.00392	0.99999		-6.55773	61.43815	874.26590	179.63757	2.37394	-2.77609	0.74368	0.99797	0.04869	0.04107	0.04839	-0.99879	0.00832	0.04142	-0.00632	-0.99912		600.14228	7.84367	39.50740	1.21435	-0.45090	1.72237	0.43358	0.99952	0.02988	0.00850	-0.03006	0.99933	0.02095	-0.00787	-0.02119	0.99974	
74	0.73000	-0.25781	2.02519	-0.07120	0.21322	-0.04956	-0.29622	0.45232	0.99999	-0.00517	0.00085	0.00517	0.99998	0.00373	-0.00086	-0.00372	0.99999		-6.58916	61.29973	874.27092	179.64987	2.37502	-2.78281	0.74036	0.99796	0.04880	0.04109	0.04851	-0.99879	0.00812	0.04144	-0.00611	-0.99912		599.96092	7.66026	39.62486	1.06309	-0.26651	1.75153	0.41880	0.99952	0.03047	0.00522	-0.03056	0.99936	0.01840	-0.00465	-0.01855	0.99982	
75	0.74000	-0.25421	2.03164	-0.07652	0.22336	-0.05209	-0.29872	0.45476	0.99999	-0.00522	0.00089	0.00521	0.99998	0.00390	-0.00091	-0.00390	0.99999		-6.54557	61.42112	874.26713	179.63443	2.36733	-2.77080	0.74151	0.99798	0.04860	0.04095	0.04830	-0.99880	0.00837	0.04131	-0.00638	-0.99913		599.95307	7.69283	39.60156	1.04723	-0.26102	1.74508	0.41900	0.99953	0.03036	0.00511	-0.03045	0.99937	0.01813	-0.00456	-0.01828	0.99982	
76	0.75000	-0.25034	2.03253	-0.08473	0.22003	-0.05607	-0.30018	0.45661	0.99999	-0.00524	0.00096	0.00524	0.99998	0.00384	-0.00098	-0.00384	0.99999		-6.48174	61.37662	874.27758	179.64267	2.36252	-2.78189	0.74578	0.99797	0.04879	0.04087	0.04849	-0.99879	0.00823	0.04122	-0.00623	-0.99913		599.95839	7.71836	39.57456	1.06750	-0.25701	1.73339	0.41902	0.99953	0.03016	0.00505	-0.03025	0.99937	0.01849	-0.00449	-0.01863	0.99982	
77	0.76000	-0.24855	2.04164	-0.07086	0.22770	-0.04708	-0.30219	0.45642	0.99999	-0.00528	0.00080	0.00527	0.99998	0.00398	-0.00082	-0.00397	0.99999		-6.63431	61.47746	874.25792	179.64172	2.37444	-2.77459	0.74202	0.99797	0.04866	0.04108	0.04837	-0.99880	0.00825	0.04143	-0.00625	-0.99912		599.95365	7.71010	39.64799	1.03318	-0.26899	1.75829	0.41338	0.99952	0.03059	0.00524	-0.03068	0.99937	0.01788	-0.00469	-0.01803	0.99983	
78	0.77000	-0.29733	2.02098	0.30334	0.10628	0.08319	-0.30842	0.48969	0.99998	-0.00538	-0.00146	0.00538	0.99998	0.00185	0.00145	-0.00185	1.00000		-8.58229	59.63342	873.99397	179.76382	2.50637	-2.78688	0.73746	0.99786	0.04880	0.04348	0.04857	-0.99880	0.00624	0.04373	-0.00412	-0.99903		599.91184	7.71313	40.64601	1.15455	-0.39784	1.76535	0.42049	0.99950	0.03066	0.00756	-0.03081	0.99933	0.01993	-0.00694	-0.02015	0.99977	
79	0.78000	-0.30006	2.03416	0.30412	0.10565	0.08430	-0.31317	0.49191	0.99998	-0.00546	-0.00148	0.00547	0.99998	0.00184	0.00147	-0.00184	1.00000		-8.61821	59.60158	873.99295	179.76770	2.50733	-2.79365	0.73529	0.99786	0.04892	0.04350	0.04869	-0.99879	0.00618	0.04375	-0.00405	-0.99903		599.90617	7.76045	40.65735	1.17357	-0.40025	1.75604	0.41590	0.99951	0.03049	0.00761	-0.03064	0.99933	0.02026	-0.00699	-0.02048	0.99977	
80	0.79000	-0.23490	2.07240	0.05669	0.32487	-0.01677	-0.28966	0.42718	0.99999	-0.00506	0.00026	0.00506	0.99997	0.00567	-0.00029	-0.00567	0.99998		-7.14959	62.92548	874.02409	179.53838	2.41523	-2.77346	0.74067	0.99794	0.04872	0.04170	0.04834	-0.99878	0.01009	0.04214	-0.00805	-0.99908		599.91084	7.62786	39.82936	0.93561	-0.29989	1.73117	0.41846	0.99953	0.03012	0.00572	-0.03021	0.99941	0.01616	-0.00523	-0.01633	0.99985	
81	0.80000	-0.25586	2.03651	-0.08761	0.22949	-0.05521	-0.30105	0.45486	0.99999	-0.00526	0.00094	0.00525	0.99998	0.00401	-0.00096	-0.00401	0.99999		-6.56993	61.50792	874.27705	179.63278	2.37508	-2.78340	0.73272	0.99796	0.04882	0.04108	0.04852	-0.99879	0.00841	0.04144	-0.00640	-0.99912		599.95618	7.71248	39.58346	1.03322	-0.26284	1.73544	0.41729	0.99953	0.03020	0.00513	-0.03028	0.99938	0.01788	-0.00459	-0.01803	0.99983	
82	0.81000	-0.30845	2.02031	0.30725	0.10397	0.08447	-0.30853	0.48700	0.99998	-0.00538	-0.00148	0.00538	0.99998	0.00181	0.00147	-0.00181	1.00000		-8.65809	59.60201	873.99377	179.76256	2.51285	-2.79459	0.73279	0.99785	0.04894	0.04359	0.04871	-0.99879	0.00628	0.04384	-0.00414	-0.99903		599.90664	7.73393	40.66527	1.18578	-0.39462	1.74066	0.41573	0.99951	0.03023	0.00751	-0.03037	0.99933	0.02048	-0.00689	-0.02069	0.99976	
83	0.82000	-0.25943	2.03474	-0.06394	0.22000	-0.04723	-0.30041	0.45429	0.99999	-0.00525	0.00080	0.00524	0.99998	0.00384	-0.00082	-0.00384	0.99999		-6.70604	61.39298	874.26647	179.64778	2.38857	-2.78932	0.73509	0.99795	0.04892	0.04133	0.04862	-0.99878	0.00817	0.04168	-0.00614	-0.99911		599.94787	7.69009	39.64031	1.04542	-0.26609	1.75791	0.41901	0.99952	0.03059	0.00520	-0.03068	0.99937	0.01809	-0.00464	-0.01824	0.99982	
84	0.83000	-0.30548	2.03211	0.27406	0.11061	0.07324	-0.31379	0.49135	0.99998	-0.00547	-0.00129	0.00548	0.99998	0.00192	0.00128	-0.00193	1.00000		-8.50227	59.70374	874.01919	179.74924	2.50215	-2.79652	0.73829	0.99786	0.04898	0.04339	0.04874	-0.99879	0.00650	0.04366	-0.00437	-0.99904		599.90890	7.76631	40.57040	1.15927	-0.38329	1.75689	0.41889	0.99951	0.03052	0.00731	-0.03066	0.99933	0.02002	-0.00669	-0.02023	0.99977	
85	0.84000	-0.25435	2.05121	-0.06072	0.22244	-0.04304	-0.30472	0.45731	0.99999	-0.00532	0.00073	0.00532	0.99998	0.00389	-0.00075	-0.00388	0.99999		-6.77135	61.41007	874.25949	179.63762	2.39297	-2.78736	0.73657	0.99795	0.04889	0.04140	0.04859	-0.99878	0.00835	0.04175	-0.00632	-0.99911		599.95248	7.72887	39.67751	1.04021	-0.27857	1.75336	0.41939	0.99952	0.03050	0.00541	-0.03060	0.99937	0.01800	-0.00486	-0.01815	0.99982	
86	0.85000	-0.30084	2.03560	0.29256	0.10711	0.08005	-0.31283	0.48989	0.99998	-0.00546	-0.00141	0.00546	0.99998	0.00186	0.00140	-0.00187	1.00000		-8.58142	59.66839	874.00745	179.76210	2.51354	-2.79906	0.73838	0.99785	0.04901	0.04360	0.04879	-0.99879	0.00629	0.04386	-0.00415	-0.99903		599.90916	7.73757	40.63697	1.15215	-0.38767	1.76916	0.41979	0.99950	0.03073	0.00738	-0.03087	0.99933	0.01989	-0.00677	-0.02011	0.99977	
87	0.86000	-0.25327	2.04855	-0.07434	0.22609	-0.05012	-0.30364	0.45805	0.99999	-0.00530	0.00085	0.00530	0.99998	0.00395	-0.00087	-0.00395	0.99999		-6.62429	61.49541	874.26099	179.63881	2.37640	-2.79681	0.73524	0.99795	0.04905	0.04111	0.04875	-0.99878	0.00832	0.04146	-0.00630	-0.99912		599.95759	7.73746	39.62382	1.04895	-0.26718	1.74214	0.41603	0.99953	0.03031	0.00522	-0.03040	0.99937	0.01816	-0.00466	-0.01831	0.99982	
88	0.87000	-0.28780	2.08085	0.42658	0.21053	0.11465	-0.30592	0.45534	0.99998	-0.00533	-0.00202	0.00534	0.99998	0.00366	0.00200	-0.00367	0.99999		-9.08616	61.20389	873.74996	179.65999	2.54016	-2.78932	0.74026	0.99783	0.04893	0.04398	0.04862	-0.99878	0.00808	0.04432	-0.00593	-0.99900		599.87280	7.70988	40.84766	1.06756	-0.42991	1.75316	0.41389	0.99950	0.03045	0.00807	-0.03059	0.99936	0.01839	-0.00750	-0.01863	0.99980	
89	0.88000	-0.30397	2.04286	0.30697	0.11261	0.08387	-0.31490	0.48819	0.99998	-0.00549	-0.00147	0.00550	0.99998	0.00196	0.00146	-0.00197	1.00000		-8.59703	59.74515	873.97256	179.75156	2.49636	-2.79848	0.73749	0.99786	0.04901	0.04329	0.04878	-0.99879	0.00646	0.04356	-0.00433	-0.99904		599.90586	7.78681	40.65344	1.17853	-0.39637	1.75121	0.41855	0.99951	0.03041	0.00754	-0.03056	0.99933	0.02035	-0.00692	-0.02057	0.99976	
90	0.89000	-0.25430	2.03561	-0.07569	0.22963	-0.05123	-0.30078	0.46027	0.99999	-0.00525	0.00087	0.00525	0.99998	0.00401	-0.00089	-0.00401	0.99999		-6.56918	61.54149	874.26017	179.63724	2.36792	-2.77825	0.73797	0.99797	0.04873	0.04096	0.04843	-0.99879	0.00833	0.04132	-0.00633	-0.99913		599.95251	7.71198	39.60751	1.04337	-0.25963	1.74830	0.41848	0.99952	0.03042	0.00508	-0.03051	0.99937	0.01806	-0.00453	-0.01821	0.99982	
91	0.90000	-0.25013	2.04347	-0.07924	0.22847	-0.05160	-0.30188	0.45572	0.99999	-0.00527	0.00088	0.00527	0.99998	0.00399	-0.00090	-0.00399	0.99999		-6.57319	61.50507	874.25711	179.63049	2.36963	-2.77978	0.73954	0.99797	0.04876	0.04098	0.04846	-0.99879	0.00845	0.04135	-0.00644	-0.99912		599.94189	7.70917	39.61359	1.04167	-0.26056	1.74983	0.41522	0.99952	0.03045	0.00510	-0.03054	0.99937	0.01803	-0.00455	-0.01818	0.99982	
92	0.91000	-0.22989	2.07631	0.02203	0.32899	-0.02988	-0.29078	0.42055	0.99999	-0.00508	0.00049	0.00507	0.99997	0.00574	-0.00052	-0.00574	0.99998		-6.93479	63.00533	874.04909	179.54167	2.39281	-2.77460	0.73722	0.99796	0.04874	0.04131	0.04836	-0.99878	0.01001	0.04175	-0.00799	-0.99910		599.91655	7.63156	39.72692	0.93837	-0.29044	1.73932	0.41514	0.99953	0.03027	0.00556	-0.03035	0.99941	0.01622	-0.00507	-0.01638	0.99985	
93	0.92000	-0.29415	2.02204	0.29853	0.09281	0.08286	-0.30927	0.48688	0.99998	-0.00540	-0.00145	0.00540	0.99998	0.00161	0.00145	-0.00162	1.00000		-8.60884	59.42749	874.01916	179.77107	2.50971	-2.78987	0.73912	0.99786	0.04885	0.04354	0.04863	-0.99880	0.00612	0.04379	-0.00399	-0.99903		599.89594	7.74154	40.64766	1.20569	-0.40205	1.73834	0.41756	0.99952	0.03018	0.00765	-0.03033	0.99932	0.02082	-0.00702	-0.02104	0.99975	
94	0.93000	-0.29813	2.03438	0.30326	0.10702	0.08345	-0.30988	0.48837	0.99998	-0.00541	-0.00147	0.00541	0.99998	0.00186	0.00146	-0.00187	1.00000		-8.63235	59.62023	873.99936	179.75789	2.51331	-2.78823	0.73402	0.99786	0.04883	0.04359	0.04860	-0.99880	0.00635	0.04385	-0.00422	-0.99903		599.90133	7.72108	40.65331	1.16133	-0.39845	1.75995	0.41676	0.99950	0.03056	0.00757	-0.03071	0.99933	0.02004	-0.00695	-0.02027	0.99977	
