1	0.00000	-0.12805	1.91208	0.80523	-0.31224	0.14222	-0.26657	0.51424	0.99999	-0.00467	-0.00246	0.00465	0.99997	-0.00546	0.00248	0.00545	0.99998		-9.61894	53.03518	874.16194	-179.82550	2.59057	-2.44399	0.61173	0.99807	0.04251	0.04529	0.04260	-0.99909	-0.00112	0.04520	0.00304	-0.99897		599.94087	6.95107	40.71289	1.40251	-0.69404	1.80637	0.36743	0.99943	0.03122	0.01287	-0.03152	0.99921	0.02408	-0.01211	-0.02447	0.99963	
2	0.01000	-0.15662	2.01755	0.84466	-0.26200	0.16940	-0.31594	0.49833	0.99998	-0.00553	-0.00293	0.00551	0.99997	-0.00459	0.00296	0.00457	0.99998		-10.02009	53.71042	874.02438	-179.85358	2.56819	-2.49594	0.61837	0.99805	0.04343	0.04488	0.04350	-0.99905	-0.00060	0.04481	0.00255	-0.99899		599.95624	7.39925	40.95600	1.33467	-0.71547	1.85271	0.36746	0.99940	0.03203	0.01323	-0.03233	0.99922	0.02288	-0.01249	-0.02329	0.99965	
3	0.02000	-0.15867	2.04478	0.84358	-0.26185	0.16856	-0.32700	0.50239	0.99998	-0.00572	-0.00292	0.00571	0.99997	-0.00459	0.00294	0.00457	0.99998		-9.97927	53.69381	874.01738	-179.85101	2.56032	-2.50865	0.61430	0.99804	0.04365	0.04474	0.04373	-0.99904	-0.00064	0.04467	0.00260	-0.99900		599.95683	7.48518	40.94718	1.33780	-0.71665	1.86576	0.36882	0.99939	0.03226	0.01326	-0.03256	0.99921	0.02293	-0.01251	-0.02335	0.99965	
4	0.03000	-0.22170	2.01343	1.08416	-0.39997	0.25433	-0.34369	0.81743	0.99997	-0.00603	-0.00440	0.00600	0.99996	-0.00701	0.00444	0.00698	0.99997		-11.04668	51.78087	873.91865	-179.66866	2.72374	-2.75775	0.72076	0.99771	0.04784	0.04774	0.04806	-0.99884	-0.00349	0.04752	0.00578	-0.99885		599.89016	7.76663	41.78440	1.63748	-0.46844	1.80960	0.37302	0.99947	0.03133	0.00907	-0.03158	0.99910	0.02830	-0.00818	-0.02857	0.99956	
5	0.04000	-0.12846	2.07446	0.26449	-0.11483	-0.03750	-0.33491	0.72592	0.99998	-0.00584	0.00067	0.00585	0.99998	-0.00200	-0.00065	0.00200	1.00000		-6.78182	56.17425	874.44665	-179.93207	2.40461	-2.75827	0.70237	0.99796	0.04807	0.04196	0.04808	-0.99884	0.00083	0.04196	0.00118	-0.99912		599.99510	7.79949	39.53176	1.34580	-0.17783	1.80411	0.37156	0.99950	0.03140	0.00384	-0.03148	0.99923	0.02338	-0.00310	-0.02349	0.99972	
6	0.05000	0.02042	2.61677	0.44256	0.53678	-0.81895	-0.55151	0.70705	0.99985	-0.00976	0.01420	0.00962	0.99991	0.00950	-0.01429	-0.00937	0.99985		4.28492	65.48800	873.75809	179.46100	1.54014	-2.85305	0.55603	0.99840	0.05002	0.02637	0.04976	-0.99870	0.01073	0.02688	-0.00940	-0.99959		600.26060	9.82568	31.70657	0.45246	0.64354	2.24559	0.37044	0.99917	0.03927	-0.01091	-0.03918	0.99920	0.00833	0.01123	-0.00790	0.99991	
7	0.06000	-0.25255	2.09469	0.25532	0.18050	-0.02676	-0.32789	0.58321	0.99998	-0.00572	0.00045	0.00572	0.99998	0.00315	-0.00047	-0.00315	0.99999		-7.08325	60.69166	874.00806	179.64790	2.42198	-2.78624	0.74108	0.99793	0.04887	0.04191	0.04857	-0.99879	0.00819	0.04226	-0.00614	-0.99909		599.95981	7.79099	39.83021	0.99675	-0.24451	1.99663	0.44712	0.99938	0.03476	0.00487	-0.03484	0.99924	0.01724	-0.00427	-0.01740	0.99984	
8	0.07000	-0.25306	2.07734	0.23266	0.19112	-0.01984	-0.31912	0.56544	0.99998	-0.00557	0.00033	0.00557	0.99998	0.00334	-0.00035	-0.00334	0.99999		-7.32725	61.02354	873.97505	179.66682	2.38463	-2.84068	0.74652	0.99791	0.04980	0.04127	0.04952	-0.99874	0.00787	0.04161	-0.00581	-0.99912		599.93279	7.81598	39.78342	1.02397	-0.24922	1.83323	0.40639	0.99948	0.03191	0.00492	-0.03199	0.99933	0.01772	-0.00435	-0.01787	0.99983	
9	0.08000	-0.28397	2.03514	0.40714	0.07289	0.08319	-0.31514	0.52873	0.99998	-0.00550	-0.00146	0.00550	0.99998	0.00126	0.00145	-0.00127	1.00000		-8.93383	59.29512	873.91222	179.78294	2.50316	-2.84795	0.75325	0.99781	0.04985	0.04343	0.04964	-0.99875	0.00595	0.04367	-0.00378	-0.99904		599.88337	7.73001	40.67610	1.14718	-0.35207	1.83379	0.40683	0.99947	0.03187	0.00678	-0.03200	0.99929	0.01981	-0.00614	-0.02002	0.99978	
10	0.09000	-0.27501	2.04374	0.39025	0.07873	0.08245	-0.31358	0.51828	0.99998	-0.00547	-0.00145	0.00547	0.99998	0.00137	0.00144	-0.00137	1.00000		-8.97640	59.41349	873.91871	179.77635	2.51378	-2.85303	0.75034	0.99780	0.04994	0.04361	0.04973	-0.99874	0.00608	0.04386	-0.00390	-0.99903		599.87620	7.71629	40.66667	1.14793	-0.35264	1.82208	0.40738	0.99948	0.03167	0.00679	-0.03180	0.99930	0.01983	-0.00615	-0.02003	0.99978	
11	0.10000	-0.27822	2.05028	0.37152	0.07040	0.08001	-0.31728	0.51499	0.99998	-0.00554	-0.00140	0.00554	0.99998	0.00122	0.00140	-0.00123	1.00000		-8.95551	59.29945	873.93606	179.78232	2.50396	-2.85237	0.74715	0.99781	0.04993	0.04344	0.04972	-0.99875	0.00597	0.04369	-0.00380	-0.99904		599.88662	7.75123	40.65474	1.16726	-0.34986	1.81983	0.40810	0.99948	0.03163	0.00675	-0.03176	0.99929	0.02017	-0.00611	-0.02037	0.99977	
12	0.11000	-0.27103	2.03709	0.34421	0.07759	0.07437	-0.31103	0.51696	0.99998	-0.00543	-0.00130	0.00543	0.99998	0.00135	0.00130	-0.00135	1.00000		-8.83223	59.45238	873.94952	179.77440	2.49287	-2.85777	0.74951	0.99781	0.05003	0.04324	0.04981	-0.99874	0.00610	0.04350	-0.00393	-0.99905		599.88378	7.70143	40.61189	1.15864	-0.34976	1.81917	0.41006	0.99948	0.03162	0.00674	-0.03174	0.99930	0.02002	-0.00610	-0.02022	0.99978	
13	0.12000	-0.27300	2.03093	0.33386	0.08115	0.07439	-0.30788	0.51466	0.99998	-0.00537	-0.00131	0.00537	0.99998	0.00141	0.00130	-0.00142	1.00000		-8.70418	59.42242	874.01120	179.76480	2.55074	-2.77171	0.74379	0.99784	0.04854	0.04425	0.04831	-0.99881	0.00625	0.04450	-0.00410	-0.99900		599.88255	7.67462	40.61496	1.16014	-0.35294	1.81812	0.40858	0.99948	0.03160	0.00680	-0.03173	0.99930	0.02004	-0.00616	-0.02025	0.99978	
14	0.13000	-0.27782	2.03655	0.35932	0.09007	0.08457	-0.30837	0.50766	0.99998	-0.00538	-0.00148	0.00538	0.99998	0.00156	0.00148	-0.00157	1.00000		-8.81929	59.63219	873.92010	179.77437	2.48710	-2.85145	0.75533	0.99782	0.04992	0.04314	0.04970	-0.99875	0.00609	0.04339	-0.00393	-0.99905		599.87034	7.67162	40.69347	1.13590	-0.35751	1.81444	0.41145	0.99948	0.03153	0.00686	-0.03166	0.99931	0.01962	-0.00624	-0.01982	0.99978	
15	0.14000	-0.28263	2.03225	0.35192	0.09960	0.08279	-0.30761	0.50685	0.99998	-0.00537	-0.00145	0.00537	0.99998	0.00173	0.00145	-0.00174	1.00000		-8.64354	59.64644	873.97388	179.74348	2.53330	-2.76354	0.74966	0.99786	0.04841	0.04393	0.04817	-0.99882	0.00660	0.04420	-0.00447	-0.99901		600.06515	7.79213	40.60006	1.28074	-0.55188	1.79665	0.41885	0.99946	0.03113	0.01033	-0.03135	0.99927	0.02204	-0.00963	-0.02235	0.99970	
16	0.15000	-0.26871	2.02064	0.32067	0.08693	0.07480	-0.30310	0.50660	0.99998	-0.00529	-0.00131	0.00529	0.99999	0.00151	0.00131	-0.00152	1.00000		-8.45657	59.44464	874.02272	179.76198	2.52098	-2.76654	0.74825	0.99787	0.04845	0.04373	0.04822	-0.99882	0.00627	0.04399	-0.00415	-0.99902		599.87739	7.63858	40.62291	1.15526	-0.35727	1.80687	0.41173	0.99948	0.03140	0.00687	-0.03153	0.99930	0.01996	-0.00624	-0.02016	0.99978	
17	0.16000	-0.27035	2.04134	0.32699	0.09340	0.07670	-0.30840	0.50647	0.99998	-0.00538	-0.00135	0.00538	0.99998	0.00162	0.00134	-0.00163	1.00000		-8.45513	59.45944	874.01003	179.75824	2.51751	-2.75726	0.75357	0.99788	0.04829	0.04367	0.04806	-0.99882	0.00633	0.04392	-0.00422	-0.99903		599.87344	7.69230	40.63658	1.16203	-0.34314	1.78484	0.41053	0.99950	0.03102	0.00662	-0.03115	0.99931	0.02008	-0.00599	-0.02028	0.99978	
18	0.17000	-0.26769	2.03038	0.34090	0.09109	0.08170	-0.30276	0.50667	0.99998	-0.00528	-0.00143	0.00528	0.99998	0.00158	0.00143	-0.00159	1.00000		-8.53117	59.38963	873.98200	179.75598	2.50860	-2.75941	0.75475	0.99788	0.04833	0.04351	0.04810	-0.99882	0.00636	0.04377	-0.00425	-0.99903		599.87292	7.63781	40.66566	1.15653	-0.36012	1.79021	0.40960	0.99949	0.03111	0.00691	-0.03124	0.99931	0.01998	-0.00629	-0.02018	0.99978	
19	0.18000	-0.22019	2.05590	-0.04588	0.20967	-0.05436	-0.30216	0.47434	0.99999	-0.00528	0.00093	0.00527	0.99998	0.00366	-0.00095	-0.00366	0.99999		-6.54709	61.14958	874.27756	179.63857	2.38149	-2.76478	0.75616	0.99797	0.04850	0.04120	0.04819	-0.99880	0.00831	0.04155	-0.00630	-0.99912		599.93730	7.30638	39.62288	0.70565	-0.24144	2.26734	0.30831	0.99921	0.03951	0.00470	-0.03956	0.99914	0.01214	-0.00421	-0.01232	0.99992	
20	0.19000	-0.27142	2.04633	0.31438	0.09317	0.07327	-0.31029	0.50049	0.99998	-0.00541	-0.00129	0.00542	0.99998	0.00162	0.00128	-0.00163	1.00000		-8.49676	59.33599	874.03896	179.76346	2.52303	-2.77034	0.75179	0.99786	0.04851	0.04377	0.04829	-0.99881	0.00625	0.04402	-0.00412	-0.99902		599.87823	7.69447	40.60412	1.15222	-0.35362	1.80089	0.40945	0.99949	0.03130	0.00680	-0.03143	0.99931	0.01990	-0.00617	-0.02011	0.99978	
21	0.20000	-0.28041	2.02881	0.32338	0.09016	0.07816	-0.30654	0.50223	0.99998	-0.00535	-0.00137	0.00535	0.99998	0.00157	0.00136	-0.00157	1.00000		-8.64162	59.30291	874.01877	179.77734	2.53030	-2.76849	0.74792	0.99786	0.04847	0.04391	0.04825	-0.99882	0.00601	0.04415	-0.00388	-0.99902		599.87576	7.67051	40.64373	1.15725	-0.35964	1.79269	0.41160	0.99949	0.03115	0.00690	-0.03128	0.99931	0.01999	-0.00628	-0.02020	0.99978	
22	0.21000	-0.23993	2.06263	-0.07409	0.22544	-0.06231	-0.30290	0.46651	0.99999	-0.00529	0.00107	0.00529	0.99998	0.00394	-0.00109	-0.00393	0.99999		-6.60051	61.33901	874.30529	179.63637	2.40650	-2.77854	0.75202	0.99794	0.04874	0.04163	0.04843	-0.99879	0.00837	0.04199	-0.00634	-0.99910		599.92529	7.68584	39.54901	1.01940	-0.22968	1.79154	0.41205	0.99950	0.03119	0.00456	-0.03126	0.99936	0.01766	-0.00401	-0.01779	0.99983	
23	0.22000	-0.29464	2.03388	0.31176	0.10039	0.07550	-0.30850	0.50244	0.99998	-0.00538	-0.00133	0.00538	0.99998	0.00174	0.00132	-0.00175	1.00000		-8.77280	59.58317	873.94446	179.79677	2.47594	-2.85619	0.74548	0.99783	0.04998	0.04297	0.04978	-0.99874	0.00570	0.04320	-0.00354	-0.99906		599.87381	7.68339	40.62177	1.14122	-0.35149	1.80277	0.40797	0.99949	0.03133	0.00676	-0.03146	0.99931	0.01971	-0.00613	-0.01992	0.99978	
24	0.23000	-0.29090	2.02952	0.28989	0.09168	0.06739	-0.30805	0.49998	0.99998	-0.00537	-0.00118	0.00538	0.99998	0.00159	0.00118	-0.00160	1.00000		-8.68002	59.46598	874.00263	179.78485	2.48350	-2.86607	0.74828	0.99781	0.05016	0.04309	0.04995	-0.99873	0.00592	0.04333	-0.00375	-0.99905		599.88025	7.69396	40.55367	1.16671	-0.35533	1.78676	0.41208	0.99949	0.03105	0.00683	-0.03118	0.99931	0.02016	-0.00620	-0.02036	0.99977	
25	0.24000	-0.29559	2.04020	0.32459	0.09113	0.08048	-0.31125	0.49813	0.99998	-0.00543	-0.00141	0.00543	0.99998	0.00158	0.00140	-0.00159	1.00000		-8.87781	59.47467	873.96685	179.78436	2.49967	-2.86193	0.75696	0.99780	0.05009	0.04337	0.04988	-0.99874	0.00594	0.04361	-0.00376	-0.99904		600.06943	7.84801	40.58016	1.32202	-0.55393	1.75617	0.42456	0.99948	0.03042	0.01037	-0.03064	0.99927	0.02276	-0.00967	-0.02307	0.99969	
26	0.25000	-0.23650	2.04440	-0.06683	0.21735	-0.05676	-0.29436	0.46158	0.99999	-0.00514	0.00097	0.00514	0.99998	0.00380	-0.00099	-0.00379	0.99999		-6.76499	61.36253	874.29841	179.64334	2.42591	-2.77223	0.74947	0.99793	0.04863	0.04198	0.04832	-0.99880	0.00826	0.04233	-0.00622	-0.99908		599.92809	7.62508	39.58613	1.04308	-0.23605	1.77030	0.41782	0.99951	0.03081	0.00468	-0.03089	0.99936	0.01807	-0.00412	-0.01820	0.99983	
27	0.26000	-0.21862	2.10526	0.04940	0.33391	-0.02942	-0.29352	0.43134	0.99999	-0.00513	0.00048	0.00512	0.99997	0.00583	-0.00051	-0.00583	0.99998		-7.23328	63.24549	873.95274	179.54263	2.36494	-2.85146	0.74410	0.99791	0.05007	0.04081	0.04970	-0.99871	0.01003	0.04126	-0.00798	-0.99912		599.88886	7.64532	39.75816	0.93666	-0.25476	1.76417	0.41317	0.99952	0.03071	0.00495	-0.03079	0.99939	0.01620	-0.00445	-0.01635	0.99986	
28	0.27000	-0.27338	2.03551	0.26522	0.10149	0.06063	-0.30586	0.49519	0.99998	-0.00534	-0.00107	0.00534	0.99998	0.00176	0.00106	-0.00177	1.00000		-8.46385	59.78058	874.00008	179.75883	2.46571	-2.85601	0.75069	0.99783	0.05001	0.04276	0.04978	-0.99874	0.00635	0.04302	-0.00421	-0.99907		599.88269	7.66457	40.49553	1.13178	-0.34154	1.78801	0.41338	0.99950	0.03108	0.00657	-0.03120	0.99932	0.01956	-0.00596	-0.01975	0.99979	
29	0.28000	-0.27581	2.04637	0.27776	0.09730	0.06555	-0.31080	0.50316	0.99998	-0.00542	-0.00115	0.00542	0.99998	0.00169	0.00114	-0.00170	1.00000		-8.41215	59.64044	874.05298	179.75639	2.53377	-2.78037	0.74763	0.99785	0.04869	0.04395	0.04846	-0.99880	0.00639	0.04421	-0.00425	-0.99901		599.88389	7.70384	40.54002	1.14384	-0.35252	1.79182	0.41357	0.99949	0.03114	0.00677	-0.03127	0.99932	0.01976	-0.00615	-0.01996	0.99978	
30	0.29000	-0.28215	2.03685	0.28380	0.09310	0.07092	-0.30615	0.49952	0.99998	-0.00534	-0.00125	0.00534	0.99998	0.00162	0.00124	-0.00162	1.00000		-8.48680	59.70296	873.97655	179.77603	2.45941	-2.85000	0.75223	0.99784	0.04989	0.04266	0.04968	-0.99875	0.00604	0.04291	-0.00391	-0.99907		599.87604	7.67283	40.59251	1.17111	-0.34509	1.77898	0.41415	0.99950	0.03091	0.00665	-0.03104	0.99931	0.02024	-0.00602	-0.02044	0.99977	
31	0.30000	-0.29056	2.04660	0.31702	0.10302	0.07933	-0.30863	0.49886	0.99998	-0.00538	-0.00139	0.00539	0.99998	0.00179	0.00138	-0.00180	1.00000		-8.51755	59.74699	873.99314	179.74051	2.52985	-2.77348	0.75085	0.99786	0.04859	0.04387	0.04834	-0.99881	0.00666	0.04414	-0.00452	-0.99902		600.07531	7.83067	40.55949	1.32143	-0.56163	1.74703	0.42580	0.99949	0.03025	0.01050	-0.03049	0.99928	0.02275	-0.00980	-0.02306	0.99969	
32	0.31000	-0.28651	2.03980	0.30066	0.09562	0.07456	-0.30555	0.49966	0.99998	-0.00533	-0.00131	0.00533	0.99998	0.00166	0.00130	-0.00167	1.00000		-8.44497	59.61781	874.01376	179.74324	2.52057	-2.76807	0.75015	0.99787	0.04849	0.04371	0.04825	-0.99881	0.00660	0.04398	-0.00448	-0.99902		599.88247	7.67848	40.60068	1.17038	-0.36141	1.76842	0.41197	0.99950	0.03072	0.00693	-0.03086	0.99932	0.02022	-0.00631	-0.02043	0.99977	
33	0.32000	-0.23575	2.06177	-0.07517	0.21207	-0.05783	-0.30073	0.46459	0.99999	-0.00525	0.00099	0.00525	0.99998	0.00371	-0.00101	-0.00370	0.99999		-6.50863	61.36569	874.28737	179.63795	2.39692	-2.76864	0.75093	0.99796	0.04857	0.04147	0.04826	-0.99880	0.00833	0.04182	-0.00631	-0.99911		599.92087	7.67611	39.57720	1.04750	-0.22776	1.76794	0.41098	0.99952	0.03077	0.00454	-0.03085	0.99936	0.01815	-0.00398	-0.01828	0.99983	
34	0.33000	-0.27245	2.04673	0.27789	0.09081	0.06729	-0.31026	0.49395	0.99998	-0.00541	-0.00118	0.00542	0.99998	0.00158	0.00117	-0.00158	1.00000		-8.44031	59.47497	874.05177	179.76189	2.52482	-2.77441	0.74982	0.99786	0.04859	0.04380	0.04836	-0.99881	0.00628	0.04405	-0.00415	-0.99902		599.87582	7.68596	40.54689	1.14032	-0.34562	1.79358	0.41682	0.99949	0.03117	0.00665	-0.03130	0.99932	0.01970	-0.00603	-0.01990	0.99978	
35	0.34000	-0.27803	2.05261	0.28094	0.08739	0.06989	-0.31163	0.49833	0.99998	-0.00544	-0.00123	0.00544	0.99998	0.00152	0.00122	-0.00153	1.00000		-8.59036	59.47521	873.99718	179.78796	2.47439	-2.86003	0.75722	0.99782	0.05006	0.04293	0.04985	-0.99874	0.00585	0.04317	-0.00370	-0.99906		599.87547	7.70231	40.57336	1.16542	-0.35352	1.78716	0.41506	0.99949	0.03105	0.00680	-0.03119	0.99931	0.02014	-0.00617	-0.02034	0.99977	
36	0.35000	-0.21758	2.09271	0.05852	0.32205	-0.02411	-0.28813	0.43108	0.99999	-0.00503	0.00039	0.00503	0.99997	0.00562	-0.00042	-0.00562	0.99998		-7.27627	62.98821	873.97643	179.55499	2.37958	-2.85125	0.75886	0.99790	0.05006	0.04108	0.04970	-0.99872	0.00982	0.04152	-0.00776	-0.99911		599.87505	7.58371	39.78973	0.93126	-0.25690	1.75748	0.41405	0.99952	0.03059	0.00498	-0.03067	0.99940	0.01611	-0.00448	-0.01625	0.99986	
37	0.36000	-0.28785	2.04430	0.29370	0.10441	0.07506	-0.30730	0.50044	0.99998	-0.00536	-0.00132	0.00536	0.99998	0.00181	0.00131	-0.00182	1.00000		-8.70284	59.54928	874.02982	179.75191	2.55062	-2.77836	0.75110	0.99783	0.04866	0.04424	0.04842	-0.99881	0.00648	0.04450	-0.00433	-0.99900		599.86983	7.68626	40.61057	1.15947	-0.36113	1.76607	0.41501	0.99951	0.03068	0.00692	-0.03082	0.99932	0.02003	-0.00630	-0.02023	0.99978	
38	0.37000	-0.28093	2.09468	0.41893	0.21753	0.10589	-0.30421	0.46154	0.99998	-0.00530	-0.00187	0.00531	0.99998	0.00379	0.00185	-0.00380	0.99999		-9.27546	61.31749	873.70120	179.67868	2.50492	-2.85719	0.74562	0.99780	0.05009	0.04337	0.04980	-0.99873	0.00778	0.04371	-0.00560	-0.99903		599.85581	7.29459	40.79452	0.71360	-0.41029	2.24879	0.30354	0.99920	0.03915	0.00764	-0.03924	0.99916	0.01216	-0.00716	-0.01245	0.99990	
39	0.38000	-0.30223	2.04188	0.30784	0.09450	0.07887	-0.31041	0.49475	0.99998	-0.00542	-0.00138	0.00542	0.99998	0.00164	0.00138	-0.00165	1.00000		-8.82509	59.46993	873.96357	179.78828	2.48605	-2.86881	0.75161	0.99781	0.05021	0.04314	0.05000	-0.99873	0.00586	0.04338	-0.00369	-0.99905		599.88027	7.69882	40.62935	1.14970	-0.37183	1.78799	0.40941	0.99949	0.03106	0.00711	-0.03120	0.99932	0.01985	-0.00649	-0.02006	0.99978	
40	0.39000	-0.24983	2.05950	-0.09234	0.21553	-0.06294	-0.30045	0.45843	0.99999	-0.00525	0.00108	0.00524	0.99998	0.00377	-0.00110	-0.00376	0.99999		-6.62477	61.19620	874.32978	179.64790	2.41693	-2.77794	0.74743	0.99794	0.04872	0.04182	0.04842	-0.99879	0.00818	0.04217	-0.00614	-0.99909		599.92504	7.66715	39.54003	1.03500	-0.22593	1.77381	0.40996	0.99951	0.03088	0.00450	-0.03095	0.99936	0.01793	-0.00394	-0.01806	0.99983	
41	0.40000	-0.24082	2.06441	-0.07606	0.21132	-0.05691	-0.30171	0.45916	0.99999	-0.00527	0.00097	0.00527	0.99998	0.00369	-0.00099	-0.00369	0.99999		-6.68135	61.13343	874.31351	179.64912	2.41735	-2.77412	0.74889	0.99794	0.04866	0.04183	0.04836	-0.99880	0.00816	0.04218	-0.00612	-0.99909		599.91731	7.67837	39.58844	1.04692	-0.22585	1.77503	0.41496	0.99951	0.03090	0.00451	-0.03097	0.99936	0.01814	-0.00394	-0.01827	0.99983	
42	0.41000	-0.23461	2.07400	-0.07403	0.21782	-0.05503	-0.30502	0.45984	0.99999	-0.00533	0.00094	0.00532	0.99998	0.00381	-0.00096	-0.00380	0.99999		-6.66816	61.23679	874.30690	179.64017	2.41620	-2.77114	0.75238	0.99794	0.04861	0.04180	0.04830	-0.99880	0.00831	0.04216	-0.00627	-0.99909		600.11912	7.83747	39.51516	1.20350	-0.43786	1.74757	0.42821	0.99951	0.03033	0.00828	-0.03050	0.99932	0.02076	-0.00764	-0.02100	0.99975	
43	0.42000	-0.25691	2.09230	0.38835	0.20388	0.09510	-0.30198	0.46253	0.99998	-0.00526	-0.00168	0.00527	0.99998	0.00355	0.00166	-0.00356	0.99999		-8.88195	61.02947	873.83174	179.65262	2.55871	-2.76792	0.74715	0.99784	0.04856	0.04430	0.04824	-0.99880	0.00821	0.04464	-0.00606	-0.99898		600.04539	7.78821	40.62275	1.22679	-0.59377	1.73886	0.43135	0.99949	0.03012	0.01101	-0.03034	0.99932	0.02109	-0.01036	-0.02141	0.99972	
44	0.43000	-0.22579	2.06016	-0.09288	0.20989	-0.06122	-0.29945	0.45638	0.99999	-0.00523	0.00105	0.00523	0.99998	0.00367	-0.00107	-0.00366	0.99999		-6.47909	61.21722	874.31612	179.64069	2.39332	-2.77065	0.74695	0.99796	0.04860	0.04141	0.04830	-0.99880	0.00828	0.04176	-0.00627	-0.99911		599.92902	7.67844	39.54619	1.05866	-0.24072	1.74767	0.41464	0.99953	0.03042	0.00476	-0.03050	0.99937	0.01834	-0.00420	-0.01848	0.99982	
45	0.44000	-0.22876	2.06963	-0.09510	0.22627	-0.06207	-0.30186	0.45865	0.99999	-0.00527	0.00106	0.00527	0.99998	0.00395	-0.00108	-0.00395	0.99999		-6.44716	61.50877	874.29465	179.62907	2.38929	-2.77432	0.74993	0.99796	0.04867	0.04133	0.04836	-0.99879	0.00848	0.04169	-0.00647	-0.99911		599.92298	7.69130	39.53253	1.03285	-0.23710	1.76503	0.41775	0.99952	0.03072	0.00469	-0.03080	0.99937	0.01789	-0.00414	-0.01803	0.99983	
46	0.45000	-0.23531	2.08562	-0.09021	0.21778	-0.06080	-0.30965	0.45896	0.99998	-0.00541	0.00104	0.00540	0.99998	0.00381	-0.00106	-0.00380	0.99999		-6.46194	61.40259	874.29742	179.63202	2.39336	-2.79201	0.75259	0.99794	0.04898	0.04140	0.04867	-0.99878	0.00845	0.04176	-0.00642	-0.99911		599.92665	7.76900	39.55164	1.05313	-0.23386	1.75141	0.41085	0.99952	0.03048	0.00464	-0.03056	0.99937	0.01825	-0.00408	-0.01838	0.99982	
47	0.46000	-0.24277	2.05876	-0.08246	0.21492	-0.05714	-0.29797	0.45863	0.99999	-0.00520	0.00098	0.00520	0.99998	0.00376	-0.00100	-0.00375	0.99999		-6.58554	61.51465	874.21518	179.65613	2.32604	-2.85480	0.75452	0.99794	0.05005	0.04024	0.04976	-0.99873	0.00802	0.04059	-0.00600	-0.99916		599.92856	7.67848	39.58328	1.06749	-0.23741	1.73466	0.41046	0.99953	0.03019	0.00470	-0.03027	0.99937	0.01850	-0.00414	-0.01863	0.99982	
48	0.47000	-0.23741	2.06730	-0.11392	0.20628	-0.06841	-0.30242	0.45966	0.99999	-0.00528	0.00118	0.00528	0.99998	0.00361	-0.00119	-0.00360	0.99999		-6.47505	61.39283	874.25715	179.65588	2.32162	-2.86082	0.75193	0.99793	0.05015	0.04016	0.04987	-0.99872	0.00802	0.04051	-0.00600	-0.99916		599.92757	7.69372	39.49852	1.06577	-0.21906	1.75705	0.41148	0.99952	0.03059	0.00439	-0.03066	0.99936	0.01847	-0.00382	-0.01860	0.99982	
49	0.48000	-0.23807	2.04829	-0.09986	0.22550	-0.06371	-0.29239	0.45476	0.99999	-0.00511	0.00109	0.00510	0.99998	0.00394	-0.00111	-0.00394	0.99999		-6.60938	61.72915	874.20272	179.64452	2.32601	-2.85419	0.74601	0.99794	0.05004	0.04023	0.04975	-0.99873	0.00822	0.04059	-0.00620	-0.99916		599.92809	7.62757	39.53059	1.03445	-0.22692	1.73993	0.41154	0.99953	0.03029	0.00451	-0.03036	0.99938	0.01793	-0.00396	-0.01805	0.99983	
50	0.49000	-0.28165	2.04754	0.24858	0.08874	0.05903	-0.31088	0.49386	0.99998	-0.00542	-0.00104	0.00543	0.99998	0.00154	0.00103	-0.00155	1.00000		-8.42837	59.47886	874.08682	179.75182	2.54032	-2.77869	0.74812	0.99784	0.04867	0.04406	0.04843	-0.99881	0.00648	0.04432	-0.00433	-0.99901		599.89201	7.72148	40.47984	1.18212	-0.35060	1.75768	0.41275	0.99951	0.03054	0.00675	-0.03067	0.99932	0.02043	-0.00612	-0.02063	0.99977	
51	0.50000	-0.28493	2.05573	0.29119	0.08831	0.07352	-0.31131	0.49466	0.99998	-0.00543	-0.00129	0.00543	0.99998	0.00153	0.00128	-0.00154	1.00000		-8.75124	59.55982	873.96977	179.77933	2.48735	-2.86778	0.75322	0.99781	0.05020	0.04315	0.04998	-0.99873	0.00602	0.04340	-0.00385	-0.99905		599.87562	7.70377	40.59041	1.16948	-0.36034	1.76818	0.40691	0.99950	0.03072	0.00691	-0.03086	0.99932	0.02021	-0.00629	-0.02041	0.99977	
52	0.51000	-0.23940	2.07079	-0.08457	0.21598	-0.05642	-0.30381	0.45992	0.99999	-0.00531	0.00097	0.00530	0.99998	0.00377	-0.00098	-0.00377	0.99999		-6.83904	61.46351	874.22301	179.64153	2.35299	-2.85628	0.75010	0.99792	0.05009	0.04069	0.04979	-0.99873	0.00829	0.04106	-0.00625	-0.99914		599.91994	7.69983	39.59212	1.03371	-0.23652	1.76282	0.41381	0.99952	0.03068	0.00468	-0.03076	0.99937	0.01791	-0.00413	-0.01804	0.99983	
53	0.52000	-0.24018	2.07470	-0.10208	0.21853	-0.06398	-0.30550	0.45748	0.99998	-0.00534	0.00110	0.00533	0.99998	0.00382	-0.00112	-0.00381	0.99999		-6.71740	61.48778	874.24302	179.65324	2.34634	-2.86543	0.75151	0.99791	0.05024	0.04059	0.04995	-0.99872	0.00809	0.04094	-0.00605	-0.99914		600.12355	7.84750	39.44622	1.20852	-0.43537	1.72944	0.42664	0.99952	0.03001	0.00823	-0.03018	0.99933	0.02085	-0.00760	-0.02109	0.99975	
54	0.53000	-0.24929	2.05586	-0.07187	0.21036	-0.05304	-0.30083	0.45887	0.99999	-0.00525	0.00091	0.00525	0.99998	0.00368	-0.00093	-0.00367	0.99999		-6.83699	61.35601	874.23090	179.66277	2.36002	-2.86107	0.75433	0.99791	0.05016	0.04083	0.04987	-0.99872	0.00793	0.04118	-0.00588	-0.99913		599.93324	7.71019	39.60938	1.07965	-0.25181	1.72805	0.41226	0.99954	0.03007	0.00496	-0.03016	0.99937	0.01870	-0.00439	-0.01884	0.99981	
55	0.54000	-0.24346	2.04803	-0.08224	0.22207	-0.05564	-0.29502	0.45801	0.99999	-0.00515	0.00095	0.00515	0.99998	0.00388	-0.00097	-0.00388	0.99999		-6.75284	61.51492	874.23040	179.64926	2.34655	-2.85968	0.75410	0.99792	0.05014	0.04059	0.04985	-0.99872	0.00816	0.04094	-0.00612	-0.99914		599.92457	7.63694	39.59769	1.03430	-0.23934	1.74480	0.40992	0.99953	0.03037	0.00472	-0.03045	0.99938	0.01792	-0.00418	-0.01805	0.99983	
56	0.55000	-0.28556	2.04038	0.25734	0.09472	0.06372	-0.30651	0.49368	0.99998	-0.00535	-0.00112	0.00535	0.99998	0.00165	0.00111	-0.00165	1.00000		-8.42162	59.43218	874.07853	179.76057	2.52309	-2.78655	0.75109	0.99785	0.04880	0.04377	0.04857	-0.99880	0.00631	0.04402	-0.00417	-0.99902		599.88444	7.68148	40.51457	1.16906	-0.36238	1.76212	0.41082	0.99951	0.03061	0.00695	-0.03075	0.99932	0.02020	-0.00632	-0.02040	0.99977	
57	0.56000	-0.23824	2.07323	-0.10019	0.22100	-0.06131	-0.30290	0.45566	0.99999	-0.00529	0.00105	0.00529	0.99998	0.00386	-0.00107	-0.00386	0.99999		-6.51546	61.30984	874.32635	179.64012	2.40008	-2.77565	0.74982	0.99795	0.04869	0.04152	0.04838	-0.99879	0.00830	0.04188	-0.00628	-0.99910		599.93015	7.69894	39.55089	1.04583	-0.23576	1.75631	0.41129	0.99952	0.03057	0.00467	-0.03065	0.99937	0.01812	-0.00411	-0.01825	0.99983	
58	0.57000	-0.21013	2.10862	0.00669	0.33411	-0.03777	-0.29225	0.42562	0.99999	-0.00510	0.00063	0.00510	0.99997	0.00583	-0.00066	-0.00583	0.99998		-6.86241	63.01104	874.08807	179.53001	2.41974	-2.77236	0.74866	0.99794	0.04871	0.04177	0.04832	-0.99878	0.01024	0.04222	-0.00820	-0.99907		599.88765	7.63375	39.68503	0.92242	-0.25808	1.74622	0.41280	0.99953	0.03040	0.00499	-0.03047	0.99941	0.01595	-0.00450	-0.01610	0.99986	
59	0.58000	-0.22530	2.06781	-0.10191	0.21567	-0.06297	-0.30017	0.45938	0.99999	-0.00524	0.00108	0.00524	0.99998	0.00377	-0.00110	-0.00376	0.99999		-6.44187	61.22522	874.32487	179.64696	2.38899	-2.76493	0.75487	0.99797	0.04849	0.04134	0.04820	-0.99880	0.00817	0.04168	-0.00616	-0.99911		599.92420	7.67670	39.54492	1.05335	-0.22454	1.75780	0.41152	0.99952	0.03060	0.00448	-0.03067	0.99936	0.01825	-0.00392	-0.01838	0.99982	
60	0.59000	-0.22635	2.04742	-0.10110	0.21379	-0.06300	-0.29369	0.45865	0.99999	-0.00513	0.00108	0.00513	0.99998	0.00374	-0.00110	-0.00373	0.99999		-6.43933	61.23918	874.32567	179.64148	2.38709	-2.77411	0.75234	0.99796	0.04866	0.04130	0.04836	-0.99880	0.00827	0.04165	-0.00625	-0.99911		599.93034	7.62758	39.53865	1.04957	-0.22976	1.74023	0.40872	0.99953	0.03029	0.00456	-0.03037	0.99937	0.01819	-0.00401	-0.01832	0.99982	
61	0.60000	-0.22950	2.05838	-0.09874	0.21018	-0.06280	-0.29787	0.45695	0.99999	-0.00520	0.00108	0.00520	0.99998	0.00367	-0.00110	-0.00367	0.99999		-6.45896	61.19352	874.32627	179.65070	2.39636	-2.77513	0.75207	0.99795	0.04867	0.04147	0.04837	-0.99880	0.00811	0.04181	-0.00609	-0.99911		599.92051	7.64452	39.52905	1.03796	-0.23158	1.76675	0.40846	0.99952	0.03075	0.00460	-0.03083	0.99936	0.01798	-0.00404	-0.01811	0.99983	
62	0.61000	-0.24134	2.06746	-0.07805	0.20816	-0.05494	-0.30217	0.45633	0.99999	-0.00528	0.00094	0.00527	0.99998	0.00364	-0.00096	-0.00363	0.99999		-6.60934	61.17453	874.31096	179.65839	2.41345	-2.77996	0.75419	0.99794	0.04875	0.04177	0.04846	-0.99879	0.00800	0.04211	-0.00596	-0.99910		599.92357	7.69721	39.59883	1.06158	-0.23854	1.74691	0.41283	0.99953	0.03040	0.00473	-0.03048	0.99937	0.01839	-0.00416	-0.01853	0.99982	
63	0.62000	-0.28484	2.04415	0.25776	0.08519	0.06196	-0.30786	0.49227	0.99998	-0.00537	-0.00109	0.00537	0.99998	0.00148	0.00108	-0.00149	1.00000		-8.39451	59.32628	874.10040	179.76767	2.54125	-2.77396	0.75238	0.99785	0.04857	0.04409	0.04835	-0.99881	0.00620	0.04434	-0.00405	-0.99901		599.87921	7.70049	40.49224	1.19974	-0.34973	1.74450	0.41192	0.99952	0.03031	0.00674	-0.03044	0.99932	0.02074	-0.00610	-0.02094	0.99976	
64	0.63000	-0.28464	2.04076	0.25543	0.08940	0.06367	-0.30866	0.49323	0.99998	-0.00539	-0.00112	0.00539	0.99998	0.00155	0.00111	-0.00156	1.00000		-8.47707	59.43276	874.07949	179.77005	2.53910	-2.78416	0.74992	0.99784	0.04875	0.04405	0.04853	-0.99880	0.00616	0.04430	-0.00401	-0.99901		599.87306	7.69290	40.51350	1.16842	-0.34822	1.76840	0.41228	0.99951	0.03073	0.00670	-0.03086	0.99932	0.02019	-0.00608	-0.02039	0.99977	
65	0.64000	-0.23898	2.04828	-0.09432	0.20694	-0.05961	-0.29815	0.45535	0.99999	-0.00521	0.00102	0.00520	0.99998	0.00362	-0.00104	-0.00361	0.99999		-6.68921	61.23634	874.32573	179.63980	2.42100	-2.76661	0.74745	0.99794	0.04853	0.04189	0.04822	-0.99880	0.00832	0.04224	-0.00628	-0.99909		599.91869	7.65146	39.56540	1.05086	-0.22569	1.76321	0.40841	0.99952	0.03069	0.00450	-0.03077	0.99936	0.01821	-0.00394	-0.01834	0.99982	
66	0.65000	-0.23959	2.05186	-0.10337	0.21400	-0.06234	-0.29625	0.45697	0.99999	-0.00517	0.00107	0.00517	0.99998	0.00374	-0.00109	-0.00373	0.99999		-6.73806	61.49617	874.24530	179.66461	2.35148	-2.84824	0.73964	0.99792	0.04993	0.04069	0.04965	-0.99874	0.00789	0.04103	-0.00585	-0.99914		599.92687	7.65934	39.54167	1.05774	-0.22682	1.73508	0.41106	0.99953	0.03020	0.00452	-0.03028	0.99937	0.01833	-0.00396	-0.01846	0.99982	
67	0.66000	-0.23056	2.06234	-0.13694	0.22079	-0.07506	-0.30035	0.45348	0.99999	-0.00525	0.00129	0.00524	0.99998	0.00386	-0.00131	-0.00385	0.99999		-6.54811	61.59552	874.28866	179.64891	2.35003	-2.86089	0.74769	0.99791	0.05016	0.04065	0.04987	-0.99872	0.00817	0.04100	-0.00612	-0.99914		599.93088	7.68339	39.44698	1.04192	-0.20793	1.74994	0.41373	0.99953	0.03047	0.00418	-0.03054	0.99937	0.01806	-0.00363	-0.01818	0.99983	
68	0.67000	-0.23470	2.05292	-0.12129	0.22011	-0.06845	-0.29676	0.45749	0.99999	-0.00518	0.00118	0.00518	0.99998	0.00385	-0.00119	-0.00384	0.99999		-6.61688	61.59034	874.26696	179.64178	2.35061	-2.85087	0.74737	0.99792	0.04999	0.04065	0.04969	-0.99873	0.00828	0.04101	-0.00625	-0.99914		599.93673	7.65587	39.49269	1.04052	-0.22609	1.74785	0.40952	0.99953	0.03042	0.00450	-0.03050	0.99937	0.01803	-0.00395	-0.01816	0.99983	
69	0.68000	-0.24094	2.06555	-0.10131	0.20398	-0.05950	-0.30160	0.45555	0.99999	-0.00527	0.00102	0.00526	0.99998	0.00356	-0.00104	-0.00356	0.99999		-6.65819	61.23617	874.31975	179.64609	2.41667	-2.78244	0.74919	0.99793	0.04880	0.04182	0.04850	-0.99879	0.00822	0.04217	-0.00617	-0.99909		599.92521	7.69655	39.57205	1.07057	-0.22688	1.74193	0.41123	0.99953	0.03032	0.00453	-0.03040	0.99937	0.01855	-0.00396	-0.01868	0.99982	
70	0.69000	-0.24027	2.05111	-0.10227	0.21682	-0.06035	-0.29580	0.45543	0.99999	-0.00517	0.00103	0.00516	0.99998	0.00379	-0.00105	-0.00378	0.99999		-6.59120	61.43925	874.31020	179.63435	2.40579	-2.76937	0.74755	0.99795	0.04858	0.04162	0.04827	-0.99880	0.00840	0.04198	-0.00638	-0.99910		599.92876	7.65088	39.55638	1.05214	-0.23575	1.74922	0.41122	0.99953	0.03044	0.00467	-0.03052	0.99937	0.01823	-0.00411	-0.01836	0.99982	
71	0.70000	-0.28763	2.04934	0.25415	0.08473	0.06253	-0.30970	0.49145	0.99998	-0.00540	-0.00110	0.00541	0.99998	0.00147	0.00109	-0.00148	1.00000		-8.37629	59.39748	874.07769	179.77318	2.52504	-2.78915	0.74502	0.99785	0.04883	0.04381	0.04861	-0.99880	0.00610	0.04406	-0.00396	-0.99902		599.88401	7.71005	40.50129	1.18982	-0.34356	1.75316	0.41427	0.99951	0.03046	0.00663	-0.03059	0.99932	0.02057	-0.00600	-0.02076	0.99977	
72	0.71000	-0.23953	2.06625	-0.11039	0.21411	-0.06525	-0.30162	0.45387	0.99999	-0.00527	0.00112	0.00526	0.99998	0.00374	-0.00114	-0.00374	0.99999		-6.49825	61.44987	874.23132	179.66458	2.31710	-2.85308	0.74551	0.99794	0.05001	0.04009	0.04973	-0.99873	0.00786	0.04043	-0.00585	-0.99917		600.11908	7.82045	39.43017	1.20998	-0.42305	1.70660	0.43139	0.99953	0.02962	0.00801	-0.02978	0.99934	0.02089	-0.00738	-0.02112	0.99975	
73	0.72000	-0.23302	2.04898	-0.10988	0.19783	-0.06338	-0.29617	0.45920	0.99999	-0.00517	0.00109	0.00517	0.99998	0.00346	-0.00111	-0.00345	0.99999		-6.45695	61.09133	874.31683	179.66887	2.37860	-2.77639	0.74114	0.99797	0.04868	0.04117	0.04840	-0.99880	0.00778	0.04150	-0.00577	-0.99912		600.12083	7.77579	39.45468	1.23677	-0.42531	1.71297	0.42828	0.99953	0.02973	0.00806	-0.02989	0.99933	0.02135	-0.00742	-0.02158	0.99974	
74	0.73000	-0.26578	2.09693	0.40942	0.20454	0.10796	-0.30246	0.45529	0.99998	-0.00527	-0.00190	0.00528	0.99998	0.00356	0.00188	-0.00357	0.99999		-9.03325	61.07743	873.79510	179.65613	2.56349	-2.77414	0.74546	0.99783	0.04867	0.04438	0.04835	-0.99880	0.00816	0.04473	-0.00600	-0.99898		599.84723	7.67733	40.80539	1.07923	-0.41311	1.73812	0.40989	0.99951	0.03019	0.00778	-0.03033	0.99937	0.01861	-0.00721	-0.01883	0.99980	
75	0.74000	-0.22717	2.06540	-0.09202	0.21458	-0.05971	-0.30083	0.45588	0.99999	-0.00525	0.00102	0.00525	0.99998	0.00375	-0.00104	-0.00375	0.99999		-6.52936	61.25607	874.31083	179.64023	2.39866	-2.78354	0.74446	0.99794	0.04882	0.04150	0.04852	-0.99879	0.00830	0.04185	-0.00627	-0.99910		599.91883	7.67621	39.55130	1.03823	-0.23863	1.76816	0.40994	0.99952	0.03077	0.00472	-0.03086	0.99936	0.01798	-0.00416	-0.01812	0.99983	
76	0.75000	-0.21379	2.09382	0.02370	0.32128	-0.02801	-0.28584	0.42628	0.99999	-0.00499	0.00046	0.00499	0.99997	0.00561	-0.00049	-0.00561	0.99998		-7.05436	62.83142	874.09159	179.53339	2.44533	-2.76459	0.74910	0.99793	0.04858	0.04222	0.04819	-0.99879	0.01019	0.04267	-0.00814	-0.99906		599.88258	7.58593	39.75773	0.96294	-0.26447	1.72132	0.40996	0.99954	0.02996	0.00512	-0.03004	0.99941	0.01666	-0.00462	-0.01681	0.99985	
77	0.76000	-0.24078	2.08129	-0.10708	0.21708	-0.06329	-0.30612	0.45804	0.99998	-0.00535	0.00108	0.00534	0.99998	0.00379	-0.00110	-0.00379	0.99999		-6.54068	61.23680	874.32799	179.64214	2.40061	-2.78528	0.74924	0.99794	0.04885	0.04153	0.04855	-0.99879	0.00827	0.04189	-0.00624	-0.99910		599.92824	7.74427	39.52569	1.06701	-0.23272	1.74535	0.41527	0.99953	0.03038	0.00463	-0.03046	0.99937	0.01849	-0.00406	-0.01862	0.99982	
78	0.77000	-0.24026	2.04311	-0.08798	0.20899	-0.05595	-0.29159	0.45343	0.99999	-0.00509	0.00096	0.00509	0.99998	0.00365	-0.00098	-0.00365	0.99999		-6.72844	61.26667	874.24801	179.67577	2.35109	-2.85355	0.74856	0.99792	0.05001	0.04069	0.04974	-0.99873	0.00769	0.04102	-0.00565	-0.99914		599.91007	7.61003	39.59084	1.05596	-0.23052	1.73815	0.40988	0.99953	0.03025	0.00458	-0.03033	0.99937	0.01830	-0.00402	-0.01843	0.99982	
79	0.78000	-0.24570	2.05587	-0.11937	0.22051	-0.06702	-0.29819	0.45438	0.99999	-0.00521	0.00115	0.00520	0.99998	0.00385	-0.00117	-0.00385	0.99999		-6.55563	61.34876	874.32363	179.65077	2.40037	-2.77850	0.74344	0.99795	0.04873	0.04154	0.04843	-0.99879	0.00812	0.04188	-0.00609	-0.99910		599.92890	7.67058	39.49897	1.03979	-0.22892	1.75442	0.41292	0.99952	0.03054	0.00455	-0.03062	0.99937	0.01802	-0.00400	-0.01815	0.99983	
80	0.79000	-0.24472	2.07212	-0.09122	0.20718	-0.05670	-0.30307	0.45372	0.99999	-0.00529	0.00097	0.00529	0.99998	0.00362	-0.00099	-0.00362	0.99999		-6.77512	61.22966	874.25528	179.66797	2.35604	-2.86812	0.75440	0.99790	0.05027	0.04077	0.04999	-0.99872	0.00784	0.04111	-0.00579	-0.99914		599.92285	7.69881	39.58891	1.05074	-0.24147	1.75776	0.40942	0.99952	0.03059	0.00477	-0.03067	0.99936	0.01820	-0.00421	-0.01834	0.99982	
81	0.80000	-0.24349	2.06173	-0.09442	0.21039	-0.05815	-0.29787	0.45572	0.99999	-0.00520	0.00100	0.00520	0.99998	0.00368	-0.00101	-0.00367	0.99999		-6.75411	61.30680	874.26632	179.66365	2.36848	-2.85151	0.75173	0.99791	0.04999	0.04098	0.04971	-0.99873	0.00792	0.04133	-0.00587	-0.99913		599.92119	7.67236	39.57794	1.06513	-0.23113	1.72935	0.40910	0.99954	0.03010	0.00459	-0.03018	0.99937	0.01846	-0.00403	-0.01859	0.99982	
82	0.81000	-0.23556	2.06696	-0.10523	0.21055	-0.06464	-0.29999	0.45243	0.99999	-0.00524	0.00111	0.00524	0.99998	0.00368	-0.00113	-0.00367	0.99999		-6.59839	61.24928	874.32236	179.65157	2.41627	-2.78931	0.74270	0.99793	0.04892	0.04181	0.04862	-0.99878	0.00813	0.04216	-0.00608	-0.99909		599.91871	7.66996	39.52730	1.05403	-0.22141	1.75294	0.41030	0.99952	0.03051	0.00442	-0.03059	0.99937	0.01827	-0.00386	-0.01840	0.99982	
83	0.82000	-0.23774	2.06127	-0.10421	0.20586	-0.06416	-0.29713	0.45209	0.99999	-0.00519	0.00110	0.00519	0.99998	0.00360	-0.00112	-0.00359	0.99999		-6.58729	61.22968	874.29931	179.66022	2.39893	-2.78591	0.74403	0.99794	0.04885	0.04152	0.04856	-0.99879	0.00796	0.04186	-0.00593	-0.99911		599.92679	7.64824	39.52438	1.05605	-0.22078	1.74311	0.41442	0.99953	0.03034	0.00441	-0.03042	0.99937	0.01830	-0.00385	-0.01843	0.99982	
84	0.83000	-0.23689	2.07926	-0.10247	0.21677	-0.06064	-0.30315	0.45652	0.99999	-0.00529	0.00104	0.00529	0.99998	0.00379	-0.00106	-0.00378	0.99999		-6.65361	61.48196	874.25472	179.65619	2.35689	-2.86150	0.75404	0.99791	0.05017	0.04077	0.04988	-0.99872	0.00805	0.04112	-0.00600	-0.99914		599.91598	7.70590	39.55163	1.05163	-0.23110	1.75157	0.40954	0.99952	0.03049	0.00459	-0.03057	0.99937	0.01822	-0.00403	-0.01835	0.99982	
85	0.84000	-0.23660	2.05723	-0.10998	0.21869	-0.06439	-0.29594	0.45361	0.99999	-0.00517	0.00110	0.00517	0.99998	0.00382	-0.00112	-0.00382	0.99999		-6.49617	61.45184	874.31181	179.62978	2.40603	-2.77235	0.74970	0.99795	0.04864	0.04162	0.04833	-0.99880	0.00848	0.04198	-0.00646	-0.99910		600.11460	7.78056	39.44396	1.20578	-0.42327	1.70795	0.42813	0.99953	0.02964	0.00801	-0.02980	0.99934	0.02081	-0.00739	-0.02104	0.99975	
86	0.85000	-0.27140	2.10553	0.36720	0.20303	0.09229	-0.30583	0.45611	0.99998	-0.00533	-0.00163	0.00534	0.99998	0.00353	0.00161	-0.00354	0.99999		-8.83019	61.16493	873.83086	179.64764	2.55687	-2.78118	0.74750	0.99783	0.04879	0.04426	0.04847	-0.99879	0.00831	0.04461	-0.00614	-0.99899		599.84526	7.70392	40.68420	1.08341	-0.38658	1.75021	0.41229	0.99951	0.03041	0.00732	-0.03054	0.99936	0.01869	-0.00675	-0.01891	0.99980	
87	0.86000	-0.28257	2.05689	0.24371	0.08834	0.05904	-0.31235	0.49042	0.99998	-0.00545	-0.00104	0.00545	0.99998	0.00154	0.00103	-0.00154	1.00000		-8.34302	59.57800	874.02793	179.78015	2.46565	-2.87159	0.75578	0.99782	0.05026	0.04277	0.05005	-0.99873	0.00599	0.04302	-0.00383	-0.99907		599.87165	7.73148	40.47711	1.18618	-0.34635	1.76771	0.41518	0.99951	0.03072	0.00668	-0.03085	0.99931	0.02050	-0.00604	-0.02070	0.99977	
88	0.87000	-0.28558	2.07436	0.25276	0.09578	0.06262	-0.31648	0.49699	0.99998	-0.00552	-0.00110	0.00552	0.99998	0.00166	0.00109	-0.00167	1.00000		-8.40429	59.67412	873.99167	179.77106	2.45851	-2.88157	0.75392	0.99782	0.05044	0.04264	0.05023	-0.99872	0.00615	0.04290	-0.00399	-0.99907		600.07862	7.89733	40.41341	1.33427	-0.55892	1.72525	0.43036	0.99950	0.02987	0.01045	-0.03011	0.99928	0.02298	-0.00975	-0.02328	0.99968	
89	0.88000	-0.24239	2.07342	-0.09415	0.21132	-0.05752	-0.30452	0.45736	0.99999	-0.00532	0.00098	0.00531	0.99998	0.00369	-0.00100	-0.00369	0.99999		-6.63245	61.43530	874.24402	179.66666	2.34537	-2.86899	0.75366	0.99791	0.05029	0.04058	0.05001	-0.99872	0.00786	0.04092	-0.00581	-0.99915		599.92703	7.70910	39.57221	1.04087	-0.23776	1.75607	0.41301	0.99952	0.03056	0.00470	-0.03064	0.99937	0.01803	-0.00415	-0.01817	0.99983	
90	0.89000	-0.23369	2.06042	-0.11089	0.21405	-0.06448	-0.29916	0.45643	0.99999	-0.00523	0.00111	0.00522	0.99998	0.00374	-0.00113	-0.00374	0.99999		-6.50733	61.34395	874.33994	179.63898	2.41720	-2.77267	0.75127	0.99794	0.04864	0.04182	0.04833	-0.99880	0.00833	0.04218	-0.00630	-0.99909		599.92963	7.67370	39.51605	1.05207	-0.23951	1.75188	0.41481	0.99952	0.03049	0.00474	-0.03057	0.99937	0.01822	-0.00418	-0.01836	0.99982	
91	0.90000	-0.23620	2.05546	-0.07806	0.20488	-0.05085	-0.29779	0.45854	0.99999	-0.00520	0.00087	0.00520	0.99998	0.00358	-0.00089	-0.00358	0.99999		-6.80186	61.27563	874.24446	179.66440	2.36211	-2.85379	0.75173	0.99791	0.05003	0.04087	0.04975	-0.99873	0.00790	0.04121	-0.00585	-0.99913		599.91941	7.67256	39.62455	1.06478	-0.24677	1.73006	0.41318	0.99953	0.03011	0.00487	-0.03019	0.99937	0.01844	-0.00431	-0.01858	0.99982	
92	0.91000	-0.28440	2.04719	0.27143	0.07591	0.07205	-0.31230	0.49042	0.99998	-0.00545	-0.00126	0.00545	0.99998	0.00132	0.00126	-0.00132	1.00000		-8.66480	59.29341	874.01016	179.79558	2.48376	-2.88179	0.75096	0.99780	0.05043	0.04310	0.05023	-0.99872	0.00574	0.04334	-0.00356	-0.99905		599.88060	7.74606	40.57227	1.20484	-0.37238	1.74577	0.41433	0.99951	0.03032	0.00714	-0.03046	0.99932	0.02082	-0.00650	-0.02103	0.99976	
93	0.92000	-0.28555	2.04441	0.26049	0.08390	0.06593	-0.31075	0.49005	0.99998	-0.00542	-0.00116	0.00542	0.99998	0.00146	0.00115	-0.00146	1.00000		-8.53182	59.28174	874.08504	179.77686	2.54491	-2.79208	0.75187	0.99783	0.04888	0.04416	0.04866	-0.99880	0.00605	0.04440	-0.00389	-0.99901		599.88093	7.74464	40.51906	1.20856	-0.36001	1.74040	0.41592	0.99952	0.03023	0.00692	-0.03037	0.99932	0.02089	-0.00628	-0.02109	0.99976	
94	0.93000	-0.29390	2.05048	0.26889	0.08885	0.06896	-0.31226	0.49086	0.99998	-0.00545	-0.00121	0.00545	0.99998	0.00154	0.00120	-0.00155	1.00000		-8.63638	59.43737	874.00980	179.78864	2.48569	-2.87496	0.74926	0.99780	0.05032	0.04313	0.05011	-0.99873	0.00586	0.04337	-0.00369	-0.99905		600.07584	7.86411	40.47366	1.34301	-0.55123	1.73037	0.42983	0.99950	0.02996	0.01032	-0.03019	0.99928	0.02314	-0.00962	-0.02344	0.99968	
