1	0.00000	-0.11805	1.91245	0.80964	-0.31407	0.14209	-0.26695	0.51005	0.99999	-0.00467	-0.00245	0.00466	0.99997	-0.00549	0.00248	0.00548	0.99998		-9.59522	53.13532	874.10179	-179.79974	2.53697	-2.43570	0.59518	0.99812	0.04234	0.04437	0.04246	-0.99910	-0.00161	0.04426	0.00349	-0.99901		600.11689	7.12439	40.67075	1.62195	-0.91730	1.88700	0.36944	0.99933	0.03246	0.01693	-0.03292	0.99907	0.02776	-0.01601	-0.02830	0.99947	
2	0.01000	-0.17346	2.02167	0.84915	-0.26106	0.17200	-0.31848	0.50118	0.99998	-0.00557	-0.00298	0.00556	0.99997	-0.00457	0.00300	0.00456	0.99998		-9.93464	54.16880	874.06028	-179.75340	2.59170	-2.80121	0.73785	0.99778	0.04868	0.04537	0.04882	-0.99881	-0.00209	0.04522	0.00430	-0.99897		599.96982	7.45630	40.97068	1.38270	-0.74623	1.84474	0.37077	0.99940	0.03187	0.01379	-0.03219	0.99920	0.02370	-0.01302	-0.02413	0.99962	
3	0.02000	-0.13935	1.92964	0.84000	-0.31568	0.15588	-0.27694	0.51098	0.99998	-0.00485	-0.00269	0.00483	0.99997	-0.00552	0.00272	0.00551	0.99998		-9.81433	53.09024	874.09376	-179.79463	2.56966	-2.46320	0.60944	0.99807	0.04282	0.04495	0.04293	-0.99908	-0.00165	0.04483	0.00358	-0.99899		599.92209	7.05302	40.82380	1.40928	-0.70198	1.80352	0.37380	0.99943	0.03116	0.01302	-0.03147	0.99921	0.02420	-0.01225	-0.02459	0.99962	
4	0.03000	-0.13837	2.08230	0.25253	-0.10517	-0.04394	-0.33554	0.72180	0.99998	-0.00585	0.00078	0.00586	0.99998	-0.00183	-0.00077	0.00184	1.00000		-6.65925	56.31243	874.52656	-179.97455	2.44204	-2.75842	0.71210	0.99793	0.04811	0.04258	0.04808	-0.99884	0.00161	0.04261	0.00044	-0.99909		600.22396	7.90632	39.36541	1.49291	-0.41299	1.80246	0.39167	0.99948	0.03126	0.00802	-0.03145	0.99917	0.02581	-0.00721	-0.02605	0.99963	
5	0.04000	-0.13064	2.07006	0.22413	-0.11598	-0.05622	-0.33486	0.73045	0.99998	-0.00584	0.00099	0.00584	0.99998	-0.00202	-0.00098	0.00202	1.00000		-6.50233	56.21868	874.50584	-179.93898	2.39542	-2.76001	0.69460	0.99797	0.04811	0.04180	0.04811	-0.99884	0.00095	0.04180	0.00106	-0.99913		600.00633	7.81712	39.36298	1.37358	-0.17804	1.79047	0.37507	0.99951	0.03116	0.00385	-0.03124	0.99923	0.02386	-0.00311	-0.02397	0.99971	
6	0.05000	0.01741	2.62745	0.40899	0.52806	-0.82910	-0.55390	0.69943	0.99985	-0.00980	0.01438	0.00967	0.99991	0.00936	-0.01447	-0.00922	0.99985		4.59434	65.32927	873.91719	179.44556	1.59770	-2.81010	0.63093	0.99841	0.04929	0.02737	0.04901	-0.99874	0.01103	0.02788	-0.00967	-0.99956		600.26015	9.84075	31.63078	0.47430	0.65175	2.23892	0.37087	0.99917	0.03916	-0.01104	-0.03906	0.99920	0.00872	0.01137	-0.00828	0.99990	
7	0.06000	-0.22642	2.09996	0.23455	0.18417	-0.03441	-0.32695	0.58126	0.99998	-0.00571	0.00058	0.00571	0.99998	0.00322	-0.00060	-0.00321	0.99999		-6.78022	60.75083	874.04503	179.67764	2.38428	-2.76290	0.72277	0.99797	0.04844	0.04128	0.04816	-0.99881	0.00762	0.04160	-0.00562	-0.99912		599.94854	7.76445	39.77088	0.96250	-0.23748	1.99907	0.44697	0.99938	0.03481	0.00473	-0.03488	0.99925	0.01664	-0.00414	-0.01680	0.99985	
8	0.07000	-0.22666	2.09906	0.22169	0.19748	-0.02341	-0.32407	0.57128	0.99998	-0.00566	0.00039	0.00566	0.99998	0.00345	-0.00041	-0.00345	0.99999		-6.90815	60.95906	874.05202	179.65311	2.40018	-2.76398	0.73949	0.99796	0.04847	0.04154	0.04818	-0.99881	0.00807	0.04188	-0.00605	-0.99910		599.91688	7.83515	39.75320	1.00853	-0.23669	1.85302	0.40652	0.99947	0.03226	0.00470	-0.03234	0.99932	0.01746	-0.00413	-0.01760	0.99984	
9	0.08000	-0.26227	2.05139	0.40098	0.09329	0.08322	-0.31598	0.53149	0.99998	-0.00551	-0.00146	0.00551	0.99998	0.00162	0.00145	-0.00163	1.00000		-8.45375	59.41893	873.96219	179.75549	2.50527	-2.75848	0.74320	0.99789	0.04831	0.04345	0.04808	-0.99882	0.00637	0.04371	-0.00426	-0.99904		600.05261	7.85866	40.59707	1.28487	-0.53453	1.80395	0.41786	0.99946	0.03126	0.01003	-0.03148	0.99926	0.02212	-0.00933	-0.02242	0.99971	
10	0.09000	-0.24258	2.09524	0.52154	0.21299	0.11644	-0.30584	0.47522	0.99998	-0.00533	-0.00205	0.00534	0.99998	0.00371	0.00203	-0.00372	0.99999		-8.95577	61.21096	873.70439	179.63670	2.53526	-2.75066	0.74517	0.99787	0.04827	0.04388	0.04794	-0.99881	0.00846	0.04423	-0.00633	-0.99900		599.83200	7.66914	40.86938	1.00867	-0.39974	1.81862	0.41089	0.99947	0.03161	0.00753	-0.03173	0.99935	0.01737	-0.00698	-0.01760	0.99982	
11	0.10000	-0.26856	2.04470	0.37548	0.08765	0.08207	-0.31458	0.51600	0.99998	-0.00549	-0.00144	0.00549	0.99998	0.00152	0.00143	-0.00153	1.00000		-8.40885	59.37215	873.96818	179.76523	2.49026	-2.77122	0.74639	0.99789	0.04853	0.04320	0.04830	-0.99881	0.00619	0.04345	-0.00409	-0.99905		599.86098	7.72955	40.66061	1.14258	-0.35401	1.81747	0.41115	0.99948	0.03159	0.00681	-0.03171	0.99930	0.01973	-0.00618	-0.01994	0.99978	
12	0.11000	-0.27215	2.04014	0.36423	0.08380	0.07981	-0.31121	0.51248	0.99998	-0.00543	-0.00140	0.00543	0.99998	0.00145	0.00139	-0.00146	1.00000		-8.38081	59.31704	873.98885	179.77057	2.49341	-2.76865	0.74715	0.99789	0.04848	0.04326	0.04826	-0.99882	0.00610	0.04350	-0.00400	-0.99905		599.87141	7.71365	40.63585	1.16295	-0.35494	1.79294	0.41082	0.99949	0.03116	0.00683	-0.03129	0.99931	0.02009	-0.00619	-0.02030	0.99977	
13	0.12000	-0.24709	2.09854	0.47699	0.21654	0.10952	-0.30470	0.47221	0.99998	-0.00531	-0.00193	0.00532	0.99998	0.00377	0.00191	-0.00378	0.99999		-8.88473	61.27525	873.73347	179.63719	2.53344	-2.75641	0.74728	0.99787	0.04837	0.04385	0.04804	-0.99881	0.00845	0.04420	-0.00633	-0.99900		599.81577	7.65300	40.82214	1.00913	-0.37752	1.80586	0.41038	0.99948	0.03139	0.00714	-0.03151	0.99935	0.01740	-0.00659	-0.01761	0.99982	
14	0.13000	-0.26909	2.05019	0.35136	0.10215	0.07951	-0.31204	0.50857	0.99998	-0.00544	-0.00140	0.00545	0.99998	0.00177	0.00139	-0.00178	1.00000		-8.44857	59.57123	873.98578	179.75241	2.50990	-2.76637	0.74180	0.99788	0.04845	0.04353	0.04822	-0.99882	0.00643	0.04379	-0.00432	-0.99903		599.86188	7.71298	40.62975	1.13583	-0.35362	1.80130	0.41003	0.99949	0.03130	0.00679	-0.03143	0.99931	0.01962	-0.00617	-0.01982	0.99978	
15	0.14000	-0.26243	2.05694	0.29990	0.09012	0.06397	-0.31433	0.50589	0.99998	-0.00548	-0.00112	0.00549	0.99998	0.00157	0.00112	-0.00157	1.00000		-8.30689	59.48429	873.99125	179.78506	2.43916	-2.85379	0.74980	0.99785	0.04995	0.04232	0.04974	-0.99874	0.00587	0.04256	-0.00375	-0.99909		599.87228	7.73424	40.51352	1.14407	-0.34632	1.79052	0.40900	0.99949	0.03112	0.00666	-0.03124	0.99932	0.01977	-0.00604	-0.01997	0.99978	
16	0.15000	-0.24880	2.07272	0.47933	0.20548	0.11725	-0.29410	0.46454	0.99998	-0.00513	-0.00206	0.00513	0.99998	0.00358	0.00205	-0.00359	0.99999		-9.08624	61.12747	873.75697	179.65443	2.56861	-2.76994	0.74150	0.99783	0.04859	0.04447	0.04828	-0.99880	0.00819	0.04482	-0.00603	-0.99898		599.81516	7.58169	40.88566	1.02985	-0.39249	1.76938	0.40949	0.99950	0.03075	0.00740	-0.03088	0.99937	0.01775	-0.00685	-0.01797	0.99981	
17	0.16000	-0.21929	2.06256	-0.05200	0.22404	-0.05890	-0.30032	0.46717	0.99999	-0.00525	0.00101	0.00524	0.99998	0.00391	-0.00103	-0.00391	0.99999		-6.45835	61.41798	874.27804	179.62946	2.38412	-2.76813	0.74526	0.99797	0.04856	0.04124	0.04825	-0.99880	0.00847	0.04160	-0.00646	-0.99911		599.91554	7.28341	39.57615	0.68222	-0.22321	2.26181	0.30484	0.99921	0.03942	0.00436	-0.03947	0.99915	0.01174	-0.00390	-0.01191	0.99992	
18	0.17000	-0.27087	2.04025	0.30412	0.10565	0.06936	-0.30763	0.49903	0.99998	-0.00537	-0.00122	0.00537	0.99998	0.00184	0.00121	-0.00184	1.00000		-8.40292	59.72272	873.97265	179.77400	2.45431	-2.85181	0.74406	0.99785	0.04992	0.04257	0.04971	-0.99875	0.00607	0.04282	-0.00394	-0.99907		599.87128	7.67502	40.54941	1.12789	-0.36255	1.79046	0.40725	0.99949	0.03111	0.00694	-0.03124	0.99932	0.01948	-0.00633	-0.01968	0.99979	
19	0.18000	-0.27326	2.05138	0.30773	0.09897	0.06967	-0.31393	0.50589	0.99998	-0.00548	-0.00122	0.00548	0.99998	0.00172	0.00122	-0.00173	1.00000		-8.33904	59.50028	874.02990	179.75249	2.51037	-2.77919	0.74531	0.99787	0.04868	0.04354	0.04844	-0.99881	0.00644	0.04380	-0.00432	-0.99903		599.86860	7.73844	40.55398	1.15155	-0.35130	1.79379	0.40942	0.99949	0.03117	0.00676	-0.03130	0.99931	0.01990	-0.00613	-0.02010	0.99978	
20	0.19000	-0.27723	2.04569	0.30634	0.10265	0.07242	-0.30928	0.49965	0.99998	-0.00540	-0.00127	0.00540	0.99998	0.00178	0.00126	-0.00179	1.00000		-8.34957	59.55812	874.02214	179.75497	2.50193	-2.77426	0.74602	0.99788	0.04859	0.04339	0.04836	-0.99881	0.00638	0.04365	-0.00427	-0.99904		600.05202	7.82582	40.50442	1.29690	-0.54429	1.75002	0.42391	0.99949	0.03032	0.01018	-0.03054	0.99928	0.02233	-0.00950	-0.02263	0.99970	
21	0.20000	-0.27129	2.04489	0.28068	0.09809	0.06355	-0.30966	0.50162	0.99998	-0.00540	-0.00112	0.00540	0.99998	0.00171	0.00111	-0.00171	1.00000		-8.20462	59.50261	874.02657	179.76875	2.47681	-2.77517	0.73867	0.99789	0.04859	0.04297	0.04837	-0.99881	0.00612	0.04321	-0.00403	-0.99906		600.07856	7.83671	40.42584	1.31932	-0.56117	1.75943	0.42364	0.99948	0.03047	0.01049	-0.03070	0.99927	0.02271	-0.00979	-0.02302	0.99969	
22	0.21000	-0.26791	2.04774	0.30785	0.10132	0.07221	-0.30994	0.50289	0.99998	-0.00541	-0.00127	0.00541	0.99998	0.00176	0.00126	-0.00177	1.00000		-8.30432	59.54007	874.01917	179.75542	2.49691	-2.77452	0.74562	0.99788	0.04859	0.04331	0.04836	-0.99881	0.00637	0.04357	-0.00426	-0.99904		599.89297	7.33527	40.56438	0.82973	-0.38352	2.25261	0.30825	0.99920	0.03920	0.00726	-0.03930	0.99913	0.01421	-0.00669	-0.01448	0.99987	
23	0.22000	-0.26919	2.05972	0.30807	0.10769	0.07511	-0.31314	0.50404	0.99998	-0.00546	-0.00132	0.00547	0.99998	0.00187	0.00131	-0.00188	1.00000		-8.33116	59.63621	874.00602	179.74898	2.49546	-2.78368	0.74875	0.99787	0.04876	0.04328	0.04852	-0.99880	0.00649	0.04354	-0.00438	-0.99904		599.88209	7.73918	40.58780	1.14354	-0.37587	1.77875	0.41025	0.99950	0.03090	0.00718	-0.03104	0.99932	0.01974	-0.00656	-0.01996	0.99978	
24	0.23000	-0.26285	2.05141	0.31762	0.10322	0.07737	-0.30981	0.49875	0.99998	-0.00540	-0.00136	0.00541	0.99998	0.00179	0.00135	-0.00180	1.00000		-8.35876	59.57349	873.99994	179.75446	2.48989	-2.77402	0.74826	0.99789	0.04858	0.04318	0.04835	-0.99881	0.00638	0.04344	-0.00428	-0.99905		599.86731	7.72528	40.60744	1.17314	-0.37194	1.76548	0.41262	0.99950	0.03067	0.00712	-0.03081	0.99932	0.02026	-0.00649	-0.02047	0.99977	
25	0.24000	-0.25833	2.05750	0.27238	0.09847	0.06311	-0.31287	0.50163	0.99998	-0.00546	-0.00111	0.00546	0.99998	0.00171	0.00110	-0.00172	1.00000		-8.14914	59.50555	874.05992	179.75526	2.48927	-2.77727	0.74480	0.99788	0.04864	0.04317	0.04841	-0.99881	0.00637	0.04343	-0.00427	-0.99905		599.86818	7.72187	40.50724	1.15048	-0.34631	1.78161	0.41120	0.99950	0.03096	0.00666	-0.03109	0.99932	0.01988	-0.00604	-0.02008	0.99978	
26	0.25000	-0.27532	2.05581	0.31798	0.11054	0.07874	-0.31200	0.49602	0.99998	-0.00544	-0.00138	0.00545	0.99998	0.00192	0.00137	-0.00193	1.00000		-8.38257	59.68824	873.99973	179.74783	2.50453	-2.77477	0.75146	0.99787	0.04860	0.04343	0.04836	-0.99881	0.00651	0.04370	-0.00440	-0.99904		599.86898	7.73694	40.61658	1.15471	-0.36752	1.77316	0.41347	0.99950	0.03081	0.00703	-0.03094	0.99932	0.01994	-0.00641	-0.02015	0.99978	
27	0.26000	-0.27805	2.06173	0.28897	0.10584	0.06793	-0.31461	0.49727	0.99998	-0.00549	-0.00120	0.00549	0.99998	0.00184	0.00119	-0.00185	1.00000		-8.30770	59.74750	873.94252	179.78102	2.41526	-2.86266	0.74446	0.99786	0.05010	0.04190	0.04990	-0.99874	0.00592	0.04214	-0.00382	-0.99910		599.86850	7.74641	40.53793	1.15673	-0.35105	1.78245	0.41721	0.99950	0.03097	0.00675	-0.03110	0.99932	0.01999	-0.00613	-0.02019	0.99978	
28	0.27000	-0.27668	2.05433	0.29739	0.11183	0.07114	-0.31270	0.49794	0.99998	-0.00545	-0.00125	0.00546	0.99998	0.00194	0.00124	-0.00195	1.00000		-8.31759	59.72755	874.00910	179.75011	2.49457	-2.78402	0.74551	0.99787	0.04876	0.04326	0.04853	-0.99880	0.00647	0.04352	-0.00436	-0.99904		599.87434	7.75249	40.55255	1.16088	-0.37544	1.76889	0.41469	0.99950	0.03073	0.00717	-0.03087	0.99932	0.02005	-0.00655	-0.02026	0.99977	
29	0.28000	-0.26892	2.05064	0.27327	0.09939	0.06223	-0.31068	0.49717	0.99998	-0.00542	-0.00109	0.00542	0.99998	0.00173	0.00109	-0.00173	1.00000		-8.21388	59.53388	874.06404	179.76329	2.50159	-2.77495	0.74788	0.99788	0.04859	0.04340	0.04837	-0.99881	0.00624	0.04365	-0.00413	-0.99904		599.86760	7.72030	40.49307	1.17027	-0.34557	1.77068	0.41434	0.99950	0.03077	0.00666	-0.03090	0.99932	0.02023	-0.00603	-0.02042	0.99977	
30	0.29000	-0.22976	2.07161	-0.07642	0.21577	-0.06020	-0.30427	0.46421	0.99999	-0.00531	0.00103	0.00531	0.99998	0.00377	-0.00105	-0.00377	0.99999		-6.41601	61.30519	874.29425	179.64384	2.38062	-2.76945	0.74288	0.99797	0.04857	0.04119	0.04828	-0.99880	0.00822	0.04154	-0.00621	-0.99912		599.91741	7.71492	39.55024	1.03815	-0.22422	1.75731	0.41161	0.99952	0.03059	0.00447	-0.03067	0.99937	0.01799	-0.00391	-0.01812	0.99983	
31	0.30000	-0.27327	2.05953	0.29045	0.11235	0.07263	-0.31106	0.49775	0.99998	-0.00543	-0.00128	0.00543	0.99998	0.00195	0.00127	-0.00196	1.00000		-8.41614	59.74318	874.00889	179.75015	2.50558	-2.78293	0.73754	0.99787	0.04874	0.04345	0.04851	-0.99880	0.00648	0.04372	-0.00436	-0.99903		599.86662	7.72611	40.58370	1.15971	-0.35371	1.76509	0.41247	0.99951	0.03067	0.00679	-0.03080	0.99932	0.02004	-0.00617	-0.02024	0.99978	
32	0.31000	-0.22089	2.05891	-0.07220	0.21791	-0.05630	-0.29869	0.46305	0.99999	-0.00522	0.00096	0.00521	0.99998	0.00381	-0.00098	-0.00380	0.99999		-6.53783	61.45143	874.24420	179.65678	2.33330	-2.84536	0.74310	0.99794	0.04988	0.04036	0.04960	-0.99874	0.00800	0.04071	-0.00599	-0.99915		599.92012	7.68425	39.58136	1.05872	-0.24555	1.74059	0.41616	0.99953	0.03029	0.00484	-0.03037	0.99937	0.01834	-0.00429	-0.01848	0.99982	
33	0.32000	-0.22357	2.08021	-0.08509	0.22762	-0.06254	-0.30686	0.46466	0.99998	-0.00536	0.00107	0.00536	0.99998	0.00398	-0.00109	-0.00397	0.99999		-6.44446	61.57418	874.22362	179.64795	2.30559	-2.85130	0.74935	0.99795	0.04999	0.03987	0.04970	-0.99873	0.00814	0.04023	-0.00614	-0.99917		599.91633	7.74809	39.53214	1.03601	-0.22051	1.75395	0.41120	0.99952	0.03053	0.00440	-0.03061	0.99937	0.01795	-0.00385	-0.01808	0.99983	
34	0.33000	-0.27297	2.05064	0.29884	0.10076	0.07467	-0.30952	0.49740	0.99998	-0.00540	-0.00131	0.00540	0.99998	0.00175	0.00130	-0.00176	1.00000		-8.38787	59.56498	874.03058	179.76501	2.51592	-2.78272	0.74643	0.99786	0.04873	0.04365	0.04850	-0.99880	0.00623	0.04390	-0.00410	-0.99903		599.87040	7.70675	40.58556	1.16184	-0.37266	1.76467	0.41264	0.99950	0.03066	0.00712	-0.03079	0.99932	0.02007	-0.00650	-0.02028	0.99977	
35	0.34000	-0.27418	2.06021	0.29116	0.09749	0.07054	-0.31347	0.49673	0.99998	-0.00547	-0.00124	0.00547	0.99998	0.00169	0.00123	-0.00170	1.00000		-8.29767	59.50208	874.04192	179.76337	2.49958	-2.77836	0.74545	0.99787	0.04865	0.04336	0.04843	-0.99881	0.00624	0.04361	-0.00413	-0.99904		599.87384	7.74410	40.55565	1.17332	-0.36060	1.76252	0.41181	0.99951	0.03062	0.00692	-0.03076	0.99932	0.02027	-0.00629	-0.02048	0.99977	
36	0.35000	-0.27627	2.03676	0.30146	0.10722	0.07631	-0.30273	0.49679	0.99998	-0.00528	-0.00134	0.00528	0.99998	0.00186	0.00133	-0.00187	1.00000		-8.34333	59.66668	874.00962	179.74959	2.49682	-2.76408	0.75057	0.99789	0.04841	0.04330	0.04818	-0.99882	0.00647	0.04356	-0.00437	-0.99904		600.07043	7.79424	40.52211	1.31990	-0.57235	1.72371	0.42882	0.99950	0.02984	0.01067	-0.03008	0.99929	0.02272	-0.00999	-0.02303	0.99968	
37	0.36000	-0.27436	2.06720	0.29850	0.10297	0.07530	-0.31485	0.49827	0.99998	-0.00549	-0.00132	0.00550	0.99998	0.00179	0.00131	-0.00180	1.00000		-8.32790	59.56817	874.01939	179.76215	2.49618	-2.77929	0.74714	0.99788	0.04867	0.04330	0.04844	-0.99881	0.00626	0.04355	-0.00415	-0.99904		599.87441	7.76436	40.58986	1.17459	-0.37455	1.76287	0.41323	0.99951	0.03062	0.00716	-0.03076	0.99932	0.02029	-0.00654	-0.02050	0.99977	
38	0.37000	-0.26948	2.04642	0.30380	0.09670	0.07798	-0.30700	0.49639	0.99998	-0.00536	-0.00137	0.00536	0.99998	0.00168	0.00136	-0.00169	1.00000		-8.37906	59.51409	874.00288	179.76997	2.48007	-2.78253	0.74415	0.99789	0.04872	0.04303	0.04850	-0.99880	0.00611	0.04327	-0.00401	-0.99906		599.86741	7.68522	40.61896	1.16211	-0.37244	1.76088	0.41680	0.99951	0.03059	0.00712	-0.03073	0.99933	0.02007	-0.00650	-0.02028	0.99977	
39	0.38000	-0.22200	2.06876	-0.08157	0.21994	-0.05881	-0.30017	0.46196	0.99999	-0.00524	0.00101	0.00524	0.99998	0.00384	-0.00103	-0.00384	0.99999		-6.33089	61.35285	874.30020	179.63930	2.36667	-2.76484	0.74741	0.99798	0.04850	0.04094	0.04820	-0.99880	0.00828	0.04129	-0.00629	-0.99913		599.91934	7.68296	39.56390	1.03970	-0.23021	1.75617	0.41410	0.99952	0.03057	0.00457	-0.03065	0.99937	0.01801	-0.00402	-0.01815	0.99983	
40	0.39000	-0.26472	2.05913	0.27977	0.10570	0.06925	-0.31166	0.49735	0.99998	-0.00544	-0.00122	0.00544	0.99998	0.00184	0.00121	-0.00184	1.00000		-8.25926	59.60287	874.03026	179.75735	2.48988	-2.77504	0.74638	0.99788	0.04860	0.04319	0.04837	-0.99881	0.00633	0.04344	-0.00423	-0.99905		599.87470	7.73423	40.55555	1.16655	-0.35958	1.76085	0.41197	0.99951	0.03059	0.00690	-0.03073	0.99932	0.02016	-0.00628	-0.02036	0.99977	
41	0.40000	-0.22034	2.07227	-0.09755	0.21981	-0.06591	-0.30022	0.46087	0.99999	-0.00524	0.00113	0.00524	0.99998	0.00384	-0.00115	-0.00384	0.99999		-6.26344	61.35579	874.31203	179.64127	2.35983	-2.77716	0.74576	0.99798	0.04871	0.04082	0.04841	-0.99879	0.00825	0.04118	-0.00626	-0.99913		599.92130	7.69114	39.49919	1.04885	-0.22631	1.73371	0.41592	0.99953	0.03018	0.00450	-0.03025	0.99938	0.01818	-0.00395	-0.01830	0.99982	
42	0.41000	-0.25382	2.07831	0.39420	0.21485	0.09887	-0.29481	0.45737	0.99999	-0.00514	-0.00174	0.00515	0.99998	0.00374	0.00173	-0.00375	0.99999		-8.76726	61.26260	873.78161	179.65021	2.51878	-2.76357	0.74519	0.99787	0.04848	0.04360	0.04817	-0.99881	0.00822	0.04395	-0.00610	-0.99902		600.02723	7.72569	40.65159	1.20010	-0.58740	1.73484	0.42595	0.99949	0.03005	0.01088	-0.03027	0.99933	0.02062	-0.01025	-0.02094	0.99973	
43	0.42000	-0.23344	2.05494	-0.08465	0.22058	-0.05764	-0.29624	0.45893	0.99999	-0.00517	0.00099	0.00517	0.99998	0.00385	-0.00101	-0.00385	0.99999		-6.41053	61.37802	874.29206	179.64252	2.37266	-2.76773	0.74461	0.99798	0.04854	0.04105	0.04825	-0.99880	0.00823	0.04140	-0.00623	-0.99912		599.94259	7.25313	39.57295	0.69337	-0.25340	2.25527	0.30811	0.99922	0.03930	0.00490	-0.03935	0.99915	0.01192	-0.00442	-0.01210	0.99992	
44	0.43000	-0.22991	2.05881	-0.09111	0.22086	-0.06117	-0.29755	0.46132	0.99999	-0.00520	0.00105	0.00519	0.99998	0.00386	-0.00107	-0.00385	0.99999		-6.38993	61.37311	874.30561	179.63934	2.37046	-2.76657	0.74443	0.99798	0.04853	0.04101	0.04823	-0.99880	0.00828	0.04136	-0.00629	-0.99912		599.92057	7.65864	39.53252	1.04056	-0.23904	1.76582	0.40831	0.99952	0.03073	0.00473	-0.03081	0.99936	0.01802	-0.00417	-0.01816	0.99983	
45	0.44000	-0.26972	2.05565	0.24893	0.10677	0.05885	-0.31079	0.49872	0.99998	-0.00542	-0.00104	0.00542	0.99998	0.00186	0.00103	-0.00186	1.00000		-8.18284	59.63785	874.07913	179.75670	2.50197	-2.78698	0.74192	0.99787	0.04881	0.04340	0.04858	-0.99880	0.00636	0.04365	-0.00424	-0.99904		599.87731	7.73280	40.46287	1.17717	-0.36247	1.76598	0.41624	0.99950	0.03068	0.00696	-0.03082	0.99932	0.02034	-0.00633	-0.02054	0.99977	
46	0.45000	-0.22699	2.08761	-0.10421	0.22864	-0.06747	-0.30872	0.46083	0.99998	-0.00539	0.00116	0.00539	0.99998	0.00400	-0.00118	-0.00399	0.99999		-6.31228	61.47407	874.32283	179.63774	2.37837	-2.78116	0.74488	0.99796	0.04878	0.04114	0.04848	-0.99879	0.00833	0.04150	-0.00632	-0.99912		599.93436	7.75597	39.48652	1.03465	-0.23246	1.75956	0.41527	0.99952	0.03063	0.00461	-0.03071	0.99937	0.01792	-0.00406	-0.01806	0.99983	
47	0.46000	-0.20619	2.10883	0.02850	0.33302	-0.02979	-0.29130	0.42987	0.99999	-0.00509	0.00049	0.00508	0.99997	0.00581	-0.00052	-0.00581	0.99998		-6.93800	63.15041	873.99444	179.54163	2.34505	-2.84015	0.74751	0.99794	0.04988	0.04047	0.04951	-0.99872	0.01002	0.04092	-0.00799	-0.99913		599.87648	7.63775	39.74110	0.93517	-0.25521	1.73309	0.41605	0.99953	0.03017	0.00495	-0.03024	0.99941	0.01618	-0.00445	-0.01632	0.99986	
48	0.47000	-0.25362	2.10024	0.41431	0.21532	0.10631	-0.30132	0.45594	0.99998	-0.00525	-0.00187	0.00526	0.99998	0.00375	0.00186	-0.00376	0.99999		-8.89337	61.26732	873.78485	179.64836	2.54311	-2.78115	0.74337	0.99784	0.04879	0.04402	0.04847	-0.99879	0.00828	0.04437	-0.00613	-0.99900		599.83504	7.65346	40.78509	1.05139	-0.40151	1.75983	0.41704	0.99950	0.03058	0.00757	-0.03071	0.99936	0.01813	-0.00701	-0.01835	0.99981	
49	0.48000	-0.22104	2.07419	-0.09224	0.21621	-0.06117	-0.30269	0.45670	0.99999	-0.00529	0.00105	0.00528	0.99998	0.00378	-0.00107	-0.00377	0.99999		-6.34303	61.32424	874.31165	179.65208	2.37688	-2.78123	0.74802	0.99796	0.04877	0.04113	0.04848	-0.99879	0.00808	0.04147	-0.00607	-0.99912		599.91491	7.68105	39.54243	1.03129	-0.22885	1.76722	0.41624	0.99952	0.03076	0.00455	-0.03084	0.99936	0.01787	-0.00399	-0.01800	0.99983	
50	0.49000	-0.22692	2.07517	-0.08487	0.22098	-0.05830	-0.30352	0.46139	0.99999	-0.00530	0.00100	0.00530	0.99998	0.00386	-0.00102	-0.00386	0.99999		-6.35889	61.39456	874.29493	179.64340	2.37017	-2.77274	0.75049	0.99797	0.04863	0.04101	0.04833	-0.99880	0.00822	0.04136	-0.00622	-0.99913		599.91863	7.69780	39.56419	1.02532	-0.23462	1.75228	0.41456	0.99952	0.03050	0.00464	-0.03058	0.99937	0.01776	-0.00409	-0.01789	0.99983	
51	0.50000	-0.27902	2.05499	0.27793	0.10429	0.07054	-0.30972	0.49141	0.99998	-0.00540	-0.00124	0.00541	0.99998	0.00181	0.00123	-0.00182	1.00000		-8.31995	59.74542	873.95344	179.78854	2.41865	-2.86171	0.74743	0.99786	0.05008	0.04196	0.04988	-0.99874	0.00579	0.04220	-0.00369	-0.99910		599.88326	7.69928	40.55037	1.14444	-0.37846	1.76747	0.41071	0.99950	0.03071	0.00722	-0.03084	0.99933	0.01976	-0.00661	-0.01997	0.99978	
52	0.51000	-0.28179	2.06384	0.28110	0.10666	0.07132	-0.31336	0.49481	0.99998	-0.00547	-0.00125	0.00547	0.99998	0.00185	0.00124	-0.00186	1.00000		-8.27418	59.67764	874.00857	179.77368	2.48322	-2.78773	0.74014	0.99788	0.04881	0.04308	0.04859	-0.99880	0.00605	0.04333	-0.00395	-0.99905		599.88754	7.74131	40.55595	1.15031	-0.37734	1.75891	0.41567	0.99951	0.03056	0.00720	-0.03069	0.99933	0.01986	-0.00659	-0.02007	0.99978	
53	0.52000	-0.27661	2.04135	0.30386	0.09243	0.07967	-0.30637	0.49419	0.99998	-0.00534	-0.00140	0.00535	0.99998	0.00160	0.00139	-0.00161	1.00000		-8.39631	59.44296	874.00804	179.76343	2.49620	-2.77348	0.74152	0.99788	0.04857	0.04330	0.04834	-0.99881	0.00623	0.04355	-0.00413	-0.99904		599.87087	7.68805	40.62745	1.18169	-0.37599	1.75300	0.41570	0.99951	0.03045	0.00719	-0.03059	0.99932	0.02041	-0.00656	-0.02062	0.99977	
54	0.53000	-0.22489	2.06798	-0.11044	0.22061	-0.06912	-0.30245	0.46005	0.99999	-0.00528	0.00119	0.00528	0.99998	0.00386	-0.00121	-0.00385	0.99999		-6.20270	61.38804	874.30725	179.63889	2.35278	-2.77614	0.74390	0.99798	0.04869	0.04070	0.04839	-0.99879	0.00828	0.04105	-0.00630	-0.99914		599.92765	7.71266	39.47401	1.05227	-0.22532	1.74044	0.41176	0.99953	0.03029	0.00449	-0.03037	0.99937	0.01824	-0.00393	-0.01836	0.99982	
55	0.54000	-0.21973	2.08711	-0.08278	0.20910	-0.05839	-0.31021	0.45960	0.99998	-0.00542	0.00100	0.00541	0.99998	0.00365	-0.00102	-0.00365	0.99999		-6.39994	61.17422	874.31050	179.64929	2.37514	-2.77962	0.74646	0.99797	0.04875	0.04110	0.04845	-0.99879	0.00812	0.04144	-0.00612	-0.99912		600.10622	7.87333	39.48030	1.20370	-0.43707	1.74596	0.42945	0.99951	0.03030	0.00826	-0.03047	0.99932	0.02076	-0.00763	-0.02101	0.99975	
56	0.55000	-0.22227	2.07340	-0.12461	0.22930	-0.07334	-0.30203	0.46152	0.99999	-0.00528	0.00126	0.00527	0.99998	0.00401	-0.00128	-0.00400	0.99999		-6.18135	61.49243	874.33151	179.62650	2.36802	-2.77169	0.74482	0.99798	0.04862	0.04095	0.04831	-0.99880	0.00851	0.04132	-0.00651	-0.99912		599.93020	7.71555	39.44246	1.04629	-0.22493	1.73392	0.41263	0.99953	0.03018	0.00448	-0.03026	0.99938	0.01813	-0.00393	-0.01826	0.99983	
57	0.56000	-0.25584	2.11025	0.39820	0.21267	0.10101	-0.30607	0.45532	0.99998	-0.00534	-0.00178	0.00534	0.99998	0.00370	0.00176	-0.00371	0.99999		-8.82799	61.19264	873.80603	179.64941	2.53773	-2.78599	0.74885	0.99784	0.04888	0.04393	0.04856	-0.99879	0.00826	0.04428	-0.00611	-0.99900		599.84140	7.67604	40.74582	1.03940	-0.40358	1.76814	0.41291	0.99950	0.03072	0.00760	-0.03085	0.99936	0.01791	-0.00704	-0.01814	0.99981	
58	0.57000	-0.21108	2.10974	0.01065	0.32702	-0.03808	-0.29340	0.42744	0.99999	-0.00512	0.00064	0.00512	0.99997	0.00571	-0.00066	-0.00571	0.99998		-6.75869	62.92618	874.08523	179.52884	2.40175	-2.76122	0.74039	0.99796	0.04852	0.04146	0.04813	-0.99879	0.01023	0.04191	-0.00822	-0.99909		599.88563	7.64920	39.67359	0.94532	-0.25818	1.72364	0.41401	0.99954	0.03000	0.00500	-0.03008	0.99941	0.01636	-0.00451	-0.01650	0.99985	
59	0.58000	-0.21648	2.11279	0.01236	0.34491	-0.03506	-0.29282	0.42516	0.99999	-0.00511	0.00058	0.00511	0.99997	0.00602	-0.00061	-0.00602	0.99998		-6.80518	63.19714	874.07793	179.51483	2.41158	-2.75768	0.74141	0.99796	0.04847	0.04162	0.04807	-0.99879	0.01048	0.04208	-0.00846	-0.99908		599.88198	7.64583	39.70129	0.92831	-0.26019	1.73759	0.41042	0.99953	0.03024	0.00503	-0.03032	0.99941	0.01606	-0.00454	-0.01620	0.99986	
60	0.59000	-0.22640	2.07029	-0.11074	0.22481	-0.06686	-0.30265	0.45700	0.99999	-0.00529	0.00115	0.00528	0.99998	0.00393	-0.00117	-0.00392	0.99999		-6.30064	61.41850	874.32305	179.63492	2.37165	-2.77246	0.74155	0.99797	0.04863	0.04102	0.04833	-0.99880	0.00837	0.04138	-0.00637	-0.99912		600.11410	7.81346	39.41237	1.17654	-0.43079	1.73720	0.42662	0.99951	0.03015	0.00814	-0.03031	0.99933	0.02030	-0.00752	-0.02053	0.99976	
61	0.60000	-0.21077	2.12411	0.00476	0.34688	-0.03792	-0.29837	0.42470	0.99999	-0.00521	0.00063	0.00521	0.99997	0.00606	-0.00066	-0.00605	0.99998		-6.75652	63.22979	874.05574	179.50902	2.39312	-2.77699	0.74304	0.99795	0.04880	0.04129	0.04841	-0.99877	0.01058	0.04176	-0.00856	-0.99909		599.88448	7.68772	39.66929	0.91790	-0.25647	1.75672	0.40938	0.99952	0.03058	0.00496	-0.03066	0.99940	0.01587	-0.00448	-0.01602	0.99986	
62	0.61000	-0.26780	2.07088	0.22740	0.10617	0.05191	-0.31682	0.49048	0.99998	-0.00553	-0.00092	0.00553	0.99998	0.00185	0.00091	-0.00185	1.00000		-8.04844	59.60368	874.09262	179.75488	2.48824	-2.79083	0.74612	0.99787	0.04887	0.04315	0.04864	-0.99880	0.00639	0.04341	-0.00427	-0.99905		599.88619	7.78223	40.40316	1.16794	-0.35892	1.75389	0.41124	0.99951	0.03047	0.00688	-0.03061	0.99933	0.02018	-0.00626	-0.02038	0.99977	
63	0.62000	-0.22498	2.06999	-0.09515	0.22007	-0.05928	-0.30052	0.45638	0.99999	-0.00525	0.00102	0.00524	0.99998	0.00385	-0.00103	-0.00384	0.99999		-6.37367	61.35836	874.30752	179.64211	2.37282	-2.77103	0.74124	0.99797	0.04860	0.04105	0.04830	-0.99880	0.00824	0.04140	-0.00624	-0.99912		599.92178	7.68416	39.55384	1.04193	-0.23991	1.75270	0.41362	0.99952	0.03050	0.00474	-0.03059	0.99937	0.01805	-0.00419	-0.01818	0.99983	
64	0.63000	-0.21873	2.06294	-0.10249	0.21619	-0.06168	-0.29851	0.45385	0.99999	-0.00521	0.00106	0.00521	0.99998	0.00378	-0.00108	-0.00377	0.99999		-6.31542	61.31833	874.32314	179.65306	2.37150	-2.77484	0.74143	0.99797	0.04866	0.04104	0.04837	-0.99880	0.00805	0.04138	-0.00605	-0.99913		599.91866	7.66149	39.52931	1.04581	-0.24515	1.75018	0.41561	0.99952	0.03046	0.00483	-0.03054	0.99937	0.01811	-0.00428	-0.01825	0.99982	
65	0.64000	-0.22324	2.07294	-0.10724	0.22350	-0.06526	-0.30192	0.45618	0.99999	-0.00527	0.00112	0.00527	0.99998	0.00391	-0.00114	-0.00390	0.99999		-6.24555	61.43667	874.31490	179.64159	2.36742	-2.78238	0.74818	0.99797	0.04880	0.04095	0.04850	-0.99879	0.00825	0.04131	-0.00625	-0.99913		600.11914	7.81390	39.42371	1.18182	-0.42597	1.72506	0.43013	0.99952	0.02994	0.00805	-0.03010	0.99934	0.02039	-0.00743	-0.02062	0.99976	
66	0.65000	-0.22669	2.07807	-0.09504	0.21362	-0.06119	-0.30506	0.45880	0.99999	-0.00533	0.00105	0.00532	0.99998	0.00373	-0.00107	-0.00373	0.99999		-6.30246	61.27534	874.31418	179.64914	2.37125	-2.77606	0.74717	0.99797	0.04868	0.04103	0.04839	-0.99880	0.00812	0.04137	-0.00612	-0.99912		599.92913	7.72130	39.53327	1.05734	-0.24302	1.75145	0.41299	0.99952	0.03048	0.00480	-0.03056	0.99937	0.01831	-0.00424	-0.01845	0.99982	
67	0.66000	-0.20786	2.11484	-0.00395	0.33986	-0.04115	-0.29327	0.42490	0.99999	-0.00512	0.00069	0.00512	0.99997	0.00593	-0.00072	-0.00593	0.99998		-6.62742	63.16439	874.07838	179.52553	2.38720	-2.76101	0.75180	0.99797	0.04851	0.04120	0.04813	-0.99879	0.01028	0.04165	-0.00827	-0.99910		599.89026	7.65668	39.63380	0.93305	-0.27110	1.72589	0.41436	0.99954	0.03004	0.00522	-0.03012	0.99942	0.01613	-0.00473	-0.01628	0.99986	
68	0.67000	-0.22881	2.08352	-0.11934	0.22045	-0.06789	-0.30719	0.45639	0.99998	-0.00537	0.00116	0.00536	0.99998	0.00385	-0.00118	-0.00385	0.99999		-6.22191	61.37826	874.32267	179.63986	2.36013	-2.78166	0.74727	0.99797	0.04879	0.04083	0.04849	-0.99879	0.00828	0.04118	-0.00628	-0.99913		600.12876	7.89009	39.40040	1.22275	-0.44027	1.70305	0.42488	0.99953	0.02955	0.00831	-0.02972	0.99934	0.02110	-0.00768	-0.02134	0.99974	
69	0.68000	-0.22244	2.08395	-0.14921	0.24102	-0.08156	-0.30375	0.45645	0.99998	-0.00531	0.00140	0.00530	0.99998	0.00421	-0.00142	-0.00421	0.99999		-6.04242	61.68452	874.33345	179.61832	2.35050	-2.77495	0.74753	0.99799	0.04868	0.04064	0.04837	-0.99879	0.00864	0.04101	-0.00666	-0.99914		599.94113	7.73117	39.36596	1.03450	-0.22931	1.73581	0.41423	0.99953	0.03021	0.00455	-0.03029	0.99938	0.01792	-0.00400	-0.01805	0.99983	
70	0.69000	-0.22123	2.06853	-0.11743	0.22703	-0.06914	-0.29868	0.45429	0.99999	-0.00522	0.00119	0.00521	0.99998	0.00397	-0.00121	-0.00396	0.99999		-6.25210	61.48268	874.32821	179.63196	2.37142	-2.77121	0.73988	0.99798	0.04861	0.04102	0.04831	-0.99880	0.00842	0.04138	-0.00642	-0.99912		599.92612	7.68440	39.47856	1.05539	-0.23194	1.73199	0.41646	0.99953	0.03014	0.00460	-0.03022	0.99938	0.01829	-0.00405	-0.01842	0.99982	
71	0.70000	-0.20404	2.11139	0.01588	0.32235	-0.03445	-0.29412	0.42662	0.99999	-0.00514	0.00057	0.00513	0.99997	0.00563	-0.00060	-0.00563	0.99998		-6.81945	62.88419	874.07777	179.52844	2.39853	-2.76882	0.74280	0.99796	0.04865	0.04140	0.04826	-0.99878	0.01024	0.04185	-0.00822	-0.99909		599.88246	7.66017	39.69399	0.95763	-0.26406	1.71957	0.41092	0.99954	0.02993	0.00511	-0.03001	0.99941	0.01657	-0.00461	-0.01671	0.99985	
72	0.71000	-0.20935	2.12966	0.00040	0.33485	-0.03767	-0.29865	0.42698	0.99999	-0.00522	0.00063	0.00521	0.99997	0.00585	-0.00066	-0.00584	0.99998		-6.79446	63.08268	874.06839	179.54076	2.39352	-2.77689	0.74022	0.99795	0.04878	0.04132	0.04840	-0.99878	0.01003	0.04176	-0.00801	-0.99910		599.89880	7.28420	39.69521	0.58444	-0.26196	2.23899	0.30192	0.99923	0.03902	0.00497	-0.03907	0.99919	0.01001	-0.00457	-0.01020	0.99994	
73	0.72000	-0.22685	2.07636	-0.12494	0.23492	-0.06992	-0.30189	0.45338	0.99999	-0.00527	0.00120	0.00527	0.99998	0.00411	-0.00122	-0.00410	0.99999		-6.25966	61.58712	874.32692	179.63623	2.37581	-2.77428	0.74808	0.99797	0.04866	0.04110	0.04836	-0.99880	0.00835	0.04145	-0.00634	-0.99912		599.92994	7.71085	39.46776	1.03276	-0.23938	1.74289	0.40944	0.99953	0.03033	0.00472	-0.03041	0.99938	0.01789	-0.00418	-0.01802	0.99983	
74	0.73000	-0.21291	2.12583	-0.00936	0.33965	-0.04161	-0.29737	0.42543	0.99999	-0.00519	0.00070	0.00519	0.99997	0.00593	-0.00073	-0.00593	0.99998		-6.70569	63.11317	874.08536	179.52132	2.39415	-2.76523	0.74744	0.99796	0.04859	0.04132	0.04820	-0.99878	0.01036	0.04177	-0.00835	-0.99909		599.88419	7.68257	39.65773	0.92489	-0.25110	1.74190	0.41491	0.99953	0.03032	0.00487	-0.03040	0.99941	0.01600	-0.00438	-0.01614	0.99986	
75	0.74000	-0.23361	2.08074	-0.12013	0.22638	-0.07040	-0.30576	0.45292	0.99998	-0.00534	0.00121	0.00534	0.99998	0.00396	-0.00123	-0.00395	0.99999		-6.22833	61.43608	874.32758	179.63435	2.36553	-2.77231	0.74439	0.99798	0.04863	0.04092	0.04833	-0.99880	0.00837	0.04127	-0.00638	-0.99913		599.92793	7.74840	39.46864	1.05483	-0.22917	1.72838	0.41270	0.99954	0.03008	0.00455	-0.03016	0.99938	0.01828	-0.00400	-0.01841	0.99982	
76	0.75000	-0.25771	2.10379	0.35778	0.20675	0.08882	-0.30477	0.45722	0.99998	-0.00531	-0.00157	0.00532	0.99998	0.00360	0.00155	-0.00361	0.99999		-8.61255	61.11826	873.83471	179.65880	2.51269	-2.78621	0.74847	0.99786	0.04887	0.04350	0.04856	-0.99879	0.00808	0.04384	-0.00595	-0.99902		599.84260	7.69692	40.64935	1.07551	-0.39881	1.74369	0.41135	0.99951	0.03029	0.00753	-0.03043	0.99936	0.01855	-0.00696	-0.01877	0.99980	
77	0.76000	-0.22840	2.07576	-0.10092	0.22612	-0.06121	-0.30174	0.45536	0.99999	-0.00527	0.00105	0.00527	0.99998	0.00395	-0.00107	-0.00395	0.99999		-6.32713	61.43929	874.31529	179.64009	2.37787	-2.77018	0.74841	0.99797	0.04859	0.04114	0.04829	-0.99880	0.00828	0.04149	-0.00628	-0.99912		600.10950	7.82647	39.45907	1.20430	-0.42944	1.71853	0.42721	0.99952	0.02983	0.00812	-0.02999	0.99933	0.02078	-0.00749	-0.02102	0.99975	
78	0.77000	-0.22659	2.07750	-0.10479	0.21450	-0.06375	-0.30461	0.45566	0.99999	-0.00532	0.00109	0.00532	0.99998	0.00375	-0.00111	-0.00374	0.99999		-6.28351	61.25137	874.32240	179.65140	2.36604	-2.77055	0.74817	0.99798	0.04859	0.04094	0.04830	-0.99880	0.00807	0.04128	-0.00608	-0.99913		599.92678	7.72730	39.51040	1.05253	-0.24066	1.74406	0.40937	0.99953	0.03035	0.00476	-0.03043	0.99937	0.01823	-0.00420	-0.01837	0.99982	
79	0.78000	-0.22043	2.08503	-0.12316	0.22527	-0.06939	-0.30470	0.45173	0.99998	-0.00532	0.00119	0.00532	0.99998	0.00394	-0.00121	-0.00393	0.99999		-6.19989	61.43003	874.32444	179.64214	2.35749	-2.78443	0.74533	0.99797	0.04883	0.04078	0.04854	-0.99879	0.00824	0.04113	-0.00624	-0.99913		599.92690	7.73339	39.47990	1.04801	-0.22186	1.73424	0.41490	0.99953	0.03019	0.00442	-0.03026	0.99938	0.01816	-0.00387	-0.01829	0.99983	
80	0.79000	-0.21714	2.06226	-0.11737	0.21415	-0.06935	-0.29754	0.45546	0.99999	-0.00520	0.00119	0.00519	0.99998	0.00374	-0.00121	-0.00374	0.99999		-6.19171	61.27529	874.33724	179.65321	2.36258	-2.76234	0.75329	0.99799	0.04844	0.04088	0.04815	-0.99881	0.00803	0.04122	-0.00605	-0.99913		599.91925	7.65553	39.46818	1.03664	-0.22168	1.74502	0.41181	0.99953	0.03038	0.00442	-0.03045	0.99937	0.01797	-0.00387	-0.01809	0.99983	
81	0.80000	-0.22127	2.07632	-0.10923	0.21209	-0.06483	-0.30247	0.45622	0.99999	-0.00528	0.00111	0.00528	0.99998	0.00371	-0.00113	-0.00370	0.99999		-6.26654	61.22348	874.32979	179.65027	2.36720	-2.76903	0.74844	0.99798	0.04856	0.04096	0.04827	-0.99880	0.00809	0.04130	-0.00610	-0.99913		599.92833	7.70264	39.50528	1.05201	-0.23579	1.74577	0.41908	0.99953	0.03038	0.00467	-0.03046	0.99937	0.01823	-0.00412	-0.01836	0.99982	
82	0.81000	-0.22615	2.06717	-0.11461	0.21101	-0.06667	-0.29979	0.45283	0.99999	-0.00524	0.00114	0.00523	0.99998	0.00369	-0.00116	-0.00368	0.99999		-6.25518	61.23675	874.31032	179.65504	2.35094	-2.76474	0.74771	0.99800	0.04848	0.04068	0.04819	-0.99881	0.00799	0.04102	-0.00602	-0.99914		599.92468	7.66468	39.49340	1.04405	-0.22629	1.75592	0.41193	0.99952	0.03056	0.00451	-0.03064	0.99937	0.01809	-0.00395	-0.01822	0.99983	
83	0.82000	-0.22851	2.07274	-0.11719	0.21551	-0.06834	-0.30458	0.45435	0.99998	-0.00532	0.00117	0.00532	0.99998	0.00377	-0.00119	-0.00376	0.99999		-6.24030	61.28276	874.32045	179.64149	2.35659	-2.76760	0.75141	0.99799	0.04854	0.04077	0.04824	-0.99880	0.00824	0.04112	-0.00625	-0.99913		599.92705	7.73269	39.47850	1.04448	-0.23277	1.74509	0.41546	0.99953	0.03037	0.00462	-0.03045	0.99937	0.01810	-0.00406	-0.01823	0.99983	
84	0.83000	-0.23169	2.07407	-0.11023	0.21811	-0.06485	-0.30184	0.45459	0.99999	-0.00527	0.00111	0.00527	0.99998	0.00381	-0.00113	-0.00381	0.99999		-6.30102	61.34107	874.32279	179.64719	2.37023	-2.77594	0.74727	0.99797	0.04868	0.04101	0.04839	-0.99880	0.00815	0.04136	-0.00615	-0.99913		599.92678	7.67493	39.51921	1.02421	-0.22903	1.76850	0.41470	0.99952	0.03078	0.00455	-0.03086	0.99937	0.01774	-0.00400	-0.01787	0.99983	
85	0.84000	-0.22836	2.06779	-0.11415	0.21553	-0.06466	-0.30278	0.45796	0.99999	-0.00529	0.00111	0.00528	0.99998	0.00377	-0.00113	-0.00376	0.99999		-6.32821	61.31432	874.32577	179.64973	2.37318	-2.78633	0.74958	0.99796	0.04886	0.04106	0.04857	-0.99879	0.00812	0.04141	-0.00611	-0.99912		599.92533	7.71962	39.52095	1.05926	-0.23481	1.73863	0.41407	0.99953	0.03026	0.00466	-0.03034	0.99937	0.01835	-0.00410	-0.01849	0.99982	
86	0.85000	-0.22616	2.06224	-0.12992	0.22821	-0.07195	-0.29696	0.45687	0.99999	-0.00519	0.00124	0.00518	0.99998	0.00399	-0.00126	-0.00398	0.99999		-6.21816	61.51026	874.34126	179.64055	2.37490	-2.77356	0.74731	0.99797	0.04865	0.04109	0.04835	-0.99880	0.00827	0.04144	-0.00627	-0.99912		600.13365	7.80599	39.36213	1.20724	-0.44016	1.70299	0.43208	0.99953	0.02955	0.00830	-0.02972	0.99934	0.02083	-0.00768	-0.02107	0.99975	
87	0.86000	-0.22673	2.06715	-0.10708	0.20801	-0.06408	-0.30125	0.45328	0.99999	-0.00526	0.00110	0.00526	0.99998	0.00364	-0.00112	-0.00363	0.99999		-6.34658	61.18722	874.33915	179.65370	2.38136	-2.77148	0.74431	0.99797	0.04860	0.04121	0.04831	-0.99880	0.00805	0.04155	-0.00604	-0.99912		599.93760	7.71904	39.51284	1.07198	-0.23826	1.72012	0.41127	0.99954	0.02993	0.00472	-0.03002	0.99938	0.01858	-0.00416	-0.01871	0.99982	
88	0.87000	-0.22749	2.07540	-0.09990	0.20533	-0.06266	-0.30523	0.45183	0.99998	-0.00533	0.00108	0.00533	0.99998	0.00359	-0.00109	-0.00358	0.99999		-6.36648	61.15954	874.32505	179.66281	2.37418	-2.79255	0.74308	0.99796	0.04896	0.04109	0.04868	-0.99878	0.00790	0.04143	-0.00588	-0.99912		599.93382	7.71289	39.52603	1.04437	-0.24024	1.75521	0.41031	0.99952	0.03055	0.00475	-0.03063	0.99937	0.01809	-0.00419	-0.01823	0.99983	
89	0.88000	-0.22108	2.07535	-0.13338	0.22072	-0.07356	-0.30189	0.45524	0.99999	-0.00527	0.00126	0.00527	0.99998	0.00386	-0.00128	-0.00385	0.99999		-6.18813	61.37264	874.33378	179.63693	2.35683	-2.77365	0.74423	0.99798	0.04865	0.04077	0.04835	-0.99880	0.00832	0.04112	-0.00633	-0.99913		599.93239	7.69890	39.43974	1.04597	-0.23003	1.73770	0.41022	0.99953	0.03025	0.00457	-0.03032	0.99938	0.01812	-0.00401	-0.01825	0.99983	
90	0.89000	-0.22329	2.08160	-0.12709	0.20845	-0.07191	-0.30663	0.45311	0.99998	-0.00536	0.00124	0.00535	0.99998	0.00364	-0.00126	-0.00364	0.99999		-6.19742	61.17744	874.34175	179.64299	2.35639	-2.77731	0.74851	0.99798	0.04871	0.04076	0.04841	-0.99879	0.00822	0.04112	-0.00623	-0.99914		599.94082	7.73698	39.44587	1.05828	-0.24415	1.74585	0.40934	0.99953	0.03038	0.00482	-0.03047	0.99937	0.01833	-0.00426	-0.01847	0.99982	
91	0.90000	-0.22589	2.07126	-0.11307	0.21972	-0.06543	-0.30172	0.45263	0.99999	-0.00527	0.00112	0.00527	0.99998	0.00384	-0.00114	-0.00383	0.99999		-6.28351	61.39165	874.30300	179.65576	2.35058	-2.77656	0.73790	0.99799	0.04869	0.04067	0.04840	-0.99880	0.00799	0.04101	-0.00600	-0.99914		599.92752	7.70071	39.50794	1.04972	-0.23193	1.73898	0.41429	0.99953	0.03027	0.00460	-0.03035	0.99937	0.01819	-0.00405	-0.01832	0.99982	
92	0.91000	-0.22578	2.06767	-0.13453	0.22142	-0.07561	-0.29969	0.45401	0.99999	-0.00524	0.00130	0.00523	0.99998	0.00387	-0.00132	-0.00386	0.99999		-6.09614	61.40036	874.34047	179.64503	2.35115	-2.77684	0.74715	0.99798	0.04870	0.04067	0.04841	-0.99879	0.00818	0.04102	-0.00619	-0.99914		599.92698	7.66582	39.42364	1.03281	-0.22008	1.75626	0.41729	0.99952	0.03057	0.00439	-0.03065	0.99937	0.01790	-0.00384	-0.01802	0.99983	
93	0.92000	-0.22320	2.06609	-0.11014	0.21568	-0.06519	-0.29968	0.45496	0.99999	-0.00523	0.00112	0.00523	0.99998	0.00377	-0.00114	-0.00376	0.99999		-6.25392	61.30496	874.31474	179.63879	2.36002	-2.77137	0.74757	0.99798	0.04861	0.04082	0.04831	-0.99880	0.00829	0.04118	-0.00630	-0.99913		599.91975	7.67695	39.50455	1.03833	-0.23256	1.74448	0.41664	0.99953	0.03036	0.00461	-0.03044	0.99937	0.01799	-0.00406	-0.01812	0.99983	
94	0.93000	-0.22328	2.06318	-0.13548	0.21950	-0.07346	-0.29719	0.45362	0.99999	-0.00519	0.00126	0.00519	0.99998	0.00384	-0.00128	-0.00383	0.99999		-6.12149	61.38221	874.35494	179.64879	2.36304	-2.78355	0.74630	0.99797	0.04881	0.04088	0.04852	-0.99879	0.00812	0.04123	-0.00612	-0.99913		599.93426	7.64520	39.44043	1.03461	-0.22950	1.75356	0.41129	0.99952	0.03052	0.00456	-0.03060	0.99937	0.01793	-0.00401	-0.01806	0.99983	
