1	0.00000	-0.28515	1.95623	1.69018	-0.52567	0.47168	-0.32555	0.58485	0.99995	-0.00576	-0.00818	0.00568	0.99994	-0.00922	0.00823	0.00917	0.99992		-14.51653	49.72709	873.40125	-179.60426	2.92470	-2.51874	0.61272	0.99773	0.04359	0.05128	0.04389	-0.99903	-0.00466	0.05102	0.00690	-0.99867		599.85020	7.38826	43.28621	1.60772	-1.02091	1.86958	0.37135	0.99931	0.03211	0.01872	-0.03262	0.99909	0.02746	-0.01782	-0.02805	0.99945	
2	0.01000	-0.19181	2.02357	0.87980	-0.26714	0.18414	-0.32325	0.50339	0.99998	-0.00566	-0.00319	0.00564	0.99997	-0.00468	0.00321	0.00466	0.99998		-10.37116	53.66336	873.96798	-179.82814	2.58827	-2.51970	0.60472	0.99801	0.04383	0.04525	0.04392	-0.99903	-0.00101	0.04516	0.00300	-0.99898		599.95536	7.46280	41.05898	1.34344	-0.74366	1.85627	0.37154	0.99939	0.03208	0.01373	-0.03239	0.99921	0.02301	-0.01298	-0.02344	0.99964	
3	0.02000	-0.19016	2.03764	0.83849	-0.25547	0.16792	-0.32876	0.50112	0.99998	-0.00575	-0.00290	0.00574	0.99997	-0.00448	0.00293	0.00446	0.99999		-10.05842	54.13921	874.05502	-179.75432	2.61119	-2.81191	0.72850	0.99776	0.04886	0.04571	0.04901	-0.99880	-0.00205	0.04556	0.00428	-0.99895		599.94664	7.51097	40.94220	1.33895	-0.71249	1.86602	0.36748	0.99939	0.03226	0.01319	-0.03256	0.99921	0.02295	-0.01243	-0.02337	0.99965	
4	0.03000	-0.15999	2.07901	0.26851	-0.10722	-0.03734	-0.34010	0.72409	0.99998	-0.00593	0.00066	0.00594	0.99998	-0.00187	-0.00065	0.00187	1.00000		-6.97874	56.21183	874.51313	-179.95831	2.46788	-2.77201	0.71328	0.99790	0.04833	0.04304	0.04832	-0.99883	0.00136	0.04306	0.00073	-0.99907		599.99078	7.84416	39.52399	1.34728	-0.17784	1.80507	0.37141	0.99950	0.03142	0.00384	-0.03150	0.99923	0.02340	-0.00310	-0.02351	0.99972	
5	0.04000	-0.15669	2.07169	0.27864	-0.12332	-0.03126	-0.34096	0.72297	0.99998	-0.00595	0.00056	0.00595	0.99998	-0.00215	-0.00055	0.00215	1.00000		-7.10058	55.98265	874.51488	-179.95198	2.48184	-2.76597	0.71415	0.99790	0.04822	0.04329	0.04821	-0.99884	0.00125	0.04330	0.00084	-0.99906		599.99755	7.85863	39.57243	1.37020	-0.19409	1.80438	0.37338	0.99950	0.03140	0.00414	-0.03149	0.99922	0.02379	-0.00339	-0.02391	0.99971	
6	0.05000	0.01150	2.60772	0.35965	0.51231	-0.84812	-0.54812	0.70114	0.99984	-0.00970	0.01472	0.00957	0.99991	0.00908	-0.01480	-0.00894	0.99985		4.60399	65.08738	873.97471	179.46895	1.61061	-2.82451	0.63962	0.99839	0.04954	0.02761	0.04926	-0.99873	0.01064	0.02811	-0.00926	-0.99956		600.24924	9.75049	31.48531	0.45122	0.69688	2.26310	0.36473	0.99915	0.03958	-0.01184	-0.03949	0.99919	0.00835	0.01216	-0.00787	0.99990	
7	0.06000	-0.24975	2.10141	0.24721	0.18610	-0.02801	-0.32790	0.58089	0.99998	-0.00572	0.00047	0.00572	0.99998	0.00325	-0.00049	-0.00325	0.99999		-7.15678	60.77722	874.03873	179.67601	2.43030	-2.77274	0.72921	0.99793	0.04861	0.04208	0.04833	-0.99880	0.00770	0.04240	-0.00565	-0.99908		599.95156	7.75488	39.82767	0.96920	-0.23588	2.02217	0.43750	0.99937	0.03521	0.00471	-0.03529	0.99924	0.01676	-0.00412	-0.01691	0.99985	
8	0.07000	-0.24536	2.08112	0.23316	0.20095	-0.01736	-0.31680	0.56622	0.99998	-0.00553	0.00028	0.00553	0.99998	0.00351	-0.00030	-0.00351	0.99999		-7.26131	61.09106	874.01134	179.65916	2.42594	-2.77033	0.73375	0.99794	0.04858	0.04199	0.04829	-0.99880	0.00799	0.04233	-0.00594	-0.99909		599.92304	7.78758	39.79862	1.01807	-0.24888	1.84067	0.40589	0.99947	0.03204	0.00491	-0.03212	0.99933	0.01762	-0.00434	-0.01777	0.99983	
9	0.08000	-0.28065	2.03676	0.40496	0.08681	0.08459	-0.31400	0.52436	0.99998	-0.00548	-0.00148	0.00548	0.99998	0.00151	0.00148	-0.00152	1.00000		-8.68936	59.40706	873.96114	179.76332	2.54035	-2.76657	0.74646	0.99785	0.04845	0.04407	0.04822	-0.99882	0.00627	0.04432	-0.00413	-0.99901		599.87922	7.72059	40.68544	1.13793	-0.35626	1.83642	0.40492	0.99947	0.03192	0.00685	-0.03205	0.99929	0.01965	-0.00622	-0.01986	0.99978	
10	0.09000	-0.28241	2.04563	0.38686	0.08905	0.08394	-0.31610	0.52013	0.99998	-0.00551	-0.00147	0.00552	0.99998	0.00155	0.00147	-0.00155	1.00000		-8.66253	59.56577	873.91248	179.77477	2.47051	-2.83914	0.75296	0.99784	0.04970	0.04286	0.04949	-0.99876	0.00606	0.04311	-0.00393	-0.99906		599.87873	7.72151	40.67951	1.11656	-0.35680	1.84731	0.40972	0.99946	0.03211	0.00685	-0.03224	0.99929	0.01928	-0.00623	-0.01949	0.99979	
11	0.10000	-0.28776	2.03435	0.35011	0.09042	0.07695	-0.31093	0.52059	0.99998	-0.00542	-0.00135	0.00543	0.99998	0.00157	0.00134	-0.00158	1.00000		-8.44863	59.53064	873.99760	179.75739	2.51489	-2.76335	0.75386	0.99788	0.04840	0.04362	0.04816	-0.99882	0.00635	0.04388	-0.00423	-0.99903		599.88684	7.70171	40.63205	1.14315	-0.35681	1.80939	0.40354	0.99948	0.03144	0.00685	-0.03157	0.99931	0.01974	-0.00623	-0.01995	0.99978	
12	0.11000	-0.29099	2.05395	0.35543	0.08393	0.08117	-0.31773	0.51327	0.99998	-0.00554	-0.00142	0.00555	0.99998	0.00146	0.00142	-0.00146	1.00000		-8.49593	59.40274	873.98793	179.76007	2.51539	-2.76722	0.75423	0.99787	0.04846	0.04363	0.04823	-0.99882	0.00630	0.04389	-0.00418	-0.99903		599.87944	7.73712	40.66759	1.14266	-0.35970	1.83405	0.40229	0.99947	0.03187	0.00691	-0.03200	0.99929	0.01973	-0.00628	-0.01994	0.99978	
13	0.12000	-0.29056	2.04717	0.34081	0.08777	0.08039	-0.31287	0.50621	0.99998	-0.00546	-0.00141	0.00546	0.99998	0.00152	0.00140	-0.00153	1.00000		-8.49657	59.46967	873.99456	179.75491	2.50835	-2.78075	0.74962	0.99787	0.04870	0.04351	0.04847	-0.99880	0.00640	0.04376	-0.00427	-0.99903		599.88888	7.71267	40.66495	1.15085	-0.36129	1.80786	0.40877	0.99948	0.03141	0.00693	-0.03155	0.99930	0.01988	-0.00631	-0.02008	0.99978	
14	0.13000	-0.28837	2.05531	0.34748	0.09608	0.08123	-0.31637	0.50487	0.99998	-0.00552	-0.00143	0.00552	0.99998	0.00167	0.00142	-0.00168	1.00000		-8.54929	59.55046	873.99594	179.75388	2.53166	-2.77254	0.74929	0.99785	0.04856	0.04391	0.04832	-0.99881	0.00643	0.04417	-0.00429	-0.99901		599.88985	7.74912	40.65179	1.13976	-0.36699	1.81016	0.41005	0.99948	0.03145	0.00703	-0.03159	0.99931	0.01968	-0.00641	-0.01989	0.99978	
15	0.14000	-0.28442	2.04721	0.34328	0.09136	0.08220	-0.31362	0.50721	0.99998	-0.00547	-0.00144	0.00547	0.99998	0.00159	0.00143	-0.00159	1.00000		-8.62295	59.45569	874.00623	179.76575	2.53942	-2.77475	0.75024	0.99785	0.04859	0.04406	0.04836	-0.99881	0.00623	0.04431	-0.00408	-0.99901		600.01103	7.81309	40.61697	1.26303	-0.49482	1.85063	0.39820	0.99944	0.03210	0.00934	-0.03229	0.99924	0.02175	-0.00864	-0.02204	0.99972	
16	0.15000	-0.28325	2.04016	0.34325	0.09870	0.08384	-0.31141	0.50296	0.99998	-0.00543	-0.00147	0.00544	0.99998	0.00171	0.00146	-0.00172	1.00000		-8.71338	59.53848	873.98820	179.75670	2.54223	-2.78208	0.75074	0.99784	0.04872	0.04410	0.04849	-0.99880	0.00639	0.04436	-0.00424	-0.99901		599.87924	7.71854	40.67982	1.14759	-0.37543	1.81084	0.40780	0.99948	0.03146	0.00718	-0.03160	0.99930	0.01981	-0.00655	-0.02003	0.99978	
17	0.16000	-0.29490	2.04259	0.34900	0.09376	0.08793	-0.31000	0.50276	0.99998	-0.00541	-0.00154	0.00541	0.99998	0.00163	0.00153	-0.00164	1.00000		-8.81038	59.42588	874.00076	179.76965	2.55723	-2.78537	0.74996	0.99782	0.04877	0.04437	0.04855	-0.99880	0.00618	0.04462	-0.00402	-0.99900		599.88260	7.70247	40.71535	1.15146	-0.37219	1.79237	0.41023	0.99949	0.03114	0.00712	-0.03128	0.99931	0.01988	-0.00650	-0.02009	0.99978	
18	0.17000	-0.29971	2.04130	0.31337	0.10352	0.07357	-0.31269	0.50400	0.99998	-0.00545	-0.00129	0.00546	0.99998	0.00180	0.00128	-0.00181	1.00000		-8.62440	59.53663	874.03289	179.76596	2.54755	-2.78279	0.74705	0.99783	0.04873	0.04420	0.04850	-0.99880	0.00624	0.04445	-0.00408	-0.99900		599.88736	7.73332	40.59877	1.14937	-0.36128	1.79444	0.41180	0.99949	0.03118	0.00693	-0.03131	0.99931	0.01985	-0.00631	-0.02006	0.99978	
19	0.18000	-0.30164	2.04530	0.30964	0.10422	0.07372	-0.31475	0.50167	0.99998	-0.00549	-0.00130	0.00549	0.99998	0.00181	0.00129	-0.00182	1.00000		-8.63910	59.51123	874.04005	179.76376	2.54934	-2.78422	0.74673	0.99783	0.04876	0.04423	0.04853	-0.99880	0.00628	0.04448	-0.00412	-0.99900		599.88248	7.75693	40.60242	1.14518	-0.36072	1.78732	0.41111	0.99949	0.03106	0.00691	-0.03119	0.99932	0.01978	-0.00630	-0.01999	0.99978	
20	0.19000	-0.30714	2.03006	0.33830	0.09346	0.08601	-0.30882	0.49964	0.99998	-0.00539	-0.00151	0.00539	0.99998	0.00162	0.00150	-0.00163	1.00000		-8.80235	59.34759	874.01578	179.76480	2.55586	-2.77583	0.74527	0.99783	0.04861	0.04434	0.04838	-0.99881	0.00626	0.04459	-0.00410	-0.99900		599.88048	7.71690	40.69570	1.16957	-0.37421	1.77323	0.41495	0.99950	0.03080	0.00716	-0.03094	0.99932	0.02020	-0.00653	-0.02041	0.99977	
21	0.20000	-0.30241	2.03462	0.35074	0.09427	0.09059	-0.30829	0.50222	0.99998	-0.00538	-0.00159	0.00538	0.99998	0.00164	0.00158	-0.00165	1.00000		-8.85836	59.37560	873.97392	179.78362	2.54407	-2.77704	0.74106	0.99784	0.04862	0.04415	0.04840	-0.99881	0.00592	0.04439	-0.00377	-0.99901		599.88048	7.70415	40.72646	1.16383	-0.38173	1.76882	0.41441	0.99950	0.03073	0.00728	-0.03087	0.99932	0.02010	-0.00666	-0.02031	0.99977	
22	0.21000	-0.29756	2.04304	0.34268	0.09166	0.08917	-0.31258	0.49918	0.99998	-0.00545	-0.00156	0.00546	0.99998	0.00159	0.00156	-0.00160	1.00000		-8.84076	59.41786	873.94251	179.79924	2.48572	-2.84852	0.75321	0.99782	0.04985	0.04314	0.04965	-0.99875	0.00565	0.04337	-0.00350	-0.99905		599.87847	7.75293	40.72846	1.17896	-0.36740	1.76599	0.41118	0.99950	0.03068	0.00704	-0.03082	0.99932	0.02037	-0.00641	-0.02057	0.99977	
23	0.22000	-0.29305	2.03961	0.33514	0.09047	0.08689	-0.30833	0.50158	0.99998	-0.00538	-0.00152	0.00538	0.99998	0.00157	0.00152	-0.00158	1.00000		-8.70190	59.33016	874.01998	179.77078	2.54679	-2.77304	0.74873	0.99784	0.04856	0.04419	0.04833	-0.99881	0.00615	0.04444	-0.00400	-0.99900		599.87718	7.68741	40.70825	1.15383	-0.36088	1.78535	0.40994	0.99949	0.03102	0.00692	-0.03115	0.99932	0.01993	-0.00630	-0.02014	0.99978	
24	0.23000	-0.28920	2.05577	0.32853	0.10037	0.08514	-0.31547	0.49843	0.99998	-0.00550	-0.00150	0.00551	0.99998	0.00174	0.00149	-0.00175	1.00000		-8.63580	59.49921	873.99520	179.76660	2.52949	-2.78061	0.75533	0.99785	0.04869	0.04388	0.04846	-0.99881	0.00621	0.04413	-0.00407	-0.99902		599.87789	7.78188	40.69207	1.16531	-0.36658	1.76571	0.40993	0.99950	0.03068	0.00702	-0.03081	0.99932	0.02013	-0.00640	-0.02034	0.99977	
25	0.24000	-0.29197	2.03893	0.32795	0.08820	0.08593	-0.30925	0.49990	0.99998	-0.00539	-0.00151	0.00540	0.99998	0.00153	0.00150	-0.00154	1.00000		-8.59507	59.37339	873.99699	179.76967	2.52385	-2.78042	0.74912	0.99785	0.04868	0.04379	0.04846	-0.99881	0.00615	0.04404	-0.00402	-0.99902		599.88444	7.71311	40.68796	1.17264	-0.38258	1.77245	0.41462	0.99950	0.03079	0.00731	-0.03093	0.99932	0.02025	-0.00668	-0.02046	0.99977	
26	0.25000	-0.29164	2.03518	0.30982	0.09688	0.08091	-0.30783	0.50082	0.99998	-0.00537	-0.00142	0.00537	0.99998	0.00168	0.00141	-0.00169	1.00000		-8.49528	59.54098	874.01150	179.76811	2.52203	-2.77228	0.75350	0.99786	0.04854	0.04376	0.04832	-0.99881	0.00617	0.04400	-0.00404	-0.99902		599.87509	7.70445	40.65718	1.16151	-0.36834	1.77655	0.41430	0.99950	0.03087	0.00705	-0.03100	0.99932	0.02006	-0.00643	-0.02027	0.99977	
27	0.26000	-0.30154	2.04720	0.31849	0.10151	0.08563	-0.31105	0.49566	0.99998	-0.00543	-0.00150	0.00543	0.99998	0.00176	0.00149	-0.00177	1.00000		-8.57409	59.63644	873.98620	179.75665	2.51893	-2.78283	0.75193	0.99786	0.04874	0.04369	0.04850	-0.99880	0.00638	0.04395	-0.00424	-0.99902		599.88323	7.73332	40.69287	1.16855	-0.37961	1.76872	0.40973	0.99950	0.03072	0.00725	-0.03086	0.99932	0.02018	-0.00663	-0.02039	0.99977	
28	0.27000	-0.25124	2.06747	-0.05151	0.21555	-0.04692	-0.30578	0.46876	0.99999	-0.00534	0.00080	0.00534	0.99998	0.00377	-0.00082	-0.00376	0.99999		-6.63516	61.38848	874.25078	179.63609	2.39637	-2.78234	0.75003	0.99795	0.04881	0.04145	0.04850	-0.99879	0.00837	0.04181	-0.00635	-0.99911		599.92316	7.72811	39.66304	1.04421	-0.24653	1.76910	0.41437	0.99951	0.03079	0.00486	-0.03087	0.99936	0.01808	-0.00430	-0.01822	0.99982	
29	0.28000	-0.30475	2.04640	0.31882	0.09797	0.08246	-0.31060	0.50291	0.99998	-0.00542	-0.00145	0.00542	0.99998	0.00170	0.00144	-0.00171	1.00000		-8.60924	59.60844	873.99576	179.75922	2.53510	-2.78250	0.75112	0.99784	0.04873	0.04397	0.04850	-0.99880	0.00634	0.04423	-0.00420	-0.99901		599.83798	7.69639	40.67580	1.15312	-0.33515	1.82586	0.39868	0.99948	0.03174	0.00649	-0.03186	0.99929	0.01993	-0.00585	-0.02012	0.99978	
30	0.29000	-0.29900	2.06083	0.30407	0.10834	0.07859	-0.31401	0.49723	0.99998	-0.00548	-0.00138	0.00548	0.99998	0.00188	0.00137	-0.00189	1.00000		-8.63536	59.78390	873.97308	179.75189	2.52028	-2.79401	0.74130	0.99785	0.04894	0.04371	0.04870	-0.99879	0.00647	0.04397	-0.00433	-0.99902		599.88089	7.74667	40.63161	1.15168	-0.36385	1.77645	0.41260	0.99950	0.03087	0.00697	-0.03100	0.99932	0.01989	-0.00635	-0.02010	0.99978	
31	0.30000	-0.24563	2.06149	-0.06347	0.22096	-0.05111	-0.30067	0.46089	0.99999	-0.00525	0.00087	0.00525	0.99998	0.00386	-0.00089	-0.00386	0.99999		-6.79534	61.59580	874.21010	179.65756	2.35883	-2.86211	0.75312	0.99791	0.05018	0.04081	0.04989	-0.99872	0.00802	0.04116	-0.00597	-0.99913		599.92435	7.68502	39.62546	1.04290	-0.24656	1.76311	0.41066	0.99952	0.03068	0.00486	-0.03077	0.99936	0.01806	-0.00430	-0.01820	0.99983	
32	0.31000	-0.24471	2.07086	-0.09460	0.22344	-0.06364	-0.30338	0.46087	0.99999	-0.00530	0.00109	0.00529	0.99998	0.00390	-0.00111	-0.00390	0.99999		-6.59576	61.48864	874.29490	179.62593	2.40561	-2.78303	0.74591	0.99794	0.04883	0.04161	0.04851	-0.99879	0.00856	0.04197	-0.00652	-0.99910		599.92435	7.70062	39.52783	1.03226	-0.22857	1.77195	0.40881	0.99951	0.03084	0.00454	-0.03092	0.99936	0.01788	-0.00399	-0.01802	0.99983	
33	0.32000	-0.25123	2.05477	-0.06671	0.21422	-0.05179	-0.30015	0.46064	0.99999	-0.00524	0.00088	0.00524	0.99998	0.00374	-0.00090	-0.00374	0.99999		-6.76770	61.35093	874.29332	179.64598	2.43119	-2.78099	0.74874	0.99792	0.04878	0.04207	0.04847	-0.99879	0.00823	0.04242	-0.00617	-0.99908		599.92143	7.68808	39.62522	1.05778	-0.23387	1.75006	0.41006	0.99953	0.03046	0.00464	-0.03054	0.99937	0.01833	-0.00408	-0.01846	0.99982	
34	0.33000	-0.25795	2.05859	-0.05158	0.21290	-0.04707	-0.30026	0.45709	0.99999	-0.00524	0.00080	0.00524	0.99998	0.00372	-0.00082	-0.00372	0.99999		-6.87509	61.39884	874.22050	179.66298	2.37107	-2.85654	0.75154	0.99790	0.05008	0.04103	0.04979	-0.99873	0.00794	0.04137	-0.00588	-0.99913		599.91670	7.67507	39.65483	1.05025	-0.24291	1.76292	0.41445	0.99952	0.03068	0.00480	-0.03076	0.99936	0.01819	-0.00424	-0.01833	0.99982	
35	0.34000	-0.30356	2.05784	0.26628	0.10978	0.06384	-0.31395	0.49694	0.99998	-0.00548	-0.00112	0.00548	0.99998	0.00191	0.00111	-0.00192	1.00000		-8.44330	59.66777	874.05277	179.74681	2.52903	-2.77401	0.74951	0.99786	0.04859	0.04386	0.04835	-0.99881	0.00655	0.04413	-0.00441	-0.99902		599.88349	7.76362	40.50855	1.17084	-0.35708	1.76288	0.41192	0.99951	0.03063	0.00686	-0.03076	0.99932	0.02023	-0.00623	-0.02043	0.99977	
36	0.35000	-0.25677	2.07036	-0.05765	0.22501	-0.05105	-0.30438	0.46329	0.99999	-0.00532	0.00087	0.00531	0.99998	0.00393	-0.00089	-0.00393	0.99999		-6.68654	61.41668	874.26438	179.63727	2.40626	-2.78025	0.75080	0.99794	0.04877	0.04163	0.04846	-0.99879	0.00836	0.04198	-0.00633	-0.99910		599.92416	7.72121	39.60823	1.05106	-0.25062	1.75752	0.41317	0.99952	0.03058	0.00493	-0.03067	0.99936	0.01820	-0.00437	-0.01834	0.99982	
37	0.36000	-0.24586	2.05775	-0.07759	0.22013	-0.05725	-0.29892	0.46369	0.99999	-0.00522	0.00098	0.00522	0.99998	0.00385	-0.00100	-0.00384	0.99999		-6.54307	61.31745	874.29915	179.63788	2.40241	-2.76413	0.74695	0.99796	0.04849	0.04156	0.04818	-0.99880	0.00833	0.04192	-0.00631	-0.99910		600.11169	7.79491	39.49360	1.20453	-0.43190	1.73616	0.42672	0.99951	0.03013	0.00817	-0.03030	0.99932	0.02078	-0.00754	-0.02102	0.99975	
38	0.37000	-0.29636	2.05647	0.31579	0.09553	0.08474	-0.31226	0.49831	0.99998	-0.00545	-0.00149	0.00545	0.99998	0.00166	0.00148	-0.00167	1.00000		-8.62330	59.39658	874.00804	179.76665	2.52630	-2.77715	0.74949	0.99785	0.04863	0.04383	0.04840	-0.99881	0.00620	0.04408	-0.00407	-0.99902		599.88748	7.72883	40.66999	1.17113	-0.39141	1.77143	0.41090	0.99950	0.03077	0.00746	-0.03091	0.99932	0.02022	-0.00683	-0.02044	0.99977	
39	0.38000	-0.29095	2.04306	0.30835	0.10213	0.08013	-0.30784	0.49587	0.99998	-0.00537	-0.00141	0.00537	0.99998	0.00177	0.00140	-0.00178	1.00000		-8.54158	59.51358	873.97984	179.77440	2.49874	-2.76558	0.74957	0.99789	0.04842	0.04336	0.04820	-0.99882	0.00604	0.04360	-0.00393	-0.99904		599.88672	7.72345	40.62940	1.18871	-0.38266	1.74698	0.41330	0.99951	0.03034	0.00731	-0.03049	0.99932	0.02053	-0.00668	-0.02074	0.99976	
40	0.39000	-0.24560	2.07486	-0.07212	0.21610	-0.05467	-0.30717	0.46203	0.99998	-0.00536	0.00093	0.00536	0.99998	0.00378	-0.00095	-0.00377	0.99999		-6.51110	61.23311	874.27703	179.64575	2.37587	-2.78056	0.75321	0.99796	0.04877	0.04111	0.04847	-0.99879	0.00819	0.04145	-0.00618	-0.99912		600.12309	7.85356	39.52177	1.19110	-0.42960	1.75186	0.42162	0.99950	0.03041	0.00813	-0.03057	0.99932	0.02055	-0.00750	-0.02079	0.99976	
41	0.40000	-0.28713	2.04576	0.28309	0.09278	0.07388	-0.31166	0.49746	0.99998	-0.00544	-0.00130	0.00544	0.99998	0.00161	0.00129	-0.00162	1.00000		-8.42384	59.37483	874.03296	179.76625	2.50400	-2.78392	0.75256	0.99787	0.04875	0.04344	0.04852	-0.99880	0.00620	0.04369	-0.00408	-0.99904		599.88549	7.73455	40.59017	1.18190	-0.37254	1.77513	0.41146	0.99950	0.03084	0.00714	-0.03098	0.99931	0.02042	-0.00650	-0.02063	0.99977	
42	0.41000	-0.25491	2.06419	-0.07564	0.21533	-0.05327	-0.30272	0.46024	0.99999	-0.00529	0.00091	0.00528	0.99998	0.00376	-0.00093	-0.00376	0.99999		-6.54321	61.24743	874.28032	179.64752	2.38405	-2.76476	0.75269	0.99797	0.04849	0.04125	0.04819	-0.99880	0.00815	0.04160	-0.00615	-0.99912		599.92723	7.69356	39.61983	1.04214	-0.23683	1.76842	0.40957	0.99952	0.03078	0.00469	-0.03086	0.99936	0.01805	-0.00413	-0.01819	0.99983	
43	0.42000	-0.30212	2.05912	0.28542	0.09987	0.07480	-0.31531	0.49656	0.99998	-0.00550	-0.00131	0.00550	0.99998	0.00174	0.00131	-0.00174	1.00000		-8.49376	59.49742	874.02774	179.75395	2.51767	-2.78300	0.75542	0.99786	0.04874	0.04367	0.04851	-0.99880	0.00642	0.04393	-0.00429	-0.99903		599.88760	7.75810	40.59928	1.17414	-0.37773	1.76927	0.41408	0.99950	0.03073	0.00722	-0.03087	0.99932	0.02028	-0.00659	-0.02049	0.99977	
44	0.43000	-0.30878	2.04361	0.32838	0.09934	0.09037	-0.30975	0.49452	0.99998	-0.00540	-0.00159	0.00541	0.99998	0.00172	0.00158	-0.00173	1.00000		-8.76219	59.52976	873.98417	179.76227	2.54697	-2.77919	0.74915	0.99784	0.04867	0.04418	0.04844	-0.99881	0.00630	0.04444	-0.00415	-0.99900		599.87474	7.71695	40.72968	1.17259	-0.37692	1.75565	0.41371	0.99951	0.03050	0.00720	-0.03064	0.99933	0.02025	-0.00658	-0.02046	0.99977	
45	0.44000	-0.30768	2.04823	0.31540	0.08990	0.08701	-0.31189	0.49574	0.99998	-0.00544	-0.00153	0.00544	0.99998	0.00156	0.00152	-0.00157	1.00000		-8.76665	59.40508	874.01277	179.77306	2.55600	-2.78126	0.75126	0.99783	0.04870	0.04435	0.04847	-0.99881	0.00612	0.04460	-0.00396	-0.99900		599.86904	7.72173	40.71278	1.17006	-0.36942	1.76824	0.41723	0.99950	0.03072	0.00707	-0.03086	0.99932	0.02021	-0.00645	-0.02042	0.99977	
46	0.45000	-0.29646	2.06549	0.28520	0.09182	0.07616	-0.31837	0.50061	0.99998	-0.00555	-0.00134	0.00556	0.99998	0.00159	0.00133	-0.00160	1.00000		-8.66002	59.43125	874.02664	179.75746	2.53983	-2.78679	0.74782	0.99784	0.04881	0.04406	0.04857	-0.99880	0.00638	0.04431	-0.00423	-0.99901		599.88052	7.78199	40.61953	1.17687	-0.37018	1.76543	0.41024	0.99950	0.03067	0.00709	-0.03081	0.99932	0.02033	-0.00646	-0.02054	0.99977	
47	0.46000	-0.29462	2.04818	0.27415	0.10258	0.07170	-0.31029	0.49829	0.99998	-0.00541	-0.00126	0.00542	0.99998	0.00178	0.00125	-0.00179	1.00000		-8.66023	59.74448	873.96923	179.76126	2.47634	-2.86629	0.75784	0.99782	0.05018	0.04294	0.04996	-0.99873	0.00632	0.04321	-0.00416	-0.99906		599.87794	7.72087	40.57680	1.16962	-0.36438	1.75992	0.41449	0.99951	0.03058	0.00698	-0.03071	0.99932	0.02021	-0.00636	-0.02041	0.99977	
48	0.47000	-0.24926	2.06131	-0.06626	0.22558	-0.05063	-0.30048	0.46280	0.99999	-0.00525	0.00086	0.00524	0.99998	0.00394	-0.00088	-0.00394	0.99999		-6.77386	61.52727	874.26404	179.62732	2.42324	-2.77439	0.75298	0.99793	0.04868	0.04192	0.04836	-0.99879	0.00854	0.04228	-0.00650	-0.99908		599.91556	7.68774	39.62877	1.04583	-0.23420	1.74992	0.41157	0.99953	0.03046	0.00464	-0.03054	0.99937	0.01812	-0.00409	-0.01825	0.99983	
49	0.48000	-0.29888	2.05726	0.28703	0.09378	0.07506	-0.31320	0.49171	0.99998	-0.00546	-0.00132	0.00547	0.99998	0.00163	0.00131	-0.00164	1.00000		-8.61354	59.52936	874.04097	179.76488	2.55316	-2.78989	0.74689	0.99782	0.04886	0.04429	0.04863	-0.99880	0.00627	0.04455	-0.00410	-0.99900		599.87758	7.73465	40.60637	1.17593	-0.35787	1.77004	0.41028	0.99950	0.03075	0.00688	-0.03089	0.99932	0.02032	-0.00625	-0.02052	0.99977	
50	0.49000	-0.30185	2.06280	0.29614	0.09934	0.07952	-0.31715	0.49311	0.99998	-0.00553	-0.00140	0.00554	0.99998	0.00173	0.00139	-0.00173	1.00000		-8.63948	59.59446	874.02565	179.75365	2.55311	-2.78996	0.74368	0.99782	0.04887	0.04428	0.04863	-0.99880	0.00646	0.04455	-0.00430	-0.99900		599.87458	7.76933	40.63176	1.16471	-0.37690	1.77760	0.41369	0.99950	0.03088	0.00720	-0.03102	0.99932	0.02011	-0.00658	-0.02033	0.99977	
51	0.50000	-0.30589	2.03350	0.30112	0.09449	0.08238	-0.30549	0.49323	0.99998	-0.00533	-0.00145	0.00533	0.99998	0.00164	0.00144	-0.00165	1.00000		-8.62434	59.55283	874.01700	179.77022	2.54293	-2.78132	0.74297	0.99784	0.04870	0.04412	0.04848	-0.99881	0.00616	0.04437	-0.00401	-0.99901		599.87855	7.67399	40.65967	1.16383	-0.37626	1.75052	0.41603	0.99951	0.03041	0.00718	-0.03055	0.99933	0.02010	-0.00657	-0.02031	0.99977	
52	0.51000	-0.25512	2.06337	-0.07553	0.21599	-0.05276	-0.30386	0.45971	0.99999	-0.00531	0.00090	0.00530	0.99998	0.00377	-0.00092	-0.00377	0.99999		-6.57735	61.35333	874.27497	179.63123	2.39532	-2.76801	0.74941	0.99796	0.04856	0.04143	0.04825	-0.99880	0.00845	0.04179	-0.00643	-0.99911		599.91670	7.71033	39.61242	1.04020	-0.23802	1.75889	0.40848	0.99952	0.03061	0.00471	-0.03069	0.99937	0.01802	-0.00415	-0.01815	0.99983	
53	0.52000	-0.24968	2.06063	-0.08739	0.21279	-0.05631	-0.30180	0.45727	0.99999	-0.00527	0.00096	0.00527	0.99998	0.00372	-0.00098	-0.00371	0.99999		-6.48898	61.29426	874.29989	179.64308	2.39638	-2.77334	0.75367	0.99796	0.04864	0.04146	0.04834	-0.99880	0.00825	0.04181	-0.00622	-0.99911		599.92335	7.69096	39.59096	1.05092	-0.23801	1.75498	0.41325	0.99952	0.03054	0.00471	-0.03063	0.99937	0.01821	-0.00415	-0.01834	0.99982	
54	0.53000	-0.23701	2.06123	-0.10424	0.22277	-0.06249	-0.30116	0.45691	0.99999	-0.00526	0.00107	0.00526	0.99998	0.00389	-0.00109	-0.00389	0.99999		-6.40155	61.42194	874.30061	179.63171	2.38171	-2.77403	0.75595	0.99797	0.04866	0.04120	0.04836	-0.99879	0.00843	0.04156	-0.00642	-0.99912		599.91991	7.69636	39.53170	1.04555	-0.23460	1.74463	0.41302	0.99953	0.03037	0.00465	-0.03044	0.99937	0.01811	-0.00409	-0.01825	0.99983	
55	0.54000	-0.23458	2.05463	-0.08024	0.21370	-0.05478	-0.29863	0.45602	0.99999	-0.00522	0.00094	0.00521	0.99998	0.00373	-0.00096	-0.00373	0.99999		-6.52859	61.26958	874.28091	179.65422	2.39073	-2.76925	0.75527	0.99796	0.04856	0.04137	0.04827	-0.99880	0.00804	0.04171	-0.00603	-0.99911		599.91474	7.65985	39.58646	1.04949	-0.24537	1.75564	0.40893	0.99952	0.03055	0.00484	-0.03064	0.99937	0.01818	-0.00428	-0.01832	0.99982	
56	0.55000	-0.23849	2.06731	-0.09527	0.22971	-0.05979	-0.29941	0.45602	0.99999	-0.00523	0.00102	0.00523	0.99998	0.00401	-0.00104	-0.00401	0.99999		-6.47254	61.46946	874.28570	179.63072	2.38955	-2.77129	0.75031	0.99796	0.04862	0.04133	0.04831	-0.99880	0.00845	0.04169	-0.00644	-0.99911		599.91161	7.65143	39.55801	1.02534	-0.23239	1.76571	0.41440	0.99952	0.03074	0.00460	-0.03081	0.99937	0.01776	-0.00406	-0.01789	0.99983	
57	0.56000	-0.28408	2.04256	0.26669	0.09437	0.07068	-0.30811	0.49059	0.99998	-0.00538	-0.00124	0.00538	0.99998	0.00164	0.00123	-0.00165	1.00000		-8.44990	59.40071	874.05939	179.76715	2.52563	-2.78084	0.75031	0.99785	0.04869	0.04382	0.04847	-0.99881	0.00620	0.04407	-0.00406	-0.99902		599.87147	7.69510	40.55661	1.18287	-0.37324	1.75934	0.41369	0.99951	0.03056	0.00714	-0.03070	0.99932	0.02043	-0.00651	-0.02064	0.99977	
58	0.57000	-0.24634	2.06028	-0.08610	0.20634	-0.05659	-0.30194	0.45838	0.99999	-0.00527	0.00097	0.00527	0.99998	0.00361	-0.00099	-0.00360	0.99999		-6.58326	61.09062	874.30589	179.65863	2.39789	-2.76996	0.75098	0.99796	0.04857	0.04150	0.04828	-0.99880	0.00797	0.04184	-0.00595	-0.99911		599.91659	7.69582	39.57235	1.06586	-0.24534	1.75081	0.41535	0.99952	0.03047	0.00485	-0.03055	0.99936	0.01846	-0.00428	-0.01860	0.99982	
59	0.58000	-0.25115	2.06131	-0.09261	0.20979	-0.05817	-0.30435	0.45773	0.99999	-0.00532	0.00100	0.00531	0.99998	0.00367	-0.00102	-0.00366	0.99999		-6.59544	61.14435	874.31539	179.64552	2.40227	-2.78028	0.75132	0.99795	0.04876	0.04157	0.04846	-0.99879	0.00821	0.04192	-0.00618	-0.99910		599.91293	7.71248	39.57424	1.05837	-0.23072	1.75905	0.40980	0.99952	0.03062	0.00459	-0.03070	0.99936	0.01834	-0.00403	-0.01847	0.99982	
60	0.59000	-0.30113	2.04665	0.28390	0.09357	0.07736	-0.31132	0.49190	0.99998	-0.00543	-0.00136	0.00543	0.99998	0.00163	0.00135	-0.00163	1.00000		-8.64636	59.40746	874.02607	179.78522	2.53614	-2.78739	0.74661	0.99784	0.04880	0.04401	0.04858	-0.99880	0.00590	0.04425	-0.00375	-0.99901		599.87491	7.71867	40.61278	1.18139	-0.37851	1.76807	0.41373	0.99950	0.03071	0.00724	-0.03085	0.99932	0.02040	-0.00661	-0.02062	0.99977	
61	0.60000	-0.25709	2.07868	-0.08625	0.21450	-0.05664	-0.30919	0.45647	0.99998	-0.00540	0.00097	0.00540	0.99998	0.00375	-0.00099	-0.00374	0.99999		-6.65864	61.21072	874.29669	179.64273	2.40953	-2.77465	0.74761	0.99794	0.04867	0.04169	0.04837	-0.99880	0.00826	0.04204	-0.00623	-0.99910		599.92321	7.74934	39.57574	1.04970	-0.24026	1.76549	0.41325	0.99952	0.03073	0.00476	-0.03081	0.99936	0.01818	-0.00419	-0.01832	0.99982	
62	0.61000	-0.24854	2.06360	-0.08343	0.22120	-0.05465	-0.30005	0.45568	0.99999	-0.00524	0.00093	0.00524	0.99998	0.00386	-0.00095	-0.00386	0.99999		-6.68952	61.36339	874.29151	179.63866	2.41217	-2.77555	0.74751	0.99794	0.04869	0.04173	0.04838	-0.99879	0.00834	0.04209	-0.00630	-0.99909		600.11991	7.80388	39.50854	1.20979	-0.44645	1.72436	0.42749	0.99952	0.02992	0.00842	-0.03009	0.99933	0.02087	-0.00779	-0.02111	0.99975	
63	0.62000	-0.24930	2.06157	-0.08337	0.22126	-0.05449	-0.30044	0.45795	0.99999	-0.00525	0.00093	0.00524	0.99998	0.00387	-0.00095	-0.00386	0.99999		-6.68277	61.40508	874.26463	179.64369	2.39952	-2.77089	0.74743	0.99796	0.04860	0.04152	0.04830	-0.99880	0.00824	0.04187	-0.00621	-0.99910		599.93339	7.68465	39.58771	1.04472	-0.24804	1.75014	0.41220	0.99952	0.03046	0.00488	-0.03054	0.99937	0.01809	-0.00433	-0.01823	0.99982	
64	0.63000	-0.24267	2.06003	-0.08495	0.21199	-0.05409	-0.30076	0.45275	0.99999	-0.00525	0.00093	0.00525	0.99998	0.00370	-0.00094	-0.00370	0.99999		-6.65720	61.27383	874.28589	179.64763	2.40615	-2.76937	0.74880	0.99795	0.04857	0.04164	0.04827	-0.99880	0.00817	0.04198	-0.00614	-0.99910		599.92490	7.67971	39.59623	1.05218	-0.24568	1.75319	0.41492	0.99952	0.03051	0.00485	-0.03059	0.99937	0.01822	-0.00429	-0.01836	0.99982	
65	0.64000	-0.29239	2.04225	0.27921	0.08920	0.07493	-0.30843	0.49167	0.99998	-0.00538	-0.00132	0.00538	0.99998	0.00155	0.00131	-0.00156	1.00000		-8.52732	59.43415	874.04846	179.76892	2.54031	-2.77799	0.74748	0.99784	0.04864	0.04407	0.04842	-0.99881	0.00618	0.04432	-0.00403	-0.99901		599.88352	7.70557	40.59393	1.18689	-0.37603	1.75750	0.41297	0.99951	0.03053	0.00719	-0.03067	0.99932	0.02050	-0.00656	-0.02071	0.99976	
66	0.65000	-0.24746	2.06909	-0.08450	0.21380	-0.05267	-0.30280	0.45743	0.99999	-0.00529	0.00090	0.00528	0.99998	0.00374	-0.00092	-0.00373	0.99999		-6.59539	61.34341	874.29176	179.64302	2.40440	-2.77269	0.75592	0.99795	0.04863	0.04160	0.04833	-0.99880	0.00825	0.04195	-0.00622	-0.99910		599.91778	7.71447	39.60760	1.06721	-0.23941	1.74084	0.41369	0.99953	0.03030	0.00474	-0.03038	0.99937	0.01849	-0.00418	-0.01863	0.99982	
67	0.66000	-0.25567	2.06456	-0.07067	0.21459	-0.04853	-0.30084	0.45834	0.99999	-0.00525	0.00083	0.00525	0.99998	0.00375	-0.00085	-0.00375	0.99999		-6.61757	61.36441	874.27469	179.65018	2.41016	-2.76516	0.75517	0.99795	0.04850	0.04171	0.04820	-0.99880	0.00813	0.04205	-0.00610	-0.99910		599.91509	7.67551	39.63954	1.04203	-0.23296	1.76335	0.41220	0.99952	0.03069	0.00462	-0.03077	0.99936	0.01805	-0.00407	-0.01819	0.99983	
68	0.67000	-0.25021	2.06954	-0.08183	0.21611	-0.05399	-0.30381	0.45551	0.99999	-0.00531	0.00092	0.00530	0.99998	0.00378	-0.00094	-0.00377	0.99999		-6.53912	61.39425	874.26470	179.64301	2.38772	-2.77494	0.75583	0.99796	0.04867	0.04131	0.04837	-0.99880	0.00824	0.04166	-0.00623	-0.99911		599.92613	7.71599	39.59113	1.05640	-0.24949	1.74514	0.41261	0.99953	0.03037	0.00491	-0.03045	0.99937	0.01830	-0.00435	-0.01844	0.99982	
69	0.68000	-0.24933	2.08700	-0.08878	0.22220	-0.05552	-0.30974	0.45768	0.99998	-0.00541	0.00095	0.00541	0.99998	0.00388	-0.00097	-0.00388	0.99999		-6.53107	61.46736	874.27194	179.63676	2.38837	-2.78421	0.75191	0.99795	0.04884	0.04131	0.04853	-0.99879	0.00836	0.04167	-0.00633	-0.99911		599.92487	7.76302	39.57995	1.05111	-0.24912	1.75972	0.41789	0.99952	0.03062	0.00491	-0.03071	0.99936	0.01820	-0.00435	-0.01834	0.99982	
70	0.69000	-0.29113	2.05796	0.27752	0.09313	0.07519	-0.31271	0.49277	0.99998	-0.00546	-0.00132	0.00546	0.99998	0.00162	0.00131	-0.00163	1.00000		-8.55836	59.58885	873.97231	179.77951	2.46235	-2.86749	0.75189	0.99783	0.05019	0.04272	0.04998	-0.99873	0.00599	0.04296	-0.00384	-0.99907		599.88600	7.73529	40.59897	1.18147	-0.37523	1.75733	0.40868	0.99951	0.03052	0.00718	-0.03067	0.99932	0.02041	-0.00655	-0.02062	0.99977	
71	0.70000	-0.24685	2.06210	-0.09902	0.22114	-0.06003	-0.29727	0.45600	0.99999	-0.00519	0.00103	0.00519	0.99998	0.00386	-0.00105	-0.00386	0.99999		-6.52097	61.44318	874.27619	179.64943	2.39374	-2.76982	0.74216	0.99796	0.04858	0.04142	0.04828	-0.99880	0.00813	0.04177	-0.00611	-0.99911		600.12379	7.78823	39.47289	1.21623	-0.43011	1.71818	0.42563	0.99952	0.02982	0.00814	-0.02998	0.99933	0.02099	-0.00751	-0.02123	0.99975	
72	0.71000	-0.24509	2.07436	-0.08184	0.21117	-0.05426	-0.30660	0.46028	0.99998	-0.00535	0.00093	0.00535	0.99998	0.00369	-0.00095	-0.00369	0.99999		-6.64438	61.23842	874.29565	179.65114	2.40701	-2.78664	0.74556	0.99794	0.04887	0.04165	0.04857	-0.99879	0.00812	0.04200	-0.00608	-0.99910		599.92523	7.72741	39.59352	1.05385	-0.24453	1.75934	0.41312	0.99952	0.03062	0.00483	-0.03070	0.99936	0.01825	-0.00427	-0.01839	0.99982	
73	0.72000	-0.30277	2.05180	0.30551	0.09349	0.08375	-0.31062	0.49206	0.99998	-0.00542	-0.00147	0.00542	0.99998	0.00162	0.00146	-0.00163	1.00000		-8.71451	59.42143	874.00742	179.76189	2.53945	-2.78829	0.74693	0.99784	0.04883	0.04405	0.04860	-0.99880	0.00631	0.04431	-0.00415	-0.99901		599.88575	7.73582	40.65433	1.20186	-0.38984	1.74557	0.41260	0.99951	0.03031	0.00744	-0.03046	0.99932	0.02076	-0.00680	-0.02097	0.99976	
74	0.73000	-0.30351	2.04462	0.28039	0.10118	0.07443	-0.30824	0.49105	0.99998	-0.00538	-0.00131	0.00538	0.99998	0.00176	0.00130	-0.00177	1.00000		-8.58360	59.51764	874.03986	179.76089	2.54194	-2.77653	0.74399	0.99784	0.04863	0.04410	0.04839	-0.99881	0.00632	0.04435	-0.00417	-0.99901		600.08161	7.84557	40.50790	1.33904	-0.57307	1.70847	0.42998	0.99951	0.02957	0.01069	-0.02981	0.99929	0.02306	-0.01000	-0.02337	0.99968	
75	0.74000	-0.26118	2.06938	-0.08969	0.22581	-0.05500	-0.30312	0.45594	0.99999	-0.00529	0.00094	0.00529	0.99998	0.00395	-0.00096	-0.00394	0.99999		-6.67121	61.40949	874.28055	179.64983	2.40481	-2.77875	0.74551	0.99794	0.04873	0.04161	0.04844	-0.99879	0.00814	0.04196	-0.00611	-0.99910		599.93104	7.71071	39.60044	1.04241	-0.24159	1.74290	0.41208	0.99953	0.03033	0.00477	-0.03041	0.99937	0.01806	-0.00422	-0.01819	0.99983	
76	0.75000	-0.25580	2.06407	-0.07781	0.22167	-0.05219	-0.30338	0.45589	0.99999	-0.00530	0.00089	0.00529	0.99998	0.00387	-0.00091	-0.00387	0.99999		-6.71660	61.33396	874.26304	179.65610	2.39724	-2.77225	0.74251	0.99796	0.04862	0.04149	0.04832	-0.99880	0.00802	0.04183	-0.00600	-0.99911		599.92239	7.73032	39.61300	1.06353	-0.25343	1.74209	0.41319	0.99953	0.03031	0.00498	-0.03040	0.99937	0.01842	-0.00442	-0.01856	0.99982	
77	0.76000	-0.23423	2.09928	0.02948	0.32290	-0.02652	-0.29066	0.42360	0.99999	-0.00508	0.00043	0.00507	0.99997	0.00564	-0.00046	-0.00564	0.99998		-7.09479	62.82585	874.05240	179.54384	2.42801	-2.75782	0.74827	0.99795	0.04845	0.04193	0.04807	-0.99879	0.00999	0.04236	-0.00795	-0.99907		600.08627	7.74245	39.67830	1.10600	-0.47366	1.71084	0.42451	0.99952	0.02969	0.00884	-0.02985	0.99937	0.01905	-0.00827	-0.01930	0.99978	
78	0.77000	-0.29832	2.05788	0.28703	0.09501	0.07663	-0.31284	0.48939	0.99998	-0.00546	-0.00135	0.00546	0.99998	0.00165	0.00134	-0.00166	1.00000		-8.57797	59.39891	874.03112	179.77132	2.53196	-2.78764	0.74772	0.99784	0.04881	0.04393	0.04859	-0.99880	0.00614	0.04418	-0.00399	-0.99902		599.88752	7.74474	40.60687	1.18346	-0.37253	1.74975	0.41213	0.99951	0.03039	0.00713	-0.03053	0.99932	0.02045	-0.00650	-0.02065	0.99977	
79	0.78000	-0.23083	2.11609	0.02262	0.32686	-0.02787	-0.29567	0.42597	0.99999	-0.00516	0.00046	0.00516	0.99997	0.00571	-0.00049	-0.00570	0.99998		-7.01961	62.91042	874.06419	179.53732	2.42865	-2.77651	0.74661	0.99793	0.04878	0.04193	0.04840	-0.99878	0.01012	0.04238	-0.00807	-0.99907		599.89545	7.64775	39.76215	0.92806	-0.27085	1.74733	0.40996	0.99952	0.03041	0.00522	-0.03049	0.99941	0.01605	-0.00473	-0.01620	0.99986	
80	0.79000	-0.29680	2.06893	0.28630	0.10691	0.07751	-0.31375	0.48719	0.99998	-0.00547	-0.00136	0.00548	0.99998	0.00186	0.00135	-0.00187	1.00000		-8.53893	59.58894	874.02078	179.75380	2.53019	-2.78084	0.74785	0.99785	0.04870	0.04388	0.04847	-0.99880	0.00643	0.04415	-0.00429	-0.99902		599.88862	7.73625	40.61407	1.15440	-0.37497	1.76255	0.41110	0.99951	0.03062	0.00716	-0.03076	0.99933	0.01994	-0.00654	-0.02015	0.99978	
81	0.80000	-0.29954	2.04832	0.31792	0.08859	0.08887	-0.31037	0.49163	0.99998	-0.00541	-0.00156	0.00542	0.99998	0.00154	0.00155	-0.00155	1.00000		-8.68295	59.36617	873.98759	179.77141	2.52998	-2.78943	0.75429	0.99784	0.04884	0.04390	0.04862	-0.99880	0.00613	0.04414	-0.00399	-0.99902		600.08213	7.84690	40.61893	1.34240	-0.58467	1.72815	0.42395	0.99949	0.02991	0.01090	-0.03016	0.99928	0.02311	-0.01020	-0.02343	0.99967	
82	0.81000	-0.25477	2.05872	-0.06589	0.21284	-0.04767	-0.29876	0.45404	0.99999	-0.00522	0.00081	0.00521	0.99998	0.00372	-0.00083	-0.00371	0.99999		-6.63148	61.29087	874.25629	179.65085	2.39558	-2.77076	0.74870	0.99796	0.04859	0.04145	0.04830	-0.99880	0.00811	0.04180	-0.00609	-0.99911		599.93815	7.68962	39.64984	1.07119	-0.25205	1.72676	0.40897	0.99954	0.03005	0.00496	-0.03013	0.99937	0.01855	-0.00440	-0.01869	0.99982	
83	0.82000	-0.27776	2.08735	0.38849	0.20260	0.10111	-0.30161	0.45820	0.99998	-0.00526	-0.00178	0.00526	0.99998	0.00353	0.00176	-0.00354	0.99999		-8.88744	61.10974	873.80057	179.66043	2.54858	-2.77673	0.75154	0.99784	0.04871	0.04413	0.04840	-0.99880	0.00807	0.04447	-0.00592	-0.99899		599.84666	7.64855	40.74645	1.05515	-0.40616	1.76217	0.41233	0.99950	0.03062	0.00765	-0.03075	0.99936	0.01819	-0.00709	-0.01841	0.99981	
84	0.83000	-0.25778	2.06547	-0.06891	0.21000	-0.04929	-0.30248	0.45606	0.99999	-0.00528	0.00084	0.00528	0.99998	0.00367	-0.00086	-0.00367	0.99999		-6.64109	61.27773	874.26225	179.65042	2.39574	-2.78363	0.75002	0.99795	0.04882	0.04145	0.04852	-0.99879	0.00812	0.04180	-0.00610	-0.99911		599.92400	7.70571	39.62928	1.06233	-0.24320	1.74644	0.40818	0.99953	0.03039	0.00481	-0.03048	0.99937	0.01840	-0.00424	-0.01854	0.99982	
85	0.84000	-0.29207	2.04543	0.26929	0.09117	0.06946	-0.30836	0.48937	0.99998	-0.00538	-0.00122	0.00538	0.99998	0.00158	0.00121	-0.00159	1.00000		-8.50426	59.58599	873.97569	179.78491	2.45878	-2.86953	0.75208	0.99783	0.05022	0.04266	0.05002	-0.99873	0.00590	0.04290	-0.00375	-0.99907		599.88385	7.69238	40.53756	1.16686	-0.37369	1.75754	0.41206	0.99951	0.03053	0.00714	-0.03067	0.99933	0.02015	-0.00652	-0.02036	0.99977	
86	0.85000	-0.24826	2.06445	-0.10005	0.21194	-0.06026	-0.30218	0.45662	0.99999	-0.00528	0.00103	0.00527	0.99998	0.00370	-0.00105	-0.00370	0.99999		-6.55267	61.31088	874.30286	179.64473	2.40458	-2.77806	0.74719	0.99795	0.04873	0.04160	0.04842	-0.99879	0.00823	0.04196	-0.00620	-0.99910		599.93447	7.68414	39.54602	1.03949	-0.24514	1.75635	0.41104	0.99952	0.03057	0.00483	-0.03065	0.99937	0.01800	-0.00428	-0.01814	0.99983	
87	0.86000	-0.29617	2.05054	0.29160	0.10114	0.07980	-0.30866	0.48965	0.99998	-0.00538	-0.00140	0.00539	0.99998	0.00176	0.00139	-0.00177	1.00000		-8.66634	59.61746	874.01140	179.75987	2.55411	-2.78569	0.75407	0.99783	0.04879	0.04431	0.04855	-0.99880	0.00635	0.04456	-0.00419	-0.99900		599.87781	7.70188	40.62766	1.16335	-0.38033	1.75345	0.41305	0.99951	0.03046	0.00725	-0.03060	0.99933	0.02009	-0.00664	-0.02030	0.99977	
88	0.87000	-0.30184	2.04480	0.30439	0.09720	0.08320	-0.30595	0.48996	0.99998	-0.00534	-0.00146	0.00534	0.99998	0.00169	0.00145	-0.00170	1.00000		-8.72908	59.54290	874.00892	179.75375	2.55439	-2.77406	0.74290	0.99784	0.04859	0.04431	0.04835	-0.99881	0.00645	0.04457	-0.00429	-0.99900		599.88247	7.68658	40.65088	1.17685	-0.38618	1.74149	0.41444	0.99952	0.03025	0.00736	-0.03039	0.99933	0.02032	-0.00674	-0.02054	0.99977	
89	0.88000	-0.25617	2.06262	-0.07223	0.20585	-0.05000	-0.30078	0.45606	0.99999	-0.00525	0.00085	0.00525	0.99998	0.00360	-0.00087	-0.00359	0.99999		-6.74991	61.20012	874.29110	179.64987	2.41937	-2.78265	0.74802	0.99793	0.04880	0.04187	0.04850	-0.99879	0.00815	0.04221	-0.00611	-0.99909		599.92252	7.67171	39.62116	1.05959	-0.24863	1.74948	0.41183	0.99952	0.03044	0.00490	-0.03053	0.99937	0.01835	-0.00434	-0.01849	0.99982	
90	0.89000	-0.25757	2.07330	-0.09417	0.21985	-0.05759	-0.30394	0.45391	0.99999	-0.00531	0.00099	0.00530	0.99998	0.00384	-0.00101	-0.00384	0.99999		-6.62421	61.37248	874.29169	179.63455	2.40682	-2.77613	0.74932	0.99795	0.04870	0.04164	0.04839	-0.99879	0.00840	0.04199	-0.00637	-0.99910		599.93319	7.71753	39.56715	1.05562	-0.24837	1.73846	0.41367	0.99953	0.03025	0.00489	-0.03034	0.99937	0.01828	-0.00433	-0.01842	0.99982	
91	0.90000	-0.25794	2.07223	-0.10970	0.21508	-0.06387	-0.30481	0.45431	0.99999	-0.00532	0.00110	0.00532	0.99998	0.00376	-0.00111	-0.00375	0.99999		-6.49996	61.28208	874.31854	179.63582	2.40221	-2.77618	0.74609	0.99795	0.04870	0.04156	0.04839	-0.99879	0.00838	0.04191	-0.00635	-0.99910		599.93416	7.71672	39.51021	1.05257	-0.23783	1.74719	0.41172	0.99953	0.03041	0.00471	-0.03049	0.99937	0.01823	-0.00415	-0.01837	0.99982	
92	0.91000	-0.25390	2.05875	-0.09362	0.21437	-0.05557	-0.30007	0.45728	0.99999	-0.00524	0.00095	0.00524	0.99998	0.00375	-0.00097	-0.00374	0.99999		-6.59705	61.27310	874.28535	179.64183	2.39546	-2.77713	0.74794	0.99795	0.04871	0.04144	0.04841	-0.99879	0.00827	0.04180	-0.00625	-0.99911		599.91995	7.67401	39.58709	1.06160	-0.24773	1.75558	0.41270	0.99952	0.03055	0.00489	-0.03064	0.99936	0.01839	-0.00432	-0.01853	0.99982	
93	0.92000	-0.25471	2.06034	-0.11087	0.22033	-0.06151	-0.29927	0.45546	0.99999	-0.00523	0.00105	0.00522	0.99998	0.00385	-0.00107	-0.00385	0.99999		-6.48313	61.35132	874.29893	179.64024	2.38301	-2.77440	0.74757	0.99796	0.04866	0.04123	0.04836	-0.99880	0.00828	0.04158	-0.00627	-0.99912		599.93402	7.67307	39.53699	1.05679	-0.24751	1.74854	0.41627	0.99953	0.03043	0.00488	-0.03051	0.99937	0.01830	-0.00432	-0.01844	0.99982	
94	0.93000	-0.24436	2.05069	-0.10658	0.21920	-0.06172	-0.29709	0.45567	0.99999	-0.00519	0.00106	0.00519	0.99998	0.00383	-0.00108	-0.00383	0.99999		-6.47221	61.34031	874.28444	179.64964	2.37701	-2.76648	0.73728	0.99798	0.04852	0.04113	0.04822	-0.99880	0.00811	0.04147	-0.00611	-0.99912		599.92871	7.66432	39.53152	1.04449	-0.23866	1.73135	0.41498	0.99953	0.03013	0.00471	-0.03021	0.99938	0.01809	-0.00417	-0.01823	0.99983	
