1	0.00000	-0.00618	2.07713	-0.19565	0.06043	-0.19169	-0.30826	0.41889	0.99998	-0.00538	0.00334	0.00538	0.99999	0.00107	-0.00335	-0.00105	0.99999		-4.63546	58.62043	874.79669	179.77264	2.19523	-2.46746	0.62362	0.99834	0.04320	0.03810	0.04302	-0.99906	0.00561	0.03830	-0.00397	-0.99926		600.06438	7.51766	38.17665	1.06319	-0.37181	1.80724	0.37264	0.99948	0.03141	0.00707	-0.03154	0.99933	0.01834	-0.00649	-0.01855	0.99981	
2	0.01000	-0.22995	1.95467	1.52211	-0.47513	0.41489	-0.32209	0.57075	0.99996	-0.00568	-0.00719	0.00562	0.99995	-0.00833	0.00724	0.00829	0.99994		-13.50191	50.92647	873.49829	-179.55891	2.80967	-2.79211	0.73312	0.99761	0.04833	0.04933	0.04865	-0.99880	-0.00530	0.04902	0.00769	-0.99877		599.86483	7.41239	42.85565	1.58250	-0.97493	1.85013	0.37270	0.99933	0.03180	0.01789	-0.03228	0.99911	0.02705	-0.01701	-0.02761	0.99947	
3	0.02000	-0.15197	2.00118	0.87483	-0.26976	0.18674	-0.31883	0.50948	0.99998	-0.00558	-0.00323	0.00556	0.99997	-0.00473	0.00326	0.00471	0.99998		-10.25965	53.72171	873.95844	-179.85025	2.55155	-2.50440	0.60820	0.99805	0.04358	0.04459	0.04365	-0.99905	-0.00067	0.04452	0.00261	-0.99901		599.95412	7.45892	41.09072	1.37605	-0.75423	1.84917	0.37144	0.99939	0.03194	0.01393	-0.03227	0.99920	0.02358	-0.01316	-0.02401	0.99963	
4	0.03000	-0.10449	2.06084	0.22728	-0.11092	-0.04473	-0.33524	0.72344	0.99998	-0.00585	0.00079	0.00585	0.99998	-0.00193	-0.00078	0.00194	1.00000		-6.61234	56.23258	874.52500	-179.98424	2.41044	-2.74217	0.71317	0.99797	0.04783	0.04202	0.04780	-0.99886	0.00174	0.04206	0.00027	-0.99912		599.98289	7.37979	39.48133	0.96115	-0.15941	2.36201	0.26457	0.99915	0.04116	0.00347	-0.04121	0.99901	0.01665	-0.00278	-0.01677	0.99986	
5	0.04000	-0.10571	2.07742	0.21076	-0.10219	-0.05433	-0.34150	0.72799	0.99998	-0.00596	0.00096	0.00596	0.99998	-0.00178	-0.00095	0.00178	1.00000		-6.46458	56.34874	874.51867	-179.99030	2.39741	-2.75597	0.71693	0.99797	0.04808	0.04179	0.04804	-0.99884	0.00184	0.04183	0.00017	-0.99912		600.00892	7.86680	39.38557	1.33373	-0.17312	1.82962	0.37380	0.99949	0.03185	0.00376	-0.03193	0.99922	0.02317	-0.00302	-0.02328	0.99972	
6	0.05000	0.01613	2.72575	0.01525	0.66659	-0.95641	-0.57452	0.68621	0.99981	-0.01022	0.01657	0.01003	0.99988	0.01180	-0.01669	-0.01163	0.99979		6.53553	67.33188	874.07505	179.28157	1.43359	-2.82541	0.62614	0.99847	0.04960	0.02437	0.04928	-0.99869	0.01376	0.02502	-0.01253	-0.99961		600.33568	10.08143	30.67561	0.35493	0.77830	2.25184	0.37763	0.99914	0.03938	-0.01333	-0.03929	0.99921	0.00672	0.01358	-0.00619	0.99989	
7	0.06000	-0.21474	2.09605	0.20764	0.20075	-0.03992	-0.32754	0.57904	0.99998	-0.00572	0.00068	0.00572	0.99998	0.00351	-0.00070	-0.00350	0.99999		-6.74224	61.05331	873.97926	179.66199	2.30197	-2.82415	0.73191	0.99798	0.04951	0.03983	0.04923	-0.99876	0.00787	0.04017	-0.00589	-0.99918		599.94258	7.79871	39.71377	0.96495	-0.24810	2.01152	0.45202	0.99937	0.03502	0.00492	-0.03510	0.99924	0.01668	-0.00433	-0.01684	0.99985	
8	0.07000	-0.21575	2.08104	0.19082	0.20896	-0.03112	-0.31855	0.56313	0.99998	-0.00556	0.00052	0.00556	0.99998	0.00365	-0.00054	-0.00365	0.99999		-6.87806	61.20114	873.97351	179.65022	2.31535	-2.82523	0.73785	0.99797	0.04953	0.04005	0.04925	-0.99875	0.00809	0.04040	-0.00610	-0.99916		599.93180	7.85832	39.66613	1.04129	-0.26134	1.80240	0.41537	0.99949	0.03136	0.00513	-0.03145	0.99934	0.01802	-0.00456	-0.01817	0.99982	
9	0.08000	-0.24870	2.02301	0.40338	0.08583	0.08814	-0.31119	0.51993	0.99998	-0.00543	-0.00155	0.00543	0.99998	0.00149	0.00154	-0.00150	1.00000		-8.60098	59.27211	873.93271	179.75705	2.49232	-2.73848	0.73659	0.99791	0.04796	0.04323	0.04773	-0.99884	0.00631	0.04349	-0.00424	-0.99905		599.87731	7.74110	40.70004	1.15760	-0.37907	1.80529	0.41096	0.99948	0.03136	0.00725	-0.03150	0.99930	0.01998	-0.00662	-0.02020	0.99977	
10	0.09000	-0.24270	2.02980	0.34594	0.09170	0.07287	-0.31341	0.51792	0.99998	-0.00547	-0.00128	0.00547	0.99998	0.00159	0.00127	-0.00160	1.00000		-8.38207	59.36565	873.97195	179.75058	2.46867	-2.75736	0.73721	0.99792	0.04829	0.04281	0.04806	-0.99882	0.00642	0.04307	-0.00435	-0.99906		599.86674	7.73845	40.58717	1.14507	-0.35707	1.82317	0.41474	0.99947	0.03168	0.00686	-0.03181	0.99930	0.01978	-0.00623	-0.01998	0.99978	
11	0.10000	-0.25077	2.02799	0.35726	0.08073	0.08203	-0.31190	0.51348	0.99998	-0.00544	-0.00144	0.00544	0.99998	0.00140	0.00143	-0.00141	1.00000		-8.51292	59.19385	873.97123	179.76645	2.48247	-2.75081	0.73355	0.99791	0.04817	0.04307	0.04795	-0.99883	0.00615	0.04331	-0.00407	-0.99905		599.86945	7.74274	40.65854	1.16998	-0.36969	1.79060	0.41152	0.99949	0.03111	0.00709	-0.03125	0.99931	0.02021	-0.00645	-0.02042	0.99977	
12	0.11000	-0.25425	2.03222	0.36344	0.09689	0.08589	-0.31011	0.51090	0.99998	-0.00541	-0.00151	0.00541	0.99998	0.00168	0.00150	-0.00169	1.00000		-8.57307	59.45325	873.93256	179.75523	2.48473	-2.75239	0.73130	0.99791	0.04820	0.04310	0.04797	-0.99883	0.00635	0.04335	-0.00427	-0.99905		599.88561	7.33312	40.68580	0.81719	-0.39303	2.27656	0.31064	0.99919	0.03962	0.00742	-0.03972	0.99911	0.01398	-0.00686	-0.01426	0.99987	
13	0.12000	-0.25663	2.03745	0.34732	0.09974	0.07990	-0.31257	0.51350	0.99998	-0.00545	-0.00140	0.00546	0.99998	0.00173	0.00139	-0.00174	1.00000		-8.46465	59.47632	873.96816	179.74634	2.48730	-2.75811	0.73919	0.99790	0.04831	0.04313	0.04807	-0.99882	0.00651	0.04340	-0.00442	-0.99905		599.86511	7.73207	40.63882	1.13473	-0.36112	1.79780	0.41149	0.99949	0.03124	0.00692	-0.03137	0.99932	0.01960	-0.00630	-0.01980	0.99978	
14	0.13000	-0.25653	2.03713	0.34972	0.09552	0.08293	-0.31159	0.50477	0.99998	-0.00544	-0.00146	0.00544	0.99998	0.00166	0.00145	-0.00167	1.00000		-8.50972	59.40901	873.95498	179.75536	2.48507	-2.75358	0.74040	0.99791	0.04823	0.04310	0.04800	-0.99883	0.00635	0.04336	-0.00427	-0.99905		599.87874	7.74294	40.64566	1.16876	-0.39505	1.77459	0.41495	0.99950	0.03082	0.00752	-0.03097	0.99932	0.02017	-0.00689	-0.02040	0.99977	
15	0.14000	-0.25586	2.03676	0.33613	0.08995	0.08123	-0.31167	0.50988	0.99998	-0.00544	-0.00143	0.00544	0.99998	0.00156	0.00142	-0.00157	1.00000		-8.48089	59.32023	873.97355	179.75493	2.48285	-2.75569	0.74478	0.99791	0.04826	0.04306	0.04803	-0.99883	0.00636	0.04332	-0.00427	-0.99905		599.86971	7.74213	40.64648	1.17538	-0.37327	1.77261	0.41397	0.99950	0.03079	0.00714	-0.03093	0.99932	0.02030	-0.00651	-0.02051	0.99977	
16	0.15000	-0.25058	2.04518	0.29413	0.10309	0.06545	-0.31468	0.50562	0.99998	-0.00549	-0.00115	0.00549	0.99998	0.00179	0.00114	-0.00180	1.00000		-8.24911	59.51176	873.99823	179.74840	2.46729	-2.75424	0.73697	0.99792	0.04824	0.04279	0.04801	-0.99883	0.00645	0.04305	-0.00439	-0.99906		599.87128	7.76975	40.51777	1.16552	-0.36015	1.78436	0.41276	0.99950	0.03100	0.00691	-0.03114	0.99931	0.02014	-0.00629	-0.02034	0.99977	
17	0.16000	-0.25278	2.04051	0.33486	0.09068	0.08378	-0.31285	0.50475	0.99998	-0.00546	-0.00147	0.00546	0.99998	0.00157	0.00146	-0.00158	1.00000		-8.57066	59.42674	873.90766	179.76942	2.42105	-2.83448	0.74265	0.99788	0.04962	0.04199	0.04941	-0.99876	0.00611	0.04224	-0.00402	-0.99910		599.86032	7.75571	40.66529	1.18297	-0.37693	1.78442	0.41229	0.99949	0.03100	0.00722	-0.03114	0.99931	0.02043	-0.00658	-0.02064	0.99977	
18	0.17000	-0.24942	2.04093	0.28907	0.10168	0.06662	-0.31404	0.50275	0.99998	-0.00548	-0.00117	0.00548	0.99998	0.00177	0.00116	-0.00177	1.00000		-8.26470	59.50523	874.01447	179.75876	2.47042	-2.76182	0.74458	0.99791	0.04837	0.04285	0.04814	-0.99882	0.00628	0.04310	-0.00421	-0.99906		599.86901	7.76477	40.53294	1.16538	-0.35963	1.78959	0.41393	0.99949	0.03110	0.00691	-0.03123	0.99931	0.02013	-0.00628	-0.02034	0.99977	
19	0.18000	-0.25796	2.03439	0.35027	0.08789	0.08833	-0.31201	0.50024	0.99998	-0.00544	-0.00155	0.00545	0.99998	0.00152	0.00154	-0.00153	1.00000		-8.58711	59.29829	873.96869	179.76271	2.49745	-2.75311	0.74269	0.99790	0.04821	0.04333	0.04799	-0.99883	0.00623	0.04357	-0.00414	-0.99904		599.86498	7.74094	40.69346	1.17392	-0.38077	1.78195	0.41137	0.99949	0.03095	0.00728	-0.03110	0.99931	0.02027	-0.00665	-0.02049	0.99977	
20	0.19000	-0.25256	2.03255	0.31370	0.09507	0.07791	-0.30876	0.50234	0.99998	-0.00539	-0.00137	0.00539	0.99998	0.00165	0.00136	-0.00166	1.00000		-8.43143	59.42264	873.98784	179.75888	2.47925	-2.75515	0.74238	0.99791	0.04825	0.04300	0.04802	-0.99883	0.00628	0.04326	-0.00420	-0.99906		599.88132	7.31754	40.61602	0.83050	-0.39273	2.28084	0.30730	0.99918	0.03969	0.00743	-0.03980	0.99911	0.01421	-0.00685	-0.01449	0.99987	
21	0.20000	-0.24378	2.08385	0.45307	0.21243	0.11407	-0.30331	0.46386	0.99998	-0.00529	-0.00201	0.00529	0.99998	0.00370	0.00199	-0.00371	0.99999		-9.00198	61.17101	873.70817	179.64133	2.51623	-2.74516	0.73280	0.99789	0.04817	0.04355	0.04785	-0.99882	0.00836	0.04390	-0.00625	-0.99902		599.83658	7.69764	40.84689	1.05903	-0.41545	1.76804	0.40824	0.99950	0.03071	0.00782	-0.03085	0.99936	0.01825	-0.00725	-0.01848	0.99980	
22	0.21000	-0.25711	2.04551	0.31026	0.10242	0.07589	-0.31350	0.49874	0.99998	-0.00547	-0.00133	0.00547	0.99998	0.00178	0.00132	-0.00179	1.00000		-8.40642	59.51822	873.98582	179.74135	2.48067	-2.75842	0.73972	0.99791	0.04832	0.04301	0.04808	-0.99882	0.00659	0.04328	-0.00451	-0.99905		599.87558	7.75732	40.59304	1.15288	-0.38183	1.78281	0.41142	0.99949	0.03097	0.00729	-0.03111	0.99932	0.01990	-0.00666	-0.02012	0.99978	
23	0.22000	-0.20691	2.04953	-0.06333	0.22723	-0.05542	-0.30002	0.46408	0.99999	-0.00524	0.00095	0.00524	0.99998	0.00397	-0.00097	-0.00397	0.99999		-6.45418	61.43337	874.24430	179.61679	2.35254	-2.74699	0.74517	0.99801	0.04820	0.04068	0.04789	-0.99882	0.00865	0.04105	-0.00668	-0.99913		599.91031	7.70975	39.58796	1.04731	-0.23688	1.75611	0.41757	0.99952	0.03056	0.00469	-0.03064	0.99937	0.01814	-0.00413	-0.01828	0.99982	
24	0.23000	-0.20976	2.04844	-0.07223	0.22641	-0.05695	-0.29732	0.46204	0.99999	-0.00519	0.00097	0.00519	0.99998	0.00396	-0.00099	-0.00395	0.99999		-6.42813	61.42052	874.24643	179.62750	2.34932	-2.74008	0.73887	0.99802	0.04807	0.04063	0.04776	-0.99882	0.00845	0.04099	-0.00650	-0.99914		599.93007	7.27664	39.57216	0.70320	-0.25226	2.26399	0.30548	0.99921	0.03945	0.00488	-0.03950	0.99915	0.01209	-0.00440	-0.01227	0.99992	
25	0.24000	-0.25042	2.03452	0.26320	0.10174	0.06137	-0.30932	0.49884	0.99998	-0.00540	-0.00108	0.00540	0.99998	0.00177	0.00107	-0.00178	1.00000		-8.19712	59.52411	874.03154	179.74501	2.46783	-2.75789	0.73996	0.99792	0.04831	0.04279	0.04807	-0.99882	0.00652	0.04306	-0.00445	-0.99906		599.87053	7.71681	40.48976	1.15597	-0.35288	1.78571	0.41407	0.99950	0.03103	0.00678	-0.03116	0.99931	0.01997	-0.00616	-0.02017	0.99978	
26	0.25000	-0.25767	2.03902	0.29813	0.11213	0.07486	-0.30600	0.50169	0.99998	-0.00534	-0.00132	0.00534	0.99998	0.00195	0.00131	-0.00196	1.00000		-8.39740	59.67945	873.98496	179.73643	2.48105	-2.75403	0.73855	0.99791	0.04825	0.04302	0.04800	-0.99882	0.00667	0.04329	-0.00460	-0.99905		599.88561	7.28160	40.59096	0.79116	-0.38463	2.28440	0.30376	0.99918	0.03976	0.00726	-0.03986	0.99911	0.01353	-0.00671	-0.01381	0.99988	
27	0.26000	-0.21173	2.06547	-0.03908	0.22065	-0.04404	-0.30350	0.46611	0.99999	-0.00530	0.00075	0.00530	0.99998	0.00385	-0.00077	-0.00385	0.99999		-6.63003	61.32689	874.21956	179.63704	2.36262	-2.75327	0.73340	0.99800	0.04829	0.04087	0.04799	-0.99881	0.00831	0.04122	-0.00633	-0.99913		599.92357	7.31760	39.66825	0.68731	-0.27113	2.26895	0.30505	0.99920	0.03953	0.00520	-0.03959	0.99915	0.01180	-0.00473	-0.01200	0.99992	
28	0.27000	-0.21172	2.05858	-0.07498	0.22625	-0.05574	-0.30259	0.46459	0.99999	-0.00528	0.00095	0.00528	0.99998	0.00395	-0.00097	-0.00395	0.99999		-6.49955	61.51852	874.19270	179.64734	2.29449	-2.82719	0.74469	0.99798	0.04957	0.03968	0.04928	-0.99875	0.00812	0.04004	-0.00615	-0.99918		599.93448	7.29550	39.58486	0.67085	-0.26507	2.28731	0.30386	0.99919	0.03985	0.00509	-0.03991	0.99914	0.01151	-0.00463	-0.01171	0.99992	
29	0.28000	-0.25837	2.05062	0.29327	0.10165	0.07311	-0.31365	0.49518	0.99998	-0.00547	-0.00129	0.00547	0.99998	0.00177	0.00128	-0.00177	1.00000		-8.36017	59.50428	873.99153	179.74655	2.47702	-2.76055	0.73760	0.99791	0.04835	0.04296	0.04812	-0.99882	0.00650	0.04322	-0.00442	-0.99906		600.07236	7.87939	40.48584	1.31422	-0.57159	1.74561	0.42600	0.99949	0.03023	0.01067	-0.03046	0.99928	0.02262	-0.00998	-0.02293	0.99969	
30	0.29000	-0.21592	2.07829	-0.07886	0.23079	-0.05731	-0.30792	0.46023	0.99998	-0.00538	0.00098	0.00537	0.99998	0.00403	-0.00100	-0.00403	0.99999		-6.48221	61.56676	874.16134	179.65111	2.27627	-2.82444	0.73993	0.99800	0.04952	0.03937	0.04924	-0.99875	0.00804	0.03972	-0.00608	-0.99919		599.92952	7.77403	39.56847	1.06017	-0.25108	1.76234	0.41672	0.99952	0.03067	0.00495	-0.03075	0.99936	0.01836	-0.00438	-0.01850	0.99982	
31	0.30000	-0.21019	2.07593	-0.07591	0.21800	-0.05690	-0.30829	0.46280	0.99998	-0.00538	0.00097	0.00538	0.99998	0.00381	-0.00099	-0.00380	0.99999		-6.43010	61.26307	874.25125	179.63667	2.34107	-2.75612	0.74267	0.99801	0.04834	0.04050	0.04804	-0.99881	0.00830	0.04085	-0.00634	-0.99915		599.92586	7.77076	39.57099	1.06552	-0.25655	1.75924	0.41677	0.99952	0.03061	0.00505	-0.03070	0.99936	0.01845	-0.00448	-0.01860	0.99982	
32	0.31000	-0.25925	2.04568	0.28594	0.10386	0.07052	-0.31068	0.49690	0.99998	-0.00542	-0.00124	0.00542	0.99998	0.00181	0.00123	-0.00181	1.00000		-8.36888	59.63916	873.92862	179.76683	2.40574	-2.83491	0.73966	0.99790	0.04963	0.04172	0.04941	-0.99876	0.00614	0.04198	-0.00407	-0.99911		599.87844	7.73792	40.55198	1.17436	-0.37187	1.76396	0.41160	0.99951	0.03064	0.00712	-0.03078	0.99932	0.02029	-0.00649	-0.02049	0.99977	
33	0.32000	-0.26107	2.04985	0.28665	0.10317	0.07030	-0.31251	0.49414	0.99998	-0.00545	-0.00124	0.00545	0.99998	0.00179	0.00123	-0.00180	1.00000		-8.31318	59.54255	873.99655	179.75293	2.47388	-2.77567	0.73774	0.99790	0.04861	0.04290	0.04838	-0.99881	0.00640	0.04316	-0.00431	-0.99906		600.07698	7.86213	40.45694	1.30993	-0.57437	1.75338	0.43293	0.99948	0.03036	0.01072	-0.03060	0.99928	0.02254	-0.01002	-0.02286	0.99969	
34	0.33000	-0.21122	2.06151	-0.07177	0.21775	-0.05608	-0.30300	0.46035	0.99999	-0.00529	0.00096	0.00529	0.99998	0.00380	-0.00098	-0.00380	0.99999		-6.43643	61.27145	874.24699	179.63193	2.34178	-2.75178	0.74246	0.99801	0.04827	0.04050	0.04797	-0.99881	0.00838	0.04086	-0.00642	-0.99914		599.92697	7.71895	39.56189	1.05161	-0.27051	1.76096	0.41572	0.99952	0.03064	0.00528	-0.03073	0.99936	0.01820	-0.00472	-0.01835	0.99982	
35	0.34000	-0.25860	2.06251	0.26511	0.10661	0.06628	-0.31695	0.49647	0.99998	-0.00553	-0.00117	0.00553	0.99998	0.00185	0.00116	-0.00186	1.00000		-8.26488	59.56641	874.01934	179.75171	2.47239	-2.77277	0.74213	0.99790	0.04856	0.04288	0.04833	-0.99881	0.00642	0.04314	-0.00433	-0.99906		599.87958	7.79491	40.52674	1.17582	-0.36657	1.76262	0.41846	0.99951	0.03062	0.00702	-0.03076	0.99932	0.02031	-0.00640	-0.02052	0.99977	
36	0.35000	-0.20892	2.05756	-0.07719	0.21576	-0.05528	-0.30098	0.46015	0.99999	-0.00526	0.00095	0.00525	0.99998	0.00377	-0.00096	-0.00377	0.99999		-6.45890	61.24028	874.25187	179.63591	2.34551	-2.75351	0.74269	0.99801	0.04830	0.04057	0.04800	-0.99881	0.00831	0.04093	-0.00635	-0.99914		599.91300	7.69580	39.57771	1.05300	-0.25038	1.74951	0.41459	0.99952	0.03044	0.00493	-0.03053	0.99937	0.01824	-0.00437	-0.01838	0.99982	
37	0.36000	-0.26229	2.05968	0.29004	0.10051	0.07577	-0.31463	0.49317	0.99998	-0.00549	-0.00133	0.00549	0.99998	0.00175	0.00132	-0.00175	1.00000		-8.42220	59.48344	873.97100	179.75540	2.46402	-2.76520	0.73369	0.99791	0.04843	0.04274	0.04820	-0.99882	0.00634	0.04299	-0.00427	-0.99907		599.88008	7.36347	40.60385	0.83193	-0.38051	2.26827	0.30413	0.99919	0.03948	0.00721	-0.03958	0.99911	0.01425	-0.00664	-0.01452	0.99987	
38	0.37000	-0.25555	2.04544	0.25156	0.10056	0.06095	-0.31081	0.49187	0.99998	-0.00542	-0.00107	0.00542	0.99998	0.00175	0.00106	-0.00176	1.00000		-8.19751	59.50158	874.02593	179.75444	2.45795	-2.76135	0.73033	0.99792	0.04836	0.04263	0.04813	-0.99882	0.00635	0.04289	-0.00428	-0.99907		599.87343	7.72496	40.47505	1.16704	-0.36891	1.77845	0.41303	0.99950	0.03090	0.00707	-0.03103	0.99932	0.02016	-0.00644	-0.02037	0.99977	
39	0.38000	-0.20883	2.06132	-0.08644	0.22201	-0.05835	-0.29980	0.46005	0.99999	-0.00524	0.00100	0.00523	0.99998	0.00388	-0.00102	-0.00387	0.99999		-6.46602	61.45503	874.19969	179.65196	2.28328	-2.83233	0.74662	0.99799	0.04965	0.03949	0.04937	-0.99875	0.00804	0.03984	-0.00607	-0.99919		599.91966	7.69947	39.55536	1.05740	-0.25052	1.74596	0.41408	0.99953	0.03038	0.00493	-0.03047	0.99937	0.01831	-0.00437	-0.01845	0.99982	
40	0.39000	-0.21110	2.06299	-0.08607	0.21853	-0.05748	-0.30181	0.45720	0.99999	-0.00527	0.00098	0.00527	0.99998	0.00382	-0.00100	-0.00381	0.99999		-6.42341	61.28823	874.27378	179.63365	2.35304	-2.75241	0.74118	0.99800	0.04828	0.04070	0.04798	-0.99881	0.00836	0.04106	-0.00639	-0.99914		599.91806	7.72075	39.56862	1.07247	-0.25186	1.73425	0.41678	0.99953	0.03018	0.00496	-0.03026	0.99937	0.01858	-0.00440	-0.01872	0.99982	
41	0.40000	-0.21070	2.06009	-0.09985	0.23116	-0.06259	-0.29881	0.45803	0.99999	-0.00522	0.00107	0.00522	0.99998	0.00404	-0.00109	-0.00403	0.99999		-6.35292	61.52041	874.22792	179.63156	2.32160	-2.76401	0.73344	0.99802	0.04848	0.04015	0.04818	-0.99880	0.00838	0.04051	-0.00643	-0.99916		599.92016	7.67652	39.52306	1.02117	-0.24567	1.75609	0.41444	0.99952	0.03056	0.00483	-0.03064	0.99937	0.01768	-0.00429	-0.01782	0.99983	
42	0.41000	-0.18726	2.08941	0.02078	0.33795	-0.03212	-0.28652	0.42664	0.99999	-0.00500	0.00053	0.00500	0.99997	0.00590	-0.00056	-0.00590	0.99998		-6.82041	63.09570	874.02752	179.51651	2.37699	-2.73703	0.73800	0.99800	0.04810	0.04102	0.04771	-0.99881	0.01041	0.04147	-0.00843	-0.99910		599.88123	7.60827	39.71793	0.93945	-0.28280	1.73209	0.41254	0.99953	0.03014	0.00543	-0.03023	0.99941	0.01624	-0.00494	-0.01640	0.99985	
43	0.42000	-0.20577	2.06894	-0.08900	0.21541	-0.05854	-0.30588	0.45616	0.99998	-0.00534	0.00100	0.00534	0.99998	0.00376	-0.00102	-0.00376	0.99999		-6.40229	61.25111	874.26231	179.62901	2.34301	-2.76394	0.74195	0.99800	0.04848	0.04052	0.04818	-0.99880	0.00844	0.04088	-0.00647	-0.99914		599.91320	7.74769	39.56075	1.05685	-0.24679	1.73947	0.41734	0.99953	0.03027	0.00486	-0.03035	0.99937	0.01831	-0.00431	-0.01844	0.99982	
44	0.43000	-0.20796	2.06671	-0.09524	0.23198	-0.06059	-0.30116	0.45297	0.99999	-0.00526	0.00104	0.00526	0.99998	0.00405	-0.00106	-0.00405	0.99999		-6.43159	61.63143	874.16593	179.64241	2.26166	-2.84810	0.73871	0.99799	0.04993	0.03910	0.04965	-0.99873	0.00819	0.03946	-0.00624	-0.99920		599.92811	7.28321	39.54599	0.66704	-0.25760	2.25866	0.30597	0.99921	0.03936	0.00495	-0.03941	0.99916	0.01146	-0.00450	-0.01164	0.99992	
45	0.44000	-0.20920	2.07985	-0.12176	0.23345	-0.07163	-0.30776	0.45549	0.99998	-0.00538	0.00123	0.00537	0.99998	0.00408	-0.00125	-0.00407	0.99999		-6.20787	61.52009	874.26877	179.62143	2.32068	-2.76679	0.74074	0.99802	0.04854	0.04013	0.04823	-0.99880	0.00855	0.04049	-0.00660	-0.99916		599.92962	7.75720	39.44929	1.02677	-0.24058	1.76215	0.41328	0.99952	0.03067	0.00475	-0.03075	0.99937	0.01778	-0.00420	-0.01792	0.99983	
46	0.45000	-0.21381	2.07445	-0.09417	0.22659	-0.05924	-0.30453	0.45927	0.99999	-0.00532	0.00101	0.00531	0.99998	0.00396	-0.00103	-0.00395	0.99999		-6.38618	61.40134	874.26913	179.62259	2.34938	-2.75509	0.73687	0.99800	0.04834	0.04063	0.04803	-0.99881	0.00855	0.04099	-0.00658	-0.99914		599.92546	7.32959	39.55918	0.69986	-0.24915	2.25390	0.30010	0.99922	0.03927	0.00483	-0.03933	0.99915	0.01203	-0.00435	-0.01221	0.99992	
47	0.46000	-0.25650	2.05542	0.25134	0.10190	0.06140	-0.31434	0.49594	0.99998	-0.00548	-0.00108	0.00549	0.99998	0.00177	0.00107	-0.00178	1.00000		-8.18078	59.52067	874.02922	179.73920	2.46175	-2.77703	0.74335	0.99790	0.04864	0.04268	0.04840	-0.99881	0.00663	0.04295	-0.00455	-0.99907		599.88548	7.33003	40.48413	0.79581	-0.37475	2.29468	0.29506	0.99918	0.03994	0.00709	-0.04004	0.99911	0.01362	-0.00654	-0.01389	0.99988	
48	0.47000	-0.21262	2.06087	-0.09093	0.21338	-0.05924	-0.30172	0.45638	0.99999	-0.00527	0.00101	0.00527	0.99998	0.00373	-0.00103	-0.00372	0.99999		-6.37765	61.22447	874.28468	179.64078	2.35230	-2.75745	0.74707	0.99800	0.04836	0.04069	0.04807	-0.99881	0.00824	0.04104	-0.00626	-0.99914		599.92138	7.69975	39.55136	1.06342	-0.25150	1.75212	0.41490	0.99952	0.03049	0.00495	-0.03058	0.99936	0.01842	-0.00439	-0.01856	0.99982	
49	0.48000	-0.21142	2.06849	-0.09237	0.21170	-0.06019	-0.30417	0.45907	0.99999	-0.00531	0.00103	0.00531	0.99998	0.00370	-0.00105	-0.00369	0.99999		-6.38012	61.17665	874.27154	179.64316	2.34330	-2.75928	0.73913	0.99801	0.04839	0.04054	0.04810	-0.99881	0.00819	0.04089	-0.00622	-0.99914		599.92111	7.72179	39.53998	1.05860	-0.24830	1.74206	0.41497	0.99953	0.03031	0.00489	-0.03040	0.99937	0.01833	-0.00433	-0.01847	0.99982	
50	0.49000	-0.21440	2.07029	-0.10238	0.21665	-0.06234	-0.30476	0.45785	0.99999	-0.00532	0.00107	0.00532	0.99998	0.00379	-0.00109	-0.00378	0.99999		-6.40283	61.35841	874.21478	179.64774	2.27675	-2.84451	0.74019	0.99798	0.04987	0.03937	0.04959	-0.99874	0.00811	0.03973	-0.00614	-0.99919		599.91717	7.74914	39.52363	1.07916	-0.23805	1.72694	0.41565	0.99954	0.03005	0.00472	-0.03014	0.99937	0.01870	-0.00415	-0.01883	0.99981	
51	0.50000	-0.19459	2.10565	0.01312	0.32881	-0.03371	-0.29222	0.42785	0.99999	-0.00510	0.00056	0.00510	0.99997	0.00574	-0.00059	-0.00574	0.99998		-6.80242	62.92889	874.03624	179.52898	2.36488	-2.74967	0.74038	0.99800	0.04831	0.04082	0.04793	-0.99880	0.01019	0.04126	-0.00821	-0.99911		599.88314	7.64442	39.69716	0.94130	-0.27288	1.73134	0.41995	0.99953	0.03013	0.00526	-0.03021	0.99941	0.01628	-0.00476	-0.01643	0.99985	
52	0.51000	-0.21029	2.05775	-0.10055	0.22532	-0.06234	-0.29989	0.45389	0.99999	-0.00524	0.00107	0.00523	0.99998	0.00394	-0.00109	-0.00393	0.99999		-6.35214	61.38921	874.26627	179.62709	2.33643	-2.75328	0.74132	0.99802	0.04830	0.04041	0.04800	-0.99881	0.00846	0.04077	-0.00650	-0.99915		599.93037	7.29365	39.52761	0.69398	-0.25252	2.25023	0.30100	0.99922	0.03921	0.00488	-0.03926	0.99916	0.01193	-0.00441	-0.01211	0.99992	
53	0.52000	-0.19189	2.10143	-0.00066	0.34079	-0.03785	-0.28776	0.42706	0.99999	-0.00503	0.00063	0.00502	0.99997	0.00595	-0.00066	-0.00595	0.99998		-6.79672	63.21641	873.96433	179.52982	2.29441	-2.82269	0.74285	0.99799	0.04957	0.03958	0.04921	-0.99874	0.01017	0.04003	-0.00820	-0.99916		599.88731	7.60957	39.66883	0.93169	-0.26861	1.73142	0.41387	0.99953	0.03013	0.00518	-0.03021	0.99941	0.01611	-0.00469	-0.01626	0.99986	
54	0.53000	-0.26104	2.04586	0.27581	0.10383	0.07171	-0.30958	0.48860	0.99998	-0.00540	-0.00126	0.00540	0.99998	0.00180	0.00125	-0.00181	1.00000		-8.35671	59.56312	873.97772	179.75642	2.45725	-2.77227	0.73414	0.99791	0.04855	0.04262	0.04832	-0.99881	0.00632	0.04287	-0.00425	-0.99907		599.87577	7.71959	40.55883	1.17038	-0.37309	1.76776	0.41626	0.99950	0.03071	0.00714	-0.03085	0.99932	0.02022	-0.00651	-0.02043	0.99977	
55	0.54000	-0.26226	2.04522	0.27146	0.09561	0.06994	-0.31153	0.49502	0.99998	-0.00543	-0.00123	0.00544	0.99998	0.00166	0.00122	-0.00167	1.00000		-8.31132	59.41357	874.01626	179.75888	2.47359	-2.76516	0.73640	0.99791	0.04842	0.04291	0.04820	-0.99882	0.00629	0.04316	-0.00420	-0.99906		599.87727	7.74491	40.54479	1.18085	-0.37579	1.74813	0.41879	0.99951	0.03036	0.00718	-0.03051	0.99933	0.02040	-0.00656	-0.02061	0.99977	
56	0.55000	-0.21797	2.05905	-0.06293	0.20816	-0.04840	-0.30138	0.45689	0.99999	-0.00526	0.00083	0.00526	0.99998	0.00364	-0.00084	-0.00363	0.99999		-6.54724	61.12919	874.25640	179.64279	2.35961	-2.75385	0.73734	0.99800	0.04830	0.04082	0.04800	-0.99881	0.00821	0.04117	-0.00623	-0.99913		599.91317	7.69614	39.63558	1.06210	-0.25047	1.74877	0.41239	0.99952	0.03043	0.00493	-0.03052	0.99937	0.01839	-0.00437	-0.01854	0.99982	
57	0.56000	-0.26211	2.05446	0.27374	0.10141	0.07019	-0.31248	0.49088	0.99998	-0.00545	-0.00123	0.00545	0.99998	0.00176	0.00123	-0.00177	1.00000		-8.33210	59.52000	873.98457	179.76472	2.45856	-2.77031	0.73217	0.99791	0.04851	0.04265	0.04829	-0.99881	0.00617	0.04290	-0.00410	-0.99907		599.88041	7.33132	40.55195	0.81334	-0.37168	2.26246	0.30317	0.99920	0.03938	0.00704	-0.03948	0.99912	0.01393	-0.00649	-0.01419	0.99988	
58	0.57000	-0.21590	2.07149	-0.09287	0.22100	-0.05965	-0.30629	0.45797	0.99998	-0.00535	0.00102	0.00535	0.99998	0.00386	-0.00104	-0.00386	0.99999		-6.38416	61.32586	874.26666	179.62920	2.33989	-2.76534	0.73981	0.99800	0.04851	0.04047	0.04821	-0.99880	0.00843	0.04083	-0.00647	-0.99915		599.91957	7.75896	39.54054	1.05299	-0.24432	1.73760	0.41077	0.99953	0.03024	0.00482	-0.03032	0.99937	0.01824	-0.00426	-0.01838	0.99982	
59	0.58000	-0.25988	2.04606	0.27099	0.10078	0.07032	-0.31076	0.49531	0.99998	-0.00542	-0.00124	0.00542	0.99998	0.00175	0.00123	-0.00176	1.00000		-8.31841	59.50082	874.00619	179.75085	2.46753	-2.76157	0.74190	0.99791	0.04837	0.04279	0.04814	-0.99882	0.00642	0.04305	-0.00434	-0.99906		599.87124	7.74730	40.54186	1.19305	-0.37400	1.74873	0.41598	0.99951	0.03037	0.00716	-0.03052	0.99932	0.02061	-0.00653	-0.02082	0.99976	
60	0.59000	-0.21838	2.05944	-0.09858	0.21903	-0.06082	-0.30042	0.45848	0.99999	-0.00525	0.00104	0.00524	0.99998	0.00383	-0.00106	-0.00382	0.99999		-6.35789	61.30298	874.27733	179.63210	2.34232	-2.75476	0.74229	0.99801	0.04832	0.04051	0.04802	-0.99881	0.00838	0.04087	-0.00642	-0.99914		599.92777	7.28233	39.53175	0.69936	-0.25594	2.26469	0.30246	0.99921	0.03946	0.00495	-0.03952	0.99915	0.01202	-0.00447	-0.01221	0.99992	
61	0.60000	-0.21799	2.06783	-0.08280	0.21399	-0.05404	-0.30324	0.45427	0.99999	-0.00530	0.00092	0.00529	0.99998	0.00374	-0.00094	-0.00373	0.99999		-6.46562	61.21843	874.25470	179.63539	2.34513	-2.75909	0.74829	0.99800	0.04840	0.04056	0.04810	-0.99881	0.00833	0.04092	-0.00636	-0.99914		599.91415	7.70585	39.59396	1.04551	-0.24357	1.74985	0.40811	0.99952	0.03045	0.00481	-0.03054	0.99937	0.01811	-0.00425	-0.01825	0.99982	
62	0.61000	-0.21481	2.07609	-0.12661	0.22640	-0.07135	-0.30575	0.45537	0.99998	-0.00534	0.00122	0.00534	0.99998	0.00396	-0.00125	-0.00395	0.99999		-6.27063	61.51343	874.21428	179.64156	2.25653	-2.84602	0.74544	0.99799	0.04990	0.03901	0.04961	-0.99873	0.00820	0.03937	-0.00625	-0.99920		600.12208	7.86112	39.36002	1.20296	-0.43477	1.71366	0.43024	0.99952	0.02974	0.00821	-0.02990	0.99934	0.02076	-0.00759	-0.02099	0.99975	
63	0.62000	-0.21325	2.08283	-0.10946	0.22193	-0.06437	-0.30752	0.45513	0.99998	-0.00537	0.00110	0.00537	0.99998	0.00388	-0.00112	-0.00387	0.99999		-6.33386	61.33820	874.26850	179.62959	2.32825	-2.77074	0.73814	0.99801	0.04860	0.04026	0.04830	-0.99880	0.00842	0.04062	-0.00646	-0.99915		600.11772	7.88362	39.41285	1.21876	-0.44644	1.71110	0.42945	0.99952	0.02969	0.00842	-0.02986	0.99933	0.02103	-0.00779	-0.02127	0.99974	
64	0.63000	-0.26025	2.05469	0.25680	0.09554	0.06688	-0.31410	0.49452	0.99998	-0.00548	-0.00118	0.00548	0.99998	0.00166	0.00117	-0.00167	1.00000		-8.33685	59.52214	873.96200	179.77872	2.40556	-2.84813	0.74253	0.99788	0.04985	0.04173	0.04965	-0.99875	0.00594	0.04197	-0.00386	-0.99911		599.87634	7.76437	40.51859	1.17791	-0.37896	1.75500	0.41357	0.99951	0.03048	0.00724	-0.03063	0.99932	0.02034	-0.00661	-0.02056	0.99977	
65	0.64000	-0.26176	2.05731	0.30198	0.09842	0.08257	-0.31407	0.49265	0.99998	-0.00548	-0.00145	0.00548	0.99998	0.00171	0.00144	-0.00172	1.00000		-8.51953	59.46144	873.98099	179.75423	2.48432	-2.77575	0.73823	0.99789	0.04861	0.04309	0.04838	-0.99881	0.00638	0.04335	-0.00429	-0.99905		599.88061	7.35286	40.63788	0.82728	-0.41099	2.26446	0.29997	0.99919	0.03940	0.00774	-0.03951	0.99912	0.01414	-0.00717	-0.01444	0.99987	
66	0.65000	-0.21459	2.07813	-0.08767	0.22478	-0.05401	-0.30595	0.45867	0.99999	-0.00534	0.00092	0.00534	0.99998	0.00393	-0.00094	-0.00392	0.99999		-6.54173	61.48008	874.18499	179.63895	2.28618	-2.84532	0.73644	0.99797	0.04989	0.03953	0.04960	-0.99873	0.00827	0.03989	-0.00630	-0.99918		599.91209	7.74030	39.59567	1.04182	-0.24374	1.74701	0.41271	0.99953	0.03040	0.00481	-0.03049	0.99937	0.01804	-0.00425	-0.01818	0.99983	
67	0.66000	-0.26101	2.04256	0.25661	0.09319	0.06680	-0.30908	0.49181	0.99998	-0.00539	-0.00117	0.00539	0.99998	0.00162	0.00117	-0.00163	1.00000		-8.26732	59.38384	874.04474	179.76352	2.47919	-2.76134	0.74542	0.99790	0.04835	0.04301	0.04813	-0.99882	0.00621	0.04326	-0.00412	-0.99906		599.87373	7.70923	40.51954	1.17077	-0.36954	1.75538	0.41419	0.99951	0.03049	0.00707	-0.03063	0.99933	0.02023	-0.00645	-0.02043	0.99977	
68	0.67000	-0.20992	2.07374	-0.11800	0.22661	-0.06706	-0.30455	0.45954	0.99998	-0.00532	0.00115	0.00532	0.99998	0.00396	-0.00117	-0.00396	0.99999		-6.28965	61.40650	874.28123	179.61935	2.33899	-2.76660	0.73801	0.99800	0.04854	0.04044	0.04823	-0.99880	0.00861	0.04081	-0.00664	-0.99914		599.91576	7.72830	39.47993	1.03813	-0.24074	1.74999	0.41527	0.99952	0.03046	0.00475	-0.03054	0.99937	0.01798	-0.00420	-0.01812	0.99983	
69	0.68000	-0.26513	2.05757	0.26673	0.08342	0.07236	-0.31721	0.49716	0.99998	-0.00553	-0.00127	0.00554	0.99998	0.00145	0.00126	-0.00146	1.00000		-8.41142	59.32086	873.96691	179.78372	2.41250	-2.85035	0.73878	0.99788	0.04989	0.04185	0.04968	-0.99875	0.00586	0.04209	-0.00377	-0.99911		599.87454	7.78651	40.56654	1.20352	-0.37798	1.75526	0.41594	0.99951	0.03048	0.00724	-0.03063	0.99931	0.02079	-0.00660	-0.02100	0.99976	
70	0.69000	-0.21250	2.05913	-0.10677	0.21474	-0.06300	-0.30076	0.46067	0.99999	-0.00525	0.00108	0.00525	0.99998	0.00375	-0.00110	-0.00375	0.99999		-6.39503	61.34335	874.21040	179.64299	2.26869	-2.84685	0.73758	0.99798	0.04991	0.03923	0.04963	-0.99873	0.00819	0.03959	-0.00623	-0.99920		599.91804	7.68497	39.51229	1.04367	-0.24309	1.74920	0.41881	0.99953	0.03044	0.00480	-0.03052	0.99937	0.01808	-0.00424	-0.01821	0.99983	
71	0.70000	-0.19509	2.10884	0.02791	0.32357	-0.02610	-0.29478	0.42477	0.99999	-0.00515	0.00043	0.00514	0.99997	0.00565	-0.00046	-0.00565	0.99998		-6.97659	62.93788	873.95169	179.53357	2.30464	-2.83346	0.74061	0.99797	0.04976	0.03976	0.04939	-0.99873	0.01012	0.04021	-0.00813	-0.99916		599.87978	7.66466	39.74994	0.94175	-0.28300	1.73012	0.41490	0.99953	0.03011	0.00543	-0.03019	0.99941	0.01628	-0.00494	-0.01644	0.99985	
72	0.71000	-0.20909	2.06771	-0.09896	0.22600	-0.05982	-0.30185	0.45491	0.99999	-0.00527	0.00102	0.00527	0.99998	0.00395	-0.00104	-0.00394	0.99999		-6.39164	61.40219	874.25731	179.62611	2.33698	-2.76581	0.73751	0.99800	0.04852	0.04041	0.04821	-0.99880	0.00849	0.04078	-0.00652	-0.99915		599.91463	7.70854	39.53957	1.04187	-0.23687	1.74647	0.41399	0.99953	0.03040	0.00469	-0.03048	0.99937	0.01805	-0.00413	-0.01818	0.99983	
73	0.72000	-0.21084	2.07763	-0.12011	0.22462	-0.06704	-0.30606	0.45780	0.99998	-0.00535	0.00115	0.00534	0.99998	0.00393	-0.00117	-0.00392	0.99999		-6.28322	61.35272	874.28641	179.62259	2.33355	-2.75550	0.73913	0.99802	0.04834	0.04035	0.04803	-0.99881	0.00854	0.04072	-0.00658	-0.99915		599.92780	7.74026	39.47743	1.03272	-0.24328	1.74418	0.41506	0.99953	0.03036	0.00479	-0.03044	0.99938	0.01789	-0.00425	-0.01802	0.99983	
74	0.73000	-0.25157	2.03999	0.24358	0.09732	0.06098	-0.30776	0.49493	0.99998	-0.00537	-0.00107	0.00537	0.99998	0.00169	0.00106	-0.00170	1.00000		-8.18373	59.44047	874.04734	179.74864	2.46396	-2.75796	0.74176	0.99792	0.04830	0.04273	0.04807	-0.99882	0.00645	0.04299	-0.00438	-0.99907		599.86983	7.70030	40.47176	1.16438	-0.36053	1.75033	0.41622	0.99951	0.03041	0.00691	-0.03054	0.99933	0.02012	-0.00629	-0.02032	0.99977	
75	0.74000	-0.21360	2.07180	-0.10499	0.21681	-0.06101	-0.30257	0.45607	0.99999	-0.00528	0.00105	0.00528	0.99998	0.00379	-0.00106	-0.00378	0.99999		-6.36719	61.25914	874.27358	179.63141	2.33855	-2.76736	0.74058	0.99800	0.04854	0.04045	0.04824	-0.99880	0.00840	0.04080	-0.00643	-0.99915		600.11530	7.82726	39.44178	1.20310	-0.44844	1.71216	0.42616	0.99952	0.02971	0.00845	-0.02988	0.99934	0.02075	-0.00783	-0.02100	0.99975	
76	0.75000	-0.21280	2.05051	-0.10275	0.21606	-0.05811	-0.29672	0.45386	0.99999	-0.00518	0.00100	0.00518	0.99998	0.00378	-0.00101	-0.00377	0.99999		-6.40659	61.24906	874.28659	179.63251	2.35320	-2.74176	0.74262	0.99801	0.04810	0.04070	0.04779	-0.99882	0.00837	0.04106	-0.00641	-0.99914		599.91901	7.66496	39.54891	1.06023	-0.25931	1.73658	0.41030	0.99953	0.03022	0.00508	-0.03030	0.99937	0.01836	-0.00453	-0.01850	0.99982	
77	0.76000	-0.21195	2.08213	-0.12182	0.22085	-0.06670	-0.30829	0.45913	0.99998	-0.00538	0.00114	0.00538	0.99998	0.00386	-0.00116	-0.00385	0.99999		-6.29406	61.30201	874.29347	179.62756	2.33681	-2.75699	0.73911	0.99801	0.04836	0.04041	0.04806	-0.99881	0.00845	0.04077	-0.00649	-0.99915		599.92465	7.76907	39.48170	1.05948	-0.24629	1.74067	0.40897	0.99953	0.03029	0.00486	-0.03038	0.99937	0.01835	-0.00430	-0.01849	0.99982	
78	0.77000	-0.20924	2.07924	-0.10564	0.21115	-0.06256	-0.30915	0.45567	0.99998	-0.00540	0.00107	0.00540	0.99998	0.00369	-0.00109	-0.00369	0.99999		-6.35960	61.15940	874.29407	179.63069	2.34655	-2.75936	0.73918	0.99800	0.04840	0.04058	0.04810	-0.99881	0.00841	0.04094	-0.00644	-0.99914		599.91906	7.77684	39.50407	1.06841	-0.25672	1.74044	0.41613	0.99953	0.03028	0.00504	-0.03037	0.99937	0.01850	-0.00448	-0.01865	0.99982	
79	0.78000	-0.25816	2.05318	0.24283	0.10569	0.06284	-0.31116	0.49032	0.99998	-0.00543	-0.00111	0.00543	0.99998	0.00184	0.00110	-0.00184	1.00000		-8.21912	59.58114	874.02665	179.74919	2.46354	-2.77428	0.74118	0.99790	0.04859	0.04272	0.04836	-0.99881	0.00645	0.04298	-0.00437	-0.99907		599.88249	7.74634	40.48693	1.18090	-0.37675	1.73924	0.41032	0.99952	0.03021	0.00720	-0.03035	0.99933	0.02040	-0.00658	-0.02061	0.99977	
80	0.79000	-0.25911	2.05433	0.27306	0.09748	0.07255	-0.31265	0.49361	0.99998	-0.00545	-0.00127	0.00546	0.99998	0.00169	0.00127	-0.00170	1.00000		-8.36914	59.44080	874.01098	179.75349	2.47812	-2.76843	0.74450	0.99790	0.04848	0.04298	0.04825	-0.99881	0.00639	0.04324	-0.00430	-0.99906		599.87465	7.75601	40.55455	1.19340	-0.38683	1.75109	0.41139	0.99951	0.03041	0.00738	-0.03056	0.99932	0.02061	-0.00675	-0.02083	0.99976	
81	0.80000	-0.20586	2.06371	-0.11503	0.21795	-0.06581	-0.30170	0.46004	0.99999	-0.00527	0.00113	0.00527	0.99998	0.00381	-0.00115	-0.00380	0.99999		-6.32722	61.31231	874.26853	179.64066	2.32806	-2.76487	0.73205	0.99801	0.04849	0.04027	0.04820	-0.99880	0.00822	0.04062	-0.00627	-0.99915		599.92301	7.70364	39.48958	1.04293	-0.24294	1.74153	0.41477	0.99953	0.03031	0.00479	-0.03039	0.99937	0.01806	-0.00424	-0.01820	0.99983	
82	0.81000	-0.20949	2.07345	-0.11632	0.22188	-0.06520	-0.30418	0.45762	0.99999	-0.00531	0.00112	0.00531	0.99998	0.00388	-0.00114	-0.00387	0.99999		-6.31469	61.33913	874.29130	179.62733	2.34439	-2.76008	0.73978	0.99800	0.04842	0.04054	0.04811	-0.99881	0.00847	0.04091	-0.00650	-0.99914		599.91998	7.72705	39.49796	1.05287	-0.24545	1.75196	0.41585	0.99952	0.03049	0.00484	-0.03057	0.99937	0.01824	-0.00428	-0.01837	0.99982	
83	0.82000	-0.20486	2.06182	-0.12079	0.22157	-0.06640	-0.30025	0.45731	0.99999	-0.00524	0.00114	0.00524	0.99998	0.00387	-0.00116	-0.00387	0.99999		-6.34349	61.43725	874.24053	179.64780	2.28489	-2.82903	0.74239	0.99799	0.04960	0.03952	0.04932	-0.99875	0.00811	0.03987	-0.00614	-0.99919		599.91811	7.70181	39.49164	1.06027	-0.24491	1.74096	0.41267	0.99953	0.03030	0.00483	-0.03038	0.99937	0.01837	-0.00427	-0.01850	0.99982	
84	0.83000	-0.21529	2.06779	-0.13441	0.22145	-0.07030	-0.30456	0.45480	0.99998	-0.00532	0.00121	0.00532	0.99998	0.00387	-0.00123	-0.00387	0.99999		-6.22468	61.34542	874.29782	179.62387	2.33157	-2.76776	0.74077	0.99801	0.04855	0.04032	0.04825	-0.99880	0.00852	0.04068	-0.00656	-0.99915		599.93180	7.75482	39.46535	1.06560	-0.23591	1.72913	0.41515	0.99954	0.03009	0.00468	-0.03017	0.99937	0.01846	-0.00412	-0.01860	0.99982	
85	0.84000	-0.21267	2.07714	-0.11125	0.22592	-0.06308	-0.30554	0.45333	0.99998	-0.00534	0.00108	0.00533	0.99998	0.00395	-0.00110	-0.00394	0.99999		-6.34058	61.39574	874.26968	179.62379	2.33916	-2.76308	0.74628	0.99801	0.04847	0.04045	0.04817	-0.99880	0.00853	0.04081	-0.00656	-0.99915		599.91831	7.74299	39.51340	1.05809	-0.24448	1.75225	0.41405	0.99952	0.03049	0.00483	-0.03058	0.99936	0.01833	-0.00427	-0.01847	0.99982	
86	0.85000	-0.20605	2.06149	-0.12048	0.22576	-0.06642	-0.29898	0.45623	0.99999	-0.00522	0.00114	0.00522	0.99998	0.00395	-0.00116	-0.00394	0.99999		-6.28153	61.40446	874.28529	179.62358	2.34443	-2.75541	0.74059	0.99801	0.04834	0.04054	0.04803	-0.99881	0.00853	0.04091	-0.00656	-0.99914		599.91165	7.68846	39.49186	1.04550	-0.22992	1.74329	0.41465	0.99953	0.03034	0.00457	-0.03042	0.99937	0.01812	-0.00401	-0.01825	0.99983	
87	0.86000	-0.21216	2.07120	-0.11815	0.22421	-0.06334	-0.30323	0.45361	0.99999	-0.00530	0.00109	0.00529	0.99998	0.00392	-0.00111	-0.00391	0.99999		-6.32822	61.37284	874.28532	179.62509	2.34116	-2.76131	0.73938	0.99801	0.04844	0.04049	0.04814	-0.99880	0.00850	0.04085	-0.00654	-0.99914		599.92023	7.72415	39.52027	1.05185	-0.24164	1.73742	0.41990	0.99953	0.03024	0.00477	-0.03032	0.99937	0.01822	-0.00422	-0.01836	0.99982	
88	0.87000	-0.20648	2.06062	-0.10676	0.20851	-0.06492	-0.29929	0.45366	0.99999	-0.00523	0.00111	0.00522	0.99998	0.00364	-0.00113	-0.00364	0.99999		-6.31144	61.13675	874.28385	179.64215	2.33492	-2.75521	0.73607	0.99801	0.04832	0.04039	0.04803	-0.99881	0.00820	0.04074	-0.00624	-0.99915		599.91925	7.67363	39.48376	1.05851	-0.24547	1.74839	0.41067	0.99953	0.03043	0.00485	-0.03051	0.99937	0.01833	-0.00428	-0.01847	0.99982	
89	0.88000	-0.20272	2.06216	-0.13285	0.21927	-0.07297	-0.29815	0.45381	0.99999	-0.00521	0.00125	0.00520	0.99998	0.00383	-0.00127	-0.00383	0.99999		-6.19327	61.30006	874.29845	179.62364	2.32436	-2.74942	0.73966	0.99803	0.04823	0.04019	0.04793	-0.99881	0.00851	0.04056	-0.00656	-0.99916		599.91626	7.67559	39.43022	1.06238	-0.23513	1.74626	0.41694	0.99953	0.03039	0.00467	-0.03047	0.99937	0.01841	-0.00410	-0.01854	0.99982	
90	0.89000	-0.20905	2.07467	-0.12648	0.21797	-0.06947	-0.30743	0.45862	0.99998	-0.00537	0.00119	0.00537	0.99998	0.00381	-0.00121	-0.00380	0.99999		-6.24786	61.25876	874.30089	179.63931	2.33619	-2.75019	0.74233	0.99802	0.04824	0.04041	0.04794	-0.99882	0.00824	0.04076	-0.00629	-0.99915		599.92402	7.74934	39.45616	1.04954	-0.24299	1.74685	0.41850	0.99953	0.03040	0.00480	-0.03048	0.99937	0.01818	-0.00424	-0.01832	0.99982	
91	0.90000	-0.26250	2.05500	0.29343	0.09566	0.07999	-0.31224	0.49036	0.99998	-0.00545	-0.00140	0.00545	0.99998	0.00166	0.00140	-0.00167	1.00000		-8.52110	59.50336	873.93705	179.77151	2.42983	-2.83538	0.74472	0.99788	0.04964	0.04215	0.04942	-0.99876	0.00608	0.04240	-0.00398	-0.99909		599.86835	7.74653	40.61385	1.18859	-0.38763	1.74478	0.41624	0.99951	0.03030	0.00739	-0.03045	0.99933	0.02053	-0.00677	-0.02074	0.99976	
92	0.91000	-0.20985	2.06802	-0.11400	0.21641	-0.06559	-0.30444	0.45545	0.99998	-0.00532	0.00113	0.00531	0.99998	0.00378	-0.00114	-0.00378	0.99999		-6.31695	61.28051	874.26985	179.64897	2.32709	-2.76328	0.73197	0.99801	0.04846	0.04026	0.04817	-0.99881	0.00808	0.04060	-0.00612	-0.99916		599.92568	7.75085	39.49234	1.07944	-0.25133	1.72517	0.41820	0.99954	0.03002	0.00495	-0.03011	0.99937	0.01870	-0.00439	-0.01884	0.99981	
93	0.92000	-0.21438	2.07088	-0.10317	0.21394	-0.06219	-0.30543	0.45519	0.99998	-0.00533	0.00107	0.00533	0.99998	0.00374	-0.00109	-0.00373	0.99999		-6.35401	61.20937	874.27769	179.63391	2.34361	-2.75736	0.74259	0.99801	0.04837	0.04054	0.04807	-0.99881	0.00835	0.04089	-0.00638	-0.99914		599.92726	7.76037	39.52061	1.09322	-0.25090	1.72283	0.41590	0.99954	0.02998	0.00495	-0.03006	0.99937	0.01894	-0.00438	-0.01908	0.99981	
94	0.93000	-0.25709	2.05212	0.24433	0.09035	0.06207	-0.31253	0.49262	0.99998	-0.00545	-0.00109	0.00545	0.99998	0.00157	0.00108	-0.00158	1.00000		-8.20514	59.33247	874.05421	179.76515	2.47248	-2.76097	0.74166	0.99791	0.04835	0.04289	0.04812	-0.99882	0.00617	0.04314	-0.00410	-0.99906		599.87342	7.72039	40.48663	1.16607	-0.35325	1.77822	0.41500	0.99950	0.03090	0.00679	-0.03103	0.99932	0.02015	-0.00617	-0.02035	0.99977	
