1	0.00000	-0.15928	2.04698	0.80296	-0.22685	0.15477	-0.33397	0.49111	0.99998	-0.00584	-0.00268	0.00583	0.99998	-0.00398	0.00270	0.00396	0.99999		-9.67355	54.72025	874.03599	-179.75864	2.54027	-2.83956	0.72992	0.99779	0.04935	0.04448	0.04949	-0.99877	-0.00201	0.04432	0.00421	-0.99901		599.97128	7.57918	40.84053	1.30967	-0.71167	1.86249	0.37133	0.99939	0.03221	0.01315	-0.03250	0.99922	0.02244	-0.01242	-0.02285	0.99966	
2	0.01000	-0.21624	1.87684	1.59097	-0.53427	0.41794	-0.28983	0.57846	0.99996	-0.00513	-0.00725	0.00506	0.99994	-0.00936	0.00729	0.00932	0.99993		-13.57405	50.18234	873.47622	-179.46115	2.79861	-2.79464	0.73159	0.99762	0.04830	0.04922	0.04870	-0.99879	-0.00701	0.04883	0.00939	-0.99876		599.84097	7.09037	42.82787	1.63181	-0.97899	1.81640	0.37536	0.99935	0.03120	0.01797	-0.03169	0.99911	0.02792	-0.01709	-0.02847	0.99945	
3	0.02000	-0.17210	2.02151	0.90734	-0.26690	0.19032	-0.32768	0.50715	0.99998	-0.00573	-0.00329	0.00572	0.99997	-0.00468	0.00332	0.00466	0.99998		-10.29007	53.70651	874.01453	-179.86256	2.61694	-2.51787	0.61687	0.99799	0.04382	0.04572	0.04389	-0.99904	-0.00039	0.04566	0.00240	-0.99895		599.96140	7.52688	41.11053	1.37113	-0.74826	1.84134	0.37138	0.99940	0.03181	0.01382	-0.03213	0.99921	0.02350	-0.01306	-0.02393	0.99963	
4	0.03000	-0.12310	2.08290	0.27532	-0.09686	-0.04053	-0.34388	0.72088	0.99998	-0.00600	0.00072	0.00600	0.99998	-0.00169	-0.00071	0.00169	1.00000		-6.73211	56.44151	874.50250	-179.98505	2.42875	-2.77436	0.71470	0.99793	0.04839	0.04234	0.04836	-0.99883	0.00179	0.04238	0.00026	-0.99910		599.99928	7.88903	39.47696	1.32769	-0.18485	1.80979	0.37408	0.99950	0.03150	0.00396	-0.03158	0.99924	0.02306	-0.00323	-0.02317	0.99973	
5	0.04000	-0.12621	2.09510	0.26696	-0.09401	-0.04060	-0.34942	0.72131	0.99998	-0.00610	0.00072	0.00610	0.99998	-0.00164	-0.00071	0.00164	1.00000		-6.75479	56.47113	874.49531	-179.98097	2.42444	-2.78441	0.71130	0.99793	0.04856	0.04227	0.04853	-0.99882	0.00172	0.04230	0.00033	-0.99910		600.00266	7.94276	39.48461	1.34855	-0.18363	1.81044	0.37281	0.99950	0.03151	0.00395	-0.03159	0.99923	0.02342	-0.00320	-0.02353	0.99972	
6	0.05000	-0.00642	2.71340	0.02224	0.65416	-0.96609	-0.57360	0.69065	0.99981	-0.01020	0.01674	0.01001	0.99988	0.01158	-0.01686	-0.01142	0.99979		6.54087	67.28631	874.01518	179.36896	1.39852	-2.86713	0.59627	0.99845	0.05029	0.02382	0.05001	-0.99867	0.01222	0.02441	-0.01101	-0.99964		600.37141	10.04333	30.57628	0.34778	0.79609	2.25050	0.36872	0.99913	0.03935	-0.01364	-0.03926	0.99921	0.00661	0.01389	-0.00607	0.99989	
7	0.06000	-0.25800	2.09328	0.28210	0.19023	-0.01372	-0.33241	0.57334	0.99998	-0.00580	0.00022	0.00580	0.99998	0.00332	-0.00024	-0.00332	0.99999		-7.18415	60.81163	874.01155	179.66211	2.40726	-2.78360	0.73217	0.99794	0.04881	0.04167	0.04852	-0.99879	0.00793	0.04200	-0.00589	-0.99910		599.97814	7.80973	39.93409	0.96608	-0.26472	2.01650	0.44581	0.99937	0.03510	0.00521	-0.03519	0.99924	0.01669	-0.00462	-0.01686	0.99985	
8	0.07000	-0.29211	2.02470	0.46614	0.08386	0.09501	-0.32001	0.53136	0.99998	-0.00558	-0.00167	0.00559	0.99998	0.00145	0.00166	-0.00146	1.00000		-8.78793	59.25701	873.92017	179.77023	2.51121	-2.77730	0.73922	0.99787	0.04863	0.04357	0.04841	-0.99881	0.00613	0.04381	-0.00401	-0.99903		599.90196	7.78660	40.74709	1.13565	-0.37761	1.84319	0.41069	0.99946	0.03203	0.00722	-0.03216	0.99929	0.01960	-0.00659	-0.01982	0.99978	
9	0.08000	-0.29688	2.02141	0.44412	0.07980	0.09681	-0.31770	0.52093	0.99998	-0.00554	-0.00170	0.00554	0.99998	0.00138	0.00169	-0.00139	1.00000		-8.79910	59.21037	873.93035	179.77061	2.50952	-2.78458	0.73749	0.99786	0.04876	0.04354	0.04853	-0.99880	0.00613	0.04379	-0.00400	-0.99903		599.90157	7.75584	40.77857	1.14411	-0.37888	1.83208	0.41618	0.99947	0.03183	0.00725	-0.03197	0.99929	0.01975	-0.00661	-0.01997	0.99978	
10	0.09000	-0.28143	2.07687	0.58471	0.21735	0.13975	-0.30836	0.46880	0.99998	-0.00537	-0.00246	0.00538	0.99998	0.00378	0.00244	-0.00379	0.99999		-9.45692	61.24044	873.64211	179.63976	2.55717	-2.76553	0.73837	0.99784	0.04853	0.04426	0.04820	-0.99880	0.00843	0.04462	-0.00628	-0.99898		599.85284	7.69448	41.05771	1.01291	-0.42522	1.82410	0.40735	0.99947	0.03170	0.00798	-0.03183	0.99934	0.01743	-0.00742	-0.01768	0.99982	
11	0.10000	-0.29934	2.02835	0.42155	0.09165	0.10147	-0.31580	0.50844	0.99998	-0.00551	-0.00178	0.00551	0.99998	0.00159	0.00177	-0.00160	1.00000		-8.83327	59.38021	873.94313	179.77560	2.52489	-2.77590	0.74027	0.99786	0.04860	0.04381	0.04838	-0.99881	0.00605	0.04405	-0.00391	-0.99902		599.89262	7.74711	40.83528	1.15127	-0.37594	1.81706	0.41333	0.99948	0.03157	0.00719	-0.03171	0.99930	0.01987	-0.00656	-0.02009	0.99978	
12	0.11000	-0.30046	2.02095	0.41599	0.09449	0.10162	-0.31171	0.50953	0.99998	-0.00544	-0.00178	0.00544	0.99998	0.00164	0.00177	-0.00165	1.00000		-8.81243	59.42015	873.93610	179.76202	2.52136	-2.76592	0.74280	0.99787	0.04844	0.04374	0.04821	-0.99882	0.00627	0.04399	-0.00415	-0.99902		599.88893	7.71927	40.82457	1.15152	-0.38616	1.81102	0.41120	0.99948	0.03146	0.00737	-0.03160	0.99930	0.01987	-0.00674	-0.02010	0.99978	
13	0.12000	-0.29532	2.02324	0.38926	0.08613	0.09092	-0.31417	0.50812	0.99998	-0.00548	-0.00159	0.00548	0.99998	0.00149	0.00159	-0.00150	1.00000		-8.64772	59.30566	873.96167	179.77081	2.49951	-2.78037	0.74064	0.99787	0.04868	0.04337	0.04846	-0.99881	0.00611	0.04361	-0.00400	-0.99904		599.90336	7.75002	40.72435	1.17080	-0.38563	1.79874	0.41655	0.99948	0.03124	0.00737	-0.03139	0.99930	0.02021	-0.00673	-0.02043	0.99977	
14	0.13000	-0.29674	2.03248	0.41220	0.09220	0.10479	-0.31514	0.50381	0.99998	-0.00550	-0.00184	0.00550	0.99998	0.00160	0.00183	-0.00161	1.00000		-8.84908	59.39203	873.93594	179.77087	2.52155	-2.78408	0.74060	0.99785	0.04875	0.04375	0.04853	-0.99880	0.00613	0.04400	-0.00400	-0.99902		599.89426	7.75550	40.83186	1.15948	-0.40257	1.78920	0.41553	0.99949	0.03107	0.00765	-0.03122	0.99931	0.02001	-0.00703	-0.02023	0.99977	
15	0.14000	-0.29757	2.01994	0.37455	0.10094	0.08931	-0.31167	0.50534	0.99998	-0.00544	-0.00157	0.00544	0.99998	0.00175	0.00156	-0.00176	1.00000		-8.61552	59.53571	873.95722	179.75214	2.49647	-2.77939	0.74096	0.99788	0.04868	0.04330	0.04844	-0.99881	0.00643	0.04356	-0.00432	-0.99904		599.90143	7.73964	40.71138	1.16109	-0.38583	1.78880	0.41563	0.99949	0.03107	0.00736	-0.03121	0.99931	0.02004	-0.00673	-0.02026	0.99977	
16	0.15000	-0.29762	2.03487	0.36166	0.09747	0.08849	-0.31588	0.50071	0.99998	-0.00551	-0.00155	0.00551	0.99998	0.00169	0.00154	-0.00170	1.00000		-8.61352	59.47576	873.97240	179.77153	2.49597	-2.78508	0.73981	0.99787	0.04876	0.04330	0.04854	-0.99880	0.00610	0.04355	-0.00398	-0.99904		599.90119	7.74497	40.71204	1.13834	-0.38422	1.81568	0.41508	0.99948	0.03154	0.00733	-0.03168	0.99930	0.01964	-0.00671	-0.01987	0.99978	
17	0.16000	-0.30731	2.02231	0.38645	0.10105	0.09832	-0.31108	0.50323	0.99998	-0.00543	-0.00173	0.00543	0.99998	0.00175	0.00172	-0.00176	1.00000		-8.76138	59.53999	873.94869	179.75832	2.50885	-2.78406	0.73931	0.99786	0.04876	0.04352	0.04853	-0.99880	0.00634	0.04377	-0.00421	-0.99903		599.90378	7.73470	40.78024	1.16482	-0.40331	1.77915	0.41794	0.99949	0.03090	0.00767	-0.03105	0.99932	0.02010	-0.00704	-0.02033	0.99977	
18	0.17000	-0.29870	2.02245	0.36190	0.10608	0.08957	-0.30956	0.50180	0.99998	-0.00540	-0.00157	0.00540	0.99998	0.00184	0.00156	-0.00185	1.00000		-8.65416	59.60982	873.96304	179.75179	2.50020	-2.77679	0.73853	0.99788	0.04863	0.04336	0.04840	-0.99881	0.00644	0.04362	-0.00433	-0.99904		599.84508	7.68245	40.73655	1.12534	-0.33341	1.84515	0.39875	0.99946	0.03208	0.00645	-0.03220	0.99929	0.01944	-0.00582	-0.01964	0.99979	
19	0.18000	-0.30377	2.02806	0.36978	0.09173	0.09383	-0.31465	0.50122	0.99998	-0.00549	-0.00165	0.00549	0.99998	0.00159	0.00164	-0.00160	1.00000		-8.78888	59.50595	873.90566	179.79420	2.44421	-2.87525	0.74304	0.99783	0.05031	0.04241	0.05012	-0.99873	0.00573	0.04265	-0.00359	-0.99908		599.90086	7.75898	40.75141	1.18111	-0.39440	1.78933	0.40982	0.99949	0.03108	0.00752	-0.03122	0.99930	0.02039	-0.00688	-0.02061	0.99976	
20	0.19000	-0.30314	2.04491	0.35849	0.10269	0.08908	-0.31797	0.49772	0.99998	-0.00555	-0.00156	0.00555	0.99998	0.00178	0.00155	-0.00179	1.00000		-8.68093	59.54786	873.96929	179.76164	2.50808	-2.80166	0.74273	0.99785	0.04906	0.04350	0.04883	-0.99879	0.00629	0.04376	-0.00416	-0.99903		599.90439	7.78710	40.70067	1.16617	-0.39458	1.78547	0.41316	0.99949	0.03101	0.00752	-0.03116	0.99931	0.02013	-0.00689	-0.02035	0.99977	
21	0.20000	-0.29791	2.03760	0.35997	0.09656	0.09095	-0.31917	0.49730	0.99998	-0.00557	-0.00160	0.00557	0.99998	0.00168	0.00159	-0.00169	1.00000		-8.71654	59.45995	873.97593	179.76643	2.51685	-2.79816	0.73784	0.99784	0.04900	0.04366	0.04877	-0.99879	0.00622	0.04391	-0.00407	-0.99903		599.88757	7.80297	40.72330	1.18107	-0.38315	1.78556	0.41683	0.99949	0.03101	0.00732	-0.03116	0.99931	0.02039	-0.00669	-0.02061	0.99977	
22	0.21000	-0.30155	2.02312	0.35460	0.09437	0.09227	-0.31280	0.50150	0.99998	-0.00546	-0.00162	0.00546	0.99998	0.00164	0.00161	-0.00165	1.00000		-8.73106	59.44363	873.98371	179.77205	2.51567	-2.79432	0.73630	0.99785	0.04892	0.04365	0.04870	-0.99879	0.00611	0.04389	-0.00397	-0.99903		599.89780	7.75373	40.73761	1.17982	-0.39428	1.77169	0.41510	0.99950	0.03077	0.00751	-0.03092	0.99931	0.02037	-0.00688	-0.02059	0.99976	
23	0.22000	-0.30749	2.03120	0.35728	0.10680	0.09164	-0.31181	0.49846	0.99998	-0.00544	-0.00161	0.00544	0.99998	0.00185	0.00160	-0.00186	1.00000		-8.75935	59.72637	873.91165	179.77745	2.45680	-2.86574	0.74438	0.99783	0.05016	0.04262	0.04995	-0.99873	0.00602	0.04287	-0.00388	-0.99907		599.85558	7.70229	40.74557	1.14524	-0.34088	1.84044	0.39963	0.99947	0.03199	0.00659	-0.03212	0.99929	0.01979	-0.00595	-0.01999	0.99978	
24	0.23000	-0.30674	2.04012	0.36292	0.10766	0.09500	-0.31666	0.50266	0.99998	-0.00552	-0.00167	0.00553	0.99998	0.00187	0.00166	-0.00188	1.00000		-8.75074	59.63656	873.95988	179.76134	2.51574	-2.79668	0.74180	0.99785	0.04897	0.04364	0.04874	-0.99879	0.00630	0.04389	-0.00416	-0.99903		599.89880	7.78574	40.74618	1.16582	-0.39649	1.77959	0.41699	0.99949	0.03091	0.00755	-0.03105	0.99932	0.02012	-0.00692	-0.02035	0.99977	
25	0.24000	-0.29645	2.04182	0.31671	0.10713	0.07916	-0.31788	0.49474	0.99998	-0.00555	-0.00139	0.00555	0.99998	0.00186	0.00138	-0.00187	1.00000		-8.50253	59.62801	874.00096	179.75754	2.49052	-2.79763	0.73773	0.99786	0.04899	0.04320	0.04876	-0.99879	0.00635	0.04345	-0.00423	-0.99905		599.89833	7.79455	40.62900	1.15885	-0.37781	1.77524	0.42004	0.99950	0.03084	0.00722	-0.03098	0.99932	0.02001	-0.00659	-0.02022	0.99977	
26	0.25000	-0.28724	2.07908	0.46616	0.22514	0.11905	-0.30403	0.45920	0.99998	-0.00530	-0.00210	0.00531	0.99998	0.00392	0.00208	-0.00393	0.99999		-9.09797	61.38192	873.73092	179.63467	2.53512	-2.77629	0.73823	0.99785	0.04872	0.04387	0.04839	-0.99879	0.00851	0.04423	-0.00637	-0.99900		600.05019	7.80405	40.81865	1.18485	-0.60035	1.75629	0.43178	0.99948	0.03043	0.01110	-0.03065	0.99932	0.02035	-0.01048	-0.02068	0.99973	
27	0.26000	-0.29824	2.02720	0.34258	0.10522	0.08761	-0.31177	0.49568	0.99998	-0.00544	-0.00154	0.00544	0.99998	0.00183	0.00153	-0.00184	1.00000		-8.59170	59.60870	873.99230	179.76198	2.51144	-2.78496	0.74016	0.99786	0.04877	0.04356	0.04854	-0.99880	0.00628	0.04382	-0.00415	-0.99903		599.90268	7.73759	40.68213	1.16613	-0.39644	1.78554	0.41469	0.99949	0.03101	0.00755	-0.03116	0.99931	0.02013	-0.00692	-0.02035	0.99977	
28	0.27000	-0.30046	2.03631	0.34625	0.10144	0.08974	-0.31667	0.49423	0.99998	-0.00552	-0.00158	0.00553	0.99998	0.00176	0.00157	-0.00177	1.00000		-8.63143	59.54485	873.97059	179.76253	2.49946	-2.79224	0.74209	0.99786	0.04889	0.04336	0.04867	-0.99880	0.00626	0.04361	-0.00414	-0.99904		600.09781	7.91674	40.61782	1.33635	-0.60057	1.73966	0.42999	0.99948	0.03011	0.01118	-0.03036	0.99927	0.02299	-0.01048	-0.02332	0.99967	
29	0.28000	-0.24832	2.05991	-0.02802	0.23595	-0.04306	-0.30902	0.46126	0.99998	-0.00540	0.00073	0.00539	0.99998	0.00412	-0.00075	-0.00412	0.99999		-6.66491	61.57939	874.22050	179.62495	2.36707	-2.78762	0.73937	0.99796	0.04890	0.04093	0.04859	-0.99878	0.00855	0.04130	-0.00654	-0.99913		599.95510	7.79057	39.66878	1.04804	-0.27750	1.75359	0.41718	0.99952	0.03051	0.00540	-0.03060	0.99937	0.01813	-0.00484	-0.01829	0.99982	
30	0.29000	-0.29944	2.02357	0.34387	0.09910	0.09074	-0.31126	0.49462	0.99998	-0.00543	-0.00159	0.00543	0.99998	0.00172	0.00158	-0.00173	1.00000		-8.65031	59.51522	873.98411	179.75938	2.51001	-2.78832	0.73968	0.99786	0.04883	0.04354	0.04860	-0.99880	0.00633	0.04379	-0.00420	-0.99903		600.09440	7.85637	40.63748	1.33346	-0.59206	1.74785	0.43231	0.99948	0.03025	0.01104	-0.03050	0.99927	0.02295	-0.01033	-0.02327	0.99968	
31	0.30000	-0.29580	2.03746	0.31383	0.10413	0.07878	-0.31734	0.49558	0.99998	-0.00554	-0.00138	0.00554	0.99998	0.00181	0.00138	-0.00182	1.00000		-8.54967	59.69235	873.93753	179.78572	2.42904	-2.88038	0.74798	0.99784	0.05041	0.04214	0.05021	-0.99872	0.00587	0.04238	-0.00374	-0.99909		599.90945	7.80292	40.61370	1.17425	-0.39659	1.76252	0.41588	0.99950	0.03061	0.00755	-0.03076	0.99932	0.02027	-0.00692	-0.02049	0.99977	
32	0.31000	-0.30674	2.03167	0.35676	0.09804	0.09579	-0.31406	0.49212	0.99998	-0.00548	-0.00168	0.00548	0.99998	0.00170	0.00167	-0.00171	1.00000		-8.74650	59.49059	873.97173	179.76447	2.51709	-2.79433	0.73500	0.99785	0.04893	0.04366	0.04870	-0.99879	0.00625	0.04392	-0.00411	-0.99903		599.90205	7.76143	40.75255	1.17476	-0.40335	1.77329	0.41409	0.99950	0.03079	0.00767	-0.03094	0.99932	0.02027	-0.00704	-0.02050	0.99977	
33	0.32000	-0.30491	2.03343	0.33795	0.10352	0.08976	-0.31232	0.49660	0.99998	-0.00545	-0.00158	0.00545	0.99998	0.00180	0.00157	-0.00181	1.00000		-8.72805	59.67963	873.91420	179.77713	2.44024	-2.87436	0.74028	0.99784	0.05031	0.04233	0.05010	-0.99873	0.00602	0.04258	-0.00389	-0.99909		599.89596	7.74038	40.70824	1.16433	-0.39138	1.77168	0.41432	0.99950	0.03077	0.00745	-0.03092	0.99932	0.02010	-0.00683	-0.02032	0.99977	
34	0.33000	-0.24052	2.09129	0.10240	0.33364	-0.00672	-0.29478	0.43089	0.99999	-0.00515	0.00009	0.00514	0.99997	0.00582	-0.00012	-0.00582	0.99998		-7.28091	63.01941	873.98216	179.52750	2.40978	-2.77166	0.73524	0.99795	0.04870	0.04160	0.04831	-0.99878	0.01027	0.04205	-0.00824	-0.99908		599.90720	7.66704	39.90447	0.94205	-0.30911	1.74196	0.41443	0.99952	0.03031	0.00589	-0.03040	0.99941	0.01627	-0.00539	-0.01644	0.99985	
35	0.34000	-0.26037	2.05126	-0.02307	0.22527	-0.03764	-0.30354	0.45821	0.99999	-0.00530	0.00064	0.00530	0.99998	0.00393	-0.00066	-0.00393	0.99999		-6.79149	61.41823	874.23258	179.64023	2.38584	-2.78092	0.74146	0.99796	0.04878	0.04127	0.04848	-0.99879	0.00829	0.04163	-0.00627	-0.99911		599.95263	7.72744	39.71353	1.04612	-0.27877	1.75604	0.41782	0.99952	0.03055	0.00542	-0.03064	0.99937	0.01810	-0.00487	-0.01826	0.99982	
36	0.35000	-0.30064	2.03266	0.32972	0.10578	0.08681	-0.31144	0.49058	0.99998	-0.00543	-0.00152	0.00544	0.99998	0.00184	0.00152	-0.00185	1.00000		-8.64673	59.59721	873.99077	179.76573	2.51509	-2.78913	0.73834	0.99785	0.04884	0.04363	0.04861	-0.99880	0.00622	0.04388	-0.00408	-0.99903		599.90354	7.74923	40.67405	1.17429	-0.39873	1.75746	0.41864	0.99951	0.03052	0.00758	-0.03067	0.99932	0.02027	-0.00696	-0.02049	0.99977	
37	0.36000	-0.24995	2.05927	-0.04206	0.23442	-0.04331	-0.30712	0.45697	0.99999	-0.00536	0.00073	0.00536	0.99998	0.00409	-0.00076	-0.00409	0.99999		-6.72223	61.56640	874.22477	179.63103	2.37313	-2.78801	0.73380	0.99796	0.04891	0.04104	0.04860	-0.99878	0.00845	0.04141	-0.00643	-0.99912		599.96855	7.37219	39.67341	0.70100	-0.29064	2.25880	0.30969	0.99921	0.03935	0.00555	-0.03941	0.99915	0.01202	-0.00507	-0.01223	0.99991	
38	0.37000	-0.24027	2.11489	0.07223	0.34040	-0.01685	-0.30416	0.42592	0.99999	-0.00531	0.00026	0.00531	0.99997	0.00594	-0.00029	-0.00594	0.99998		-7.11870	63.10596	874.01089	179.52167	2.40862	-2.78078	0.73615	0.99794	0.04886	0.04157	0.04847	-0.99877	0.01038	0.04203	-0.00834	-0.99908		599.91404	7.74298	39.84152	0.93375	-0.28272	1.76448	0.41261	0.99951	0.03071	0.00543	-0.03079	0.99940	0.01614	-0.00493	-0.01630	0.99986	
39	0.38000	-0.24452	2.04794	-0.06056	0.23518	-0.05351	-0.30090	0.45513	0.99999	-0.00526	0.00091	0.00525	0.99998	0.00411	-0.00093	-0.00410	0.99999		-6.53191	61.57261	874.25856	179.62627	2.36696	-2.77289	0.73868	0.99798	0.04865	0.04093	0.04834	-0.99879	0.00851	0.04130	-0.00652	-0.99913		599.94375	7.70951	39.59118	1.04361	-0.25475	1.75627	0.41526	0.99952	0.03056	0.00500	-0.03065	0.99937	0.01807	-0.00445	-0.01821	0.99982	
40	0.39000	-0.25156	2.04728	-0.05613	0.23833	-0.04773	-0.30145	0.45679	0.99999	-0.00526	0.00081	0.00526	0.99998	0.00416	-0.00083	-0.00416	0.99999		-6.59884	61.63115	874.22959	179.62259	2.35711	-2.78108	0.73875	0.99798	0.04879	0.04076	0.04848	-0.99879	0.00857	0.04113	-0.00658	-0.99913		599.95293	7.70962	39.64167	1.03235	-0.26352	1.76417	0.41235	0.99952	0.03070	0.00515	-0.03079	0.99937	0.01787	-0.00460	-0.01802	0.99983	
41	0.40000	-0.25185	2.05205	-0.06658	0.21644	-0.05482	-0.30635	0.45614	0.99998	-0.00535	0.00094	0.00535	0.99998	0.00378	-0.00096	-0.00378	0.99999		-6.47902	61.29855	874.27382	179.64967	2.35488	-2.78441	0.74174	0.99798	0.04883	0.04074	0.04854	-0.99879	0.00810	0.04109	-0.00611	-0.99914		599.95065	7.74949	39.58185	1.06208	-0.25208	1.76574	0.41378	0.99952	0.03073	0.00497	-0.03081	0.99936	0.01839	-0.00440	-0.01854	0.99982	
42	0.41000	-0.25358	2.04959	-0.04517	0.22634	-0.04522	-0.30135	0.45571	0.99999	-0.00526	0.00077	0.00526	0.99998	0.00395	-0.00079	-0.00395	0.99999		-6.61449	61.45604	874.24371	179.64632	2.36774	-2.78133	0.74185	0.99797	0.04878	0.04096	0.04848	-0.99879	0.00817	0.04131	-0.00617	-0.99913		599.94405	7.70766	39.66700	1.04102	-0.25052	1.75392	0.41411	0.99952	0.03052	0.00493	-0.03061	0.99937	0.01803	-0.00437	-0.01817	0.99983	
43	0.42000	-0.25305	2.05463	-0.04082	0.21429	-0.04606	-0.30759	0.45869	0.99999	-0.00537	0.00078	0.00537	0.99998	0.00374	-0.00080	-0.00374	0.99999		-6.61258	61.26240	874.26167	179.65253	2.37173	-2.78438	0.74263	0.99796	0.04883	0.04104	0.04854	-0.99879	0.00807	0.04138	-0.00606	-0.99912		599.94334	7.74965	39.65460	1.05242	-0.25483	1.76588	0.41936	0.99952	0.03073	0.00501	-0.03082	0.99936	0.01822	-0.00445	-0.01837	0.99982	
44	0.43000	-0.25231	2.05605	-0.06543	0.22839	-0.05322	-0.30479	0.45983	0.99999	-0.00532	0.00091	0.00532	0.99998	0.00399	-0.00093	-0.00399	0.99999		-6.51060	61.46591	874.26655	179.63484	2.36617	-2.77801	0.73959	0.99797	0.04873	0.04093	0.04843	-0.99879	0.00837	0.04129	-0.00637	-0.99913		599.95460	7.72817	39.60537	1.03369	-0.24974	1.75406	0.41995	0.99952	0.03053	0.00491	-0.03061	0.99937	0.01790	-0.00436	-0.01804	0.99983	
45	0.44000	-0.29179	2.03359	0.30895	0.09679	0.07969	-0.31357	0.49525	0.99998	-0.00547	-0.00140	0.00547	0.99998	0.00168	0.00139	-0.00169	1.00000		-8.51360	59.47440	874.00965	179.77451	2.49514	-2.79164	0.73736	0.99787	0.04887	0.04329	0.04866	-0.99880	0.00605	0.04353	-0.00393	-0.99904		599.85071	7.72139	40.65033	1.15195	-0.33772	1.82745	0.40307	0.99947	0.03176	0.00653	-0.03189	0.99929	0.01991	-0.00589	-0.02010	0.99978	
46	0.45000	-0.25054	2.03888	-0.05093	0.22207	-0.04736	-0.30078	0.45672	0.99999	-0.00525	0.00081	0.00525	0.99998	0.00388	-0.00083	-0.00388	0.99999		-6.63129	61.39233	874.25388	179.64467	2.36935	-2.78218	0.73186	0.99797	0.04879	0.04099	0.04850	-0.99879	0.00820	0.04134	-0.00620	-0.99913		599.94689	7.71042	39.64929	1.05562	-0.25849	1.74977	0.42326	0.99952	0.03045	0.00507	-0.03053	0.99937	0.01828	-0.00451	-0.01842	0.99982	
47	0.46000	-0.25768	2.06539	-0.04535	0.22551	-0.04506	-0.31038	0.45458	0.99998	-0.00542	0.00077	0.00542	0.99998	0.00394	-0.00079	-0.00394	0.99999		-6.66697	61.40609	874.26225	179.63687	2.38766	-2.78414	0.73431	0.99795	0.04884	0.04130	0.04853	-0.99879	0.00835	0.04166	-0.00633	-0.99911		599.95906	7.78726	39.66283	1.06466	-0.26908	1.75921	0.41845	0.99952	0.03061	0.00526	-0.03070	0.99936	0.01843	-0.00470	-0.01858	0.99982	
48	0.47000	-0.25400	2.05106	-0.04792	0.22704	-0.04710	-0.30483	0.45500	0.99999	-0.00532	0.00080	0.00532	0.99998	0.00397	-0.00082	-0.00396	0.99999		-6.65348	61.45237	874.25452	179.63124	2.37237	-2.78546	0.74168	0.99796	0.04886	0.04103	0.04855	-0.99878	0.00844	0.04139	-0.00643	-0.99912		599.89421	7.71166	39.66569	1.03057	-0.20791	1.81234	0.40361	0.99949	0.03156	0.00420	-0.03163	0.99934	0.01786	-0.00363	-0.01799	0.99983	
49	0.48000	-0.25488	2.05272	-0.06947	0.23463	-0.05417	-0.30453	0.45608	0.99999	-0.00532	0.00092	0.00532	0.99998	0.00410	-0.00095	-0.00410	0.99999		-6.54215	61.56474	874.26763	179.62718	2.37419	-2.78971	0.74033	0.99796	0.04894	0.04106	0.04863	-0.99878	0.00852	0.04143	-0.00650	-0.99912		599.94865	7.74654	39.59080	1.04705	-0.24870	1.74731	0.41410	0.99953	0.03041	0.00490	-0.03049	0.99937	0.01813	-0.00434	-0.01827	0.99982	
50	0.49000	-0.25847	2.06451	-0.03996	0.23307	-0.04171	-0.30698	0.45499	0.99999	-0.00536	0.00071	0.00536	0.99998	0.00407	-0.00073	-0.00407	0.99999		-6.77790	61.64362	874.17962	179.65503	2.32268	-2.87081	0.74402	0.99792	0.05033	0.04017	0.05004	-0.99871	0.00804	0.04053	-0.00602	-0.99916		600.13531	7.88044	39.61511	1.19870	-0.44988	1.72935	0.43454	0.99951	0.03001	0.00848	-0.03018	0.99933	0.02067	-0.00785	-0.02092	0.99975	
51	0.50000	-0.29297	2.04354	0.29233	0.10655	0.07165	-0.31608	0.49345	0.99998	-0.00551	-0.00126	0.00552	0.99998	0.00185	0.00125	-0.00186	1.00000		-8.41416	59.61027	874.01909	179.75525	2.49031	-2.80089	0.73687	0.99786	0.04905	0.04319	0.04882	-0.99879	0.00639	0.04345	-0.00427	-0.99905		600.10349	7.90796	40.47416	1.34083	-0.57595	1.74045	0.42946	0.99949	0.03013	0.01076	-0.03037	0.99927	0.02308	-0.01005	-0.02340	0.99968	
52	0.51000	-0.23245	2.10748	0.06734	0.33370	-0.01685	-0.30079	0.42651	0.99999	-0.00525	0.00026	0.00525	0.99997	0.00582	-0.00029	-0.00582	0.99998		-7.12618	63.04017	873.98368	179.54172	2.38695	-2.78052	0.73039	0.99796	0.04884	0.04121	0.04847	-0.99877	0.01001	0.04165	-0.00799	-0.99910		599.90910	7.74541	39.83179	0.97502	-0.29275	1.72488	0.41751	0.99953	0.03001	0.00562	-0.03010	0.99940	0.01685	-0.00511	-0.01702	0.99984	
53	0.52000	-0.29131	2.05160	0.28395	0.11830	0.07150	-0.31617	0.48888	0.99998	-0.00552	-0.00126	0.00552	0.99998	0.00206	0.00125	-0.00206	1.00000		-8.40570	59.80282	873.99137	179.76024	2.47636	-2.79795	0.73076	0.99788	0.04899	0.04295	0.04877	-0.99879	0.00629	0.04321	-0.00418	-0.99906		599.91067	7.79341	40.54869	1.16517	-0.38870	1.76121	0.42093	0.99950	0.03059	0.00740	-0.03073	0.99933	0.02012	-0.00678	-0.02033	0.99977	
54	0.53000	-0.24793	2.05272	-0.03203	0.21714	-0.03982	-0.30506	0.45415	0.99999	-0.00533	0.00068	0.00532	0.99998	0.00379	-0.00069	-0.00379	0.99999		-6.72243	61.29139	874.24452	179.64267	2.38214	-2.77946	0.74022	0.99796	0.04875	0.04121	0.04845	-0.99879	0.00824	0.04156	-0.00623	-0.99912		599.94539	7.73957	39.69358	1.06154	-0.27706	1.74376	0.41327	0.99953	0.03033	0.00540	-0.03043	0.99937	0.01837	-0.00484	-0.01853	0.99982	
55	0.54000	-0.24515	2.06162	-0.06716	0.22557	-0.05328	-0.30746	0.45621	0.99998	-0.00537	0.00091	0.00537	0.99998	0.00394	-0.00093	-0.00394	0.99999		-6.51917	61.42478	874.25895	179.64503	2.35858	-2.78703	0.74415	0.99797	0.04888	0.04080	0.04858	-0.99879	0.00819	0.04115	-0.00619	-0.99913		600.14047	7.88550	39.50812	1.20541	-0.45577	1.71901	0.42689	0.99952	0.02982	0.00858	-0.03000	0.99933	0.02079	-0.00795	-0.02104	0.99975	
56	0.55000	-0.24536	2.04109	-0.08059	0.22753	-0.05729	-0.30078	0.45503	0.99999	-0.00525	0.00098	0.00525	0.99998	0.00398	-0.00100	-0.00397	0.99999		-6.45507	61.49949	874.26063	179.65593	2.34868	-2.78121	0.73235	0.99798	0.04877	0.04064	0.04848	-0.99879	0.00799	0.04098	-0.00600	-0.99914		599.95084	7.70779	39.56482	1.04716	-0.25820	1.74331	0.41654	0.99953	0.03033	0.00506	-0.03042	0.99937	0.01813	-0.00451	-0.01828	0.99982	
57	0.56000	-0.24627	2.04724	-0.07562	0.23062	-0.05386	-0.30178	0.45289	0.99999	-0.00527	0.00092	0.00527	0.99998	0.00403	-0.00094	-0.00403	0.99999		-6.50691	61.54044	874.25970	179.64200	2.35766	-2.78691	0.73652	0.99797	0.04888	0.04078	0.04858	-0.99879	0.00824	0.04114	-0.00624	-0.99913		599.94145	7.71367	39.59820	1.04019	-0.25018	1.74588	0.41758	0.99953	0.03038	0.00492	-0.03047	0.99937	0.01801	-0.00437	-0.01815	0.99983	
58	0.57000	-0.25632	2.06453	-0.05478	0.22408	-0.04694	-0.30895	0.45660	0.99998	-0.00540	0.00080	0.00539	0.99998	0.00391	-0.00082	-0.00391	0.99999		-6.66492	61.51528	874.19066	179.65953	2.30501	-2.87170	0.74460	0.99794	0.05034	0.03987	0.05006	-0.99871	0.00795	0.04022	-0.00594	-0.99917		599.94806	7.79539	39.64255	1.07345	-0.26622	1.72422	0.41533	0.99954	0.03000	0.00521	-0.03009	0.99937	0.01859	-0.00465	-0.01873	0.99981	
59	0.58000	-0.24280	2.05451	-0.08697	0.22420	-0.06066	-0.30547	0.45468	0.99998	-0.00534	0.00104	0.00533	0.99998	0.00392	-0.00106	-0.00391	0.99999		-6.48108	61.50947	874.22338	179.65637	2.28992	-2.86231	0.74223	0.99795	0.05017	0.03961	0.04990	-0.99872	0.00799	0.03996	-0.00599	-0.99918		599.94967	7.76607	39.52983	1.08275	-0.25789	1.73055	0.41591	0.99953	0.03011	0.00507	-0.03020	0.99937	0.01875	-0.00450	-0.01890	0.99981	
60	0.59000	-0.25040	2.04959	-0.07896	0.22319	-0.05626	-0.30174	0.45804	0.99999	-0.00527	0.00096	0.00527	0.99998	0.00390	-0.00098	-0.00390	0.99999		-6.49448	61.40663	874.28394	179.64215	2.36329	-2.78765	0.73686	0.99797	0.04889	0.04088	0.04859	-0.99878	0.00824	0.04124	-0.00624	-0.99913		600.15354	7.84964	39.48294	1.22334	-0.45962	1.70061	0.42650	0.99953	0.02950	0.00865	-0.02968	0.99934	0.02110	-0.00802	-0.02135	0.99974	
61	0.60000	-0.25226	2.05030	-0.06421	0.21589	-0.04878	-0.30640	0.45576	0.99999	-0.00535	0.00083	0.00535	0.99998	0.00377	-0.00085	-0.00377	0.99999		-6.62090	61.29629	874.27895	179.65244	2.37537	-2.79533	0.73805	0.99795	0.04902	0.04110	0.04873	-0.99878	0.00808	0.04145	-0.00606	-0.99912		599.95239	7.75967	39.63646	1.06794	-0.25794	1.73830	0.41862	0.99953	0.03025	0.00506	-0.03033	0.99937	0.01849	-0.00450	-0.01864	0.99982	
62	0.61000	-0.24235	2.05401	-0.08806	0.23188	-0.06043	-0.30700	0.45152	0.99998	-0.00536	0.00103	0.00536	0.99998	0.00405	-0.00105	-0.00405	0.99999		-6.45830	61.52349	874.28347	179.63116	2.36326	-2.78407	0.73431	0.99797	0.04884	0.04087	0.04853	-0.99879	0.00843	0.04124	-0.00643	-0.99913		599.94185	7.78628	39.54178	1.05382	-0.24280	1.73079	0.41866	0.99953	0.03012	0.00479	-0.03020	0.99938	0.01826	-0.00424	-0.01839	0.99982	
63	0.62000	-0.24403	2.04904	-0.08480	0.22705	-0.05766	-0.30321	0.45441	0.99999	-0.00530	0.00099	0.00529	0.99998	0.00397	-0.00101	-0.00396	0.99999		-6.49994	61.45014	874.29124	179.63304	2.36462	-2.77694	0.73684	0.99798	0.04871	0.04090	0.04841	-0.99879	0.00840	0.04126	-0.00640	-0.99913		599.94422	7.73369	39.56448	1.04269	-0.25106	1.73659	0.41609	0.99953	0.03022	0.00493	-0.03030	0.99938	0.01806	-0.00438	-0.01820	0.99982	
64	0.63000	-0.29583	2.03147	0.29042	0.09519	0.07347	-0.31295	0.49124	0.99998	-0.00546	-0.00129	0.00546	0.99998	0.00165	0.00128	-0.00166	1.00000		-8.44910	59.45951	874.01599	179.77632	2.48603	-2.79105	0.73091	0.99787	0.04886	0.04313	0.04865	-0.99880	0.00601	0.04338	-0.00390	-0.99905		599.89940	7.75958	40.57074	1.18560	-0.38030	1.75282	0.41976	0.99951	0.03044	0.00727	-0.03059	0.99932	0.02048	-0.00664	-0.02069	0.99976	
65	0.64000	-0.25234	2.04641	-0.06945	0.21316	-0.05376	-0.30366	0.45963	0.99999	-0.00530	0.00092	0.00530	0.99998	0.00372	-0.00094	-0.00372	0.99999		-6.53136	61.24876	874.28446	179.64912	2.36539	-2.78687	0.73839	0.99797	0.04887	0.04092	0.04858	-0.99879	0.00812	0.04127	-0.00612	-0.99913		599.89960	7.70107	39.61080	1.04128	-0.20786	1.79876	0.40162	0.99950	0.03132	0.00420	-0.03139	0.99934	0.01805	-0.00363	-0.01817	0.99983	
66	0.65000	-0.25613	2.05654	-0.06495	0.21199	-0.05148	-0.30808	0.45548	0.99998	-0.00538	0.00088	0.00538	0.99998	0.00370	-0.00090	-0.00370	0.99999		-6.55731	61.22865	874.27740	179.64960	2.36184	-2.79607	0.73304	0.99796	0.04903	0.04086	0.04874	-0.99878	0.00812	0.04121	-0.00611	-0.99913		600.15201	7.87617	39.52518	1.19865	-0.45869	1.73681	0.43333	0.99951	0.03013	0.00863	-0.03031	0.99933	0.02067	-0.00801	-0.02092	0.99975	
67	0.66000	-0.25268	2.05357	-0.05898	0.20761	-0.04804	-0.30814	0.45496	0.99998	-0.00538	0.00082	0.00538	0.99998	0.00363	-0.00084	-0.00362	0.99999		-6.60084	61.15778	874.29172	179.66583	2.37684	-2.78883	0.73783	0.99796	0.04890	0.04114	0.04861	-0.99879	0.00784	0.04147	-0.00583	-0.99912		599.95267	7.77016	39.63847	1.07919	-0.26584	1.74749	0.41766	0.99952	0.03040	0.00521	-0.03049	0.99936	0.01868	-0.00464	-0.01883	0.99981	
68	0.67000	-0.24958	2.04138	-0.05412	0.22757	-0.04773	-0.29892	0.45335	0.99999	-0.00522	0.00081	0.00522	0.99998	0.00398	-0.00083	-0.00397	0.99999		-6.59640	61.46484	874.25842	179.63861	2.36987	-2.77362	0.73983	0.99797	0.04865	0.04100	0.04835	-0.99880	0.00830	0.04135	-0.00630	-0.99912		599.94927	7.69646	39.63969	1.05186	-0.26256	1.73220	0.41794	0.99953	0.03014	0.00513	-0.03023	0.99938	0.01821	-0.00458	-0.01836	0.99982	
69	0.68000	-0.24466	2.06082	-0.07811	0.22723	-0.05785	-0.30807	0.45502	0.99998	-0.00538	0.00099	0.00538	0.99998	0.00397	-0.00101	-0.00397	0.99999		-6.46865	61.46718	874.25040	179.64810	2.34370	-2.79506	0.73101	0.99797	0.04901	0.04054	0.04872	-0.99878	0.00813	0.04089	-0.00614	-0.99914		599.95355	7.77377	39.54894	1.04327	-0.26022	1.74251	0.42019	0.99953	0.03032	0.00509	-0.03041	0.99937	0.01806	-0.00454	-0.01821	0.99982	
70	0.69000	-0.29707	2.03698	0.30647	0.09317	0.07933	-0.31689	0.49105	0.99998	-0.00553	-0.00139	0.00553	0.99998	0.00162	0.00138	-0.00163	1.00000		-8.49588	59.42020	874.01529	179.77623	2.49049	-2.80059	0.73822	0.99786	0.04903	0.04321	0.04881	-0.99879	0.00602	0.04345	-0.00390	-0.99905		599.90877	7.78500	40.61200	1.17847	-0.39531	1.76996	0.41713	0.99950	0.03074	0.00753	-0.03089	0.99932	0.02034	-0.00690	-0.02057	0.99976	
71	0.70000	-0.25336	2.04121	-0.06252	0.20689	-0.05119	-0.30310	0.45731	0.99999	-0.00529	0.00087	0.00529	0.99998	0.00361	-0.00089	-0.00361	0.99999		-6.54001	61.15156	874.29361	179.65631	2.37012	-2.78258	0.73947	0.99797	0.04879	0.04101	0.04850	-0.99879	0.00800	0.04135	-0.00599	-0.99913		599.90117	7.68920	39.63383	1.04320	-0.20488	1.80625	0.39835	0.99950	0.03145	0.00415	-0.03152	0.99934	0.01808	-0.00358	-0.01821	0.99983	
72	0.71000	-0.30417	2.05648	0.30392	0.09220	0.07807	-0.32144	0.49057	0.99998	-0.00561	-0.00137	0.00561	0.99998	0.00160	0.00136	-0.00161	1.00000		-8.48723	59.37370	874.02403	179.77298	2.48869	-2.80360	0.73555	0.99786	0.04908	0.04318	0.04887	-0.99879	0.00608	0.04342	-0.00396	-0.99905		599.91792	7.82608	40.60248	1.19401	-0.39854	1.76462	0.41370	0.99950	0.03064	0.00759	-0.03079	0.99931	0.02061	-0.00696	-0.02084	0.99976	
73	0.72000	-0.25989	2.05072	-0.04497	0.21390	-0.04372	-0.30428	0.45301	0.99999	-0.00531	0.00074	0.00531	0.99998	0.00374	-0.00076	-0.00373	0.99999		-6.66971	61.24153	874.25648	179.65326	2.37577	-2.77809	0.73844	0.99797	0.04872	0.04111	0.04843	-0.99879	0.00805	0.04145	-0.00605	-0.99912		599.95576	7.72782	39.66295	1.05652	-0.27652	1.74975	0.41786	0.99952	0.03044	0.00539	-0.03053	0.99937	0.01828	-0.00483	-0.01844	0.99982	
74	0.73000	-0.25554	2.05037	-0.06422	0.21887	-0.05057	-0.30329	0.45545	0.99999	-0.00530	0.00086	0.00529	0.99998	0.00382	-0.00088	-0.00382	0.99999		-6.60078	61.34173	874.23513	179.65654	2.34307	-2.78567	0.73428	0.99798	0.04884	0.04054	0.04856	-0.99879	0.00797	0.04088	-0.00599	-0.99915		599.95381	7.71594	39.61439	1.05642	-0.26150	1.75418	0.41399	0.99952	0.03052	0.00513	-0.03061	0.99936	0.01829	-0.00456	-0.01844	0.99982	
75	0.74000	-0.25659	2.06346	-0.08261	0.22361	-0.05765	-0.31035	0.45186	0.99998	-0.00542	0.00099	0.00542	0.99998	0.00391	-0.00101	-0.00390	0.99999		-6.48472	61.38185	874.29795	179.64317	2.37519	-2.78781	0.73808	0.99796	0.04889	0.04109	0.04860	-0.99878	0.00824	0.04144	-0.00622	-0.99912		599.96356	7.77778	39.54415	1.03667	-0.26905	1.76155	0.41333	0.99952	0.03065	0.00525	-0.03074	0.99937	0.01794	-0.00470	-0.01809	0.99983	
76	0.75000	-0.25203	2.05266	-0.09806	0.22087	-0.06194	-0.30347	0.45416	0.99999	-0.00530	0.00106	0.00530	0.99998	0.00386	-0.00108	-0.00385	0.99999		-6.42645	61.35083	874.31045	179.64738	2.36122	-2.77829	0.74070	0.99798	0.04872	0.04085	0.04843	-0.99879	0.00814	0.04120	-0.00615	-0.99913		600.14667	7.85129	39.44096	1.20450	-0.43571	1.71798	0.43045	0.99952	0.02981	0.00823	-0.02998	0.99933	0.02078	-0.00760	-0.02102	0.99975	
77	0.76000	-0.25631	2.06075	-0.07195	0.21624	-0.05171	-0.30710	0.45342	0.99999	-0.00536	0.00088	0.00536	0.99998	0.00378	-0.00090	-0.00377	0.99999		-6.58274	61.26840	874.29017	179.64964	2.37444	-2.78431	0.73479	0.99796	0.04883	0.04108	0.04853	-0.99879	0.00812	0.04143	-0.00611	-0.99912		600.15656	7.88086	39.52143	1.22390	-0.46616	1.72417	0.43337	0.99951	0.02991	0.00877	-0.03009	0.99932	0.02111	-0.00814	-0.02136	0.99974	
78	0.77000	-0.25472	2.04728	-0.07629	0.22268	-0.05311	-0.30020	0.45254	0.99999	-0.00524	0.00091	0.00524	0.99998	0.00389	-0.00093	-0.00389	0.99999		-6.55883	61.37208	874.27542	179.63318	2.36375	-2.77104	0.73983	0.99798	0.04861	0.04088	0.04830	-0.99880	0.00839	0.04124	-0.00640	-0.99913		600.16147	7.84681	39.50632	1.23663	-0.46894	1.69844	0.43498	0.99953	0.02946	0.00882	-0.02964	0.99933	0.02133	-0.00818	-0.02158	0.99973	
79	0.78000	-0.25743	2.06179	-0.08111	0.21891	-0.05457	-0.30811	0.45548	0.99998	-0.00538	0.00093	0.00538	0.99998	0.00382	-0.00095	-0.00382	0.99999		-6.52404	61.31242	874.29884	179.64281	2.37140	-2.78057	0.73633	0.99797	0.04877	0.04102	0.04847	-0.99879	0.00823	0.04138	-0.00623	-0.99912		599.96945	7.77313	39.57930	1.06696	-0.27477	1.74699	0.41599	0.99952	0.03039	0.00536	-0.03049	0.99936	0.01847	-0.00480	-0.01862	0.99982	
80	0.79000	-0.30578	2.03583	0.31189	0.08740	0.08536	-0.31244	0.49224	0.99998	-0.00545	-0.00150	0.00545	0.99998	0.00152	0.00149	-0.00153	1.00000		-8.65984	59.43833	873.92594	179.80139	2.42560	-2.86626	0.73412	0.99785	0.05015	0.04210	0.04996	-0.99874	0.00558	0.04232	-0.00346	-0.99910		599.90945	7.74213	40.66630	1.19153	-0.40357	1.76162	0.41641	0.99950	0.03059	0.00768	-0.03074	0.99932	0.02057	-0.00704	-0.02079	0.99976	
81	0.80000	-0.25770	2.05800	-0.09297	0.22856	-0.05969	-0.30719	0.45345	0.99998	-0.00537	0.00102	0.00536	0.99998	0.00399	-0.00104	-0.00399	0.99999		-6.43323	61.46854	874.29011	179.63780	2.35879	-2.78424	0.73587	0.99797	0.04883	0.04080	0.04853	-0.99879	0.00831	0.04116	-0.00632	-0.99913		599.95851	7.76495	39.54009	1.05044	-0.25840	1.75502	0.41904	0.99952	0.03054	0.00507	-0.03063	0.99937	0.01819	-0.00451	-0.01833	0.99982	
82	0.81000	-0.23898	2.08966	0.03230	0.33275	-0.02786	-0.29169	0.42395	0.99999	-0.00509	0.00046	0.00509	0.99997	0.00581	-0.00049	-0.00581	0.99998		-6.91869	63.02968	874.04470	179.52692	2.38461	-2.77269	0.74221	0.99796	0.04872	0.04116	0.04833	-0.99878	0.01026	0.04161	-0.00825	-0.99910		599.92131	7.64497	39.73379	0.94681	-0.29656	1.73308	0.41524	0.99953	0.03015	0.00567	-0.03024	0.99941	0.01636	-0.00518	-0.01652	0.99985	
83	0.82000	-0.26161	2.06525	-0.06535	0.23075	-0.04893	-0.30861	0.45138	0.99998	-0.00539	0.00083	0.00539	0.99998	0.00403	-0.00085	-0.00403	0.99999		-6.57561	61.49257	874.26059	179.63348	2.37163	-2.78443	0.74048	0.99796	0.04884	0.04102	0.04854	-0.99879	0.00840	0.04138	-0.00639	-0.99912		599.95375	7.78892	39.62302	1.06373	-0.26731	1.73697	0.41799	0.99953	0.03022	0.00523	-0.03031	0.99937	0.01841	-0.00467	-0.01856	0.99982	
84	0.83000	-0.25604	2.06196	-0.07309	0.22114	-0.05379	-0.30684	0.45264	0.99999	-0.00536	0.00092	0.00536	0.99998	0.00386	-0.00094	-0.00386	0.99999		-6.50996	61.34346	874.28157	179.64044	2.36622	-2.78026	0.73615	0.99797	0.04876	0.04093	0.04846	-0.99879	0.00827	0.04129	-0.00627	-0.99913		599.95626	7.75062	39.58334	1.05654	-0.26197	1.75409	0.41692	0.99952	0.03052	0.00513	-0.03061	0.99936	0.01829	-0.00457	-0.01844	0.99982	
85	0.84000	-0.25788	2.06613	-0.08499	0.22708	-0.05690	-0.30743	0.45405	0.99998	-0.00537	0.00097	0.00537	0.99998	0.00397	-0.00099	-0.00396	0.99999		-6.46738	61.43010	874.28504	179.63287	2.36205	-2.78289	0.74467	0.99797	0.04881	0.04085	0.04851	-0.99879	0.00840	0.04121	-0.00640	-0.99913		599.96243	7.76487	39.56306	1.05494	-0.26060	1.73882	0.41605	0.99953	0.03025	0.00510	-0.03034	0.99937	0.01826	-0.00455	-0.01841	0.99982	
86	0.85000	-0.26134	2.06580	-0.04931	0.21392	-0.04382	-0.30897	0.45326	0.99998	-0.00539	0.00075	0.00539	0.99998	0.00374	-0.00076	-0.00373	0.99999		-6.66793	61.22480	874.26945	179.64667	2.37961	-2.77948	0.73711	0.99796	0.04875	0.04117	0.04845	-0.99879	0.00817	0.04152	-0.00616	-0.99912		599.95200	7.76091	39.66317	1.05226	-0.26770	1.75538	0.41424	0.99952	0.03054	0.00523	-0.03063	0.99936	0.01821	-0.00467	-0.01836	0.99982	
87	0.86000	-0.26037	2.07397	-0.08017	0.22715	-0.05190	-0.31101	0.45480	0.99998	-0.00543	0.00088	0.00543	0.99998	0.00397	-0.00091	-0.00396	0.99999		-6.57133	61.45002	874.26628	179.64818	2.36538	-2.79114	0.73099	0.99796	0.04895	0.04092	0.04865	-0.99878	0.00814	0.04127	-0.00614	-0.99913		599.96019	7.78945	39.60804	1.03855	-0.26282	1.74904	0.41626	0.99952	0.03043	0.00514	-0.03052	0.99937	0.01798	-0.00459	-0.01812	0.99983	
88	0.87000	-0.25922	2.05044	-0.07432	0.22726	-0.05352	-0.30281	0.45622	0.99999	-0.00529	0.00091	0.00528	0.99998	0.00397	-0.00093	-0.00397	0.99999		-6.53746	61.46199	874.27494	179.63965	2.36903	-2.78539	0.73537	0.99796	0.04885	0.04098	0.04855	-0.99879	0.00829	0.04134	-0.00628	-0.99913		599.95267	7.74461	39.58328	1.07079	-0.26226	1.72598	0.41774	0.99954	0.03003	0.00514	-0.03012	0.99937	0.01854	-0.00458	-0.01869	0.99981	
89	0.88000	-0.25939	2.04224	-0.07423	0.21309	-0.05354	-0.29958	0.45403	0.99999	-0.00523	0.00092	0.00523	0.99998	0.00372	-0.00093	-0.00372	0.99999		-6.54043	61.23897	874.29453	179.64278	2.36899	-2.77618	0.73830	0.99797	0.04869	0.04098	0.04839	-0.99879	0.00823	0.04133	-0.00623	-0.99913		599.96159	7.71518	39.57850	1.08620	-0.26899	1.71975	0.41435	0.99954	0.02992	0.00526	-0.03001	0.99937	0.01881	-0.00469	-0.01896	0.99981	
90	0.89000	-0.31180	2.03780	0.31158	0.10010	0.08378	-0.31359	0.48864	0.99998	-0.00547	-0.00147	0.00547	0.99998	0.00174	0.00146	-0.00175	1.00000		-8.58653	59.50621	874.01375	179.77002	2.51000	-2.79061	0.73635	0.99786	0.04886	0.04355	0.04864	-0.99880	0.00614	0.04379	-0.00401	-0.99903		599.86674	7.72601	40.66966	1.14449	-0.35626	1.82198	0.39854	0.99948	0.03166	0.00685	-0.03179	0.99930	0.01977	-0.00622	-0.01997	0.99978	
91	0.90000	-0.26159	2.04993	-0.06015	0.21748	-0.04838	-0.30329	0.45338	0.99999	-0.00530	0.00082	0.00529	0.99998	0.00380	-0.00084	-0.00380	0.99999		-6.62245	61.30480	874.26590	179.65613	2.37113	-2.77664	0.73733	0.99797	0.04869	0.04103	0.04840	-0.99880	0.00800	0.04137	-0.00600	-0.99913		599.95431	7.73655	39.63064	1.07416	-0.26263	1.74108	0.41548	0.99953	0.03029	0.00515	-0.03038	0.99937	0.01860	-0.00458	-0.01875	0.99981	
92	0.91000	-0.31170	2.05480	0.32289	0.10831	0.08855	-0.31854	0.48736	0.99998	-0.00556	-0.00156	0.00556	0.99998	0.00188	0.00155	-0.00189	1.00000		-8.67565	59.63570	873.97496	179.76654	2.50749	-2.78828	0.72934	0.99786	0.04882	0.04350	0.04860	-0.99880	0.00620	0.04375	-0.00407	-0.99903		599.91687	7.82424	40.67983	1.19275	-0.40996	1.74939	0.41485	0.99951	0.03037	0.00779	-0.03053	0.99932	0.02059	-0.00716	-0.02082	0.99976	
93	0.92000	-0.30852	2.04023	0.28694	0.09842	0.07480	-0.31256	0.49338	0.99998	-0.00545	-0.00131	0.00546	0.99998	0.00171	0.00131	-0.00172	1.00000		-8.43914	59.49215	874.03943	179.77362	2.50463	-2.78918	0.73670	0.99786	0.04883	0.04346	0.04861	-0.99880	0.00607	0.04370	-0.00395	-0.99904		599.92392	7.75636	40.57774	1.18489	-0.39761	1.75410	0.41816	0.99951	0.03046	0.00757	-0.03061	0.99932	0.02046	-0.00694	-0.02068	0.99976	
94	0.93000	-0.30695	2.03544	0.28538	0.09334	0.07358	-0.31159	0.49353	0.99998	-0.00544	-0.00129	0.00544	0.99998	0.00162	0.00128	-0.00163	1.00000		-8.41953	59.41565	874.03260	179.78212	2.49298	-2.78678	0.73678	0.99787	0.04878	0.04326	0.04857	-0.99880	0.00591	0.04350	-0.00380	-0.99905		599.92346	7.75509	40.56019	1.19274	-0.39821	1.73867	0.41585	0.99952	0.03019	0.00758	-0.03034	0.99933	0.02060	-0.00695	-0.02082	0.99976	
