1	0.00000	-0.14688	2.02339	0.80094	-0.25728	0.15875	-0.31987	0.49929	0.99998	-0.00559	-0.00275	0.00558	0.99997	-0.00451	0.00277	0.00449	0.99999		-9.73295	53.86227	874.08836	-179.87817	2.58545	-2.50269	0.60106	0.99803	0.04357	0.04516	0.04362	-0.99905	-0.00015	0.04511	0.00212	-0.99898		599.93687	7.41869	40.88333	1.30328	-0.68909	1.85124	0.37356	0.99941	0.03202	0.01275	-0.03230	0.99923	0.02234	-0.01203	-0.02274	0.99967	
2	0.01000	-0.14925	2.01945	0.80125	-0.25879	0.15716	-0.31843	0.50223	0.99998	-0.00557	-0.00272	0.00556	0.99997	-0.00453	0.00274	0.00452	0.99999		-9.71497	53.84857	874.08515	-179.87538	2.56938	-2.50766	0.61118	0.99804	0.04366	0.04488	0.04371	-0.99904	-0.00021	0.04483	0.00217	-0.99899		600.12441	7.55000	40.82192	1.50828	-0.91379	1.94707	0.36672	0.99930	0.03354	0.01683	-0.03397	0.99909	0.02576	-0.01595	-0.02632	0.99953	
3	0.02000	-0.15441	2.00576	0.82544	-0.26494	0.16861	-0.31586	0.50047	0.99998	-0.00553	-0.00292	0.00551	0.99997	-0.00464	0.00294	0.00462	0.99998		-9.87604	53.74833	874.05407	-179.87331	2.57849	-2.48821	0.60914	0.99805	0.04331	0.04504	0.04337	-0.99906	-0.00026	0.04499	0.00221	-0.99899		600.18024	7.56197	40.86182	1.54675	-0.95655	1.82653	0.38115	0.99935	0.03141	0.01754	-0.03187	0.99914	0.02645	-0.01669	-0.02699	0.99950	
4	0.03000	-0.12010	2.06429	0.23545	-0.10986	-0.04165	-0.33441	0.72534	0.99998	-0.00583	0.00074	0.00584	0.99998	-0.00191	-0.00073	0.00192	1.00000		-6.57836	56.27129	874.51997	-179.97884	2.40997	-2.75109	0.71465	0.99796	0.04798	0.04202	0.04795	-0.99885	0.00165	0.04205	0.00037	-0.99912		600.23448	7.91743	39.39582	1.50313	-0.42024	1.79912	0.39347	0.99948	0.03119	0.00815	-0.03139	0.99917	0.02599	-0.00733	-0.02623	0.99963	
5	0.04000	-0.11851	2.06636	0.23694	-0.11295	-0.04282	-0.33664	0.72900	0.99998	-0.00587	0.00076	0.00588	0.99998	-0.00197	-0.00075	0.00197	1.00000		-6.59863	56.28654	874.45112	-179.95084	2.36490	-2.76423	0.70157	0.99799	0.04819	0.04126	0.04819	-0.99884	0.00113	0.04126	0.00086	-0.99915		600.00485	7.81726	39.48330	1.33692	-0.18936	1.81955	0.37782	0.99949	0.03167	0.00404	-0.03175	0.99923	0.02321	-0.00331	-0.02333	0.99972	
6	0.05000	0.02640	2.17460	-0.56063	-0.53669	-1.13828	-0.49826	0.96820	0.99976	-0.00851	0.01995	0.00869	0.99992	-0.00919	-0.01987	0.00936	0.99976		9.65703	49.56249	875.87978	-179.50433	1.25131	-2.72935	0.63547	0.99863	0.04743	0.02222	0.04761	-0.99884	-0.00760	0.02184	0.00865	-0.99972		600.45572	8.96023	29.42828	1.52695	0.97715	2.15339	0.37040	0.99915	0.03802	-0.01603	-0.03757	0.99892	0.02727	0.01705	-0.02664	0.99950	
7	0.06000	-0.22259	2.08687	0.18719	0.17287	-0.03968	-0.32428	0.57948	0.99998	-0.00566	0.00068	0.00566	0.99998	0.00302	-0.00069	-0.00302	0.99999		-6.65208	60.67574	874.03379	179.69202	2.29936	-2.83132	0.73340	0.99798	0.04961	0.03981	0.04936	-0.99875	0.00735	0.04012	-0.00537	-0.99918		599.96954	7.73880	39.77452	0.99954	-0.23641	2.00930	0.44695	0.99938	0.03498	0.00473	-0.03506	0.99924	0.01729	-0.00413	-0.01744	0.99984	
8	0.07000	-0.25299	2.04136	0.37903	0.07447	0.07322	-0.31673	0.53755	0.99998	-0.00553	-0.00128	0.00553	0.99998	0.00129	0.00128	-0.00130	1.00000		-8.28234	59.13233	873.98292	179.77510	2.46732	-2.75246	0.73398	0.99792	0.04819	0.04281	0.04798	-0.99883	0.00599	0.04305	-0.00392	-0.99907		599.91383	7.75075	40.60314	1.14475	-0.35559	1.83241	0.40794	0.99947	0.03185	0.00684	-0.03198	0.99929	0.01977	-0.00621	-0.01998	0.99978	
9	0.08000	-0.21556	2.08410	0.13881	0.21478	-0.03798	-0.31645	0.56037	0.99998	-0.00553	0.00064	0.00552	0.99998	0.00375	-0.00066	-0.00375	0.99999		-6.63395	61.24165	874.08293	179.62859	2.36003	-2.75529	0.74003	0.99800	0.04834	0.04082	0.04803	-0.99881	0.00845	0.04118	-0.00648	-0.99913		599.95977	7.41971	39.64433	0.68786	-0.26622	2.31386	0.30663	0.99917	0.04031	0.00513	-0.04037	0.99911	0.01181	-0.00465	-0.01201	0.99992	
10	0.09000	-0.23657	2.09283	0.49439	0.21932	0.11136	-0.30522	0.47593	0.99998	-0.00532	-0.00196	0.00533	0.99998	0.00382	0.00194	-0.00383	0.99999		-8.88163	61.31069	873.68587	179.62811	2.50108	-2.75568	0.74066	0.99789	0.04836	0.04327	0.04803	-0.99881	0.00858	0.04364	-0.00648	-0.99903		599.84817	7.66908	40.84110	1.01741	-0.39790	1.81301	0.40443	0.99948	0.03151	0.00750	-0.03164	0.99935	0.01753	-0.00694	-0.01776	0.99982	
11	0.10000	-0.25670	2.04946	0.33175	0.09708	0.07338	-0.31456	0.51269	0.99998	-0.00549	-0.00129	0.00549	0.99998	0.00169	0.00128	-0.00169	1.00000		-8.28107	59.49887	873.98933	179.75581	2.47354	-2.76550	0.74415	0.99790	0.04843	0.04290	0.04820	-0.99882	0.00634	0.04316	-0.00426	-0.99906		599.88643	7.74143	40.60338	1.14793	-0.36558	1.80141	0.41120	0.99949	0.03130	0.00701	-0.03143	0.99931	0.01982	-0.00638	-0.02003	0.99978	
12	0.11000	-0.26732	2.04708	0.34401	0.09023	0.08175	-0.31459	0.51229	0.99998	-0.00549	-0.00143	0.00549	0.99998	0.00157	0.00143	-0.00157	1.00000		-8.40410	59.39180	873.98285	179.75583	2.48860	-2.76385	0.73890	0.99789	0.04840	0.04316	0.04817	-0.99882	0.00635	0.04342	-0.00426	-0.99905		599.88693	7.74997	40.66934	1.15820	-0.37623	1.78645	0.41049	0.99949	0.03104	0.00719	-0.03117	0.99931	0.02000	-0.00657	-0.02021	0.99977	
13	0.12000	-0.26687	2.05174	0.32155	0.10055	0.07628	-0.31661	0.51254	0.99998	-0.00552	-0.00134	0.00553	0.99998	0.00175	0.00133	-0.00175	1.00000		-8.34562	59.55369	873.96947	179.75072	2.46568	-2.76209	0.73699	0.99791	0.04838	0.04276	0.04814	-0.99882	0.00642	0.04302	-0.00435	-0.99906		600.07817	7.89663	40.54621	1.30853	-0.56517	1.76525	0.41811	0.99948	0.03057	0.01056	-0.03080	0.99927	0.02252	-0.00986	-0.02283	0.99969	
14	0.13000	-0.24383	2.09229	0.43994	0.21914	0.10668	-0.30340	0.47042	0.99998	-0.00529	-0.00188	0.00530	0.99998	0.00381	0.00186	-0.00382	0.99999		-8.82893	61.29731	873.74223	179.62292	2.50959	-2.74555	0.73791	0.99789	0.04819	0.04342	0.04785	-0.99882	0.00867	0.04379	-0.00657	-0.99902		599.84733	7.68746	40.80576	1.04882	-0.40663	1.76539	0.40802	0.99950	0.03067	0.00766	-0.03081	0.99936	0.01808	-0.00710	-0.01830	0.99981	
15	0.14000	-0.26225	2.05185	0.31172	0.10771	0.07469	-0.31404	0.50389	0.99998	-0.00548	-0.00131	0.00548	0.99998	0.00187	0.00130	-0.00188	1.00000		-8.38420	59.74190	873.92064	179.75160	2.41165	-2.84399	0.74314	0.99788	0.04980	0.04181	0.04957	-0.99875	0.00642	0.04208	-0.00433	-0.99910		599.88305	7.74391	40.60481	1.14225	-0.37216	1.79521	0.41418	0.99949	0.03119	0.00712	-0.03133	0.99931	0.01972	-0.00650	-0.01993	0.99978	
16	0.15000	-0.25604	2.04355	0.29939	0.10400	0.07211	-0.30907	0.50091	0.99998	-0.00539	-0.00127	0.00539	0.99998	0.00181	0.00126	-0.00182	1.00000		-8.34656	59.69608	873.94653	179.76611	2.41935	-2.84147	0.74842	0.99788	0.04974	0.04196	0.04953	-0.99875	0.00617	0.04221	-0.00408	-0.99910		599.88347	7.72943	40.58603	1.16750	-0.36976	1.76161	0.41438	0.99951	0.03060	0.00708	-0.03074	0.99932	0.02017	-0.00645	-0.02037	0.99977	
17	0.16000	-0.21180	2.04986	-0.06076	0.21277	-0.05433	-0.29926	0.46700	0.99999	-0.00523	0.00093	0.00522	0.99998	0.00372	-0.00095	-0.00371	0.99999		-6.41022	61.24420	874.26238	179.62900	2.34973	-2.74584	0.74325	0.99801	0.04817	0.04064	0.04787	-0.99882	0.00843	0.04100	-0.00647	-0.99914		599.91954	7.68638	39.62021	1.05746	-0.22915	1.75753	0.41424	0.99952	0.03059	0.00456	-0.03067	0.99936	0.01832	-0.00400	-0.01845	0.99982	
18	0.17000	-0.26306	2.04315	0.30560	0.09226	0.07607	-0.31031	0.50175	0.99998	-0.00541	-0.00134	0.00542	0.99998	0.00160	0.00133	-0.00161	1.00000		-8.33916	59.41200	873.99543	179.75983	2.47170	-2.76830	0.74501	0.99790	0.04848	0.04287	0.04825	-0.99882	0.00627	0.04313	-0.00419	-0.99906		599.87975	7.72434	40.61617	1.18289	-0.37292	1.76609	0.41209	0.99950	0.03068	0.00714	-0.03082	0.99932	0.02043	-0.00651	-0.02064	0.99977	
19	0.18000	-0.25264	2.09599	0.41754	0.22469	0.10547	-0.30101	0.46049	0.99998	-0.00525	-0.00186	0.00525	0.99998	0.00391	0.00184	-0.00392	0.99999		-8.78265	61.37409	873.74280	179.62178	2.50100	-2.76135	0.74500	0.99789	0.04846	0.04327	0.04813	-0.99880	0.00870	0.04364	-0.00659	-0.99903		599.84793	7.65813	40.80123	1.03276	-0.40240	1.75936	0.41299	0.99950	0.03057	0.00757	-0.03070	0.99937	0.01780	-0.00702	-0.01802	0.99981	
20	0.19000	-0.26644	2.05262	0.28531	0.11597	0.06882	-0.31223	0.49715	0.99998	-0.00545	-0.00121	0.00545	0.99998	0.00202	0.00120	-0.00202	1.00000		-8.21190	59.75300	873.98617	179.72707	2.45569	-2.77038	0.74364	0.99791	0.04854	0.04257	0.04829	-0.99881	0.00683	0.04285	-0.00476	-0.99907		600.08001	7.86158	40.47879	1.28823	-0.55970	1.75087	0.42440	0.99949	0.03033	0.01045	-0.03055	0.99929	0.02217	-0.00977	-0.02248	0.99970	
21	0.20000	-0.26793	2.05227	0.27949	0.09937	0.06910	-0.31376	0.49862	0.99998	-0.00547	-0.00121	0.00548	0.99998	0.00173	0.00121	-0.00173	1.00000		-8.20569	59.49319	874.01971	179.74911	2.46406	-2.76581	0.74302	0.99791	0.04844	0.04273	0.04821	-0.99882	0.00645	0.04299	-0.00437	-0.99907		599.88611	7.76340	40.56254	1.16933	-0.36656	1.76147	0.41068	0.99951	0.03060	0.00702	-0.03074	0.99932	0.02020	-0.00640	-0.02041	0.99977	
22	0.21000	-0.27100	2.04229	0.32143	0.09260	0.08697	-0.30937	0.49916	0.99998	-0.00540	-0.00153	0.00540	0.99998	0.00161	0.00152	-0.00162	1.00000		-8.46675	59.41465	873.96733	179.75987	2.47605	-2.77155	0.74075	0.99790	0.04853	0.04295	0.04831	-0.99881	0.00628	0.04320	-0.00419	-0.99906		599.87710	7.72094	40.70807	1.17879	-0.38573	1.75457	0.41481	0.99951	0.03047	0.00736	-0.03062	0.99932	0.02036	-0.00673	-0.02057	0.99977	
23	0.22000	-0.21482	2.06462	-0.08579	0.22556	-0.05837	-0.30217	0.46398	0.99999	-0.00528	0.00100	0.00527	0.99998	0.00394	-0.00102	-0.00394	0.99999		-6.31296	61.42889	874.25542	179.62859	2.33053	-2.75877	0.74546	0.99801	0.04839	0.04030	0.04809	-0.99881	0.00843	0.04066	-0.00648	-0.99915		600.12654	7.84712	39.49095	1.21408	-0.44545	1.72382	0.42516	0.99952	0.02991	0.00841	-0.03008	0.99933	0.02094	-0.00777	-0.02119	0.99975	
24	0.23000	-0.20755	2.06004	-0.09482	0.22283	-0.06129	-0.29797	0.46101	0.99999	-0.00520	0.00105	0.00520	0.99998	0.00389	-0.00107	-0.00389	0.99999		-6.27208	61.39030	874.28554	179.62939	2.34200	-2.74652	0.74470	0.99802	0.04818	0.04051	0.04788	-0.99882	0.00842	0.04086	-0.00646	-0.99914		599.91829	7.66692	39.56356	1.04468	-0.23214	1.75753	0.41643	0.99952	0.03059	0.00461	-0.03067	0.99937	0.01810	-0.00405	-0.01823	0.99983	
25	0.24000	-0.21306	2.08240	-0.09862	0.23161	-0.06391	-0.30352	0.46186	0.99999	-0.00530	0.00109	0.00530	0.99998	0.00405	-0.00112	-0.00404	0.99999		-6.24262	61.51033	874.28228	179.61652	2.34343	-2.76053	0.74149	0.99800	0.04843	0.04052	0.04812	-0.99880	0.00865	0.04089	-0.00669	-0.99914		599.92561	7.70172	39.53639	1.03777	-0.22592	1.77074	0.41184	0.99951	0.03082	0.00450	-0.03090	0.99936	0.01798	-0.00394	-0.01811	0.99983	
26	0.25000	-0.21769	2.06716	-0.08763	0.21951	-0.05861	-0.30082	0.46057	0.99999	-0.00525	0.00100	0.00525	0.99998	0.00384	-0.00102	-0.00383	0.99999		-6.32434	61.34503	874.27411	179.62663	2.34602	-2.76032	0.74380	0.99800	0.04842	0.04057	0.04812	-0.99881	0.00848	0.04093	-0.00651	-0.99914		599.92330	7.67283	39.56922	1.02387	-0.23333	1.76775	0.41039	0.99952	0.03077	0.00462	-0.03085	0.99937	0.01773	-0.00407	-0.01787	0.99983	
27	0.26000	-0.26698	2.05558	0.28540	0.10128	0.07131	-0.31189	0.49907	0.99998	-0.00544	-0.00125	0.00544	0.99998	0.00176	0.00124	-0.00177	1.00000		-8.25439	59.53650	874.01641	179.75308	2.47875	-2.75846	0.74324	0.99791	0.04831	0.04299	0.04808	-0.99882	0.00639	0.04325	-0.00431	-0.99906		599.88663	7.30649	40.57972	0.80393	-0.36807	2.29107	0.30085	0.99918	0.03988	0.00698	-0.03998	0.99911	0.01376	-0.00642	-0.01403	0.99988	
28	0.27000	-0.22438	2.07859	-0.08636	0.22119	-0.05712	-0.30703	0.45981	0.99998	-0.00536	0.00098	0.00536	0.99998	0.00387	-0.00100	-0.00386	0.99999		-6.40987	61.46588	874.19942	179.63858	2.28236	-2.84491	0.74312	0.99798	0.04988	0.03946	0.04959	-0.99874	0.00828	0.03982	-0.00630	-0.99919		599.92089	7.71645	39.58255	1.01882	-0.24184	1.78753	0.41481	0.99950	0.03111	0.00477	-0.03119	0.99936	0.01764	-0.00422	-0.01778	0.99983	
29	0.28000	-0.22678	2.06905	-0.10171	0.21762	-0.06113	-0.30373	0.46109	0.99999	-0.00530	0.00105	0.00530	0.99998	0.00380	-0.00107	-0.00380	0.99999		-6.29158	61.31432	874.28534	179.62781	2.34429	-2.75470	0.74387	0.99801	0.04832	0.04054	0.04802	-0.99881	0.00845	0.04090	-0.00649	-0.99914		599.93282	7.30435	39.55754	0.69195	-0.24891	2.26560	0.30839	0.99921	0.03948	0.00482	-0.03953	0.99915	0.01190	-0.00434	-0.01208	0.99992	
30	0.29000	-0.27207	2.05435	0.28702	0.09813	0.07364	-0.30997	0.49350	0.99998	-0.00541	-0.00129	0.00541	0.99998	0.00171	0.00129	-0.00171	1.00000		-8.29652	59.51951	874.01385	179.75526	2.48265	-2.77243	0.74478	0.99789	0.04855	0.04306	0.04832	-0.99881	0.00636	0.04332	-0.00427	-0.99905		599.88286	7.28078	40.60316	0.80428	-0.36858	2.29876	0.30419	0.99917	0.04002	0.00699	-0.04011	0.99910	0.01377	-0.00643	-0.01404	0.99988	
31	0.30000	-0.25200	2.09082	0.40853	0.21191	0.10661	-0.29958	0.45787	0.99998	-0.00522	-0.00188	0.00523	0.99998	0.00369	0.00186	-0.00370	0.99999		-8.82531	61.20856	873.75264	179.63913	2.50260	-2.76014	0.74725	0.99789	0.04843	0.04331	0.04811	-0.99881	0.00839	0.04366	-0.00629	-0.99903		600.04313	7.77314	40.71133	1.21537	-0.61593	1.72529	0.42240	0.99949	0.02987	0.01138	-0.03011	0.99933	0.02088	-0.01075	-0.02121	0.99972	
32	0.31000	-0.26196	2.04552	0.29646	0.10362	0.07747	-0.30621	0.49451	0.99998	-0.00534	-0.00136	0.00534	0.99998	0.00180	0.00135	-0.00181	1.00000		-8.36115	59.60113	873.99159	179.74506	2.48095	-2.76263	0.74539	0.99790	0.04839	0.04302	0.04815	-0.99882	0.00653	0.04329	-0.00445	-0.99905		599.88036	7.68184	40.60306	1.17132	-0.39070	1.77319	0.41307	0.99950	0.03080	0.00745	-0.03094	0.99932	0.02022	-0.00682	-0.02044	0.99977	
33	0.32000	-0.21593	2.08020	-0.08066	0.21806	-0.05270	-0.30454	0.45729	0.99999	-0.00532	0.00090	0.00532	0.99998	0.00381	-0.00092	-0.00381	0.99999		-6.42121	61.32413	874.26728	179.62790	2.35229	-2.76541	0.74190	0.99799	0.04851	0.04068	0.04821	-0.99880	0.00847	0.04104	-0.00649	-0.99914		599.92101	7.70767	39.61958	1.04949	-0.25002	1.75933	0.41474	0.99952	0.03062	0.00492	-0.03070	0.99936	0.01817	-0.00436	-0.01832	0.99982	
34	0.33000	-0.21401	2.06311	-0.11062	0.21795	-0.06445	-0.30017	0.45849	0.99999	-0.00524	0.00111	0.00524	0.99998	0.00381	-0.00112	-0.00380	0.99999		-6.23468	61.33151	874.29345	179.63298	2.33541	-2.74699	0.74352	0.99802	0.04819	0.04039	0.04789	-0.99882	0.00835	0.04075	-0.00640	-0.99915		599.92008	7.68862	39.52968	1.05353	-0.23001	1.74749	0.41449	0.99953	0.03042	0.00457	-0.03049	0.99937	0.01826	-0.00401	-0.01839	0.99982	
35	0.34000	-0.21373	2.07275	-0.09069	0.22086	-0.05632	-0.30288	0.45876	0.99999	-0.00529	0.00096	0.00529	0.99998	0.00386	-0.00098	-0.00385	0.99999		-6.34756	61.37688	874.27252	179.63278	2.34769	-2.76167	0.73888	0.99800	0.04844	0.04061	0.04814	-0.99881	0.00838	0.04096	-0.00640	-0.99914		599.91885	7.70565	39.58668	1.04750	-0.24943	1.74784	0.41706	0.99953	0.03042	0.00491	-0.03050	0.99937	0.01814	-0.00435	-0.01828	0.99982	
36	0.35000	-0.21727	2.06976	-0.11684	0.21215	-0.06822	-0.30142	0.45828	0.99999	-0.00526	0.00117	0.00526	0.99998	0.00371	-0.00119	-0.00370	0.99999		-6.21153	61.32956	874.24397	179.65585	2.26952	-2.82965	0.74924	0.99800	0.04960	0.03925	0.04933	-0.99875	0.00795	0.03960	-0.00600	-0.99920		599.88100	7.66528	39.50610	1.04267	-0.18670	1.80837	0.40031	0.99950	0.03149	0.00383	-0.03156	0.99934	0.01809	-0.00326	-0.01820	0.99983	
37	0.36000	-0.25144	2.08707	0.38802	0.20328	0.10075	-0.29770	0.45665	0.99998	-0.00519	-0.00178	0.00520	0.99998	0.00354	0.00176	-0.00355	0.99999		-8.70362	61.06606	873.78448	179.65466	2.49236	-2.75243	0.74298	0.99790	0.04828	0.04315	0.04798	-0.99882	0.00811	0.04349	-0.00602	-0.99904		599.83708	7.62406	40.76144	1.07400	-0.39445	1.74517	0.41659	0.99951	0.03032	0.00745	-0.03045	0.99936	0.01853	-0.00688	-0.01874	0.99980	
38	0.37000	-0.21376	2.06004	-0.10725	0.21601	-0.06408	-0.29914	0.45930	0.99999	-0.00522	0.00110	0.00522	0.99998	0.00378	-0.00112	-0.00377	0.99999		-6.22326	61.29892	874.30108	179.64261	2.34021	-2.75700	0.74679	0.99801	0.04835	0.04048	0.04806	-0.99881	0.00819	0.04083	-0.00623	-0.99915		599.92815	7.69210	39.51511	1.06022	-0.24733	1.72216	0.41375	0.99954	0.02997	0.00487	-0.03005	0.99938	0.01837	-0.00432	-0.01850	0.99982	
39	0.38000	-0.21698	2.07017	-0.10202	0.21631	-0.06221	-0.30151	0.45792	0.99999	-0.00527	0.00107	0.00526	0.99998	0.00378	-0.00109	-0.00378	0.99999		-6.26175	61.28865	874.30275	179.64499	2.35070	-2.76462	0.74370	0.99800	0.04849	0.04067	0.04819	-0.99880	0.00817	0.04102	-0.00619	-0.99914		599.91925	7.67927	39.54169	1.04177	-0.23639	1.75390	0.41216	0.99952	0.03053	0.00468	-0.03061	0.99937	0.01805	-0.00413	-0.01818	0.99983	
40	0.39000	-0.20914	2.06091	-0.11168	0.22081	-0.06520	-0.29829	0.45645	0.99999	-0.00521	0.00112	0.00521	0.99998	0.00386	-0.00114	-0.00385	0.99999		-6.23185	61.35038	874.30701	179.63382	2.34836	-2.74693	0.74630	0.99801	0.04819	0.04062	0.04788	-0.99882	0.00835	0.04098	-0.00639	-0.99914		599.91572	7.66678	39.52010	1.04757	-0.22836	1.74206	0.41301	0.99953	0.03032	0.00454	-0.03040	0.99937	0.01815	-0.00399	-0.01828	0.99982	
41	0.40000	-0.21122	2.07519	-0.11819	0.22403	-0.06783	-0.30116	0.45580	0.99999	-0.00526	0.00116	0.00526	0.99998	0.00392	-0.00118	-0.00391	0.99999		-6.25039	61.49304	874.24619	179.64140	2.28144	-2.83583	0.74179	0.99798	0.04972	0.03945	0.04944	-0.99874	0.00822	0.03981	-0.00625	-0.99919		599.92006	7.68371	39.49351	1.04014	-0.22977	1.75071	0.41230	0.99953	0.03047	0.00456	-0.03055	0.99937	0.01802	-0.00401	-0.01815	0.99983	
42	0.41000	-0.21231	2.07418	-0.12759	0.22863	-0.06994	-0.30270	0.46059	0.99999	-0.00529	0.00120	0.00528	0.99998	0.00400	-0.00122	-0.00399	0.99999		-6.17521	61.47146	874.29358	179.62608	2.33034	-2.76462	0.74639	0.99801	0.04850	0.04030	0.04819	-0.99880	0.00848	0.04066	-0.00652	-0.99915		599.91840	7.71330	39.47678	1.04403	-0.22791	1.74318	0.41493	0.99953	0.03034	0.00453	-0.03042	0.99937	0.01809	-0.00398	-0.01822	0.99983	
43	0.42000	-0.21685	2.08238	-0.13489	0.22660	-0.07194	-0.30823	0.45839	0.99998	-0.00538	0.00123	0.00538	0.99998	0.00396	-0.00126	-0.00395	0.99999		-6.13882	61.42034	874.32465	179.62007	2.34025	-2.75750	0.73972	0.99801	0.04838	0.04047	0.04807	-0.99881	0.00859	0.04083	-0.00663	-0.99914		599.92790	7.75496	39.47141	1.04134	-0.22790	1.74922	0.41550	0.99953	0.03045	0.00453	-0.03052	0.99937	0.01804	-0.00398	-0.01817	0.99983	
44	0.43000	-0.21869	2.06032	-0.12068	0.21293	-0.06816	-0.29869	0.45336	0.99999	-0.00522	0.00117	0.00521	0.99998	0.00372	-0.00119	-0.00372	0.99999		-6.18334	61.25504	874.30909	179.63849	2.33934	-2.76266	0.74738	0.99801	0.04846	0.04047	0.04816	-0.99881	0.00827	0.04082	-0.00630	-0.99915		599.92504	7.25888	39.50271	0.70070	-0.22952	2.25614	0.30400	0.99922	0.03932	0.00448	-0.03937	0.99915	0.01206	-0.00401	-0.01223	0.99992	
45	0.44000	-0.22156	2.08162	-0.12266	0.22462	-0.06706	-0.30595	0.45727	0.99998	-0.00534	0.00115	0.00534	0.99998	0.00393	-0.00117	-0.00392	0.99999		-6.25721	61.51460	874.23159	179.64833	2.27231	-2.84111	0.74761	0.99799	0.04981	0.03930	0.04953	-0.99874	0.00810	0.03965	-0.00613	-0.99919		599.93417	7.28667	39.51807	0.66631	-0.23250	2.30016	0.29694	0.99919	0.04008	0.00452	-0.04013	0.99913	0.01146	-0.00406	-0.01163	0.99992	
46	0.45000	-0.21234	2.05601	-0.12988	0.21868	-0.07266	-0.29730	0.45397	0.99999	-0.00519	0.00125	0.00519	0.99998	0.00382	-0.00127	-0.00382	0.99999		-6.11618	61.35735	874.30550	179.63356	2.32700	-2.75968	0.74574	0.99802	0.04841	0.04025	0.04811	-0.99881	0.00834	0.04060	-0.00639	-0.99915		599.92450	7.65116	39.45707	1.04116	-0.22721	1.75210	0.40986	0.99952	0.03050	0.00452	-0.03057	0.99937	0.01804	-0.00397	-0.01817	0.99983	
47	0.46000	-0.21225	2.07494	-0.13389	0.22772	-0.07247	-0.30310	0.45805	0.99998	-0.00529	0.00124	0.00529	0.99998	0.00398	-0.00126	-0.00397	0.99999		-6.12163	61.47420	874.31668	179.62607	2.33857	-2.75829	0.74521	0.99801	0.04839	0.04044	0.04808	-0.99881	0.00848	0.04080	-0.00652	-0.99915		599.92239	7.70134	39.45246	1.04261	-0.22696	1.76035	0.40909	0.99952	0.03064	0.00452	-0.03072	0.99936	0.01807	-0.00396	-0.01820	0.99983	
48	0.47000	-0.20492	2.06928	-0.12851	0.21001	-0.07221	-0.30463	0.45827	0.99998	-0.00532	0.00124	0.00532	0.99998	0.00367	-0.00126	-0.00367	0.99999		-6.12764	61.20880	874.32274	179.64317	2.33600	-2.75957	0.74724	0.99801	0.04840	0.04041	0.04810	-0.99881	0.00818	0.04076	-0.00622	-0.99915		599.92385	7.72188	39.45702	1.06091	-0.23192	1.74592	0.41328	0.99953	0.03039	0.00461	-0.03047	0.99937	0.01838	-0.00405	-0.01852	0.99982	
49	0.48000	-0.21279	2.06065	-0.11577	0.21857	-0.06507	-0.30026	0.45385	0.99999	-0.00524	0.00112	0.00524	0.99998	0.00382	-0.00114	-0.00381	0.99999		-6.22080	61.35759	874.28999	179.63141	2.33756	-2.76087	0.74564	0.99801	0.04843	0.04043	0.04813	-0.99881	0.00839	0.04079	-0.00643	-0.99915		600.12218	7.81695	39.43168	1.20614	-0.43403	1.71329	0.42546	0.99952	0.02973	0.00820	-0.02990	0.99934	0.02081	-0.00758	-0.02105	0.99975	
50	0.49000	-0.26208	2.05081	0.27622	0.09545	0.07569	-0.31300	0.49098	0.99998	-0.00546	-0.00133	0.00546	0.99998	0.00166	0.00132	-0.00167	1.00000		-8.31633	59.47541	874.01170	179.75040	2.47633	-2.77487	0.74644	0.99789	0.04860	0.04294	0.04837	-0.99881	0.00644	0.04321	-0.00435	-0.99906		599.88548	7.33920	40.60803	0.82683	-0.38938	2.28081	0.30005	0.99918	0.03969	0.00736	-0.03980	0.99911	0.01415	-0.00680	-0.01443	0.99987	
51	0.50000	-0.21394	2.08035	-0.13339	0.22767	-0.07045	-0.30542	0.45733	0.99998	-0.00534	0.00121	0.00533	0.99998	0.00398	-0.00123	-0.00397	0.99999		-6.19512	61.58011	874.23672	179.64011	2.26427	-2.84413	0.74338	0.99799	0.04987	0.03915	0.04958	-0.99874	0.00823	0.03951	-0.00628	-0.99920		599.92167	7.73925	39.46754	1.05475	-0.23899	1.74138	0.41356	0.99953	0.03031	0.00473	-0.03039	0.99937	0.01827	-0.00417	-0.01841	0.99982	
52	0.51000	-0.21276	2.08592	-0.14999	0.22821	-0.07698	-0.30742	0.45624	0.99998	-0.00537	0.00132	0.00537	0.99998	0.00399	-0.00134	-0.00398	0.99999		-6.05011	61.47753	874.31650	179.62170	2.32140	-2.76801	0.74698	0.99801	0.04856	0.04014	0.04825	-0.99880	0.00855	0.04051	-0.00660	-0.99916		600.12139	7.86099	39.34112	1.18449	-0.42208	1.72970	0.42774	0.99952	0.03003	0.00799	-0.03018	0.99934	0.02044	-0.00737	-0.02067	0.99976	
53	0.52000	-0.20613	2.11482	0.01077	0.32510	-0.03149	-0.29481	0.42714	0.99999	-0.00515	0.00052	0.00515	0.99997	0.00568	-0.00055	-0.00567	0.99998		-6.74330	62.91547	874.05809	179.52113	2.38019	-2.74976	0.74396	0.99799	0.04832	0.04108	0.04793	-0.99880	0.01034	0.04153	-0.00835	-0.99910		599.89648	7.67038	39.72500	0.96280	-0.27857	1.72782	0.41722	0.99953	0.03007	0.00537	-0.03015	0.99941	0.01665	-0.00486	-0.01680	0.99985	
54	0.53000	-0.21647	2.07665	-0.13317	0.22082	-0.07305	-0.30538	0.45455	0.99998	-0.00533	0.00125	0.00533	0.99998	0.00386	-0.00127	-0.00385	0.99999		-6.11684	61.36912	874.30957	179.62740	2.32602	-2.77035	0.74441	0.99801	0.04860	0.04022	0.04829	-0.99880	0.00846	0.04059	-0.00650	-0.99915		600.13176	7.86882	39.36428	1.22589	-0.43261	1.71310	0.42714	0.99952	0.02973	0.00818	-0.02989	0.99933	0.02116	-0.00755	-0.02139	0.99974	
55	0.54000	-0.26918	2.05371	0.27408	0.09906	0.07350	-0.31136	0.48704	0.99998	-0.00543	-0.00129	0.00543	0.99998	0.00172	0.00128	-0.00173	1.00000		-8.31630	59.52729	873.99644	179.76648	2.46654	-2.77790	0.73543	0.99790	0.04864	0.04279	0.04842	-0.99881	0.00616	0.04304	-0.00407	-0.99907		600.08263	7.86301	40.49834	1.33952	-0.57547	1.73021	0.42577	0.99949	0.02995	0.01074	-0.03019	0.99928	0.02306	-0.01004	-0.02338	0.99968	
56	0.55000	-0.21590	2.07052	-0.11600	0.22142	-0.06504	-0.30259	0.45484	0.99999	-0.00529	0.00112	0.00528	0.99998	0.00387	-0.00114	-0.00386	0.99999		-6.24731	61.36075	874.29981	179.63034	2.34421	-2.76194	0.74442	0.99800	0.04845	0.04054	0.04815	-0.99880	0.00842	0.04090	-0.00645	-0.99914		599.93038	7.71402	39.51874	1.05758	-0.23290	1.74994	0.41890	0.99953	0.03046	0.00463	-0.03054	0.99937	0.01832	-0.00406	-0.01846	0.99982	
57	0.56000	-0.20929	2.07759	-0.13857	0.22902	-0.07116	-0.30395	0.45325	0.99998	-0.00531	0.00122	0.00530	0.99998	0.00400	-0.00124	-0.00400	0.99999		-6.15961	61.46508	874.30999	179.62057	2.33823	-2.76874	0.74172	0.99800	0.04857	0.04043	0.04826	-0.99880	0.00859	0.04080	-0.00662	-0.99915		599.92621	7.72517	39.47182	1.04399	-0.23303	1.74250	0.41718	0.99953	0.03033	0.00462	-0.03041	0.99937	0.01809	-0.00407	-0.01822	0.99983	
58	0.57000	-0.20898	2.07883	-0.14285	0.22205	-0.07343	-0.30792	0.45494	0.99998	-0.00538	0.00126	0.00537	0.99998	0.00388	-0.00128	-0.00388	0.99999		-6.13191	61.35985	874.32335	179.63126	2.33632	-2.76858	0.74442	0.99800	0.04856	0.04041	0.04826	-0.99880	0.00840	0.04077	-0.00643	-0.99915		599.92429	7.76292	39.45748	1.05540	-0.22454	1.74157	0.41792	0.99953	0.03031	0.00448	-0.03039	0.99937	0.01829	-0.00392	-0.01842	0.99982	
59	0.58000	-0.22070	2.07377	-0.10608	0.20202	-0.06060	-0.30600	0.45514	0.99998	-0.00534	0.00104	0.00534	0.99998	0.00353	-0.00106	-0.00353	0.99999		-6.30706	61.06860	874.30860	179.65390	2.34563	-2.77106	0.74365	0.99799	0.04859	0.04059	0.04830	-0.99880	0.00801	0.04093	-0.00604	-0.99914		599.92878	7.73945	39.54511	1.07703	-0.24840	1.74042	0.41511	0.99953	0.03028	0.00490	-0.03037	0.99936	0.01866	-0.00434	-0.01880	0.99981	
60	0.59000	-0.21727	2.05547	-0.13112	0.21894	-0.06905	-0.29731	0.45347	0.99999	-0.00519	0.00119	0.00519	0.99998	0.00383	-0.00121	-0.00382	0.99999		-6.21659	61.43483	874.25346	179.64609	2.27207	-2.82911	0.74381	0.99800	0.04960	0.03929	0.04932	-0.99875	0.00813	0.03964	-0.00617	-0.99919		599.92818	7.67128	39.48951	1.05018	-0.23228	1.73501	0.41429	0.99953	0.03020	0.00461	-0.03028	0.99938	0.01820	-0.00405	-0.01833	0.99982	
61	0.60000	-0.21879	2.07279	-0.11588	0.21976	-0.06242	-0.30378	0.45403	0.99999	-0.00531	0.00107	0.00530	0.99998	0.00384	-0.00109	-0.00384	0.99999		-6.26451	61.34157	874.29064	179.63017	2.33897	-2.76833	0.74455	0.99800	0.04856	0.04045	0.04826	-0.99880	0.00842	0.04081	-0.00645	-0.99915		599.92353	7.71572	39.54129	1.04659	-0.23973	1.74627	0.41386	0.99953	0.03039	0.00474	-0.03047	0.99937	0.01813	-0.00418	-0.01827	0.99982	
62	0.61000	-0.21511	2.06268	-0.12847	0.22648	-0.06917	-0.29842	0.45505	0.99999	-0.00521	0.00119	0.00521	0.99998	0.00396	-0.00121	-0.00395	0.99999		-6.21177	61.56526	874.24445	179.64339	2.27484	-2.84251	0.74341	0.99798	0.04984	0.03933	0.04955	-0.99874	0.00818	0.03969	-0.00622	-0.99919		600.12876	7.81056	39.39568	1.21110	-0.43451	1.69830	0.42771	0.99953	0.02947	0.00820	-0.02964	0.99934	0.02090	-0.00758	-0.02114	0.99975	
63	0.62000	-0.21440	2.07562	-0.13440	0.22145	-0.07014	-0.30358	0.45496	0.99998	-0.00530	0.00120	0.00530	0.99998	0.00387	-0.00122	-0.00386	0.99999		-6.15060	61.37596	874.30350	179.62744	2.32711	-2.77203	0.74316	0.99801	0.04862	0.04024	0.04832	-0.99880	0.00846	0.04060	-0.00650	-0.99915		600.13375	7.87214	39.39488	1.23787	-0.43871	1.69162	0.42963	0.99953	0.02935	0.00829	-0.02952	0.99934	0.02137	-0.00766	-0.02160	0.99974	
64	0.63000	-0.21201	2.07766	-0.12733	0.22130	-0.06991	-0.30401	0.45553	0.99998	-0.00531	0.00120	0.00531	0.99998	0.00387	-0.00122	-0.00386	0.99999		-6.15341	61.36980	874.31097	179.62952	2.34105	-2.76543	0.74377	0.99800	0.04851	0.04049	0.04821	-0.99880	0.00843	0.04085	-0.00646	-0.99914		599.93201	7.72672	39.47071	1.06752	-0.23328	1.73936	0.41914	0.99953	0.03027	0.00463	-0.03035	0.99937	0.01850	-0.00407	-0.01863	0.99982	
65	0.64000	-0.26051	2.05313	0.25689	0.08843	0.06822	-0.31005	0.49399	0.99998	-0.00541	-0.00120	0.00541	0.99998	0.00154	0.00119	-0.00154	1.00000		-8.21583	59.36314	874.03497	179.76938	2.46737	-2.77448	0.74580	0.99790	0.04858	0.04280	0.04836	-0.99881	0.00610	0.04305	-0.00402	-0.99906		600.08690	7.83699	40.45530	1.33823	-0.58660	1.72238	0.43173	0.99950	0.02981	0.01093	-0.03006	0.99928	0.02304	-0.01024	-0.02335	0.99967	
66	0.65000	-0.21700	2.07353	-0.11179	0.21149	-0.06355	-0.30400	0.45360	0.99999	-0.00531	0.00109	0.00531	0.99998	0.00370	-0.00111	-0.00369	0.99999		-6.25574	61.22916	874.29229	179.63295	2.33892	-2.76763	0.74392	0.99800	0.04855	0.04045	0.04825	-0.99880	0.00837	0.04081	-0.00640	-0.99915		599.93624	7.73224	39.51755	1.08078	-0.25087	1.72947	0.41697	0.99953	0.03009	0.00494	-0.03018	0.99937	0.01872	-0.00438	-0.01886	0.99981	
67	0.66000	-0.21722	2.07506	-0.11255	0.20583	-0.06288	-0.30591	0.45681	0.99998	-0.00534	0.00108	0.00534	0.99998	0.00360	-0.00110	-0.00359	0.99999		-6.26932	61.14346	874.30254	179.65051	2.33663	-2.76521	0.74353	0.99801	0.04849	0.04043	0.04820	-0.99881	0.00806	0.04077	-0.00609	-0.99915		599.92489	7.73217	39.52855	1.07092	-0.24402	1.74785	0.41473	0.99953	0.03042	0.00483	-0.03050	0.99936	0.01855	-0.00426	-0.01869	0.99982	
68	0.67000	-0.21649	2.07322	-0.13523	0.22618	-0.07189	-0.30163	0.45558	0.99999	-0.00527	0.00123	0.00526	0.99998	0.00395	-0.00125	-0.00395	0.99999		-6.12906	61.45469	874.31298	179.62259	2.33903	-2.75756	0.74434	0.99801	0.04838	0.04045	0.04807	-0.99881	0.00854	0.04081	-0.00658	-0.99915		600.13286	7.83395	39.36362	1.21431	-0.44472	1.71280	0.42625	0.99952	0.02972	0.00839	-0.02989	0.99933	0.02095	-0.00776	-0.02119	0.99975	
69	0.68000	-0.21935	2.04969	-0.11597	0.21110	-0.06395	-0.29588	0.45336	0.99999	-0.00517	0.00110	0.00516	0.99998	0.00369	-0.00112	-0.00368	0.99999		-6.29791	61.35972	874.22731	179.64961	2.27270	-2.84237	0.74828	0.99798	0.04983	0.03930	0.04955	-0.99874	0.00807	0.03966	-0.00611	-0.99919		599.92964	7.66157	39.52031	1.07375	-0.24716	1.73273	0.41562	0.99953	0.03015	0.00488	-0.03024	0.99937	0.01860	-0.00431	-0.01874	0.99982	
70	0.69000	-0.21902	2.06388	-0.12491	0.21047	-0.06690	-0.30200	0.45353	0.99999	-0.00527	0.00115	0.00527	0.99998	0.00368	-0.00117	-0.00367	0.99999		-6.21202	61.22368	874.31673	179.63916	2.34217	-2.76362	0.74172	0.99800	0.04847	0.04052	0.04818	-0.99880	0.00826	0.04087	-0.00629	-0.99914		599.92870	7.71809	39.50093	1.07717	-0.23824	1.72901	0.41504	0.99954	0.03009	0.00472	-0.03017	0.99937	0.01867	-0.00416	-0.01880	0.99981	
71	0.70000	-0.21603	2.07470	-0.13432	0.22323	-0.07043	-0.30384	0.45267	0.99998	-0.00531	0.00121	0.00530	0.99998	0.00390	-0.00123	-0.00390	0.99999		-6.16792	61.40560	874.31086	179.62131	2.33498	-2.76833	0.74431	0.99800	0.04857	0.04037	0.04826	-0.99880	0.00857	0.04074	-0.00660	-0.99915		599.93277	7.73220	39.46721	1.05658	-0.24188	1.73357	0.41324	0.99953	0.03017	0.00478	-0.03025	0.99937	0.01830	-0.00422	-0.01844	0.99982	
72	0.71000	-0.25885	2.05081	0.25268	0.09467	0.06778	-0.30980	0.49436	0.99998	-0.00540	-0.00119	0.00541	0.99998	0.00165	0.00118	-0.00165	1.00000		-8.22956	59.45160	874.03879	179.75787	2.47510	-2.77162	0.74062	0.99790	0.04854	0.04293	0.04831	-0.99881	0.00631	0.04319	-0.00422	-0.99906		599.87512	7.71517	40.53864	1.16278	-0.37126	1.74819	0.42028	0.99951	0.03037	0.00709	-0.03051	0.99933	0.02009	-0.00648	-0.02029	0.99977	
73	0.72000	-0.21446	2.06851	-0.11605	0.21033	-0.06520	-0.30313	0.45914	0.99999	-0.00529	0.00112	0.00529	0.99998	0.00368	-0.00114	-0.00367	0.99999		-6.23660	61.20641	874.31617	179.64362	2.34896	-2.75509	0.74562	0.99800	0.04832	0.04064	0.04803	-0.99881	0.00818	0.04099	-0.00621	-0.99914		599.92106	7.71879	39.50851	1.06925	-0.24143	1.73628	0.41296	0.99953	0.03022	0.00478	-0.03030	0.99937	0.01852	-0.00421	-0.01866	0.99982	
74	0.73000	-0.21202	2.07363	-0.13710	0.21359	-0.07058	-0.30311	0.45474	0.99999	-0.00529	0.00121	0.00529	0.99998	0.00373	-0.00123	-0.00373	0.99999		-6.15775	61.25509	874.32016	179.63516	2.32895	-2.76472	0.74423	0.99801	0.04849	0.04028	0.04819	-0.99880	0.00832	0.04064	-0.00636	-0.99915		599.92783	7.70765	39.47219	1.05176	-0.23938	1.74425	0.41704	0.99953	0.03036	0.00473	-0.03044	0.99937	0.01822	-0.00418	-0.01836	0.99982	
75	0.74000	-0.21514	2.06471	-0.11909	0.21321	-0.06520	-0.30030	0.45561	0.99999	-0.00525	0.00112	0.00524	0.99998	0.00373	-0.00114	-0.00372	0.99999		-6.21508	61.24781	874.30702	179.63690	2.34208	-2.75968	0.74579	0.99801	0.04840	0.04051	0.04811	-0.99881	0.00830	0.04087	-0.00633	-0.99914		599.93068	7.25966	39.51566	0.68148	-0.24766	2.27489	0.30312	0.99920	0.03964	0.00479	-0.03969	0.99914	0.01171	-0.00432	-0.01189	0.99992	
76	0.75000	-0.21755	2.04957	-0.12045	0.20531	-0.06391	-0.29729	0.45717	0.99999	-0.00519	0.00110	0.00519	0.99998	0.00359	-0.00112	-0.00358	0.99999		-6.23045	61.14477	874.30911	179.64340	2.33272	-2.76288	0.74085	0.99801	0.04845	0.04035	0.04816	-0.99881	0.00818	0.04070	-0.00622	-0.99915		599.94048	7.24451	39.52103	0.70122	-0.26398	2.26172	0.29954	0.99921	0.03940	0.00509	-0.03946	0.99915	0.01205	-0.00461	-0.01224	0.99991	
77	0.76000	-0.22112	2.07136	-0.11747	0.21429	-0.06435	-0.30426	0.45461	0.99999	-0.00531	0.00110	0.00531	0.99998	0.00375	-0.00112	-0.00374	0.99999		-6.24070	61.28133	874.28207	179.64943	2.33024	-2.77076	0.73527	0.99800	0.04859	0.04032	0.04830	-0.99880	0.00808	0.04066	-0.00611	-0.99915		599.92979	7.71783	39.51730	1.05083	-0.23750	1.75360	0.41326	0.99952	0.03052	0.00470	-0.03060	0.99937	0.01820	-0.00415	-0.01834	0.99982	
78	0.77000	-0.22165	2.07252	-0.12147	0.21507	-0.06445	-0.30281	0.45642	0.99999	-0.00529	0.00111	0.00529	0.99998	0.00376	-0.00112	-0.00375	0.99999		-6.27195	61.37470	874.25171	179.65721	2.28401	-2.84130	0.74993	0.99798	0.04981	0.03951	0.04953	-0.99874	0.00795	0.03985	-0.00598	-0.99919		600.12452	7.83661	39.43573	1.22802	-0.43684	1.71737	0.42413	0.99952	0.02980	0.00826	-0.02997	0.99933	0.02119	-0.00762	-0.02143	0.99974	
79	0.78000	-0.21046	2.07082	-0.14161	0.22832	-0.07364	-0.30107	0.45236	0.99999	-0.00526	0.00126	0.00525	0.99998	0.00399	-0.00129	-0.00398	0.99999		-6.10732	61.49883	874.29157	179.63995	2.31650	-2.76593	0.74093	0.99802	0.04851	0.04007	0.04822	-0.99880	0.00823	0.04042	-0.00628	-0.99916		600.13026	7.82365	39.34779	1.20303	-0.43843	1.71557	0.42689	0.99952	0.02977	0.00828	-0.02994	0.99934	0.02076	-0.00765	-0.02099	0.99975	
80	0.79000	-0.21257	2.06051	-0.12575	0.21230	-0.06949	-0.30007	0.45050	0.99999	-0.00524	0.00119	0.00524	0.99998	0.00371	-0.00121	-0.00371	0.99999		-6.16749	61.24369	874.30469	179.64278	2.33044	-2.76741	0.74395	0.99801	0.04853	0.04031	0.04824	-0.99880	0.00819	0.04066	-0.00623	-0.99915		599.94838	7.28299	39.47570	0.69917	-0.25060	2.25636	0.29996	0.99922	0.03931	0.00485	-0.03937	0.99915	0.01202	-0.00437	-0.01220	0.99992	
81	0.80000	-0.21134	2.06714	-0.14148	0.21781	-0.07429	-0.30089	0.45347	0.99999	-0.00526	0.00128	0.00525	0.99998	0.00381	-0.00130	-0.00380	0.99999		-6.09766	61.32050	874.31695	179.63054	2.32779	-2.76643	0.74772	0.99801	0.04853	0.04026	0.04822	-0.99880	0.00840	0.04062	-0.00644	-0.99915		599.93046	7.68519	39.43633	1.04523	-0.22498	1.75184	0.41278	0.99952	0.03049	0.00448	-0.03057	0.99937	0.01811	-0.00393	-0.01824	0.99983	
82	0.81000	-0.21933	2.06375	-0.11717	0.21642	-0.06339	-0.30168	0.45724	0.99999	-0.00527	0.00109	0.00527	0.99998	0.00378	-0.00111	-0.00378	0.99999		-6.25882	61.31178	874.29989	179.63531	2.33803	-2.76814	0.74546	0.99800	0.04855	0.04044	0.04825	-0.99880	0.00833	0.04080	-0.00636	-0.99915		599.93236	7.71586	39.52103	1.06286	-0.24548	1.73201	0.42024	0.99953	0.03014	0.00484	-0.03022	0.99937	0.01841	-0.00428	-0.01855	0.99982	
83	0.82000	-0.22102	2.08031	-0.12552	0.22068	-0.06861	-0.30652	0.45369	0.99998	-0.00535	0.00118	0.00535	0.99998	0.00386	-0.00120	-0.00385	0.99999		-6.19518	61.38363	874.27541	179.63786	2.32021	-2.77823	0.73805	0.99801	0.04872	0.04013	0.04843	-0.99879	0.00828	0.04048	-0.00632	-0.99916		599.92386	7.73883	39.47973	1.04988	-0.23169	1.74971	0.41196	0.99953	0.03045	0.00460	-0.03053	0.99937	0.01819	-0.00404	-0.01832	0.99982	
84	0.83000	-0.21621	2.05489	-0.12607	0.20843	-0.06986	-0.29884	0.45640	0.99999	-0.00522	0.00120	0.00522	0.99998	0.00364	-0.00122	-0.00364	0.99999		-6.16450	61.19166	874.32236	179.65067	2.33785	-2.75548	0.74354	0.99801	0.04832	0.04045	0.04803	-0.99881	0.00805	0.04079	-0.00609	-0.99915		600.12099	7.80850	39.39246	1.22076	-0.42757	1.71105	0.42738	0.99953	0.02969	0.00809	-0.02986	0.99933	0.02107	-0.00746	-0.02130	0.99975	
85	0.84000	-0.22214	2.07967	-0.13758	0.22257	-0.07222	-0.30657	0.45615	0.99998	-0.00536	0.00124	0.00535	0.99998	0.00389	-0.00126	-0.00388	0.99999		-6.12679	61.38741	874.32204	179.62228	2.34126	-2.76854	0.74407	0.99800	0.04857	0.04048	0.04826	-0.99880	0.00856	0.04085	-0.00659	-0.99914		599.93228	7.74919	39.45955	1.04555	-0.22923	1.74583	0.41648	0.99953	0.03039	0.00455	-0.03047	0.99937	0.01812	-0.00400	-0.01825	0.99983	
86	0.85000	-0.21949	2.07233	-0.12831	0.21306	-0.06912	-0.30577	0.45390	0.99998	-0.00534	0.00119	0.00534	0.99998	0.00372	-0.00121	-0.00372	0.99999		-6.23052	61.36511	874.25811	179.65338	2.27908	-2.84893	0.74773	0.99797	0.04994	0.03942	0.04966	-0.99873	0.00802	0.03977	-0.00604	-0.99919		599.93923	7.33245	39.48194	0.70800	-0.24544	2.25867	0.30230	0.99921	0.03936	0.00477	-0.03941	0.99915	0.01218	-0.00428	-0.01236	0.99991	
87	0.86000	-0.26510	2.06632	0.27799	0.09172	0.07553	-0.31721	0.48937	0.99998	-0.00553	-0.00133	0.00554	0.99998	0.00159	0.00132	-0.00160	1.00000		-8.34065	59.39573	874.01932	179.76306	2.48664	-2.77481	0.74305	0.99789	0.04859	0.04314	0.04837	-0.99881	0.00623	0.04339	-0.00413	-0.99905		599.87437	7.78962	40.59443	1.18997	-0.37847	1.75478	0.41482	0.99951	0.03048	0.00724	-0.03062	0.99932	0.02056	-0.00661	-0.02077	0.99976	
88	0.87000	-0.21763	2.07576	-0.11007	0.21218	-0.06252	-0.30751	0.45463	0.99998	-0.00537	0.00107	0.00537	0.99998	0.00371	-0.00109	-0.00370	0.99999		-6.28285	61.23365	874.29808	179.63530	2.34501	-2.76986	0.74387	0.99800	0.04858	0.04056	0.04828	-0.99880	0.00834	0.04092	-0.00636	-0.99914		599.93662	7.75317	39.52095	1.06330	-0.25649	1.74595	0.41227	0.99953	0.03038	0.00504	-0.03047	0.99937	0.01841	-0.00448	-0.01856	0.99982	
89	0.88000	-0.21774	2.07512	-0.12197	0.21122	-0.06660	-0.30434	0.45532	0.99998	-0.00532	0.00114	0.00531	0.99998	0.00369	-0.00116	-0.00369	0.99999		-6.21672	61.21686	874.30955	179.63969	2.33872	-2.76249	0.74185	0.99801	0.04845	0.04046	0.04816	-0.99881	0.00825	0.04081	-0.00628	-0.99915		599.92853	7.72254	39.50011	1.06520	-0.23367	1.74297	0.41507	0.99953	0.03033	0.00464	-0.03042	0.99937	0.01846	-0.00408	-0.01859	0.99982	
90	0.89000	-0.21477	2.07519	-0.14147	0.21737	-0.07284	-0.30475	0.45846	0.99998	-0.00532	0.00125	0.00532	0.99998	0.00380	-0.00127	-0.00379	0.99999		-6.10229	61.33199	874.32364	179.64809	2.33753	-2.77494	0.75158	0.99800	0.04866	0.04044	0.04837	-0.99880	0.00811	0.04079	-0.00614	-0.99915		599.93190	7.74170	39.45215	1.07197	-0.23296	1.73588	0.41111	0.99953	0.03021	0.00463	-0.03029	0.99937	0.01858	-0.00407	-0.01871	0.99982	
91	0.90000	-0.21691	2.07273	-0.12359	0.21002	-0.06787	-0.30534	0.45288	0.99998	-0.00533	0.00117	0.00533	0.99998	0.00367	-0.00118	-0.00367	0.99999		-6.18166	61.20483	874.32079	179.64586	2.34046	-2.76389	0.74366	0.99800	0.04847	0.04049	0.04818	-0.99881	0.00814	0.04084	-0.00618	-0.99915		599.92087	7.72432	39.49213	1.06359	-0.22861	1.74597	0.41573	0.99953	0.03039	0.00455	-0.03047	0.99937	0.01843	-0.00399	-0.01856	0.99982	
92	0.91000	-0.27232	2.05722	0.26854	0.09352	0.07168	-0.31433	0.49207	0.99998	-0.00548	-0.00126	0.00549	0.99998	0.00162	0.00125	-0.00163	1.00000		-8.31638	59.55028	873.93791	179.79066	2.40136	-2.85447	0.74064	0.99788	0.04995	0.04167	0.04976	-0.99874	0.00574	0.04190	-0.00365	-0.99912		599.88205	7.77369	40.56047	1.19571	-0.38003	1.73716	0.41699	0.99952	0.03017	0.00726	-0.03031	0.99933	0.02066	-0.00663	-0.02087	0.99976	
93	0.92000	-0.22070	2.06963	-0.11840	0.20882	-0.06567	-0.30403	0.45248	0.99999	-0.00531	0.00113	0.00531	0.99998	0.00365	-0.00115	-0.00364	0.99999		-6.21585	61.19048	874.30141	179.64844	2.33566	-2.77243	0.74362	0.99800	0.04862	0.04041	0.04833	-0.99880	0.00810	0.04075	-0.00613	-0.99915		599.92548	7.70073	39.49969	1.04019	-0.23698	1.75193	0.41171	0.99952	0.03049	0.00469	-0.03057	0.99937	0.01802	-0.00414	-0.01815	0.99983	
94	0.93000	-0.21712	2.06948	-0.13790	0.21830	-0.07157	-0.30449	0.45104	0.99998	-0.00532	0.00123	0.00531	0.99998	0.00382	-0.00125	-0.00381	0.99999		-6.13495	61.32756	874.30998	179.63214	2.32717	-2.76951	0.74219	0.99801	0.04858	0.04025	0.04828	-0.99880	0.00837	0.04061	-0.00641	-0.99915		599.92514	7.73742	39.45928	1.05206	-0.23283	1.73846	0.41930	0.99953	0.03026	0.00462	-0.03034	0.99937	0.01823	-0.00406	-0.01836	0.99982	
