1	0.00000	-0.12866	1.90613	0.82101	-0.32317	0.15276	-0.26990	0.51114	0.99999	-0.00473	-0.00264	0.00471	0.99997	-0.00565	0.00267	0.00564	0.99998		-9.52375	53.41024	874.16990	-179.71608	2.61604	-2.77971	0.74386	0.99778	0.04827	0.04583	0.04845	-0.99882	-0.00274	0.04564	0.00495	-0.99895		600.18410	7.14853	40.69499	1.62552	-0.95927	1.76057	0.39430	0.99939	0.03024	0.01760	-0.03072	0.99914	0.02784	-0.01674	-0.02836	0.99946	
2	0.01000	-0.15594	2.00398	0.81146	-0.27617	0.16092	-0.31381	0.50756	0.99998	-0.00549	-0.00278	0.00548	0.99997	-0.00484	0.00281	0.00482	0.99998		-9.80686	53.61612	874.08796	-179.85503	2.59895	-2.49393	0.61409	0.99803	0.04340	0.04541	0.04347	-0.99905	-0.00055	0.04534	0.00253	-0.99897		599.97673	7.38802	40.87970	1.38346	-0.73453	1.85229	0.37124	0.99940	0.03200	0.01359	-0.03232	0.99920	0.02372	-0.01282	-0.02414	0.99963	
3	0.02000	-0.10824	1.91446	0.80870	-0.33535	0.14660	-0.27190	0.51203	0.99999	-0.00476	-0.00253	0.00475	0.99997	-0.00587	0.00256	0.00585	0.99998		-9.65854	52.81101	874.10928	-179.78119	2.55148	-2.45252	0.59259	0.99809	0.04262	0.04464	0.04275	-0.99908	-0.00191	0.04452	0.00382	-0.99900		599.92404	6.98968	40.74752	1.42618	-0.69682	1.80203	0.37528	0.99943	0.03113	0.01293	-0.03144	0.99921	0.02449	-0.01216	-0.02489	0.99962	
4	0.03000	-0.10912	2.06648	0.22403	-0.12507	-0.04883	-0.33400	0.71597	0.99998	-0.00583	0.00087	0.00583	0.99998	-0.00218	-0.00085	0.00218	1.00000		-6.67446	56.08518	874.50943	-179.93262	2.37966	-2.81860	0.72497	0.99793	0.04913	0.04153	0.04913	-0.99879	0.00087	0.04152	0.00118	-0.99914		599.99985	7.78340	39.43877	1.36581	-0.17347	1.80020	0.38119	0.99950	0.03133	0.00377	-0.03141	0.99922	0.02373	-0.00303	-0.02384	0.99971	
5	0.04000	-0.11938	2.07318	0.23022	-0.12603	-0.04539	-0.33974	0.72675	0.99998	-0.00593	0.00081	0.00593	0.99998	-0.00220	-0.00079	0.00220	1.00000		-6.74580	55.94981	874.55395	-179.95477	2.44214	-2.76659	0.71676	0.99793	0.04823	0.04260	0.04822	-0.99884	0.00127	0.04261	0.00079	-0.99909		600.00243	7.82872	39.46948	1.35509	-0.17688	1.81223	0.37759	0.99950	0.03154	0.00383	-0.03162	0.99922	0.02354	-0.00309	-0.02365	0.99972	
6	0.05000	0.04160	2.59765	0.38083	0.54213	-0.84041	-0.53995	0.69810	0.99985	-0.00956	0.01458	0.00942	0.99991	0.00960	-0.01467	-0.00946	0.99985		4.57941	65.48638	873.91600	179.42159	1.60274	-2.80574	0.62724	0.99841	0.04923	0.02744	0.04893	-0.99874	0.01145	0.02797	-0.01009	-0.99956		600.25213	9.69016	31.54437	0.42897	0.66551	2.26373	0.36910	0.99915	0.03959	-0.01131	-0.03950	0.99919	0.00794	0.01162	-0.00749	0.99990	
7	0.06000	-0.23134	2.08762	0.24034	0.17218	-0.02583	-0.33018	0.58169	0.99998	-0.00576	0.00043	0.00576	0.99998	0.00301	-0.00045	-0.00301	0.99999		-7.20556	60.56314	874.01978	179.69952	2.37817	-2.84553	0.73751	0.99791	0.04986	0.04118	0.04960	-0.99874	0.00730	0.04150	-0.00524	-0.99913		599.94806	7.77983	39.85036	0.99117	-0.26555	2.03283	0.44562	0.99936	0.03539	0.00524	-0.03547	0.99922	0.01712	-0.00463	-0.01730	0.99984	
8	0.07000	-0.23754	2.07331	0.19718	0.19144	-0.02933	-0.32222	0.56826	0.99998	-0.00563	0.00049	0.00562	0.99998	0.00334	-0.00051	-0.00334	0.99999		-7.17831	60.88953	874.02826	179.67528	2.37636	-2.84421	0.74170	0.99791	0.04985	0.04113	0.04958	-0.99874	0.00772	0.04146	-0.00566	-0.99912		599.92959	7.83019	39.70079	1.00833	-0.24669	1.84764	0.40888	0.99947	0.03216	0.00487	-0.03224	0.99933	0.01745	-0.00431	-0.01760	0.99984	
9	0.08000	-0.26018	2.02953	0.35854	0.09558	0.06753	-0.31425	0.52919	0.99998	-0.00548	-0.00119	0.00548	0.99998	0.00166	0.00118	-0.00167	1.00000		-8.63397	59.49317	873.94695	179.77086	2.47575	-2.84205	0.74005	0.99784	0.04975	0.04294	0.04954	-0.99875	0.00614	0.04320	-0.00400	-0.99906		599.88133	7.74513	40.53501	1.13511	-0.34640	1.82804	0.40858	0.99947	0.03177	0.00667	-0.03190	0.99930	0.01961	-0.00605	-0.01981	0.99979	
10	0.09000	-0.25535	2.02321	0.35900	0.07825	0.07433	-0.31239	0.52507	0.99998	-0.00545	-0.00130	0.00545	0.99998	0.00136	0.00130	-0.00137	1.00000		-8.74252	59.28256	873.92944	179.79419	2.46286	-2.84560	0.73509	0.99784	0.04980	0.04274	0.04960	-0.99875	0.00572	0.04297	-0.00359	-0.99907		599.87584	7.71120	40.60559	1.14542	-0.34882	1.83735	0.41089	0.99947	0.03193	0.00672	-0.03206	0.99929	0.01978	-0.00609	-0.01999	0.99978	
11	0.10000	-0.22203	2.08761	0.15000	0.19650	-0.02596	-0.32201	0.55030	0.99998	-0.00562	0.00043	0.00562	0.99998	0.00343	-0.00045	-0.00343	0.99999		-7.21850	61.05200	874.04603	179.67320	2.37678	-2.85284	0.74655	0.99790	0.05001	0.04113	0.04973	-0.99873	0.00776	0.04147	-0.00570	-0.99912		599.92670	7.85231	39.73542	1.04610	-0.26645	1.81278	0.41085	0.99949	0.03154	0.00522	-0.03163	0.99934	0.01810	-0.00465	-0.01826	0.99982	
12	0.11000	-0.24104	2.01900	0.30848	0.09230	0.06602	-0.30659	0.51479	0.99998	-0.00535	-0.00116	0.00535	0.99998	0.00160	0.00115	-0.00161	1.00000		-8.52791	59.57280	873.97090	179.77853	2.46251	-2.83338	0.73675	0.99786	0.04960	0.04272	0.04939	-0.99876	0.00598	0.04297	-0.00386	-0.99907		599.88844	7.68603	40.55240	1.14715	-0.34772	1.80017	0.40522	0.99949	0.03129	0.00669	-0.03141	0.99931	0.01982	-0.00607	-0.02002	0.99978	
13	0.12000	-0.25165	2.03753	0.34375	0.09093	0.08195	-0.31168	0.51045	0.99998	-0.00544	-0.00144	0.00544	0.99998	0.00158	0.00143	-0.00159	1.00000		-8.68850	59.54880	873.93755	179.76631	2.47561	-2.83481	0.74398	0.99784	0.04963	0.04294	0.04941	-0.99876	0.00621	0.04319	-0.00407	-0.99906		599.87916	7.71721	40.67170	1.15539	-0.36702	1.80883	0.40685	0.99948	0.03143	0.00704	-0.03156	0.99930	0.01995	-0.00641	-0.02016	0.99978	
14	0.13000	-0.25460	2.03125	0.31015	0.09093	0.07125	-0.30979	0.50755	0.99998	-0.00540	-0.00125	0.00541	0.99998	0.00158	0.00124	-0.00159	1.00000		-8.41314	59.50610	874.01729	179.75919	2.50921	-2.77222	0.74124	0.99787	0.04855	0.04353	0.04832	-0.99881	0.00632	0.04378	-0.00420	-0.99903		599.88408	7.69831	40.58343	1.15007	-0.35624	1.80909	0.41256	0.99948	0.03144	0.00685	-0.03157	0.99930	0.01986	-0.00622	-0.02007	0.99978	
15	0.14000	-0.26409	2.02738	0.34622	0.08508	0.08692	-0.30967	0.50377	0.99998	-0.00540	-0.00152	0.00540	0.99998	0.00148	0.00152	-0.00148	1.00000		-8.64326	59.53280	873.94076	179.77954	2.47268	-2.83764	0.74445	0.99784	0.04967	0.04290	0.04946	-0.99876	0.00598	0.04314	-0.00384	-0.99906		599.87015	7.69424	40.71014	1.15795	-0.36817	1.81049	0.41232	0.99948	0.03146	0.00706	-0.03159	0.99930	0.02000	-0.00643	-0.02021	0.99978	
16	0.15000	-0.26993	2.05303	0.33107	0.09249	0.08233	-0.31833	0.50544	0.99998	-0.00555	-0.00145	0.00556	0.99998	0.00161	0.00144	-0.00161	1.00000		-8.52185	59.51253	873.99732	179.74100	2.51774	-2.76964	0.74767	0.99787	0.04852	0.04366	0.04827	-0.99881	0.00664	0.04393	-0.00452	-0.99902		599.87387	7.77067	40.66820	1.14109	-0.35996	1.80876	0.41166	0.99948	0.03143	0.00691	-0.03156	0.99931	0.01971	-0.00628	-0.01991	0.99978	
17	0.16000	-0.26808	2.03932	0.33363	0.08413	0.08627	-0.31297	0.51018	0.99998	-0.00546	-0.00151	0.00546	0.99998	0.00146	0.00151	-0.00147	1.00000		-8.59695	59.38643	874.00841	179.75525	2.53169	-2.76732	0.74639	0.99786	0.04847	0.04391	0.04823	-0.99882	0.00640	0.04417	-0.00427	-0.99901		599.86956	7.70863	40.71176	1.14594	-0.36187	1.80879	0.41142	0.99948	0.03143	0.00694	-0.03156	0.99931	0.01979	-0.00632	-0.02000	0.99978	
18	0.17000	-0.23853	2.08007	0.41797	0.21745	0.10077	-0.29948	0.46356	0.99998	-0.00522	-0.00178	0.00523	0.99998	0.00379	0.00176	-0.00380	0.99999		-8.90431	61.39240	873.75440	179.64011	2.53335	-2.76545	0.73859	0.99786	0.04852	0.04385	0.04820	-0.99880	0.00841	0.04420	-0.00628	-0.99900		599.83625	7.62526	40.76738	1.02627	-0.37770	1.79820	0.41058	0.99949	0.03126	0.00715	-0.03138	0.99935	0.01770	-0.00659	-0.01791	0.99982	
19	0.18000	-0.24966	2.02292	0.26486	0.09225	0.06129	-0.30367	0.50554	0.99999	-0.00530	-0.00108	0.00530	0.99998	0.00160	0.00107	-0.00161	1.00000		-8.39543	59.56998	874.01724	179.77345	2.45999	-2.83751	0.74814	0.99785	0.04967	0.04267	0.04946	-0.99876	0.00607	0.04292	-0.00395	-0.99907		599.88010	7.65330	40.50913	1.16643	-0.34473	1.78207	0.41173	0.99950	0.03097	0.00665	-0.03110	0.99931	0.02016	-0.00602	-0.02036	0.99977	
20	0.19000	-0.26173	2.04549	0.29311	0.09402	0.07351	-0.31184	0.49808	0.99998	-0.00544	-0.00129	0.00544	0.99998	0.00163	0.00128	-0.00164	1.00000		-8.58489	59.45435	874.04803	179.75510	2.53819	-2.78167	0.73689	0.99784	0.04872	0.04403	0.04848	-0.99880	0.00642	0.04429	-0.00427	-0.99901		599.87546	7.71962	40.60817	1.16903	-0.35948	1.78488	0.41133	0.99950	0.03101	0.00691	-0.03115	0.99931	0.02020	-0.00627	-0.02040	0.99977	
21	0.20000	-0.26725	2.05548	0.29270	0.09901	0.07254	-0.31907	0.50030	0.99998	-0.00557	-0.00128	0.00557	0.99998	0.00172	0.00127	-0.00173	1.00000		-8.61551	59.48574	874.05263	179.75699	2.54549	-2.78475	0.74083	0.99783	0.04877	0.04415	0.04854	-0.99880	0.00639	0.04441	-0.00424	-0.99900		600.07597	7.90422	40.51950	1.31246	-0.55233	1.77739	0.42348	0.99947	0.03079	0.01034	-0.03101	0.99926	0.02259	-0.00964	-0.02290	0.99969	
22	0.21000	-0.27861	2.03647	0.30933	0.08969	0.07997	-0.31062	0.50201	0.99998	-0.00542	-0.00140	0.00542	0.99998	0.00156	0.00140	-0.00157	1.00000		-8.78841	59.42597	873.97641	179.78134	2.48271	-2.85505	0.74106	0.99782	0.04997	0.04307	0.04976	-0.99874	0.00597	0.04332	-0.00381	-0.99905		599.88796	7.70557	40.65190	1.16426	-0.36862	1.79366	0.41173	0.99949	0.03116	0.00707	-0.03130	0.99931	0.02011	-0.00643	-0.02032	0.99977	
23	0.22000	-0.22738	2.04581	-0.08022	0.21866	-0.05831	-0.30048	0.46786	0.99999	-0.00525	0.00100	0.00524	0.99998	0.00382	-0.00102	-0.00382	0.99999		-6.72625	61.38483	874.25341	179.65137	2.34759	-2.84935	0.74861	0.99793	0.04996	0.04061	0.04967	-0.99873	0.00811	0.04096	-0.00608	-0.99914		600.12134	7.82340	39.50051	1.21109	-0.43697	1.73985	0.42564	0.99951	0.03019	0.00826	-0.03036	0.99932	0.02089	-0.00763	-0.02114	0.99975	
24	0.23000	-0.28128	2.03951	0.29818	0.09247	0.07662	-0.31429	0.49847	0.99998	-0.00548	-0.00135	0.00549	0.99998	0.00161	0.00134	-0.00161	1.00000		-8.70910	59.43498	873.99043	179.78601	2.48274	-2.85477	0.74683	0.99782	0.04997	0.04308	0.04976	-0.99874	0.00589	0.04332	-0.00373	-0.99905		599.88599	7.73691	40.62642	1.16150	-0.37271	1.78758	0.41538	0.99949	0.03106	0.00713	-0.03119	0.99931	0.02006	-0.00650	-0.02027	0.99977	
25	0.24000	-0.27562	2.02662	0.29256	0.09562	0.07481	-0.30706	0.50006	0.99998	-0.00536	-0.00131	0.00536	0.99998	0.00166	0.00131	-0.00167	1.00000		-8.59849	59.39807	874.04159	179.76126	2.52836	-2.77701	0.73959	0.99785	0.04863	0.04386	0.04840	-0.99881	0.00630	0.04411	-0.00416	-0.99902		599.88114	7.68965	40.60435	1.16633	-0.37259	1.76930	0.41720	0.99950	0.03074	0.00713	-0.03087	0.99932	0.02014	-0.00650	-0.02035	0.99977	
26	0.25000	-0.26340	2.02139	0.28615	0.09263	0.07343	-0.30347	0.49955	0.99998	-0.00529	-0.00129	0.00530	0.99998	0.00161	0.00128	-0.00162	1.00000		-8.58621	59.47917	873.98469	179.78484	2.45908	-2.85334	0.74886	0.99784	0.04994	0.04267	0.04973	-0.99875	0.00589	0.04291	-0.00375	-0.99907		599.87452	7.64192	40.60070	1.14208	-0.36015	1.77531	0.41483	0.99950	0.03085	0.00690	-0.03098	0.99933	0.01973	-0.00629	-0.01993	0.99978	
27	0.26000	-0.26350	2.04412	0.29591	0.08344	0.07728	-0.31206	0.49904	0.99998	-0.00544	-0.00136	0.00545	0.99998	0.00145	0.00135	-0.00146	1.00000		-8.55898	59.24997	874.02473	179.79077	2.51517	-2.78234	0.73938	0.99786	0.04870	0.04365	0.04850	-0.99881	0.00578	0.04388	-0.00365	-0.99903		599.88112	7.71461	40.63037	1.17549	-0.36488	1.77755	0.40974	0.99950	0.03088	0.00700	-0.03102	0.99931	0.02031	-0.00637	-0.02051	0.99977	
28	0.27000	-0.20771	2.06082	-0.08931	0.21976	-0.05809	-0.30175	0.46524	0.99999	-0.00527	0.00099	0.00527	0.99998	0.00384	-0.00101	-0.00384	0.99999		-6.49779	61.33198	874.29526	179.63583	2.37869	-2.77172	0.74655	0.99797	0.04862	0.04115	0.04832	-0.99880	0.00836	0.04150	-0.00635	-0.99912		599.91405	7.67415	39.58104	1.02581	-0.23114	1.77739	0.41021	0.99951	0.03094	0.00459	-0.03102	0.99936	0.01777	-0.00403	-0.01790	0.99983	
29	0.28000	-0.20842	2.06379	-0.09731	0.21452	-0.06138	-0.30411	0.45953	0.99999	-0.00531	0.00105	0.00531	0.99998	0.00375	-0.00107	-0.00374	0.99999		-6.41416	61.27989	874.31415	179.64389	2.38114	-2.77288	0.75284	0.99797	0.04863	0.04120	0.04834	-0.99880	0.00822	0.04155	-0.00621	-0.99912		599.91792	7.69332	39.55233	1.03020	-0.23151	1.77185	0.41422	0.99951	0.03084	0.00459	-0.03092	0.99936	0.01785	-0.00404	-0.01798	0.99983	
30	0.29000	-0.19563	2.08582	0.02391	0.31755	-0.03215	-0.28915	0.42549	0.99999	-0.00505	0.00053	0.00505	0.99997	0.00554	-0.00056	-0.00554	0.99998		-6.86347	62.84455	874.07170	179.52814	2.40656	-2.74843	0.74770	0.99797	0.04829	0.04155	0.04791	-0.99880	0.01024	0.04199	-0.00823	-0.99908		599.88262	7.58370	39.72995	0.93135	-0.26003	1.76231	0.41429	0.99952	0.03068	0.00504	-0.03075	0.99940	0.01611	-0.00454	-0.01625	0.99986	
31	0.30000	-0.20072	2.09175	0.02994	0.32782	-0.02789	-0.28890	0.42658	0.99999	-0.00504	0.00046	0.00504	0.99997	0.00572	-0.00049	-0.00572	0.99998		-6.98820	63.12967	873.98103	179.54021	2.34824	-2.83106	0.74540	0.99794	0.04972	0.04053	0.04935	-0.99873	0.01004	0.04097	-0.00802	-0.99913		599.87449	7.59152	39.76595	0.92426	-0.26480	1.75007	0.41359	0.99952	0.03046	0.00511	-0.03054	0.99941	0.01598	-0.00462	-0.01613	0.99986	
32	0.31000	-0.27024	2.04378	0.27176	0.10350	0.06709	-0.31008	0.49864	0.99998	-0.00541	-0.00118	0.00541	0.99998	0.00180	0.00117	-0.00181	1.00000		-8.41021	59.76740	873.97317	179.77191	2.45404	-2.85426	0.74847	0.99784	0.04997	0.04257	0.04975	-0.99874	0.00611	0.04282	-0.00398	-0.99907		599.87048	7.70378	40.54089	1.15243	-0.35436	1.77494	0.41241	0.99950	0.03084	0.00680	-0.03097	0.99932	0.01991	-0.00618	-0.02011	0.99978	
33	0.32000	-0.26994	2.04713	0.27363	0.09348	0.06908	-0.31413	0.49801	0.99998	-0.00548	-0.00121	0.00548	0.99998	0.00162	0.00121	-0.00163	1.00000		-8.50273	59.61765	873.98572	179.77408	2.46095	-2.86091	0.74768	0.99783	0.05008	0.04269	0.04987	-0.99874	0.00608	0.04294	-0.00394	-0.99907		599.86519	7.71800	40.55970	1.14080	-0.34883	1.80008	0.41248	0.99949	0.03128	0.00671	-0.03141	0.99931	0.01971	-0.00609	-0.01991	0.99978	
34	0.33000	-0.26986	2.06402	0.27650	0.10061	0.06978	-0.31724	0.49998	0.99998	-0.00553	-0.00123	0.00554	0.99998	0.00175	0.00122	-0.00176	1.00000		-8.52717	59.60762	874.04051	179.75107	2.53762	-2.78610	0.74191	0.99784	0.04880	0.04401	0.04856	-0.99880	0.00649	0.04428	-0.00434	-0.99901		599.87717	7.77681	40.55798	1.17753	-0.36145	1.76775	0.41036	0.99950	0.03071	0.00694	-0.03085	0.99932	0.02035	-0.00631	-0.02055	0.99977	
35	0.34000	-0.27089	2.04784	0.27732	0.09019	0.07064	-0.31326	0.49172	0.99998	-0.00547	-0.00124	0.00547	0.99998	0.00157	0.00123	-0.00157	1.00000		-8.63624	59.55543	873.98443	179.78227	2.47962	-2.85695	0.74244	0.99782	0.05001	0.04302	0.04980	-0.99874	0.00595	0.04326	-0.00380	-0.99906		600.06943	7.85765	40.49012	1.32271	-0.54613	1.74615	0.42214	0.99949	0.03024	0.01023	-0.03047	0.99928	0.02278	-0.00953	-0.02308	0.99969	
36	0.35000	-0.21484	2.05195	-0.10496	0.20350	-0.06436	-0.30118	0.46187	0.99999	-0.00526	0.00111	0.00526	0.99998	0.00356	-0.00112	-0.00355	0.99999		-6.67343	61.30747	874.25920	179.67586	2.34407	-2.85139	0.73557	0.99793	0.04998	0.04057	0.04970	-0.99873	0.00768	0.04090	-0.00565	-0.99915		599.92323	7.68081	39.52182	1.06229	-0.22939	1.76890	0.41203	0.99952	0.03079	0.00457	-0.03087	0.99935	0.01841	-0.00400	-0.01854	0.99982	
37	0.36000	-0.21914	2.05954	-0.10489	0.21527	-0.06177	-0.30333	0.46430	0.99999	-0.00530	0.00106	0.00529	0.99998	0.00376	-0.00108	-0.00376	0.99999		-6.69261	61.43631	874.26801	179.65501	2.35823	-2.85032	0.74393	0.99792	0.04997	0.04080	0.04968	-0.99873	0.00806	0.04115	-0.00602	-0.99913		599.91723	7.69644	39.54805	1.03583	-0.22507	1.76872	0.41189	0.99952	0.03079	0.00448	-0.03086	0.99936	0.01795	-0.00393	-0.01808	0.99983	
38	0.37000	-0.21877	2.05654	-0.11792	0.22240	-0.06863	-0.30186	0.45851	0.99999	-0.00527	0.00118	0.00527	0.99998	0.00389	-0.00120	-0.00388	0.99999		-6.57375	61.54135	874.25223	179.65889	2.33498	-2.84841	0.74113	0.99794	0.04994	0.04039	0.04965	-0.99873	0.00797	0.04074	-0.00595	-0.99915		599.91198	7.67965	39.49703	1.02965	-0.21072	1.78165	0.41031	0.99951	0.03102	0.00423	-0.03109	0.99936	0.01785	-0.00368	-0.01797	0.99983	
39	0.38000	-0.27510	2.02273	0.28284	0.09373	0.07466	-0.30420	0.49670	0.99998	-0.00531	-0.00131	0.00531	0.99998	0.00163	0.00130	-0.00164	1.00000		-8.59150	59.46691	874.03520	179.75999	2.53091	-2.77518	0.74586	0.99785	0.04860	0.04390	0.04837	-0.99881	0.00632	0.04416	-0.00418	-0.99902		600.07549	7.79458	40.50980	1.33136	-0.57365	1.73679	0.42486	0.99949	0.03007	0.01071	-0.03031	0.99928	0.02292	-0.01001	-0.02323	0.99968	
40	0.39000	-0.22081	2.02854	-0.12008	0.21007	-0.06839	-0.29378	0.46031	0.99999	-0.00513	0.00118	0.00513	0.99998	0.00367	-0.00119	-0.00367	0.99999		-6.40541	61.22961	874.34024	179.64833	2.38551	-2.76363	0.74408	0.99797	0.04847	0.04128	0.04817	-0.99881	0.00814	0.04162	-0.00613	-0.99911		599.92279	7.63925	39.49643	1.05919	-0.22473	1.74423	0.41262	0.99953	0.03036	0.00448	-0.03044	0.99937	0.01836	-0.00392	-0.01849	0.99982	
41	0.40000	-0.26807	2.03688	0.25273	0.09472	0.06169	-0.30755	0.49323	0.99998	-0.00537	-0.00109	0.00537	0.99998	0.00165	0.00108	-0.00165	1.00000		-8.29815	59.42780	874.07148	179.76538	2.51224	-2.76875	0.74161	0.99787	0.04848	0.04358	0.04826	-0.99882	0.00621	0.04383	-0.00409	-0.99903		599.88596	7.68204	40.48767	1.16241	-0.36283	1.76494	0.41604	0.99951	0.03066	0.00695	-0.03080	0.99932	0.02008	-0.00633	-0.02029	0.99977	
42	0.41000	-0.26362	2.04620	0.25627	0.08752	0.06787	-0.31320	0.49891	0.99998	-0.00546	-0.00119	0.00547	0.99998	0.00152	0.00118	-0.00153	1.00000		-8.41777	59.39422	874.00775	179.78705	2.44662	-2.85631	0.74874	0.99785	0.04999	0.04245	0.04979	-0.99874	0.00584	0.04269	-0.00371	-0.99908		599.87487	7.72185	40.54556	1.17137	-0.35915	1.79008	0.40987	0.99949	0.03110	0.00690	-0.03124	0.99931	0.02024	-0.00627	-0.02044	0.99977	
43	0.42000	-0.21177	2.04742	-0.09021	0.20525	-0.05486	-0.29795	0.46432	0.99999	-0.00520	0.00094	0.00520	0.99998	0.00359	-0.00096	-0.00358	0.99999		-6.53620	61.11638	874.27961	179.66222	2.36642	-2.76930	0.73798	0.99798	0.04856	0.04096	0.04827	-0.99880	0.00788	0.04129	-0.00589	-0.99913		599.91629	7.64487	39.59607	1.04130	-0.24255	1.76710	0.41552	0.99952	0.03075	0.00479	-0.03084	0.99936	0.01803	-0.00423	-0.01817	0.99983	
44	0.43000	-0.20293	2.04799	-0.12919	0.22619	-0.06779	-0.29579	0.45825	0.99999	-0.00517	0.00116	0.00516	0.99998	0.00395	-0.00118	-0.00395	0.99999		-6.32901	61.41389	874.32273	179.63347	2.36757	-2.76198	0.74628	0.99799	0.04845	0.04095	0.04815	-0.99881	0.00838	0.04131	-0.00639	-0.99913		600.12243	7.76413	39.42141	1.18856	-0.42411	1.73310	0.42309	0.99952	0.03008	0.00802	-0.03024	0.99933	0.02051	-0.00740	-0.02074	0.99976	
45	0.44000	-0.25561	2.02691	0.24868	0.09626	0.06654	-0.30267	0.49185	0.99999	-0.00528	-0.00117	0.00528	0.99998	0.00167	0.00116	-0.00168	1.00000		-8.33900	59.45550	874.06060	179.76759	2.49933	-2.77667	0.75206	0.99788	0.04862	0.04336	0.04840	-0.99881	0.00616	0.04361	-0.00405	-0.99904		599.88186	7.63598	40.53721	1.15375	-0.36817	1.76541	0.41395	0.99950	0.03067	0.00704	-0.03081	0.99933	0.01993	-0.00643	-0.02014	0.99978	
46	0.45000	-0.21933	2.07012	-0.10198	0.21503	-0.05949	-0.30725	0.45992	0.99998	-0.00537	0.00102	0.00536	0.99998	0.00376	-0.00104	-0.00375	0.99999		-6.49455	61.23948	874.30990	179.64090	2.38495	-2.77822	0.74317	0.99796	0.04873	0.04126	0.04843	-0.99879	0.00828	0.04161	-0.00626	-0.99911		599.91686	7.73813	39.56719	1.05065	-0.23213	1.76999	0.41499	0.99951	0.03081	0.00462	-0.03089	0.99936	0.01820	-0.00405	-0.01834	0.99982	
47	0.46000	-0.22816	2.05546	-0.12158	0.20888	-0.06688	-0.30225	0.46110	0.99999	-0.00528	0.00115	0.00528	0.99998	0.00365	-0.00117	-0.00365	0.99999		-6.40824	61.17309	874.34842	179.65065	2.39275	-2.77122	0.74365	0.99796	0.04860	0.04140	0.04831	-0.99880	0.00811	0.04175	-0.00609	-0.99911		600.11483	7.81745	39.42504	1.21096	-0.41510	1.73602	0.42421	0.99951	0.03013	0.00788	-0.03029	0.99932	0.02090	-0.00724	-0.02113	0.99975	
48	0.47000	-0.23034	2.05965	-0.13823	0.22176	-0.07165	-0.30152	0.45555	0.99999	-0.00527	0.00123	0.00526	0.99998	0.00388	-0.00125	-0.00387	0.99999		-6.43702	61.50026	874.28032	179.65443	2.32308	-2.85857	0.74500	0.99793	0.05011	0.04018	0.04983	-0.99873	0.00805	0.04053	-0.00603	-0.99916		600.13134	7.83090	39.38475	1.20291	-0.42865	1.71626	0.43120	0.99952	0.02979	0.00810	-0.02995	0.99934	0.02076	-0.00748	-0.02099	0.99975	
49	0.48000	-0.22716	2.05220	-0.12544	0.20855	-0.06891	-0.29980	0.46351	0.99999	-0.00524	0.00118	0.00523	0.99998	0.00365	-0.00120	-0.00364	0.99999		-6.46962	61.21800	874.34987	179.64604	2.39680	-2.77441	0.74288	0.99795	0.04866	0.04147	0.04836	-0.99880	0.00819	0.04182	-0.00617	-0.99911		599.93176	7.66672	39.48482	1.05316	-0.23214	1.76170	0.40960	0.99952	0.03066	0.00461	-0.03074	0.99936	0.01825	-0.00405	-0.01838	0.99982	
50	0.49000	-0.20699	2.09516	0.01932	0.32628	-0.02952	-0.28794	0.42885	0.99999	-0.00503	0.00049	0.00503	0.99997	0.00570	-0.00052	-0.00569	0.99998		-7.11733	62.98342	874.06769	179.52899	2.44450	-2.75712	0.74496	0.99793	0.04845	0.04221	0.04806	-0.99879	0.01026	0.04265	-0.00821	-0.99906		599.88075	7.57685	39.74748	0.92726	-0.26095	1.75420	0.41510	0.99952	0.03053	0.00505	-0.03061	0.99940	0.01604	-0.00455	-0.01618	0.99986	
51	0.50000	-0.26558	2.04793	0.25147	0.09878	0.06658	-0.30978	0.49236	0.99998	-0.00540	-0.00117	0.00541	0.99998	0.00172	0.00116	-0.00172	1.00000		-8.55178	59.58764	874.05055	179.76587	2.53154	-2.78194	0.73154	0.99785	0.04871	0.04392	0.04849	-0.99880	0.00623	0.04417	-0.00408	-0.99902		599.88130	7.70912	40.53167	1.16653	-0.36696	1.76634	0.41556	0.99950	0.03069	0.00703	-0.03082	0.99932	0.02015	-0.00640	-0.02036	0.99977	
52	0.51000	-0.25199	2.09606	0.39661	0.20247	0.10273	-0.30425	0.45823	0.99998	-0.00530	-0.00181	0.00531	0.99998	0.00352	0.00179	-0.00353	0.99999		-9.14369	61.21101	873.74691	179.67084	2.51845	-2.85026	0.74460	0.99780	0.04998	0.04360	0.04968	-0.99873	0.00792	0.04394	-0.00574	-0.99902		599.83863	7.67167	40.76412	1.04967	-0.39126	1.76466	0.41585	0.99950	0.03066	0.00739	-0.03079	0.99936	0.01810	-0.00683	-0.01832	0.99981	
53	0.52000	-0.26242	2.03822	0.26150	0.10223	0.06859	-0.30693	0.49294	0.99998	-0.00535	-0.00121	0.00536	0.99998	0.00178	0.00120	-0.00178	1.00000		-8.51718	59.65116	874.05918	179.75371	2.54550	-2.77689	0.74136	0.99784	0.04864	0.04415	0.04840	-0.99881	0.00645	0.04441	-0.00429	-0.99900		599.87987	7.68522	40.54061	1.15587	-0.37388	1.76889	0.41354	0.99950	0.03073	0.00714	-0.03087	0.99932	0.01996	-0.00653	-0.02017	0.99978	
54	0.53000	-0.21970	2.06054	-0.10127	0.21812	-0.06020	-0.30097	0.45760	0.99999	-0.00526	0.00103	0.00525	0.99998	0.00381	-0.00105	-0.00381	0.99999		-6.55407	61.40989	874.29945	179.63713	2.39561	-2.76690	0.74428	0.99796	0.04854	0.04144	0.04823	-0.99880	0.00834	0.04180	-0.00633	-0.99911		599.92110	7.68541	39.55067	1.04307	-0.24053	1.76061	0.41335	0.99952	0.03064	0.00475	-0.03072	0.99936	0.01807	-0.00420	-0.01820	0.99983	
55	0.54000	-0.22449	2.06497	-0.10447	0.20965	-0.05918	-0.30295	0.45590	0.99999	-0.00529	0.00101	0.00529	0.99998	0.00366	-0.00103	-0.00366	0.99999		-6.52086	61.27560	874.31328	179.64621	2.39010	-2.77065	0.74342	0.99796	0.04859	0.04135	0.04830	-0.99880	0.00818	0.04170	-0.00617	-0.99911		599.92203	7.69526	39.56576	1.05896	-0.23328	1.75913	0.41179	0.99952	0.03062	0.00464	-0.03070	0.99936	0.01835	-0.00407	-0.01848	0.99982	
56	0.55000	-0.24709	2.07571	0.33852	0.20419	0.08252	-0.29846	0.45737	0.99999	-0.00520	-0.00146	0.00521	0.99998	0.00356	0.00144	-0.00356	0.99999		-8.61290	61.15037	873.85792	179.65164	2.52886	-2.76198	0.74466	0.99787	0.04845	0.04378	0.04814	-0.99881	0.00820	0.04412	-0.00607	-0.99901		599.84600	7.62428	40.59961	1.05276	-0.38509	1.76547	0.41311	0.99950	0.03068	0.00728	-0.03081	0.99936	0.01816	-0.00672	-0.01837	0.99981	
57	0.56000	-0.19959	2.10151	-0.01059	0.33362	-0.04055	-0.29115	0.41932	0.99999	-0.00509	0.00068	0.00508	0.99997	0.00583	-0.00071	-0.00582	0.99998		-6.76063	63.10048	874.08711	179.52489	2.40792	-2.76244	0.74164	0.99796	0.04854	0.04156	0.04815	-0.99879	0.01031	0.04201	-0.00828	-0.99908		599.88906	7.63635	39.65869	0.93572	-0.25588	1.72877	0.41482	0.99953	0.03009	0.00496	-0.03017	0.99941	0.01619	-0.00447	-0.01633	0.99986	
58	0.57000	-0.21004	2.04607	-0.12777	0.21767	-0.06897	-0.29431	0.45466	0.99999	-0.00514	0.00118	0.00514	0.99998	0.00380	-0.00120	-0.00380	0.99999		-6.31674	61.36104	874.33169	179.63593	2.37803	-2.76909	0.74312	0.99797	0.04857	0.04114	0.04827	-0.99880	0.00835	0.04149	-0.00635	-0.99912		599.92376	7.62984	39.47738	1.04525	-0.23018	1.74649	0.41540	0.99953	0.03040	0.00457	-0.03048	0.99937	0.01811	-0.00402	-0.01824	0.99983	
59	0.58000	-0.21060	2.05648	-0.11670	0.21572	-0.06589	-0.29809	0.45766	0.99999	-0.00521	0.00113	0.00520	0.99998	0.00377	-0.00115	-0.00376	0.99999		-6.44293	61.39775	874.26122	179.66151	2.31341	-2.84283	0.74025	0.99796	0.04983	0.04002	0.04956	-0.99874	0.00790	0.04037	-0.00590	-0.99917		600.12926	7.77956	39.42318	1.20165	-0.43108	1.73431	0.42458	0.99951	0.03010	0.00815	-0.03026	0.99933	0.02073	-0.00752	-0.02097	0.99975	
60	0.59000	-0.20899	2.05144	-0.10677	0.20294	-0.06113	-0.29899	0.45882	0.99999	-0.00522	0.00105	0.00522	0.99998	0.00355	-0.00107	-0.00354	0.99999		-6.49391	61.08268	874.31997	179.66005	2.38241	-2.76901	0.73959	0.99797	0.04856	0.04123	0.04827	-0.99880	0.00793	0.04157	-0.00593	-0.99912		599.92702	7.67186	39.54030	1.06683	-0.24505	1.74979	0.41354	0.99952	0.03045	0.00484	-0.03053	0.99936	0.01848	-0.00428	-0.01862	0.99982	
61	0.60000	-0.21526	2.04774	-0.12359	0.20628	-0.06670	-0.29851	0.46021	0.99999	-0.00521	0.00115	0.00521	0.99998	0.00361	-0.00116	-0.00360	0.99999		-6.49058	61.21446	874.28506	179.66977	2.32362	-2.83954	0.74283	0.99795	0.04977	0.04021	0.04950	-0.99874	0.00777	0.04054	-0.00576	-0.99916		599.92745	7.64421	39.50777	1.03628	-0.23148	1.77070	0.41276	0.99951	0.03082	0.00460	-0.03090	0.99936	0.01795	-0.00404	-0.01809	0.99983	
62	0.61000	-0.22295	2.06027	-0.13505	0.21627	-0.07142	-0.30368	0.45621	0.99998	-0.00530	0.00123	0.00530	0.99998	0.00378	-0.00125	-0.00377	0.99999		-6.45063	61.36077	874.28839	179.66852	2.32520	-2.85921	0.74016	0.99793	0.05012	0.04023	0.04984	-0.99873	0.00780	0.04057	-0.00578	-0.99916		599.92763	7.70783	39.46783	1.04315	-0.22205	1.75523	0.41182	0.99952	0.03055	0.00443	-0.03063	0.99937	0.01808	-0.00388	-0.01821	0.99983	
63	0.62000	-0.22360	2.04782	-0.11976	0.21789	-0.06582	-0.29526	0.45664	0.99999	-0.00516	0.00113	0.00515	0.99998	0.00381	-0.00115	-0.00380	0.99999		-6.51366	61.30292	874.31031	179.65712	2.38314	-2.76476	0.73803	0.99797	0.04848	0.04124	0.04819	-0.99881	0.00798	0.04158	-0.00598	-0.99912		599.91930	7.63202	39.51236	1.05279	-0.23194	1.75110	0.41505	0.99952	0.03048	0.00461	-0.03056	0.99937	0.01824	-0.00405	-0.01837	0.99982	
64	0.63000	-0.27347	2.03410	0.24374	0.09284	0.06368	-0.30783	0.49578	0.99998	-0.00537	-0.00112	0.00537	0.99998	0.00161	0.00111	-0.00162	1.00000		-8.44818	59.39193	874.07896	179.77417	2.52448	-2.78155	0.74185	0.99785	0.04870	0.04380	0.04848	-0.99881	0.00607	0.04405	-0.00394	-0.99902		599.87639	7.69543	40.51443	1.16836	-0.36346	1.75651	0.41452	0.99951	0.03052	0.00696	-0.03065	0.99933	0.02019	-0.00634	-0.02039	0.99977	
65	0.64000	-0.27131	2.03304	0.22203	0.09567	0.05678	-0.30608	0.49444	0.99998	-0.00534	-0.00100	0.00534	0.99998	0.00166	0.00099	-0.00167	1.00000		-8.34708	59.44671	874.09947	179.76842	2.51917	-2.77766	0.73942	0.99786	0.04864	0.04371	0.04841	-0.99881	0.00617	0.04395	-0.00404	-0.99903		599.88551	7.67363	40.46264	1.15819	-0.35326	1.75978	0.41259	0.99951	0.03058	0.00678	-0.03071	0.99933	0.02001	-0.00617	-0.02021	0.99978	
66	0.65000	-0.21870	2.03417	-0.10923	0.20867	-0.06338	-0.29243	0.45733	0.99999	-0.00511	0.00109	0.00510	0.99998	0.00365	-0.00111	-0.00364	0.99999		-6.55225	61.21421	874.32355	179.65416	2.39746	-2.77642	0.73918	0.99795	0.04869	0.04149	0.04840	-0.99880	0.00806	0.04183	-0.00603	-0.99911		599.92141	7.60210	39.52457	1.05108	-0.24240	1.75715	0.41196	0.99952	0.03058	0.00479	-0.03066	0.99936	0.01821	-0.00423	-0.01834	0.99982	
67	0.66000	-0.21509	2.05855	-0.15569	0.21672	-0.08023	-0.29956	0.45473	0.99999	-0.00523	0.00138	0.00523	0.99998	0.00379	-0.00140	-0.00378	0.99999		-6.32699	61.41748	874.31761	179.66495	2.33553	-2.84126	0.74531	0.99794	0.04981	0.04041	0.04953	-0.99874	0.00786	0.04075	-0.00584	-0.99915		599.93646	7.66942	39.39826	1.05333	-0.21852	1.75616	0.41331	0.99952	0.03057	0.00437	-0.03065	0.99936	0.01826	-0.00381	-0.01838	0.99982	
68	0.67000	-0.20881	2.06508	-0.13468	0.21531	-0.07123	-0.30128	0.45810	0.99999	-0.00526	0.00122	0.00526	0.99998	0.00376	-0.00124	-0.00376	0.99999		-6.40402	61.33819	874.32492	179.65834	2.38213	-2.77964	0.73456	0.99796	0.04874	0.04123	0.04845	-0.99879	0.00797	0.04156	-0.00596	-0.99912		599.92151	7.67345	39.46331	1.04977	-0.23046	1.76710	0.41413	0.99952	0.03076	0.00458	-0.03084	0.99936	0.01819	-0.00402	-0.01832	0.99982	
69	0.68000	-0.21002	2.06637	-0.13311	0.21560	-0.06884	-0.30201	0.45735	0.99999	-0.00528	0.00118	0.00527	0.99998	0.00377	-0.00120	-0.00376	0.99999		-6.39165	61.34991	874.33795	179.64348	2.38682	-2.77777	0.74361	0.99796	0.04872	0.04129	0.04842	-0.99879	0.00823	0.04165	-0.00622	-0.99911		599.92085	7.68955	39.49624	1.05515	-0.22397	1.75242	0.41351	0.99952	0.03050	0.00447	-0.03058	0.99936	0.01829	-0.00391	-0.01841	0.99982	
70	0.69000	-0.21900	2.06904	-0.12792	0.21490	-0.06895	-0.30305	0.45822	0.99999	-0.00529	0.00118	0.00529	0.99998	0.00376	-0.00120	-0.00375	0.99999		-6.35997	61.35981	874.31252	179.65210	2.37789	-2.77314	0.73642	0.99797	0.04863	0.04115	0.04834	-0.99880	0.00807	0.04149	-0.00607	-0.99912		599.91713	7.69107	39.49084	1.05385	-0.21944	1.75747	0.41029	0.99952	0.03059	0.00439	-0.03067	0.99936	0.01827	-0.00383	-0.01839	0.99982	
71	0.70000	-0.26798	2.04422	0.25104	0.07441	0.06669	-0.31041	0.49214	0.99998	-0.00542	-0.00117	0.00542	0.99998	0.00129	0.00116	-0.00130	1.00000		-8.35202	59.21962	874.07188	179.77501	2.51369	-2.77748	0.74457	0.99786	0.04863	0.04362	0.04841	-0.99881	0.00605	0.04386	-0.00392	-0.99903		599.87624	7.68033	40.53724	1.17067	-0.36735	1.78308	0.41269	0.99950	0.03098	0.00704	-0.03111	0.99931	0.02022	-0.00641	-0.02043	0.99977	
72	0.71000	-0.22110	2.05797	-0.13095	0.20967	-0.06899	-0.30059	0.45447	0.99999	-0.00525	0.00119	0.00525	0.99998	0.00366	-0.00120	-0.00366	0.99999		-6.37607	61.38926	874.27783	179.66605	2.31699	-2.84521	0.74690	0.99795	0.04987	0.04009	0.04960	-0.99874	0.00783	0.04043	-0.00582	-0.99917		599.91709	7.65835	39.49645	1.03948	-0.22084	1.77418	0.41415	0.99951	0.03089	0.00441	-0.03096	0.99936	0.01801	-0.00385	-0.01814	0.99983	
73	0.72000	-0.22008	2.05353	-0.12663	0.21334	-0.06499	-0.29786	0.45365	0.99999	-0.00520	0.00112	0.00520	0.99998	0.00373	-0.00113	-0.00372	0.99999		-6.46049	61.44040	874.25016	179.65688	2.31303	-2.84371	0.74651	0.99795	0.04985	0.04001	0.04957	-0.99874	0.00798	0.04036	-0.00598	-0.99917		599.92649	7.65411	39.52382	1.05325	-0.24243	1.74335	0.41072	0.99953	0.03034	0.00479	-0.03042	0.99937	0.01824	-0.00423	-0.01838	0.99982	
74	0.73000	-0.21577	2.05490	-0.12811	0.20044	-0.06801	-0.30040	0.45673	0.99999	-0.00525	0.00117	0.00524	0.99998	0.00350	-0.00119	-0.00350	0.99999		-6.44528	61.23158	874.29322	179.67743	2.33333	-2.84817	0.74119	0.99794	0.04992	0.04038	0.04965	-0.99874	0.00765	0.04071	-0.00563	-0.99916		599.92260	7.67471	39.49353	1.06573	-0.23471	1.74295	0.41228	0.99953	0.03033	0.00466	-0.03042	0.99937	0.01847	-0.00410	-0.01860	0.99982	
75	0.74000	-0.25705	2.04049	0.23083	0.07956	0.05939	-0.30981	0.49015	0.99998	-0.00541	-0.00104	0.00541	0.99998	0.00138	0.00104	-0.00139	1.00000		-8.39602	59.37490	874.03714	179.79755	2.44942	-2.86676	0.74311	0.99784	0.05016	0.04251	0.04997	-0.99873	0.00567	0.04274	-0.00353	-0.99908		600.07318	7.82176	40.40048	1.33998	-0.55367	1.73780	0.42613	0.99949	0.03009	0.01037	-0.03032	0.99927	0.02308	-0.00966	-0.02338	0.99968	
76	0.75000	-0.26308	2.03325	0.26170	0.07904	0.06983	-0.30665	0.49030	0.99998	-0.00535	-0.00123	0.00535	0.99998	0.00137	0.00122	-0.00138	1.00000		-8.51722	59.24421	874.07486	179.78795	2.53666	-2.77912	0.73703	0.99785	0.04865	0.04403	0.04844	-0.99881	0.00584	0.04426	-0.00370	-0.99901		599.87688	7.67705	40.55994	1.19930	-0.36943	1.75386	0.41372	0.99951	0.03046	0.00708	-0.03061	0.99932	0.02072	-0.00645	-0.02093	0.99976	
77	0.76000	-0.22199	2.06985	-0.14291	0.21496	-0.07409	-0.30548	0.45730	0.99998	-0.00534	0.00127	0.00533	0.99998	0.00376	-0.00129	-0.00375	0.99999		-6.39825	61.26876	874.35509	179.64708	2.39358	-2.77363	0.74682	0.99796	0.04865	0.04142	0.04835	-0.99880	0.00817	0.04176	-0.00615	-0.99911		600.12560	7.83529	39.36639	1.20208	-0.42050	1.74355	0.42600	0.99951	0.03027	0.00797	-0.03043	0.99932	0.02075	-0.00734	-0.02098	0.99975	
78	0.77000	-0.22317	2.05861	-0.11216	0.21479	-0.05999	-0.30046	0.45492	0.99999	-0.00525	0.00103	0.00524	0.99998	0.00375	-0.00105	-0.00375	0.99999		-6.66789	61.36423	874.27191	179.66901	2.34851	-2.84817	0.74578	0.99793	0.04993	0.04064	0.04965	-0.99874	0.00781	0.04098	-0.00577	-0.99914		599.92390	7.68098	39.55366	1.05932	-0.24492	1.75361	0.41322	0.99952	0.03052	0.00484	-0.03060	0.99936	0.01835	-0.00427	-0.01849	0.99982	
79	0.78000	-0.22807	2.05110	-0.14672	0.20468	-0.07507	-0.30003	0.45972	0.99999	-0.00524	0.00129	0.00524	0.99998	0.00358	-0.00131	-0.00357	0.99999		-6.36762	61.10610	874.37480	179.66353	2.39322	-2.77290	0.74207	0.99796	0.04862	0.04142	0.04834	-0.99880	0.00789	0.04176	-0.00587	-0.99911		599.93272	7.67072	39.43506	1.05742	-0.22385	1.76096	0.41339	0.99952	0.03065	0.00447	-0.03073	0.99936	0.01833	-0.00391	-0.01845	0.99982	
80	0.79000	-0.27310	2.03525	0.21890	0.09242	0.05588	-0.30964	0.49375	0.99998	-0.00540	-0.00098	0.00540	0.99998	0.00161	0.00098	-0.00161	1.00000		-8.30688	59.38276	874.11876	179.77017	2.51889	-2.78307	0.74203	0.99786	0.04873	0.04370	0.04851	-0.99880	0.00614	0.04395	-0.00401	-0.99903		599.88360	7.70639	40.44771	1.16763	-0.35119	1.76765	0.41709	0.99951	0.03072	0.00675	-0.03085	0.99932	0.02018	-0.00613	-0.02038	0.99977	
81	0.80000	-0.22971	2.04936	-0.11367	0.20703	-0.06195	-0.29928	0.45891	0.99999	-0.00523	0.00106	0.00522	0.99998	0.00362	-0.00108	-0.00361	0.99999		-6.52466	61.12796	874.34315	179.65352	2.40145	-2.77375	0.74345	0.99795	0.04864	0.04156	0.04835	-0.99880	0.00807	0.04190	-0.00604	-0.99910		599.92825	7.67359	39.53975	1.05437	-0.23356	1.74031	0.40968	0.99953	0.03029	0.00463	-0.03037	0.99937	0.01827	-0.00408	-0.01840	0.99982	
82	0.81000	-0.26515	2.02589	0.24263	0.09087	0.06132	-0.30422	0.49106	0.99999	-0.00531	-0.00108	0.00531	0.99998	0.00158	0.00107	-0.00159	1.00000		-8.40701	59.49768	874.00437	179.80045	2.44092	-2.85213	0.73816	0.99786	0.04991	0.04236	0.04971	-0.99875	0.00560	0.04259	-0.00348	-0.99909		599.88233	7.66279	40.47373	1.17603	-0.36360	1.76257	0.41370	0.99951	0.03062	0.00697	-0.03076	0.99932	0.02032	-0.00635	-0.02052	0.99977	
83	0.82000	-0.21401	2.05088	-0.13125	0.20847	-0.06932	-0.29881	0.45908	0.99999	-0.00522	0.00119	0.00522	0.99998	0.00364	-0.00121	-0.00364	0.99999		-6.37691	61.17831	874.34768	179.64856	2.38098	-2.78091	0.74197	0.99796	0.04877	0.04120	0.04848	-0.99879	0.00814	0.04154	-0.00613	-0.99912		599.92950	7.66010	39.47429	1.03574	-0.23249	1.75321	0.41303	0.99952	0.03052	0.00461	-0.03059	0.99937	0.01794	-0.00406	-0.01808	0.99983	
84	0.83000	-0.20937	2.07033	-0.14857	0.21076	-0.07419	-0.30558	0.45604	0.99998	-0.00534	0.00128	0.00533	0.99998	0.00368	-0.00129	-0.00368	0.99999		-6.28886	61.20276	874.35413	179.65009	2.37159	-2.77679	0.74253	0.99797	0.04870	0.04104	0.04840	-0.99879	0.00810	0.04138	-0.00610	-0.99912		599.93103	7.71321	39.44472	1.04444	-0.22521	1.75715	0.40792	0.99952	0.03059	0.00449	-0.03066	0.99937	0.01810	-0.00393	-0.01823	0.99983	
85	0.84000	-0.26291	2.05009	0.25251	0.09709	0.06855	-0.31050	0.49404	0.99998	-0.00542	-0.00121	0.00542	0.99998	0.00169	0.00120	-0.00169	1.00000		-8.45086	59.59310	873.98566	179.77788	2.44458	-2.85819	0.74637	0.99785	0.05003	0.04241	0.04982	-0.99874	0.00600	0.04265	-0.00387	-0.99908		599.87674	7.70786	40.54968	1.15653	-0.36371	1.76202	0.41183	0.99951	0.03061	0.00696	-0.03075	0.99933	0.01998	-0.00635	-0.02018	0.99978	
86	0.85000	-0.26981	2.05125	0.25474	0.09306	0.06998	-0.31349	0.49409	0.99998	-0.00547	-0.00123	0.00547	0.99998	0.00162	0.00122	-0.00162	1.00000		-8.41097	59.45736	874.06707	179.77206	2.52169	-2.78942	0.74565	0.99785	0.04884	0.04375	0.04862	-0.99880	0.00611	0.04400	-0.00397	-0.99902		599.88744	7.73912	40.55626	1.16262	-0.37605	1.75855	0.41394	0.99951	0.03055	0.00718	-0.03069	0.99933	0.02008	-0.00656	-0.02029	0.99977	
87	0.86000	-0.22343	2.06241	-0.12595	0.21036	-0.06753	-0.30226	0.45784	0.99999	-0.00528	0.00116	0.00528	0.99998	0.00368	-0.00118	-0.00367	0.99999		-6.41943	61.37252	874.27953	179.67035	2.32918	-2.85611	0.74958	0.99793	0.05006	0.04030	0.04979	-0.99873	0.00777	0.04064	-0.00575	-0.99916		599.92581	7.69475	39.49356	1.05316	-0.22968	1.74806	0.41671	0.99953	0.03043	0.00457	-0.03050	0.99937	0.01825	-0.00401	-0.01838	0.99982	
88	0.87000	-0.22450	2.05690	-0.13902	0.21082	-0.07166	-0.30134	0.45704	0.99999	-0.00526	0.00123	0.00526	0.99998	0.00369	-0.00125	-0.00368	0.99999		-6.39128	61.38970	874.27981	179.66858	2.31700	-2.85387	0.74654	0.99794	0.05002	0.04009	0.04975	-0.99873	0.00779	0.04043	-0.00578	-0.99917		599.93015	7.70438	39.45496	1.06186	-0.23064	1.73689	0.41386	0.99953	0.03023	0.00458	-0.03031	0.99937	0.01840	-0.00403	-0.01853	0.99982	
89	0.88000	-0.22097	2.05260	-0.14891	0.21167	-0.07482	-0.29857	0.45507	0.99999	-0.00522	0.00129	0.00521	0.99998	0.00370	-0.00131	-0.00369	0.99999		-6.37982	61.40989	874.30139	179.66653	2.32424	-2.84555	0.74537	0.99795	0.04988	0.04021	0.04960	-0.99874	0.00783	0.04055	-0.00582	-0.99916		599.93148	7.67343	39.43827	1.05513	-0.22427	1.74169	0.41722	0.99953	0.03032	0.00447	-0.03039	0.99937	0.01829	-0.00391	-0.01841	0.99982	
90	0.89000	-0.21617	2.05041	-0.12837	0.21227	-0.06670	-0.29648	0.45411	0.99999	-0.00518	0.00115	0.00517	0.99998	0.00371	-0.00116	-0.00370	0.99999		-6.54115	61.41277	874.26616	179.65463	2.33247	-2.84038	0.74327	0.99794	0.04980	0.04035	0.04951	-0.99874	0.00804	0.04070	-0.00602	-0.99915		599.92038	7.65097	39.50308	1.05213	-0.23108	1.73427	0.41575	0.99953	0.03018	0.00459	-0.03026	0.99938	0.01823	-0.00403	-0.01836	0.99982	
91	0.90000	-0.21200	2.05175	-0.13970	0.21597	-0.07050	-0.29808	0.45632	0.99999	-0.00521	0.00121	0.00520	0.99998	0.00378	-0.00123	-0.00377	0.99999		-6.46152	61.38280	874.35148	179.64082	2.40086	-2.77769	0.74053	0.99795	0.04872	0.04154	0.04842	-0.99879	0.00829	0.04189	-0.00626	-0.99910		599.91864	7.65554	39.48116	1.03518	-0.21832	1.75395	0.41570	0.99952	0.03053	0.00436	-0.03061	0.99937	0.01794	-0.00381	-0.01807	0.99983	
92	0.91000	-0.22059	2.06479	-0.12538	0.21190	-0.06535	-0.30358	0.45514	0.99999	-0.00530	0.00112	0.00530	0.99998	0.00370	-0.00114	-0.00370	0.99999		-6.59781	61.39522	874.28575	179.66515	2.34574	-2.86042	0.74512	0.99792	0.05014	0.04059	0.04986	-0.99873	0.00788	0.04093	-0.00584	-0.99914		599.92684	7.71240	39.50806	1.05468	-0.23635	1.74248	0.41627	0.99953	0.03033	0.00468	-0.03041	0.99937	0.01827	-0.00412	-0.01841	0.99982	
93	0.92000	-0.26911	2.03275	0.22816	0.08624	0.06085	-0.30599	0.49288	0.99998	-0.00534	-0.00107	0.00534	0.99998	0.00150	0.00106	-0.00151	1.00000		-8.41296	59.37553	874.09843	179.77409	2.52534	-2.77790	0.73925	0.99785	0.04864	0.04382	0.04842	-0.99881	0.00607	0.04406	-0.00394	-0.99902		599.88113	7.65757	40.49181	1.15870	-0.35347	1.76783	0.41176	0.99951	0.03072	0.00679	-0.03085	0.99932	0.02002	-0.00617	-0.02022	0.99978	
94	0.93000	-0.22378	2.06203	-0.14392	0.21936	-0.07180	-0.30203	0.45339	0.99999	-0.00528	0.00123	0.00527	0.99998	0.00383	-0.00125	-0.00383	0.99999		-6.47355	61.50683	874.27178	179.66994	2.32529	-2.85767	0.73782	0.99793	0.05009	0.04023	0.04981	-0.99873	0.00778	0.04057	-0.00576	-0.99916		599.92324	7.69692	39.47060	1.04493	-0.21994	1.74253	0.41489	0.99953	0.03033	0.00439	-0.03041	0.99937	0.01811	-0.00384	-0.01824	0.99983	
