1	0.00000	-0.25339	1.95095	1.70416	-0.52724	0.47520	-0.32366	0.58799	0.99995	-0.00572	-0.00824	0.00565	0.99994	-0.00925	0.00829	0.00920	0.99992		-14.56542	49.73067	873.31530	-179.59535	2.84133	-2.47510	0.59824	0.99784	0.04283	0.04983	0.04313	-0.99906	-0.00492	0.04957	0.00705	-0.99875		599.82627	7.39065	43.33057	1.62819	-1.01365	1.86256	0.36924	0.99932	0.03199	0.01860	-0.03250	0.99908	0.02782	-0.01769	-0.02841	0.99944	
2	0.01000	-0.11667	1.92771	0.88618	-0.32421	0.17185	-0.27932	0.52096	0.99998	-0.00489	-0.00297	0.00487	0.99997	-0.00567	0.00300	0.00566	0.99998		-10.03837	52.88027	874.03720	-179.81430	2.55278	-2.44569	0.61107	0.99810	0.04253	0.04464	0.04263	-0.99909	-0.00134	0.04454	0.00324	-0.99900		599.91610	7.07216	40.94542	1.42112	-0.72562	1.81868	0.37291	0.99942	0.03141	0.01344	-0.03173	0.99920	0.02439	-0.01266	-0.02480	0.99961	
3	0.02000	-0.23633	1.94092	1.61580	-0.50142	0.44405	-0.31485	0.57239	0.99995	-0.00556	-0.00770	0.00549	0.99995	-0.00879	0.00775	0.00875	0.99993		-13.94445	50.46856	873.44814	-179.53673	2.84151	-2.77910	0.74816	0.99760	0.04808	0.04991	0.04843	-0.99881	-0.00567	0.04957	0.00808	-0.99874		599.84426	7.34182	43.07732	1.62486	-1.00702	1.83959	0.37000	0.99933	0.03159	0.01847	-0.03210	0.99910	0.02778	-0.01757	-0.02835	0.99944	
4	0.03000	-0.20144	2.01420	1.11829	-0.38969	0.26426	-0.34604	0.81983	0.99997	-0.00607	-0.00457	0.00604	0.99996	-0.00683	0.00461	0.00680	0.99997		-11.22450	51.93194	873.87455	-179.70184	2.72687	-2.75085	0.70843	0.99772	0.04775	0.04777	0.04794	-0.99885	-0.00291	0.04757	0.00520	-0.99885		599.86432	7.78424	41.85035	1.62645	-0.49509	1.84337	0.37474	0.99945	0.03191	0.00955	-0.03217	0.99909	0.02809	-0.00864	-0.02838	0.99956	
5	0.04000	-0.09981	2.05692	0.28799	-0.11707	-0.03168	-0.32938	0.73056	0.99998	-0.00575	0.00057	0.00575	0.99998	-0.00204	-0.00055	0.00204	1.00000		-6.85530	56.12829	874.43142	-179.95695	2.39316	-2.73778	0.69652	0.99799	0.04773	0.04174	0.04772	-0.99886	0.00124	0.04176	0.00075	-0.99913		599.97529	7.75503	39.56177	1.35809	-0.19687	1.81923	0.37717	0.99949	0.03166	0.00419	-0.03175	0.99922	0.02358	-0.00344	-0.02370	0.99971	
6	0.05000	0.05977	2.68312	0.10685	0.72569	-0.93134	-0.53349	0.67048	0.99982	-0.00952	0.01613	0.00931	0.99987	0.01282	-0.01625	-0.01266	0.99979		6.13093	68.20686	873.94538	179.23036	1.46370	-2.79444	0.63402	0.99848	0.04909	0.02486	0.04874	-0.99870	0.01466	0.02554	-0.01343	-0.99958		600.28602	9.71329	30.84547	0.26325	0.74916	2.24947	0.37581	0.99914	0.03931	-0.01288	-0.03925	0.99922	0.00510	0.01307	-0.00459	0.99990	
7	0.06000	-0.19984	2.10257	0.25565	0.19235	-0.01990	-0.32799	0.57268	0.99998	-0.00573	0.00033	0.00572	0.99998	0.00336	-0.00035	-0.00336	0.99999		-7.03276	60.74745	874.01807	179.64763	2.39274	-2.75021	0.72506	0.99798	0.04824	0.04141	0.04794	-0.99882	0.00815	0.04175	-0.00614	-0.99911		599.90921	7.78156	39.90413	0.96755	-0.25042	2.03423	0.45171	0.99936	0.03542	0.00497	-0.03550	0.99923	0.01672	-0.00437	-0.01689	0.99985	
8	0.07000	-0.19710	2.09775	0.19163	0.20967	-0.03147	-0.32293	0.56403	0.99998	-0.00564	0.00053	0.00564	0.99998	0.00366	-0.00055	-0.00366	0.99999		-6.88063	61.05591	874.02817	179.63953	2.35962	-2.75603	0.72302	0.99800	0.04834	0.04082	0.04804	-0.99881	0.00826	0.04117	-0.00629	-0.99913		599.91277	7.85046	39.67945	1.00142	-0.24758	1.84842	0.40477	0.99947	0.03217	0.00488	-0.03226	0.99933	0.01733	-0.00432	-0.01748	0.99984	
9	0.08000	-0.30392	2.00862	0.99279	-0.11060	0.29476	-0.32550	0.58391	0.99997	-0.00569	-0.00513	0.00568	0.99998	-0.00196	0.00514	0.00193	0.99998		-11.71427	56.21596	873.52528	179.95631	2.69869	-2.75465	0.73226	0.99774	0.04810	0.04699	0.04801	-0.99884	0.00302	0.04708	-0.00076	-0.99889		599.78158	7.75188	42.29984	1.34544	-0.57219	1.84846	0.40990	0.99943	0.03201	0.01074	-0.03225	0.99921	0.02315	-0.00999	-0.02348	0.99967	
10	0.09000	-0.23089	2.02730	0.34672	0.08563	0.06963	-0.31019	0.52147	0.99998	-0.00541	-0.00122	0.00541	0.99998	0.00149	0.00122	-0.00149	1.00000		-8.35490	59.20293	874.00697	179.75227	2.48086	-2.74108	0.73691	0.99792	0.04801	0.04303	0.04778	-0.99884	0.00639	0.04329	-0.00432	-0.99905		599.87044	7.71418	40.55194	1.15736	-0.36301	1.81414	0.40975	0.99948	0.03152	0.00697	-0.03166	0.99930	0.01999	-0.00634	-0.02020	0.99978	
11	0.10000	-0.23091	2.04122	0.33713	0.09445	0.07194	-0.31308	0.51045	0.99998	-0.00546	-0.00126	0.00546	0.99998	0.00164	0.00126	-0.00165	1.00000		-8.40557	59.32793	873.98676	179.74704	2.47079	-2.74464	0.73697	0.99792	0.04807	0.04285	0.04784	-0.99883	0.00647	0.04311	-0.00441	-0.99906		599.85734	7.74009	40.57682	1.14193	-0.35846	1.81212	0.41069	0.99948	0.03149	0.00688	-0.03162	0.99931	0.01972	-0.00626	-0.01993	0.99978	
12	0.11000	-0.23882	2.04643	0.36404	0.09520	0.08575	-0.31431	0.51123	0.99998	-0.00548	-0.00151	0.00549	0.99998	0.00165	0.00150	-0.00166	1.00000		-8.61531	59.34475	873.96765	179.75288	2.49328	-2.75214	0.74606	0.99790	0.04820	0.04324	0.04797	-0.99883	0.00640	0.04350	-0.00431	-0.99904		599.84644	7.74198	40.69578	1.15145	-0.35559	1.82024	0.41049	0.99948	0.03163	0.00684	-0.03176	0.99930	0.01989	-0.00621	-0.02009	0.99978	
13	0.12000	-0.22902	2.04255	0.34100	0.09540	0.07695	-0.31214	0.50543	0.99998	-0.00545	-0.00135	0.00545	0.99998	0.00166	0.00134	-0.00167	1.00000		-8.47900	59.35902	873.98095	179.75079	2.48200	-2.75803	0.73759	0.99790	0.04831	0.04305	0.04807	-0.99882	0.00643	0.04331	-0.00435	-0.99905		599.84900	7.74337	40.62206	1.17341	-0.35366	1.79241	0.40891	0.99949	0.03115	0.00681	-0.03128	0.99931	0.02028	-0.00617	-0.02048	0.99977	
14	0.13000	-0.21109	2.08873	0.44503	0.22649	0.10214	-0.29911	0.46885	0.99998	-0.00521	-0.00180	0.00522	0.99998	0.00394	0.00178	-0.00395	0.99999		-8.92866	61.41782	873.68267	179.64046	2.45203	-2.82255	0.74774	0.99787	0.04951	0.04242	0.04920	-0.99875	0.00837	0.04278	-0.00627	-0.99906		599.81070	7.64303	40.76813	1.02970	-0.37376	1.78251	0.41080	0.99949	0.03098	0.00708	-0.03111	0.99936	0.01776	-0.00652	-0.01797	0.99982	
15	0.14000	-0.23730	2.05450	0.32901	0.10670	0.07880	-0.31286	0.50375	0.99998	-0.00546	-0.00138	0.00546	0.99998	0.00185	0.00138	-0.00186	1.00000		-8.50111	59.50867	873.98441	179.73454	2.48843	-2.75385	0.73829	0.99790	0.04825	0.04314	0.04800	-0.99882	0.00671	0.04342	-0.00463	-0.99905		599.85259	7.74985	40.63360	1.16033	-0.36291	1.78992	0.40921	0.99949	0.03110	0.00696	-0.03123	0.99931	0.02004	-0.00633	-0.02025	0.99977	
16	0.15000	-0.23819	2.05619	0.33298	0.09597	0.08273	-0.31535	0.50382	0.99998	-0.00550	-0.00145	0.00550	0.99998	0.00167	0.00144	-0.00167	1.00000		-8.55788	59.35276	873.98752	179.74239	2.48871	-2.76603	0.73654	0.99789	0.04845	0.04315	0.04821	-0.99882	0.00659	0.04342	-0.00449	-0.99905		599.84788	7.76380	40.67202	1.16368	-0.36582	1.78326	0.41462	0.99950	0.03098	0.00701	-0.03112	0.99931	0.02010	-0.00638	-0.02031	0.99977	
17	0.16000	-0.18964	2.05067	-0.04298	0.20309	-0.04991	-0.30126	0.46546	0.99999	-0.00526	0.00085	0.00526	0.99998	0.00355	-0.00087	-0.00354	0.99999		-6.56729	61.01005	874.26887	179.64905	2.35858	-2.75410	0.73820	0.99800	0.04830	0.04081	0.04801	-0.99881	0.00810	0.04115	-0.00612	-0.99913		599.89136	7.69628	39.64788	1.05708	-0.23178	1.76939	0.41248	0.99952	0.03080	0.00461	-0.03088	0.99936	0.01831	-0.00405	-0.01845	0.99982	
18	0.17000	-0.23421	2.04459	0.30773	0.09984	0.07105	-0.31042	0.50109	0.99998	-0.00542	-0.00125	0.00542	0.99998	0.00174	0.00124	-0.00174	1.00000		-8.36645	59.42415	874.01062	179.75159	2.47714	-2.75616	0.74295	0.99791	0.04827	0.04296	0.04804	-0.99882	0.00641	0.04322	-0.00433	-0.99906		599.84981	7.70656	40.56683	1.14064	-0.35377	1.79424	0.40664	0.99949	0.03118	0.00679	-0.03131	0.99932	0.01970	-0.00617	-0.01991	0.99978	
19	0.18000	-0.23346	2.05444	0.29805	0.10325	0.06893	-0.31293	0.50245	0.99998	-0.00546	-0.00121	0.00546	0.99998	0.00179	0.00120	-0.00180	1.00000		-8.34336	59.45917	874.01043	179.74202	2.47024	-2.76144	0.73787	0.99791	0.04837	0.04283	0.04813	-0.99882	0.00657	0.04310	-0.00450	-0.99906		599.85099	7.74497	40.55183	1.15847	-0.35636	1.77753	0.41343	0.99950	0.03089	0.00684	-0.03102	0.99932	0.02002	-0.00622	-0.02022	0.99978	
20	0.19000	-0.21760	2.10510	0.43051	0.21132	0.10427	-0.30867	0.46762	0.99998	-0.00538	-0.00184	0.00539	0.99998	0.00368	0.00182	-0.00369	0.99999		-8.90465	61.05139	873.76265	179.63539	2.50683	-2.75391	0.73540	0.99789	0.04832	0.04338	0.04800	-0.99881	0.00846	0.04374	-0.00636	-0.99902		599.81296	7.71948	40.78634	1.04421	-0.38874	1.77764	0.40918	0.99950	0.03089	0.00735	-0.03102	0.99936	0.01800	-0.00678	-0.01822	0.99981	
21	0.20000	-0.22751	2.04661	0.28591	0.09652	0.06823	-0.31151	0.50260	0.99998	-0.00543	-0.00120	0.00544	0.99998	0.00168	0.00119	-0.00168	1.00000		-8.33480	59.37598	874.03615	179.75345	2.47397	-2.77132	0.73746	0.99790	0.04853	0.04291	0.04830	-0.99881	0.00639	0.04317	-0.00430	-0.99906		599.84173	7.73261	40.55598	1.17311	-0.34990	1.78374	0.41126	0.99950	0.03100	0.00674	-0.03113	0.99931	0.02027	-0.00611	-0.02047	0.99977	
22	0.21000	-0.23084	2.06832	0.26688	0.10712	0.06269	-0.31823	0.50239	0.99998	-0.00555	-0.00110	0.00555	0.99998	0.00186	0.00109	-0.00187	1.00000		-8.26186	59.50794	874.03520	179.74687	2.46378	-2.77169	0.74026	0.99791	0.04855	0.04272	0.04831	-0.99881	0.00649	0.04299	-0.00441	-0.99907		599.85370	7.76608	40.50841	1.13513	-0.35227	1.81229	0.41092	0.99948	0.03150	0.00677	-0.03162	0.99931	0.01961	-0.00615	-0.01981	0.99978	
23	0.22000	-0.23335	2.06582	0.29404	0.10565	0.07111	-0.31716	0.49761	0.99998	-0.00553	-0.00125	0.00554	0.99998	0.00184	0.00124	-0.00184	1.00000		-8.38876	59.48704	874.00514	179.74698	2.47200	-2.77307	0.74036	0.99790	0.04857	0.04287	0.04834	-0.99881	0.00650	0.04313	-0.00441	-0.99906		599.84501	7.77405	40.57735	1.15399	-0.34850	1.78860	0.41124	0.99949	0.03108	0.00671	-0.03121	0.99931	0.01994	-0.00608	-0.02014	0.99978	
24	0.23000	-0.17469	2.09861	0.04645	0.32318	-0.02727	-0.29397	0.43299	0.99999	-0.00513	0.00045	0.00513	0.99997	0.00564	-0.00048	-0.00564	0.99998		-6.94056	62.78029	874.05088	179.53096	2.38380	-2.74471	0.73587	0.99799	0.04822	0.04115	0.04784	-0.99880	0.01017	0.04159	-0.00818	-0.99910		599.85571	7.64795	39.77188	0.93763	-0.25239	1.76289	0.41259	0.99952	0.03069	0.00491	-0.03076	0.99940	0.01622	-0.00440	-0.01636	0.99986	
25	0.24000	-0.18570	2.04940	-0.10124	0.21799	-0.06822	-0.29687	0.46391	0.99999	-0.00519	0.00117	0.00518	0.99998	0.00381	-0.00119	-0.00380	0.99999		-6.30667	61.24931	874.29769	179.63995	2.33808	-2.74822	0.73345	0.99802	0.04820	0.04045	0.04791	-0.99882	0.00823	0.04080	-0.00628	-0.99915		599.89058	7.63704	39.50275	1.01705	-0.20767	1.77744	0.41192	0.99951	0.03095	0.00417	-0.03102	0.99936	0.01763	-0.00362	-0.01775	0.99984	
26	0.25000	-0.23275	2.05847	0.24590	0.10694	0.05558	-0.31309	0.49589	0.99998	-0.00546	-0.00098	0.00546	0.99998	0.00186	0.00097	-0.00187	1.00000		-8.16534	59.55200	874.04657	179.76038	2.45454	-2.77224	0.73343	0.99791	0.04854	0.04257	0.04832	-0.99881	0.00625	0.04283	-0.00418	-0.99907		599.85367	7.73609	40.45543	1.14630	-0.33445	1.78365	0.40938	0.99950	0.03100	0.00646	-0.03113	0.99932	0.01981	-0.00584	-0.02001	0.99978	
27	0.26000	-0.17614	2.10947	0.03248	0.33512	-0.03119	-0.29531	0.43090	0.99999	-0.00516	0.00051	0.00515	0.99997	0.00585	-0.00054	-0.00585	0.99998		-6.89758	62.97615	874.02343	179.52402	2.36663	-2.74918	0.73800	0.99800	0.04830	0.04085	0.04792	-0.99880	0.01028	0.04129	-0.00830	-0.99911		599.86584	7.67276	39.73956	0.92720	-0.25574	1.75237	0.41073	0.99952	0.03050	0.00496	-0.03058	0.99940	0.01604	-0.00446	-0.01618	0.99986	
28	0.27000	-0.18765	2.06571	-0.07310	0.21925	-0.05333	-0.30369	0.46020	0.99999	-0.00530	0.00091	0.00530	0.99998	0.00383	-0.00093	-0.00383	0.99999		-6.53299	61.24320	874.27217	179.62965	2.35472	-2.75779	0.73960	0.99800	0.04838	0.04073	0.04807	-0.99881	0.00843	0.04109	-0.00646	-0.99913		599.88816	7.71426	39.61787	1.04271	-0.23181	1.76588	0.41503	0.99952	0.03074	0.00460	-0.03082	0.99936	0.01806	-0.00405	-0.01820	0.99983	
29	0.28000	-0.23577	2.05590	0.29567	0.09991	0.07723	-0.31202	0.49418	0.99998	-0.00544	-0.00136	0.00545	0.99998	0.00174	0.00135	-0.00174	1.00000		-8.48352	59.42021	874.00976	179.74809	2.48113	-2.76599	0.73527	0.99790	0.04845	0.04303	0.04821	-0.99882	0.00648	0.04329	-0.00439	-0.99905		599.84815	7.73654	40.62826	1.16596	-0.36160	1.76993	0.41138	0.99950	0.03075	0.00694	-0.03089	0.99932	0.02014	-0.00631	-0.02035	0.99977	
30	0.29000	-0.17111	2.10486	0.03803	0.32938	-0.02646	-0.29494	0.42944	0.99999	-0.00515	0.00043	0.00515	0.99997	0.00575	-0.00046	-0.00575	0.99998		-6.96088	62.88311	874.04176	179.51797	2.38153	-2.74480	0.74038	0.99799	0.04823	0.04110	0.04785	-0.99880	0.01039	0.04155	-0.00841	-0.99910		599.85859	7.67410	39.78280	0.93996	-0.25494	1.74562	0.41387	0.99953	0.03039	0.00495	-0.03046	0.99940	0.01626	-0.00445	-0.01640	0.99986	
31	0.30000	-0.18483	2.07063	-0.11039	0.23022	-0.07095	-0.30148	0.45891	0.99999	-0.00527	0.00122	0.00526	0.99998	0.00402	-0.00124	-0.00402	0.99999		-6.26537	61.41093	874.29993	179.62387	2.33607	-2.75586	0.74050	0.99801	0.04835	0.04040	0.04804	-0.99881	0.00852	0.04076	-0.00656	-0.99915		599.89801	7.70412	39.46644	1.04788	-0.21121	1.76121	0.40968	0.99952	0.03066	0.00425	-0.03073	0.99936	0.01817	-0.00369	-0.01829	0.99983	
32	0.31000	-0.22969	2.05217	0.24544	0.10034	0.05924	-0.30950	0.49091	0.99998	-0.00540	-0.00104	0.00540	0.99998	0.00174	0.00103	-0.00175	1.00000		-8.19475	59.43551	874.07345	179.75580	2.47331	-2.75786	0.73990	0.99791	0.04830	0.04290	0.04807	-0.99882	0.00633	0.04315	-0.00426	-0.99906		599.85151	7.71568	40.48774	1.16650	-0.34231	1.76314	0.41161	0.99951	0.03064	0.00660	-0.03077	0.99932	0.02016	-0.00597	-0.02036	0.99977	
33	0.32000	-0.18690	2.07418	-0.09524	0.22042	-0.06381	-0.30572	0.45612	0.99998	-0.00534	0.00109	0.00534	0.99998	0.00385	-0.00111	-0.00385	0.99999		-6.37456	61.25884	874.28984	179.63464	2.33995	-2.76179	0.74194	0.99801	0.04844	0.04047	0.04814	-0.99881	0.00834	0.04083	-0.00637	-0.99915		599.89614	7.73753	39.51816	1.03367	-0.23071	1.75838	0.41234	0.99952	0.03061	0.00458	-0.03068	0.99937	0.01791	-0.00403	-0.01804	0.99983	
34	0.33000	-0.23424	2.07249	0.24513	0.10498	0.05890	-0.31826	0.49425	0.99998	-0.00555	-0.00104	0.00555	0.99998	0.00183	0.00103	-0.00183	1.00000		-8.19774	59.48005	874.05490	179.74313	2.46197	-2.77010	0.74314	0.99791	0.04852	0.04269	0.04828	-0.99881	0.00655	0.04296	-0.00448	-0.99907		599.86292	7.79658	40.47655	1.16559	-0.34869	1.76750	0.41075	0.99951	0.03071	0.00671	-0.03084	0.99932	0.02014	-0.00609	-0.02034	0.99977	
35	0.34000	-0.23581	2.04966	0.27944	0.10021	0.07190	-0.31120	0.49543	0.99998	-0.00543	-0.00126	0.00543	0.99998	0.00174	0.00125	-0.00175	1.00000		-8.38671	59.43725	874.02583	179.75339	2.47646	-2.77010	0.74245	0.99790	0.04851	0.04295	0.04828	-0.99881	0.00639	0.04321	-0.00430	-0.99906		599.85224	7.72603	40.57665	1.16378	-0.36279	1.77468	0.41309	0.99950	0.03083	0.00696	-0.03097	0.99932	0.02010	-0.00633	-0.02031	0.99977	
36	0.35000	-0.23378	2.05263	0.27453	0.10458	0.06809	-0.31004	0.49144	0.99998	-0.00541	-0.00120	0.00541	0.99998	0.00182	0.00119	-0.00183	1.00000		-8.39327	59.59746	873.95026	179.76245	2.40265	-2.84516	0.74270	0.99789	0.04981	0.04166	0.04959	-0.99875	0.00622	0.04192	-0.00414	-0.99911		599.86091	7.70937	40.53433	1.16048	-0.37088	1.77899	0.41251	0.99950	0.03091	0.00710	-0.03104	0.99932	0.02004	-0.00647	-0.02025	0.99977	
37	0.36000	-0.23029	2.06220	0.25115	0.09437	0.05937	-0.31492	0.49548	0.99998	-0.00549	-0.00104	0.00550	0.99998	0.00164	0.00104	-0.00165	1.00000		-8.22503	59.34333	874.03539	179.76169	2.45195	-2.77068	0.73152	0.99792	0.04852	0.04253	0.04829	-0.99881	0.00622	0.04278	-0.00416	-0.99908		599.85548	7.75827	40.47478	1.18294	-0.34884	1.77204	0.41286	0.99950	0.03079	0.00672	-0.03092	0.99931	0.02045	-0.00609	-0.02064	0.99977	
38	0.37000	-0.18372	2.06247	-0.09342	0.21677	-0.06043	-0.30137	0.46176	0.99999	-0.00526	0.00104	0.00526	0.99998	0.00379	-0.00105	-0.00378	0.99999		-6.43377	61.20485	874.28667	179.63901	2.34304	-2.75606	0.74291	0.99801	0.04834	0.04053	0.04804	-0.99881	0.00826	0.04088	-0.00630	-0.99914		599.89406	7.68121	39.55875	1.03389	-0.22954	1.77124	0.41196	0.99951	0.03083	0.00456	-0.03091	0.99936	0.01791	-0.00401	-0.01804	0.99983	
39	0.38000	-0.18916	2.07230	-0.10382	0.22029	-0.06572	-0.30331	0.45902	0.99999	-0.00530	0.00113	0.00529	0.99998	0.00385	-0.00115	-0.00384	0.99999		-6.34637	61.25342	874.29805	179.62651	2.34185	-2.76700	0.73983	0.99800	0.04854	0.04050	0.04823	-0.99880	0.00848	0.04086	-0.00651	-0.99914		599.90877	7.70964	39.50455	1.04417	-0.23716	1.76378	0.41084	0.99952	0.03070	0.00470	-0.03078	0.99936	0.01809	-0.00414	-0.01822	0.99983	
40	0.39000	-0.17430	2.10425	0.00909	0.33377	-0.03587	-0.29176	0.42722	0.99999	-0.00510	0.00060	0.00509	0.99997	0.00583	-0.00063	-0.00583	0.99998		-6.81008	62.94497	874.06753	179.51137	2.38008	-2.75366	0.74090	0.99798	0.04839	0.04107	0.04800	-0.99879	0.01051	0.04153	-0.00852	-0.99910		599.86203	7.63492	39.70528	0.93307	-0.24957	1.74964	0.41285	0.99952	0.03046	0.00485	-0.03053	0.99940	0.01614	-0.00436	-0.01628	0.99986	
41	0.40000	-0.18617	2.06619	-0.11089	0.22915	-0.06553	-0.30053	0.45371	0.99999	-0.00525	0.00112	0.00525	0.99998	0.00400	-0.00114	-0.00400	0.99999		-6.35260	61.38718	874.29266	179.61954	2.34103	-2.75850	0.74033	0.99801	0.04840	0.04048	0.04809	-0.99881	0.00860	0.04085	-0.00663	-0.99914		599.89974	7.68452	39.51529	1.03445	-0.22697	1.76579	0.41676	0.99952	0.03074	0.00452	-0.03081	0.99936	0.01792	-0.00396	-0.01805	0.99983	
42	0.41000	-0.22881	2.05453	0.24479	0.10146	0.05942	-0.30943	0.49145	0.99998	-0.00540	-0.00105	0.00540	0.99998	0.00176	0.00104	-0.00177	1.00000		-8.21376	59.44730	874.04547	179.75610	2.45666	-2.77071	0.74229	0.99791	0.04852	0.04261	0.04829	-0.99881	0.00632	0.04286	-0.00425	-0.99907		599.85271	7.70553	40.47302	1.15811	-0.35346	1.76840	0.41160	0.99950	0.03073	0.00679	-0.03086	0.99932	0.02001	-0.00617	-0.02021	0.99978	
43	0.42000	-0.17627	2.08794	0.03359	0.31853	-0.02558	-0.28617	0.42594	0.99999	-0.00500	0.00042	0.00499	0.99997	0.00556	-0.00045	-0.00556	0.99998		-6.96015	62.73348	874.04503	179.53687	2.37836	-2.74844	0.74284	0.99799	0.04828	0.04106	0.04791	-0.99880	0.01006	0.04150	-0.00808	-0.99911		599.85228	7.57451	39.77985	0.94492	-0.26258	1.75607	0.40651	0.99952	0.03056	0.00509	-0.03064	0.99940	0.01634	-0.00458	-0.01649	0.99985	
44	0.43000	-0.23146	2.04861	0.24640	0.11261	0.06255	-0.30722	0.49214	0.99998	-0.00536	-0.00110	0.00536	0.99998	0.00196	0.00109	-0.00197	1.00000		-8.25181	59.61746	874.05081	179.74130	2.47324	-2.75993	0.74380	0.99791	0.04835	0.04288	0.04811	-0.99882	0.00659	0.04315	-0.00451	-0.99906		599.84607	7.69760	40.51202	1.15609	-0.34180	1.76811	0.41167	0.99951	0.03073	0.00658	-0.03085	0.99932	0.01998	-0.00597	-0.02018	0.99978	
45	0.44000	-0.17095	2.10307	0.00306	0.33783	-0.03626	-0.29249	0.42649	0.99999	-0.00511	0.00060	0.00510	0.99997	0.00590	-0.00063	-0.00590	0.99998		-6.80687	63.01218	874.05045	179.51500	2.36225	-2.75059	0.73974	0.99800	0.04834	0.04076	0.04795	-0.99880	0.01043	0.04122	-0.00846	-0.99911		599.85746	7.65770	39.69314	0.93151	-0.25276	1.73737	0.41030	0.99953	0.03024	0.00490	-0.03032	0.99941	0.01612	-0.00441	-0.01626	0.99986	
46	0.45000	-0.22997	2.05335	0.23507	0.11002	0.05751	-0.31125	0.49145	0.99998	-0.00543	-0.00101	0.00543	0.99998	0.00191	0.00100	-0.00192	1.00000		-8.17827	59.59327	874.05240	179.73672	2.46196	-2.77564	0.74045	0.99790	0.04862	0.04268	0.04838	-0.99881	0.00667	0.04296	-0.00459	-0.99907		599.85901	7.73419	40.46310	1.16027	-0.34727	1.76372	0.40552	0.99951	0.03065	0.00668	-0.03078	0.99933	0.02005	-0.00606	-0.02025	0.99978	
47	0.46000	-0.18810	2.07343	-0.09478	0.22978	-0.05881	-0.30110	0.45549	0.99999	-0.00526	0.00101	0.00526	0.99998	0.00402	-0.00103	-0.00401	0.99999		-6.44808	61.39175	874.26446	179.61974	2.34223	-2.75185	0.74127	0.99801	0.04828	0.04050	0.04797	-0.99881	0.00859	0.04087	-0.00663	-0.99914		599.89292	7.69392	39.56955	1.03168	-0.22100	1.75149	0.40921	0.99953	0.03049	0.00440	-0.03056	0.99937	0.01788	-0.00386	-0.01801	0.99983	
48	0.47000	-0.23026	2.05163	0.25102	0.09615	0.06491	-0.31009	0.49311	0.99998	-0.00541	-0.00114	0.00541	0.99998	0.00167	0.00113	-0.00168	1.00000		-8.28728	59.37286	874.04948	179.75266	2.46579	-2.77058	0.74329	0.99791	0.04852	0.04276	0.04829	-0.99881	0.00639	0.04302	-0.00431	-0.99906		599.83926	7.71537	40.52364	1.16649	-0.34639	1.76816	0.40643	0.99951	0.03073	0.00667	-0.03085	0.99932	0.02016	-0.00605	-0.02036	0.99977	
49	0.48000	-0.23977	2.07682	0.26959	0.10485	0.07014	-0.31884	0.49415	0.99998	-0.00556	-0.00123	0.00556	0.99998	0.00182	0.00122	-0.00183	1.00000		-8.36462	59.47711	874.02858	179.74898	2.47793	-2.77698	0.74295	0.99789	0.04864	0.04297	0.04840	-0.99881	0.00647	0.04323	-0.00438	-0.99906		599.85305	7.79259	40.54753	1.16719	-0.36922	1.76443	0.41309	0.99951	0.03065	0.00707	-0.03079	0.99932	0.02016	-0.00644	-0.02037	0.99977	
50	0.49000	-0.24197	2.06329	0.27296	0.10636	0.07021	-0.31321	0.49366	0.99998	-0.00546	-0.00123	0.00547	0.99998	0.00185	0.00123	-0.00186	1.00000		-8.36001	59.52005	874.01955	179.74205	2.47882	-2.77673	0.74123	0.99789	0.04864	0.04298	0.04840	-0.99881	0.00659	0.04325	-0.00450	-0.99905		599.85433	7.74065	40.55441	1.15921	-0.35898	1.77772	0.40811	0.99950	0.03089	0.00689	-0.03102	0.99932	0.02003	-0.00627	-0.02023	0.99978	
51	0.50000	-0.23879	2.06293	0.27587	0.11147	0.07284	-0.31220	0.49411	0.99998	-0.00545	-0.00128	0.00545	0.99998	0.00194	0.00127	-0.00195	1.00000		-8.46178	59.70287	873.94607	179.76253	2.40938	-2.85012	0.74667	0.99788	0.04990	0.04178	0.04968	-0.99875	0.00623	0.04204	-0.00414	-0.99911		599.84108	7.72610	40.58095	1.15309	-0.35655	1.77298	0.41243	0.99950	0.03081	0.00684	-0.03094	0.99932	0.01992	-0.00622	-0.02012	0.99978	
52	0.51000	-0.22022	2.09613	0.37753	0.20532	0.09681	-0.30300	0.45978	0.99998	-0.00528	-0.00171	0.00529	0.99998	0.00357	0.00169	-0.00358	0.99999		-8.79166	60.98782	873.80959	179.64305	2.50363	-2.76118	0.74376	0.99789	0.04844	0.04333	0.04813	-0.99881	0.00833	0.04368	-0.00622	-0.99903		599.81346	7.67220	40.71811	1.06636	-0.38858	1.75982	0.40715	0.99951	0.03058	0.00735	-0.03071	0.99936	0.01839	-0.00678	-0.01861	0.99980	
53	0.52000	-0.18931	2.08703	-0.10904	0.23443	-0.06386	-0.30498	0.45703	0.99998	-0.00533	0.00109	0.00532	0.99998	0.00410	-0.00111	-0.00409	0.99999		-6.37732	61.45232	874.27996	179.61699	2.34597	-2.76179	0.74154	0.99800	0.04846	0.04056	0.04814	-0.99880	0.00865	0.04093	-0.00668	-0.99914		599.89324	7.71448	39.51588	1.02390	-0.22281	1.77170	0.40939	0.99951	0.03084	0.00444	-0.03092	0.99936	0.01774	-0.00389	-0.01787	0.99983	
54	0.53000	-0.18776	2.08512	-0.10144	0.22761	-0.06126	-0.30558	0.45599	0.99998	-0.00534	0.00105	0.00533	0.99998	0.00398	-0.00107	-0.00397	0.99999		-6.42233	61.34074	874.28403	179.62666	2.35049	-2.76102	0.73788	0.99800	0.04844	0.04065	0.04813	-0.99881	0.00848	0.04101	-0.00651	-0.99914		599.89412	7.73820	39.54128	1.05339	-0.23098	1.74983	0.41062	0.99953	0.03046	0.00459	-0.03054	0.99937	0.01825	-0.00403	-0.01838	0.99982	
55	0.54000	-0.18979	2.08111	-0.10400	0.22653	-0.06150	-0.30582	0.45652	0.99998	-0.00534	0.00105	0.00534	0.99998	0.00396	-0.00107	-0.00395	0.99999		-6.42984	61.35169	874.26598	179.63217	2.33589	-2.76685	0.72805	0.99800	0.04853	0.04040	0.04823	-0.99880	0.00838	0.04076	-0.00641	-0.99915		599.89320	7.74317	39.54125	1.05010	-0.22295	1.75335	0.40749	0.99952	0.03052	0.00445	-0.03060	0.99937	0.01820	-0.00389	-0.01833	0.99982	
56	0.55000	-0.17553	2.11472	0.00819	0.33832	-0.03371	-0.29441	0.42685	0.99999	-0.00514	0.00056	0.00514	0.99997	0.00591	-0.00059	-0.00590	0.99998		-6.84911	62.99863	874.04297	179.51115	2.37370	-2.75031	0.73637	0.99799	0.04833	0.04096	0.04794	-0.99879	0.01051	0.04142	-0.00852	-0.99911		599.86462	7.67959	39.70575	0.94602	-0.26133	1.72520	0.41094	0.99954	0.03003	0.00506	-0.03011	0.99941	0.01637	-0.00456	-0.01651	0.99985	
57	0.56000	-0.17603	2.12105	0.01177	0.33247	-0.03225	-0.29636	0.42380	0.99999	-0.00518	0.00053	0.00517	0.99997	0.00580	-0.00056	-0.00580	0.99998		-6.87589	62.91389	874.04702	179.52074	2.37288	-2.75717	0.73641	0.99799	0.04845	0.04095	0.04806	-0.99879	0.01035	0.04140	-0.00836	-0.99911		599.86492	7.66631	39.71575	0.93015	-0.26355	1.74674	0.41054	0.99952	0.03040	0.00509	-0.03048	0.99941	0.01609	-0.00460	-0.01623	0.99986	
58	0.57000	-0.23321	2.05908	0.23612	0.10006	0.05724	-0.31225	0.49213	0.99998	-0.00545	-0.00101	0.00545	0.99998	0.00174	0.00100	-0.00175	1.00000		-8.17814	59.41365	874.06405	179.75253	2.46280	-2.77028	0.73845	0.99791	0.04852	0.04271	0.04829	-0.99881	0.00639	0.04297	-0.00432	-0.99907		599.85350	7.73688	40.45078	1.17037	-0.34352	1.76575	0.41223	0.99951	0.03068	0.00662	-0.03081	0.99932	0.02023	-0.00600	-0.02042	0.99977	
59	0.58000	-0.22194	2.09634	0.35797	0.20588	0.08886	-0.30336	0.46607	0.99998	-0.00529	-0.00157	0.00529	0.99998	0.00358	0.00155	-0.00359	0.99999		-8.66592	60.98594	873.82414	179.63995	2.49621	-2.75919	0.73906	0.99789	0.04841	0.04320	0.04809	-0.99881	0.00837	0.04355	-0.00628	-0.99903		599.82240	7.67900	40.64124	1.05476	-0.38782	1.75820	0.41443	0.99951	0.03055	0.00733	-0.03068	0.99936	0.01819	-0.00677	-0.01841	0.99981	
60	0.59000	-0.19140	2.09159	-0.11586	0.22884	-0.06535	-0.30927	0.45861	0.99998	-0.00540	0.00112	0.00540	0.99998	0.00400	-0.00114	-0.00399	0.99999		-6.35731	61.35333	874.28874	179.62010	2.33489	-2.76328	0.73689	0.99801	0.04848	0.04037	0.04817	-0.99880	0.00859	0.04074	-0.00662	-0.99915		599.90177	7.77770	39.50644	1.04833	-0.22849	1.74573	0.40849	0.99953	0.03039	0.00454	-0.03046	0.99937	0.01817	-0.00399	-0.01830	0.99982	
61	0.60000	-0.23113	2.07077	0.24351	0.10253	0.06001	-0.31583	0.49172	0.99998	-0.00551	-0.00106	0.00551	0.99998	0.00178	0.00105	-0.00179	1.00000		-8.22440	59.44421	874.05396	179.75449	2.46752	-2.77521	0.73865	0.99790	0.04860	0.04279	0.04837	-0.99881	0.00636	0.04305	-0.00428	-0.99906		599.85698	7.78709	40.46664	1.18471	-0.36203	1.74950	0.41614	0.99951	0.03039	0.00695	-0.03053	0.99932	0.02047	-0.00632	-0.02068	0.99977	
62	0.61000	-0.18871	2.07132	-0.10676	0.22116	-0.06230	-0.30207	0.45667	0.99999	-0.00528	0.00107	0.00527	0.99998	0.00386	-0.00109	-0.00386	0.99999		-6.39450	61.25805	874.28805	179.62860	2.34172	-2.75811	0.73988	0.99801	0.04838	0.04050	0.04808	-0.99881	0.00844	0.04086	-0.00648	-0.99914		600.09401	7.82212	39.44474	1.20856	-0.43267	1.73235	0.41827	0.99951	0.03006	0.00818	-0.03023	0.99933	0.02085	-0.00755	-0.02109	0.99975	
63	0.62000	-0.23733	2.05766	0.26317	0.10667	0.06753	-0.31060	0.49166	0.99998	-0.00542	-0.00119	0.00542	0.99998	0.00185	0.00118	-0.00186	1.00000		-8.32733	59.52627	874.02470	179.74747	2.47082	-2.76902	0.74010	0.99790	0.04850	0.04285	0.04826	-0.99881	0.00649	0.04311	-0.00440	-0.99906		599.85561	7.74290	40.53070	1.17372	-0.36656	1.74701	0.40977	0.99951	0.03035	0.00702	-0.03049	0.99933	0.02028	-0.00640	-0.02048	0.99977	
64	0.63000	-0.23569	2.05541	0.24683	0.10359	0.06378	-0.31051	0.49276	0.99998	-0.00542	-0.00112	0.00542	0.99998	0.00180	0.00111	-0.00181	1.00000		-8.27502	59.49149	874.04908	179.75211	2.47216	-2.77828	0.74523	0.99790	0.04866	0.04287	0.04843	-0.99881	0.00641	0.04313	-0.00432	-0.99906		599.85873	7.73397	40.50820	1.17897	-0.35623	1.75822	0.41006	0.99951	0.03055	0.00684	-0.03068	0.99932	0.02038	-0.00622	-0.02058	0.99977	
65	0.64000	-0.18893	2.07502	-0.11095	0.22531	-0.06528	-0.30205	0.45410	0.99999	-0.00528	0.00112	0.00527	0.99998	0.00394	-0.00114	-0.00393	0.99999		-6.35336	61.32051	874.29057	179.62535	2.34158	-2.75917	0.74773	0.99801	0.04840	0.04049	0.04810	-0.99881	0.00850	0.04086	-0.00653	-0.99914		599.89532	7.70856	39.50314	1.05098	-0.22686	1.75121	0.41191	0.99953	0.03048	0.00452	-0.03056	0.99937	0.01821	-0.00396	-0.01834	0.99982	
66	0.65000	-0.17277	2.09623	0.01298	0.32654	-0.03179	-0.28720	0.42834	0.99999	-0.00502	0.00053	0.00501	0.99997	0.00570	-0.00055	-0.00570	0.99998		-6.87345	62.85023	874.04756	179.51686	2.37224	-2.75277	0.74095	0.99799	0.04837	0.04094	0.04799	-0.99879	0.01041	0.04139	-0.00842	-0.99911		599.86005	7.58532	39.73078	0.92905	-0.26063	1.74599	0.41129	0.99953	0.03039	0.00504	-0.03047	0.99941	0.01607	-0.00455	-0.01621	0.99986	
67	0.66000	-0.19316	2.07664	-0.10028	0.22506	-0.05929	-0.30348	0.45485	0.99999	-0.00530	0.00101	0.00530	0.99998	0.00393	-0.00103	-0.00393	0.99999		-6.44548	61.32877	874.28379	179.62785	2.35361	-2.76139	0.73948	0.99800	0.04844	0.04071	0.04814	-0.99880	0.00847	0.04107	-0.00649	-0.99914		599.89463	7.71007	39.56060	1.04271	-0.23367	1.76277	0.40934	0.99952	0.03068	0.00464	-0.03076	0.99936	0.01806	-0.00408	-0.01820	0.99983	
68	0.67000	-0.23148	2.06228	0.24626	0.11189	0.06192	-0.31062	0.49068	0.99998	-0.00542	-0.00109	0.00542	0.99998	0.00195	0.00108	-0.00195	1.00000		-8.27256	59.61946	874.01085	179.74750	2.45475	-2.76755	0.73574	0.99792	0.04847	0.04257	0.04824	-0.99881	0.00647	0.04283	-0.00440	-0.99907		599.84694	7.71637	40.48886	1.15714	-0.35103	1.76642	0.40980	0.99951	0.03069	0.00674	-0.03082	0.99932	0.02000	-0.00613	-0.02019	0.99978	
69	0.68000	-0.17630	2.11235	0.00520	0.33146	-0.03460	-0.29503	0.42790	0.99999	-0.00515	0.00057	0.00515	0.99997	0.00579	-0.00060	-0.00579	0.99998		-6.83801	62.91274	874.06856	179.51724	2.38199	-2.75990	0.74355	0.99798	0.04850	0.04111	0.04811	-0.99879	0.01042	0.04156	-0.00842	-0.99910		599.86464	7.65977	39.69712	0.93511	-0.26421	1.75488	0.41102	0.99952	0.03054	0.00511	-0.03062	0.99940	0.01617	-0.00461	-0.01632	0.99986	
70	0.69000	-0.17411	2.10825	-0.00066	0.33097	-0.03646	-0.29209	0.42745	0.99999	-0.00510	0.00061	0.00510	0.99997	0.00578	-0.00064	-0.00578	0.99998		-6.81216	62.91174	874.06994	179.52065	2.37340	-2.74685	0.74368	0.99799	0.04827	0.04096	0.04788	-0.99880	0.01034	0.04141	-0.00836	-0.99911		599.86704	7.63909	39.68237	0.93449	-0.26263	1.73691	0.41191	0.99953	0.03023	0.00508	-0.03031	0.99941	0.01616	-0.00458	-0.01631	0.99986	
71	0.70000	-0.23193	2.04996	0.24429	0.09911	0.06257	-0.30943	0.48776	0.99998	-0.00540	-0.00110	0.00540	0.99998	0.00172	0.00109	-0.00173	1.00000		-8.27617	59.43935	874.03332	179.76173	2.45686	-2.77102	0.73591	0.99791	0.04852	0.04262	0.04830	-0.99881	0.00623	0.04287	-0.00415	-0.99907		599.85572	7.71252	40.49549	1.16067	-0.36177	1.76286	0.41316	0.99951	0.03063	0.00693	-0.03076	0.99933	0.02005	-0.00631	-0.02026	0.99977	
72	0.71000	-0.19338	2.08122	-0.12615	0.22478	-0.06865	-0.30451	0.45616	0.99998	-0.00532	0.00118	0.00531	0.99998	0.00393	-0.00120	-0.00392	0.99999		-6.30701	61.32325	874.30881	179.62802	2.34234	-2.76822	0.73645	0.99800	0.04856	0.04051	0.04826	-0.99880	0.00846	0.04087	-0.00649	-0.99914		599.90835	7.72643	39.47719	1.03811	-0.23367	1.74484	0.41275	0.99953	0.03037	0.00463	-0.03045	0.99937	0.01798	-0.00408	-0.01812	0.99983	
73	0.72000	-0.18931	2.07935	-0.11972	0.22681	-0.06551	-0.30518	0.45535	0.99998	-0.00533	0.00112	0.00533	0.99998	0.00396	-0.00114	-0.00396	0.99999		-6.35425	61.35363	874.29999	179.63461	2.34406	-2.77083	0.73898	0.99800	0.04860	0.04054	0.04830	-0.99880	0.00835	0.04090	-0.00637	-0.99914		599.89755	7.73660	39.51580	1.04184	-0.22483	1.74902	0.41449	0.99953	0.03044	0.00448	-0.03052	0.99937	0.01805	-0.00392	-0.01818	0.99983	
74	0.73000	-0.18791	2.09003	-0.12858	0.23372	-0.06766	-0.30624	0.45329	0.99998	-0.00535	0.00116	0.00534	0.99998	0.00408	-0.00118	-0.00408	0.99999		-6.32254	61.44550	874.30189	179.61607	2.33770	-2.76519	0.73311	0.99800	0.04851	0.04042	0.04820	-0.99880	0.00866	0.04079	-0.00670	-0.99915		599.90263	7.74438	39.48365	1.03980	-0.23801	1.74223	0.41074	0.99953	0.03032	0.00470	-0.03040	0.99938	0.01801	-0.00415	-0.01815	0.99983	
75	0.74000	-0.18030	2.10017	-0.00259	0.32642	-0.03631	-0.28966	0.42383	0.99999	-0.00506	0.00061	0.00506	0.99997	0.00570	-0.00063	-0.00570	0.99998		-6.81105	62.86085	874.04490	179.53398	2.35717	-2.75214	0.73066	0.99800	0.04835	0.04069	0.04797	-0.99880	0.01010	0.04113	-0.00813	-0.99912		599.87130	7.63210	39.69201	0.95011	-0.25604	1.72149	0.41439	0.99954	0.02996	0.00496	-0.03004	0.99941	0.01644	-0.00447	-0.01658	0.99985	
76	0.75000	-0.18920	2.08132	-0.12235	0.22821	-0.06620	-0.30290	0.45233	0.99999	-0.00529	0.00113	0.00529	0.99998	0.00399	-0.00116	-0.00398	0.99999		-6.34966	61.38019	874.29274	179.63292	2.33677	-2.76551	0.73289	0.99800	0.04851	0.04042	0.04821	-0.99880	0.00837	0.04077	-0.00640	-0.99915		599.89536	7.71228	39.50122	1.04291	-0.22684	1.75468	0.41046	0.99952	0.03054	0.00451	-0.03062	0.99937	0.01807	-0.00396	-0.01820	0.99983	
77	0.76000	-0.18577	2.08243	-0.12140	0.22958	-0.06738	-0.30488	0.45280	0.99998	-0.00533	0.00116	0.00532	0.99998	0.00401	-0.00118	-0.00401	0.99999		-6.33303	61.38382	874.29881	179.62631	2.33941	-2.76826	0.73628	0.99800	0.04856	0.04046	0.04826	-0.99880	0.00849	0.04082	-0.00652	-0.99915		599.89406	7.73480	39.48719	1.04787	-0.22633	1.75361	0.41315	0.99952	0.03052	0.00451	-0.03060	0.99937	0.01816	-0.00395	-0.01829	0.99983	
78	0.77000	-0.17569	2.10568	-0.00893	0.32462	-0.03712	-0.29198	0.42310	0.99999	-0.00510	0.00062	0.00510	0.99997	0.00567	-0.00065	-0.00567	0.99998		-6.79461	62.80750	874.08542	179.53694	2.37335	-2.75245	0.73971	0.99799	0.04835	0.04097	0.04798	-0.99880	0.01006	0.04141	-0.00807	-0.99911		599.87197	7.64654	39.67802	0.95455	-0.26112	1.72825	0.41543	0.99953	0.03008	0.00506	-0.03016	0.99941	0.01651	-0.00456	-0.01666	0.99985	
79	0.78000	-0.17644	2.12085	-0.01331	0.33364	-0.04061	-0.29733	0.42495	0.99999	-0.00519	0.00068	0.00519	0.99997	0.00583	-0.00071	-0.00582	0.99998		-6.74767	62.93280	874.07484	179.51945	2.36721	-2.76533	0.73984	0.99798	0.04859	0.04085	0.04820	-0.99878	0.01037	0.04130	-0.00838	-0.99911		599.86731	7.68826	39.65116	0.94001	-0.25343	1.73765	0.41355	0.99953	0.03025	0.00492	-0.03032	0.99941	0.01626	-0.00442	-0.01641	0.99986	
80	0.79000	-0.22719	2.05835	0.22238	0.11734	0.05417	-0.31020	0.48656	0.99998	-0.00541	-0.00096	0.00541	0.99998	0.00204	0.00095	-0.00205	1.00000		-8.14431	59.67439	874.06247	179.73315	2.46219	-2.76559	0.73807	0.99791	0.04845	0.04268	0.04821	-0.99881	0.00672	0.04296	-0.00465	-0.99907		599.84760	7.74646	40.42486	1.16694	-0.34768	1.75064	0.40948	0.99951	0.03042	0.00669	-0.03055	0.99933	0.02017	-0.00607	-0.02037	0.99977	
81	0.80000	-0.23567	2.07300	0.23654	0.10650	0.06106	-0.31633	0.49177	0.99998	-0.00552	-0.00108	0.00552	0.99998	0.00185	0.00107	-0.00186	1.00000		-8.26187	59.52331	874.03940	179.75668	2.45705	-2.78016	0.73009	0.99790	0.04869	0.04261	0.04846	-0.99881	0.00632	0.04287	-0.00424	-0.99907		599.85729	7.77646	40.48380	1.17113	-0.35793	1.75573	0.41267	0.99951	0.03050	0.00687	-0.03064	0.99933	0.02024	-0.00625	-0.02044	0.99977	
82	0.81000	-0.19113	2.08907	-0.12216	0.22122	-0.06571	-0.30896	0.45550	0.99998	-0.00540	0.00113	0.00539	0.99998	0.00387	-0.00115	-0.00386	0.99999		-6.36103	61.25263	874.31762	179.64058	2.35037	-2.76886	0.74294	0.99799	0.04856	0.04066	0.04827	-0.99880	0.00825	0.04101	-0.00627	-0.99914		600.09078	7.88021	39.42836	1.20508	-0.41415	1.73264	0.41635	0.99952	0.03008	0.00786	-0.03023	0.99933	0.02080	-0.00723	-0.02103	0.99975	
83	0.82000	-0.19477	2.08182	-0.12253	0.21938	-0.06710	-0.30554	0.45358	0.99998	-0.00534	0.00115	0.00533	0.99998	0.00383	-0.00117	-0.00383	0.99999		-6.33120	61.23045	874.31465	179.63086	2.34507	-2.76938	0.74088	0.99800	0.04858	0.04056	0.04828	-0.99880	0.00841	0.04092	-0.00644	-0.99914		599.91696	7.33280	39.49477	0.70137	-0.24009	2.25480	0.30621	0.99922	0.03929	0.00467	-0.03934	0.99915	0.01207	-0.00419	-0.01224	0.99992	
84	0.83000	-0.23885	2.06610	0.23392	0.10186	0.05874	-0.31529	0.48575	0.99998	-0.00550	-0.00103	0.00550	0.99998	0.00177	0.00103	-0.00178	1.00000		-8.20308	59.45309	874.06873	179.75423	2.46808	-2.78273	0.73982	0.99789	0.04873	0.04280	0.04850	-0.99880	0.00638	0.04306	-0.00429	-0.99906		599.86646	7.76847	40.45955	1.17368	-0.35906	1.77062	0.40832	0.99950	0.03076	0.00690	-0.03090	0.99932	0.02028	-0.00627	-0.02048	0.99977	
85	0.84000	-0.19370	2.08106	-0.11724	0.21605	-0.06440	-0.30630	0.45433	0.99998	-0.00535	0.00110	0.00535	0.99998	0.00378	-0.00112	-0.00377	0.99999		-6.37522	61.18379	874.31697	179.64598	2.34984	-2.76377	0.73751	0.99800	0.04847	0.04065	0.04818	-0.99881	0.00815	0.04100	-0.00617	-0.99914		599.91047	7.33935	39.52712	0.71194	-0.23126	2.26157	0.30232	0.99921	0.03941	0.00452	-0.03946	0.99915	0.01226	-0.00404	-0.01243	0.99991	
86	0.85000	-0.18068	2.11603	-0.00626	0.33089	-0.03602	-0.29603	0.42607	0.99999	-0.00517	0.00060	0.00517	0.99997	0.00578	-0.00063	-0.00578	0.99998		-6.81974	62.89443	874.07539	179.51970	2.37647	-2.75031	0.74100	0.99799	0.04833	0.04101	0.04794	-0.99880	0.01036	0.04147	-0.00838	-0.99910		599.86984	7.66390	39.69161	0.93183	-0.25944	1.75781	0.40960	0.99952	0.03060	0.00502	-0.03067	0.99940	0.01612	-0.00453	-0.01626	0.99986	
87	0.86000	-0.18947	2.08338	-0.12500	0.23609	-0.06854	-0.30326	0.45144	0.99999	-0.00530	0.00117	0.00529	0.99998	0.00413	-0.00120	-0.00412	0.99999		-6.30819	61.50491	874.30455	179.61469	2.34623	-2.77583	0.73917	0.99799	0.04870	0.04056	0.04839	-0.99879	0.00870	0.04094	-0.00672	-0.99914		599.89988	7.70480	39.47994	1.02666	-0.22103	1.76569	0.41215	0.99952	0.03074	0.00441	-0.03081	0.99937	0.01779	-0.00386	-0.01792	0.99983	
88	0.87000	-0.23733	2.07491	0.23798	0.09515	0.06212	-0.31755	0.48697	0.99998	-0.00554	-0.00109	0.00554	0.99998	0.00165	0.00108	-0.00166	1.00000		-8.26077	59.33708	874.06180	179.75592	2.46651	-2.77963	0.73538	0.99790	0.04868	0.04278	0.04845	-0.99881	0.00634	0.04304	-0.00426	-0.99906		599.85792	7.77763	40.49610	1.18505	-0.35963	1.76991	0.40946	0.99950	0.03075	0.00691	-0.03089	0.99931	0.02048	-0.00628	-0.02068	0.99977	
89	0.88000	-0.19044	2.07851	-0.11463	0.21700	-0.06258	-0.30471	0.45572	0.99999	-0.00532	0.00107	0.00532	0.99998	0.00379	-0.00109	-0.00379	0.99999		-6.39659	61.20993	874.31298	179.63260	2.35097	-2.77027	0.73974	0.99799	0.04859	0.04066	0.04829	-0.99880	0.00839	0.04102	-0.00641	-0.99914		599.89969	7.71473	39.52927	1.04115	-0.23932	1.75904	0.40948	0.99952	0.03062	0.00473	-0.03070	0.99937	0.01803	-0.00418	-0.01817	0.99983	
90	0.89000	-0.18752	2.06620	-0.12243	0.22180	-0.06683	-0.29848	0.45260	0.99999	-0.00521	0.00115	0.00521	0.99998	0.00388	-0.00117	-0.00387	0.99999		-6.38567	61.38859	874.24114	179.64909	2.27468	-2.83700	0.73848	0.99799	0.04974	0.03934	0.04946	-0.99874	0.00808	0.03969	-0.00612	-0.99919		599.89620	7.67347	39.48918	1.04421	-0.22919	1.74371	0.41631	0.99953	0.03035	0.00455	-0.03043	0.99937	0.01809	-0.00400	-0.01822	0.99983	
91	0.90000	-0.18972	2.07777	-0.12364	0.22049	-0.06734	-0.30268	0.45189	0.99999	-0.00529	0.00116	0.00528	0.99998	0.00385	-0.00118	-0.00385	0.99999		-6.32953	61.25502	874.31749	179.64090	2.34335	-2.76470	0.73490	0.99800	0.04849	0.04054	0.04819	-0.99880	0.00823	0.04089	-0.00626	-0.99914		599.89926	7.73182	39.49194	1.07383	-0.22373	1.72819	0.40847	0.99954	0.03008	0.00447	-0.03016	0.99937	0.01861	-0.00390	-0.01874	0.99982	
92	0.91000	-0.23672	2.07063	0.22475	0.10476	0.05698	-0.31500	0.49003	0.99998	-0.00550	-0.00100	0.00550	0.99998	0.00182	0.00099	-0.00183	1.00000		-8.24201	59.58980	873.99918	179.76761	2.39225	-2.85780	0.74400	0.99789	0.05003	0.04149	0.04981	-0.99874	0.00613	0.04174	-0.00405	-0.99912		599.85853	7.75486	40.44547	1.16622	-0.35494	1.77001	0.41319	0.99950	0.03076	0.00682	-0.03089	0.99932	0.02015	-0.00619	-0.02035	0.99977	
93	0.92000	-0.19182	2.07216	-0.12250	0.22108	-0.06630	-0.30001	0.45440	0.99999	-0.00524	0.00114	0.00524	0.99998	0.00386	-0.00116	-0.00386	0.99999		-6.33923	61.25976	874.31666	179.63028	2.34803	-2.76058	0.73818	0.99800	0.04843	0.04061	0.04812	-0.99881	0.00842	0.04097	-0.00645	-0.99914		599.90465	7.68107	39.50136	1.04581	-0.22436	1.75242	0.41080	0.99952	0.03050	0.00447	-0.03058	0.99937	0.01812	-0.00392	-0.01825	0.99983	
94	0.93000	-0.19164	2.08539	-0.13600	0.22512	-0.07014	-0.30444	0.45412	0.99998	-0.00532	0.00120	0.00531	0.99998	0.00393	-0.00122	-0.00393	0.99999		-6.28636	61.31776	874.31574	179.63365	2.33665	-2.76836	0.73997	0.99800	0.04856	0.04041	0.04826	-0.99880	0.00836	0.04077	-0.00639	-0.99915		599.90501	7.73513	39.47447	1.06170	-0.22384	1.73464	0.40800	0.99953	0.03019	0.00447	-0.03027	0.99937	0.01840	-0.00391	-0.01853	0.99982	
