1	0.00000	-0.14193	2.03097	0.84035	-0.25733	0.16956	-0.32301	0.50284	0.99998	-0.00565	-0.00293	0.00564	0.99997	-0.00451	0.00296	0.00449	0.99999		-10.04574	53.86161	873.98014	-179.87924	2.53709	-2.49013	0.60469	0.99808	0.04335	0.04432	0.04340	-0.99906	-0.00018	0.04427	0.00211	-0.99902		599.95169	7.48475	40.96315	1.35473	-0.73135	1.85100	0.37075	0.99940	0.03199	0.01352	-0.03230	0.99921	0.02322	-0.01276	-0.02364	0.99964	
2	0.01000	-0.14240	2.01698	0.82954	-0.26521	0.16571	-0.31917	0.49993	0.99998	-0.00558	-0.00287	0.00557	0.99997	-0.00465	0.00289	0.00463	0.99998		-9.92879	53.75773	873.99707	-179.86639	2.52724	-2.48034	0.60510	0.99809	0.04317	0.04415	0.04323	-0.99906	-0.00042	0.04409	0.00233	-0.99902		599.94171	7.44511	40.93911	1.35648	-0.71802	1.85655	0.37085	0.99940	0.03209	0.01329	-0.03239	0.99920	0.02325	-0.01253	-0.02367	0.99964	
3	0.02000	-0.14609	2.01989	0.83270	-0.26167	0.16621	-0.32193	0.50128	0.99998	-0.00563	-0.00287	0.00562	0.99997	-0.00458	0.00290	0.00457	0.99998		-9.88977	53.76443	874.01516	-179.87694	2.53270	-2.46490	0.61707	0.99810	0.04291	0.04424	0.04297	-0.99908	-0.00025	0.04419	0.00215	-0.99902		599.94715	7.47158	40.93374	1.35301	-0.72313	1.85692	0.37275	0.99940	0.03210	0.01338	-0.03240	0.99921	0.02319	-0.01262	-0.02361	0.99964	
4	0.03000	-0.20148	2.01720	1.05808	-0.38091	0.24248	-0.34785	0.81567	0.99997	-0.00610	-0.00419	0.00607	0.99996	-0.00667	0.00423	0.00665	0.99997		-10.80362	52.10332	873.90742	-179.72696	2.67710	-2.74782	0.71555	0.99776	0.04772	0.04688	0.04789	-0.99885	-0.00252	0.04671	0.00476	-0.99890		599.88007	7.82521	41.68138	1.63186	-0.47360	1.82986	0.37723	0.99946	0.03168	0.00917	-0.03193	0.99909	0.02820	-0.00827	-0.02848	0.99956	
5	0.04000	-0.07549	2.16170	0.50206	0.12611	0.02267	-0.32207	0.63180	0.99998	-0.00562	-0.00041	0.00562	0.99998	0.00220	0.00040	-0.00220	1.00000		-7.60636	59.70663	874.00552	179.77673	2.46497	-2.72581	0.71077	0.99794	0.04772	0.04277	0.04751	-0.99885	0.00594	0.04301	-0.00389	-0.99907		599.90061	7.75581	39.90602	1.12948	-0.23781	1.79733	0.37815	0.99950	0.03128	0.00477	-0.03136	0.99932	0.01957	-0.00415	-0.01971	0.99980	
6	0.05000	0.05977	2.70187	-0.00435	0.66903	-0.97124	-0.56067	0.68202	0.99981	-0.00998	0.01683	0.00978	0.99988	0.01184	-0.01695	-0.01167	0.99979		6.77562	67.33692	874.11957	179.28081	1.42334	-2.81037	0.63094	0.99849	0.04934	0.02419	0.04902	-0.99870	0.01375	0.02484	-0.01255	-0.99961		600.28830	9.93235	30.56098	0.31602	0.81482	2.26869	0.36935	0.99912	0.03966	-0.01399	-0.03958	0.99920	0.00607	0.01422	-0.00552	0.99988	
7	0.06000	-0.23879	2.13695	0.94295	0.14233	0.20373	-0.33212	0.58576	0.99998	-0.00579	-0.00357	0.00580	0.99998	0.00246	0.00356	-0.00248	0.99999		-10.38494	59.91975	873.33218	179.70398	2.59961	-2.76035	0.73039	0.99781	0.04839	0.04505	0.04811	-0.99882	0.00734	0.04536	-0.00516	-0.99896		599.78258	7.76085	41.56699	1.03471	-0.46632	2.02468	0.44831	0.99934	0.03518	0.00877	-0.03533	0.99922	0.01776	-0.00814	-0.01806	0.99980	
8	0.07000	-0.26020	2.06526	0.78104	0.01668	0.17590	-0.33309	0.62477	0.99998	-0.00581	-0.00307	0.00581	0.99998	0.00027	0.00307	-0.00029	0.99999		-9.98880	58.09467	873.59643	179.83978	2.56639	-2.77332	0.72946	0.99783	0.04851	0.04459	0.04834	-0.99882	0.00496	0.04478	-0.00279	-0.99899		599.82383	7.85205	41.28367	1.19552	-0.44790	1.85870	0.40652	0.99944	0.03226	0.00849	-0.03243	0.99926	0.02060	-0.00782	-0.02086	0.99975	
9	0.08000	-0.23367	2.05168	0.42639	0.09211	0.09126	-0.31766	0.52270	0.99998	-0.00554	-0.00160	0.00554	0.99998	0.00160	0.00159	-0.00161	1.00000		-8.75796	59.26477	873.88993	179.76740	2.48968	-2.76810	0.73207	0.99789	0.04847	0.04319	0.04825	-0.99882	0.00615	0.04344	-0.00406	-0.99905		599.84986	7.76176	40.72707	1.12957	-0.36807	1.82701	0.40590	0.99947	0.03175	0.00705	-0.03188	0.99930	0.01950	-0.00642	-0.01971	0.99979	
10	0.09000	-0.24352	2.04744	0.38047	0.09309	0.08201	-0.31641	0.51659	0.99998	-0.00552	-0.00144	0.00552	0.99998	0.00162	0.00143	-0.00162	1.00000		-8.61514	59.26418	873.95219	179.75977	2.49624	-2.76224	0.73672	0.99789	0.04837	0.04330	0.04815	-0.99882	0.00629	0.04355	-0.00419	-0.99904		599.85285	7.75853	40.66747	1.14632	-0.35798	1.81997	0.40963	0.99948	0.03163	0.00688	-0.03176	0.99930	0.01980	-0.00625	-0.02001	0.99978	
11	0.10000	-0.24856	2.03902	0.36461	0.09013	0.07862	-0.31469	0.51231	0.99998	-0.00549	-0.00138	0.00549	0.99998	0.00156	0.00137	-0.00157	1.00000		-8.56435	59.23537	873.97592	179.75645	2.50024	-2.76449	0.73492	0.99789	0.04842	0.04337	0.04818	-0.99882	0.00635	0.04362	-0.00425	-0.99904		599.85924	7.75430	40.63801	1.14880	-0.36021	1.80191	0.41055	0.99949	0.03131	0.00691	-0.03144	0.99931	0.01984	-0.00629	-0.02005	0.99978	
12	0.11000	-0.24008	2.03854	0.31407	0.10636	0.06687	-0.31108	0.51118	0.99998	-0.00543	-0.00118	0.00543	0.99998	0.00185	0.00117	-0.00186	1.00000		-8.39058	59.49505	874.00281	179.74799	2.48352	-2.75880	0.73633	0.99790	0.04832	0.04307	0.04809	-0.99882	0.00648	0.04333	-0.00439	-0.99905		599.85223	7.71861	40.54803	1.12334	-0.34731	1.81457	0.41139	0.99948	0.03154	0.00668	-0.03166	0.99931	0.01940	-0.00606	-0.01960	0.99979	
13	0.12000	-0.24278	2.04051	0.35386	0.08799	0.08309	-0.31244	0.50851	0.99998	-0.00545	-0.00146	0.00545	0.99998	0.00153	0.00145	-0.00154	1.00000		-8.62164	59.22840	873.96285	179.76387	2.49014	-2.76098	0.73777	0.99790	0.04835	0.04320	0.04812	-0.99882	0.00621	0.04345	-0.00412	-0.99905		599.84469	7.71436	40.68150	1.13339	-0.35459	1.80848	0.40814	0.99948	0.03143	0.00681	-0.03156	0.99931	0.01957	-0.00619	-0.01978	0.99979	
14	0.13000	-0.23677	2.05638	0.32930	0.11163	0.07577	-0.31545	0.50520	0.99998	-0.00550	-0.00133	0.00551	0.99998	0.00194	0.00132	-0.00195	1.00000		-8.48462	59.60176	873.98751	179.73894	2.49829	-2.76795	0.73905	0.99788	0.04849	0.04332	0.04825	-0.99881	0.00666	0.04359	-0.00455	-0.99904		599.84656	7.76210	40.61460	1.13810	-0.34791	1.80233	0.40097	0.99949	0.03132	0.00669	-0.03145	0.99931	0.01966	-0.00607	-0.01986	0.99978	
15	0.14000	-0.22975	2.04775	0.31262	0.08446	0.07216	-0.31173	0.50049	0.99998	-0.00544	-0.00127	0.00544	0.99998	0.00147	0.00126	-0.00147	1.00000		-8.39330	59.21275	874.01963	179.76624	2.48504	-2.76119	0.73693	0.99790	0.04835	0.04311	0.04813	-0.99882	0.00616	0.04336	-0.00408	-0.99905		599.85060	7.72530	40.59022	1.16956	-0.35428	1.78049	0.40595	0.99950	0.03094	0.00681	-0.03107	0.99931	0.02021	-0.00618	-0.02041	0.99977	
16	0.15000	-0.22181	2.05429	0.28673	0.09725	0.06132	-0.31264	0.50972	0.99998	-0.00545	-0.00108	0.00546	0.99998	0.00169	0.00107	-0.00170	1.00000		-8.19935	59.43532	874.02749	179.75661	2.46680	-2.76832	0.74024	0.99791	0.04848	0.04278	0.04825	-0.99882	0.00632	0.04304	-0.00424	-0.99906		599.85363	7.70863	40.49803	1.12743	-0.34759	1.80351	0.40946	0.99949	0.03135	0.00668	-0.03147	0.99931	0.01948	-0.00607	-0.01968	0.99979	
17	0.16000	-0.21321	2.09286	0.44068	0.21438	0.10640	-0.30168	0.46514	0.99998	-0.00526	-0.00188	0.00527	0.99998	0.00373	0.00186	-0.00374	0.99999		-8.86232	61.18458	873.74012	179.62614	2.50770	-2.75192	0.74268	0.99789	0.04830	0.04339	0.04797	-0.99881	0.00862	0.04375	-0.00652	-0.99902		599.80860	7.65095	40.80544	1.03254	-0.39100	1.77910	0.40636	0.99949	0.03092	0.00738	-0.03105	0.99936	0.01780	-0.00682	-0.01802	0.99981	
18	0.17000	-0.23122	2.05633	0.28436	0.09749	0.06394	-0.31536	0.50412	0.99998	-0.00550	-0.00112	0.00550	0.99998	0.00169	0.00112	-0.00170	1.00000		-8.18728	59.44481	874.02202	179.74924	2.46040	-2.76037	0.74056	0.99792	0.04835	0.04267	0.04811	-0.99882	0.00644	0.04293	-0.00437	-0.99907		599.85701	7.75195	40.51357	1.14065	-0.35733	1.79214	0.40894	0.99949	0.03114	0.00685	-0.03127	0.99932	0.01970	-0.00624	-0.01991	0.99978	
19	0.18000	-0.23682	2.04276	0.32396	0.10242	0.07941	-0.30809	0.50279	0.99998	-0.00537	-0.00140	0.00538	0.99998	0.00178	0.00139	-0.00179	1.00000		-8.41180	59.53785	873.97552	179.74100	2.47739	-2.75109	0.74352	0.99791	0.04819	0.04296	0.04795	-0.99883	0.00659	0.04323	-0.00452	-0.99906		599.84116	7.68916	40.63882	1.13363	-0.36609	1.78446	0.41132	0.99949	0.03101	0.00700	-0.03114	0.99932	0.01958	-0.00639	-0.01978	0.99978	
20	0.19000	-0.24044	2.05794	0.29950	0.12021	0.07216	-0.31111	0.49877	0.99998	-0.00543	-0.00127	0.00543	0.99998	0.00209	0.00126	-0.00210	1.00000		-8.38739	59.91065	873.88942	179.75262	2.39706	-2.83917	0.73881	0.99790	0.04971	0.04156	0.04949	-0.99875	0.00638	0.04182	-0.00431	-0.99912		599.84764	7.71682	40.58985	1.11353	-0.34714	1.79482	0.41172	0.99949	0.03120	0.00666	-0.03132	0.99932	0.01923	-0.00606	-0.01943	0.99979	
21	0.20000	-0.23937	2.04175	0.31647	0.10280	0.07768	-0.30659	0.49924	0.99998	-0.00535	-0.00136	0.00535	0.99998	0.00179	0.00136	-0.00179	1.00000		-8.49268	59.62951	873.91762	179.76338	2.42484	-2.83070	0.74697	0.99789	0.04956	0.04205	0.04934	-0.99876	0.00621	0.04231	-0.00413	-0.99910		599.85086	7.67960	40.61586	1.14257	-0.37766	1.78268	0.40600	0.99949	0.03097	0.00721	-0.03111	0.99932	0.01973	-0.00659	-0.01994	0.99978	
22	0.21000	-0.18855	2.06015	-0.07938	0.21896	-0.06291	-0.29747	0.46212	0.99999	-0.00520	0.00108	0.00519	0.99998	0.00383	-0.00110	-0.00382	0.99999		-6.40154	61.28653	874.27669	179.62386	2.34946	-2.75601	0.73741	0.99800	0.04835	0.04063	0.04804	-0.99881	0.00853	0.04099	-0.00656	-0.99914		599.90497	7.66589	39.53191	1.04643	-0.22852	1.75740	0.41010	0.99952	0.03059	0.00455	-0.03067	0.99937	0.01813	-0.00399	-0.01826	0.99983	
23	0.22000	-0.18562	2.07345	-0.07046	0.22707	-0.05795	-0.30249	0.45892	0.99999	-0.00528	0.00099	0.00528	0.99998	0.00397	-0.00101	-0.00396	0.99999		-6.52316	61.35806	874.26997	179.62137	2.36923	-2.75369	0.73893	0.99799	0.04831	0.04097	0.04800	-0.99881	0.00859	0.04134	-0.00660	-0.99912		599.89065	7.68530	39.56953	1.00645	-0.23237	1.78056	0.40889	0.99951	0.03100	0.00460	-0.03107	0.99937	0.01743	-0.00406	-0.01756	0.99984	
24	0.23000	-0.22949	2.05957	0.26070	0.10511	0.05983	-0.31075	0.50096	0.99998	-0.00542	-0.00105	0.00542	0.99998	0.00183	0.00104	-0.00183	1.00000		-8.29954	59.49276	874.04063	179.74591	2.47879	-2.76791	0.74222	0.99790	0.04848	0.04298	0.04825	-0.99881	0.00652	0.04325	-0.00443	-0.99905		599.85069	7.70881	40.48145	1.13894	-0.35186	1.77810	0.41112	0.99950	0.03090	0.00675	-0.03103	0.99932	0.01968	-0.00614	-0.01988	0.99978	
25	0.24000	-0.23385	2.05198	0.28350	0.10380	0.06889	-0.30920	0.49592	0.99998	-0.00539	-0.00121	0.00540	0.99998	0.00180	0.00120	-0.00181	1.00000		-8.43358	59.46219	874.03000	179.74619	2.49881	-2.76376	0.74193	0.99789	0.04841	0.04333	0.04817	-0.99882	0.00653	0.04360	-0.00443	-0.99904		599.84297	7.68764	40.55558	1.13413	-0.35478	1.78842	0.40810	0.99949	0.03108	0.00681	-0.03121	0.99932	0.01959	-0.00619	-0.01979	0.99978	
26	0.25000	-0.24033	2.05458	0.28275	0.10501	0.06965	-0.31289	0.49669	0.99998	-0.00546	-0.00123	0.00546	0.99998	0.00183	0.00122	-0.00183	1.00000		-8.44017	59.48985	874.00293	179.75841	2.48264	-2.76481	0.73351	0.99790	0.04842	0.04306	0.04819	-0.99882	0.00630	0.04332	-0.00421	-0.99905		599.84533	7.73447	40.56449	1.14153	-0.36026	1.78084	0.41094	0.99950	0.03095	0.00690	-0.03108	0.99932	0.01972	-0.00629	-0.01992	0.99978	
27	0.26000	-0.24679	2.06129	0.30618	0.10488	0.07808	-0.31353	0.49759	0.99998	-0.00547	-0.00137	0.00547	0.99998	0.00182	0.00136	-0.00183	1.00000		-8.52564	59.46628	873.99769	179.75475	2.49495	-2.77347	0.73802	0.99788	0.04857	0.04327	0.04834	-0.99881	0.00638	0.04353	-0.00428	-0.99904		599.84209	7.74404	40.63066	1.15847	-0.36304	1.77540	0.41579	0.99950	0.03085	0.00696	-0.03098	0.99932	0.02001	-0.00634	-0.02022	0.99978	
28	0.27000	-0.24565	2.07260	0.28039	0.11484	0.06897	-0.31458	0.49785	0.99998	-0.00549	-0.00121	0.00549	0.99998	0.00200	0.00120	-0.00200	1.00000		-8.35566	59.59771	874.00571	179.74590	2.48017	-2.76473	0.74492	0.99790	0.04843	0.04301	0.04819	-0.99882	0.00652	0.04327	-0.00443	-0.99905		599.85278	7.74051	40.56018	1.13578	-0.35987	1.78389	0.41153	0.99950	0.03100	0.00689	-0.03113	0.99932	0.01962	-0.00628	-0.01982	0.99978	
29	0.28000	-0.24451	2.06528	0.28955	0.11283	0.07231	-0.31252	0.49511	0.99998	-0.00545	-0.00127	0.00545	0.99998	0.00196	0.00126	-0.00197	1.00000		-8.37168	59.57974	874.00134	179.73705	2.47863	-2.76968	0.73939	0.99790	0.04852	0.04297	0.04828	-0.99881	0.00667	0.04325	-0.00459	-0.99905		599.85920	7.73362	40.56860	1.15357	-0.37501	1.77438	0.41145	0.99950	0.03083	0.00716	-0.03096	0.99932	0.01992	-0.00655	-0.02013	0.99978	
30	0.29000	-0.22711	2.05910	0.25750	0.10783	0.06229	-0.30977	0.49701	0.99998	-0.00540	-0.00110	0.00541	0.99998	0.00188	0.00109	-0.00188	1.00000		-8.20024	59.52113	874.04414	179.75414	2.46926	-2.76076	0.73849	0.99791	0.04835	0.04283	0.04812	-0.99882	0.00636	0.04308	-0.00429	-0.99906		599.84787	7.70119	40.49681	1.14064	-0.35521	1.78054	0.41072	0.99950	0.03094	0.00681	-0.03107	0.99932	0.01970	-0.00620	-0.01991	0.99978	
31	0.30000	-0.22960	2.08273	0.27972	0.11594	0.06887	-0.31739	0.49500	0.99998	-0.00554	-0.00121	0.00554	0.99998	0.00202	0.00120	-0.00202	1.00000		-8.28862	59.62691	874.00526	179.73962	2.47208	-2.76424	0.73423	0.99791	0.04842	0.04286	0.04818	-0.99882	0.00662	0.04313	-0.00454	-0.99906		599.84952	7.75545	40.55706	1.14043	-0.35836	1.80163	0.40617	0.99949	0.03131	0.00688	-0.03144	0.99931	0.01970	-0.00625	-0.01990	0.99978	
32	0.31000	-0.22815	2.05435	0.26718	0.10309	0.06456	-0.31074	0.49736	0.99998	-0.00542	-0.00114	0.00542	0.99998	0.00179	0.00113	-0.00180	1.00000		-8.20885	59.48473	874.03587	179.75262	2.46475	-2.76250	0.73940	0.99791	0.04838	0.04275	0.04815	-0.99882	0.00639	0.04300	-0.00431	-0.99907		599.85325	7.72750	40.51302	1.16441	-0.36214	1.77039	0.41016	0.99950	0.03076	0.00694	-0.03089	0.99932	0.02012	-0.00632	-0.02032	0.99977	
33	0.32000	-0.23212	2.05616	0.26630	0.10378	0.06497	-0.31043	0.50063	0.99998	-0.00542	-0.00114	0.00542	0.99998	0.00180	0.00113	-0.00181	1.00000		-8.21391	59.50464	874.01433	179.75641	2.45984	-2.75751	0.74336	0.99792	0.04829	0.04266	0.04806	-0.99882	0.00631	0.04292	-0.00425	-0.99907		599.85716	7.72568	40.52479	1.17312	-0.35927	1.76471	0.40947	0.99951	0.03066	0.00690	-0.03079	0.99932	0.02027	-0.00627	-0.02047	0.99977	
34	0.33000	-0.23548	2.05066	0.25762	0.10793	0.06290	-0.30749	0.49779	0.99998	-0.00536	-0.00111	0.00537	0.99998	0.00188	0.00110	-0.00188	1.00000		-8.19729	59.59061	874.02490	179.74998	2.45902	-2.76500	0.74247	0.99792	0.04843	0.04264	0.04820	-0.99882	0.00643	0.04290	-0.00436	-0.99907		599.85921	7.70581	40.50429	1.16450	-0.35587	1.74953	0.41177	0.99951	0.03040	0.00683	-0.03053	0.99933	0.02012	-0.00621	-0.02032	0.99977	
35	0.34000	-0.25406	2.06074	0.30950	0.10856	0.08109	-0.31064	0.49695	0.99998	-0.00542	-0.00143	0.00542	0.99998	0.00189	0.00142	-0.00189	1.00000		-8.48879	59.59514	873.97169	179.74178	2.48765	-2.76743	0.74105	0.99789	0.04848	0.04314	0.04824	-0.99881	0.00660	0.04340	-0.00450	-0.99905		599.85936	7.71038	40.64290	1.14940	-0.38309	1.78111	0.40823	0.99949	0.03094	0.00730	-0.03108	0.99932	0.01984	-0.00669	-0.02006	0.99978	
36	0.35000	-0.24799	2.05789	0.28221	0.10405	0.07113	-0.31285	0.49544	0.99998	-0.00546	-0.00125	0.00546	0.99998	0.00181	0.00124	-0.00182	1.00000		-8.37766	59.53096	874.02174	179.74487	2.48970	-2.76556	0.73874	0.99789	0.04844	0.04317	0.04820	-0.99882	0.00654	0.04344	-0.00445	-0.99905		599.85500	7.74587	40.56674	1.16179	-0.36523	1.76579	0.41141	0.99950	0.03068	0.00699	-0.03081	0.99932	0.02007	-0.00637	-0.02028	0.99977	
37	0.36000	-0.24064	2.05109	0.27196	0.09729	0.06772	-0.31026	0.49491	0.99998	-0.00541	-0.00119	0.00542	0.99998	0.00169	0.00118	-0.00170	1.00000		-8.42005	59.54040	873.97666	179.76518	2.43199	-2.85021	0.73811	0.99786	0.04990	0.04218	0.04968	-0.99875	0.00620	0.04243	-0.00409	-0.99909		599.85074	7.72626	40.54062	1.17451	-0.36015	1.76548	0.41087	0.99951	0.03067	0.00691	-0.03081	0.99932	0.02029	-0.00629	-0.02050	0.99977	
38	0.37000	-0.24403	2.05324	0.28699	0.11097	0.07358	-0.30803	0.49470	0.99998	-0.00537	-0.00129	0.00538	0.99998	0.00193	0.00128	-0.00194	1.00000		-8.48242	59.64801	874.01790	179.74428	2.50453	-2.77074	0.73836	0.99788	0.04853	0.04343	0.04829	-0.99881	0.00657	0.04370	-0.00446	-0.99903		599.86237	7.71750	40.57787	1.16820	-0.37759	1.74803	0.40994	0.99951	0.03036	0.00721	-0.03050	0.99933	0.02018	-0.00659	-0.02039	0.99977	
39	0.38000	-0.23871	2.04511	0.30897	0.10301	0.08108	-0.30517	0.49283	0.99998	-0.00532	-0.00142	0.00533	0.99998	0.00179	0.00142	-0.00180	1.00000		-8.61495	59.52480	873.98480	179.74754	2.50237	-2.76501	0.73863	0.99788	0.04843	0.04340	0.04819	-0.99882	0.00651	0.04366	-0.00440	-0.99904		599.84081	7.66329	40.64771	1.14493	-0.37172	1.76826	0.40853	0.99950	0.03072	0.00710	-0.03086	0.99933	0.01977	-0.00649	-0.01998	0.99978	
40	0.39000	-0.23990	2.06229	0.30058	0.10805	0.07909	-0.31270	0.49205	0.99998	-0.00545	-0.00139	0.00546	0.99998	0.00188	0.00138	-0.00189	1.00000		-8.57396	59.58092	873.99721	179.75288	2.50952	-2.77087	0.73917	0.99787	0.04853	0.04353	0.04830	-0.99881	0.00642	0.04379	-0.00431	-0.99903		599.84686	7.72365	40.64189	1.13493	-0.36108	1.77946	0.41431	0.99950	0.03092	0.00691	-0.03105	0.99933	0.01960	-0.00630	-0.01981	0.99978	
41	0.40000	-0.24241	2.06189	0.27336	0.11309	0.06867	-0.31076	0.49479	0.99998	-0.00542	-0.00121	0.00542	0.99998	0.00197	0.00120	-0.00197	1.00000		-8.39408	59.64290	874.01003	179.73517	2.48377	-2.76989	0.74077	0.99789	0.04852	0.04306	0.04828	-0.99881	0.00671	0.04334	-0.00462	-0.99905		599.85450	7.72701	40.54291	1.15512	-0.36316	1.76419	0.40661	0.99951	0.03065	0.00695	-0.03079	0.99933	0.01995	-0.00634	-0.02016	0.99978	
42	0.41000	-0.24340	2.05005	0.28698	0.11181	0.07411	-0.30631	0.49610	0.99998	-0.00534	-0.00130	0.00535	0.99998	0.00194	0.00129	-0.00195	1.00000		-8.44260	59.64681	873.98012	179.75470	2.47344	-2.76329	0.73260	0.99791	0.04839	0.04290	0.04816	-0.99882	0.00636	0.04316	-0.00428	-0.99906		599.84594	7.66658	40.59704	1.13973	-0.35893	1.77653	0.40860	0.99950	0.03087	0.00688	-0.03100	0.99933	0.01969	-0.00626	-0.01989	0.99978	
43	0.42000	-0.24649	2.05373	0.29528	0.10534	0.07782	-0.30982	0.49434	0.99998	-0.00540	-0.00137	0.00541	0.99998	0.00183	0.00136	-0.00184	1.00000		-8.44622	59.51751	874.00412	179.75185	2.49055	-2.76620	0.74200	0.99789	0.04845	0.04319	0.04822	-0.99882	0.00642	0.04345	-0.00433	-0.99905		599.85028	7.70017	40.61527	1.14729	-0.37538	1.77771	0.40861	0.99950	0.03088	0.00717	-0.03102	0.99932	0.01981	-0.00655	-0.02002	0.99978	
44	0.43000	-0.23258	2.10413	0.39616	0.22435	0.10092	-0.30290	0.46084	0.99998	-0.00528	-0.00178	0.00529	0.99998	0.00391	0.00176	-0.00392	0.99999		-8.79495	61.29512	873.74661	179.63872	2.49249	-2.76416	0.73025	0.99789	0.04850	0.04313	0.04818	-0.99880	0.00840	0.04349	-0.00630	-0.99903		600.01243	7.77943	40.66994	1.17760	-0.58393	1.74952	0.41553	0.99948	0.03031	0.01081	-0.03053	0.99933	0.02023	-0.01019	-0.02055	0.99974	
45	0.44000	-0.23664	2.06043	0.26382	0.12137	0.06487	-0.30930	0.49225	0.99998	-0.00540	-0.00114	0.00540	0.99998	0.00211	0.00113	-0.00212	1.00000		-8.21081	59.74117	874.01506	179.73650	2.46639	-2.76385	0.74114	0.99791	0.04842	0.04276	0.04817	-0.99882	0.00667	0.04303	-0.00459	-0.99906		599.86063	7.71240	40.51684	1.13582	-0.36296	1.77257	0.41234	0.99950	0.03080	0.00694	-0.03093	0.99933	0.01962	-0.00633	-0.01982	0.99978	
46	0.45000	-0.23316	2.06415	0.29062	0.10947	0.07730	-0.31156	0.49701	0.99998	-0.00543	-0.00136	0.00544	0.99998	0.00190	0.00135	-0.00191	1.00000		-8.40062	59.53978	874.00300	179.74689	2.48017	-2.75966	0.74017	0.99790	0.04834	0.04301	0.04810	-0.99882	0.00650	0.04327	-0.00441	-0.99905		599.85334	7.73452	40.61065	1.16231	-0.38171	1.76139	0.41414	0.99951	0.03060	0.00728	-0.03074	0.99933	0.02007	-0.00666	-0.02028	0.99977	
47	0.46000	-0.23572	2.07385	0.28161	0.11348	0.07377	-0.31406	0.49086	0.99998	-0.00548	-0.00130	0.00548	0.99998	0.00197	0.00129	-0.00198	1.00000		-8.36122	59.58946	874.00432	179.73703	2.47455	-2.76946	0.73805	0.99790	0.04851	0.04290	0.04827	-0.99881	0.00667	0.04318	-0.00459	-0.99906		599.85234	7.77294	40.59099	1.16948	-0.36447	1.74232	0.40794	0.99952	0.03027	0.00698	-0.03040	0.99933	0.02021	-0.00636	-0.02041	0.99977	
48	0.47000	-0.23643	2.06430	0.30371	0.10388	0.08187	-0.31056	0.49257	0.99998	-0.00542	-0.00144	0.00542	0.99998	0.00180	0.00143	-0.00181	1.00000		-8.50414	59.45481	873.99004	179.75627	2.48442	-2.76669	0.74108	0.99790	0.04845	0.04309	0.04822	-0.99882	0.00634	0.04335	-0.00425	-0.99905		599.85254	7.72738	40.64517	1.16927	-0.38998	1.75263	0.41188	0.99951	0.03044	0.00743	-0.03058	0.99933	0.02019	-0.00681	-0.02041	0.99977	
49	0.48000	-0.19126	2.09079	-0.09251	0.24026	-0.05896	-0.30744	0.45626	0.99998	-0.00537	0.00101	0.00537	0.99998	0.00420	-0.00103	-0.00419	0.99999		-6.43250	61.51918	874.27350	179.61317	2.35308	-2.76110	0.73874	0.99800	0.04845	0.04068	0.04813	-0.99880	0.00872	0.04106	-0.00675	-0.99913		599.89626	7.73860	39.56239	1.00711	-0.23863	1.76317	0.40980	0.99952	0.03069	0.00470	-0.03077	0.99937	0.01744	-0.00416	-0.01758	0.99984	
50	0.49000	-0.23497	2.06519	0.24313	0.11247	0.05696	-0.31269	0.49637	0.99998	-0.00546	-0.00100	0.00546	0.99998	0.00196	0.00099	-0.00196	1.00000		-8.18115	59.60777	874.04946	179.74416	2.46972	-2.77767	0.73671	0.99790	0.04865	0.04282	0.04842	-0.99881	0.00655	0.04309	-0.00446	-0.99906		599.85504	7.75537	40.44848	1.16450	-0.35103	1.74861	0.40817	0.99952	0.03038	0.00674	-0.03051	0.99933	0.02013	-0.00613	-0.02032	0.99977	
51	0.50000	-0.24651	2.06735	0.26003	0.09855	0.06733	-0.31534	0.49171	0.99998	-0.00550	-0.00118	0.00550	0.99998	0.00171	0.00118	-0.00172	1.00000		-8.35215	59.40551	874.04367	179.75822	2.48187	-2.78003	0.73913	0.99789	0.04868	0.04305	0.04846	-0.99881	0.00632	0.04330	-0.00422	-0.99905		599.84441	7.76047	40.55323	1.16709	-0.34966	1.76107	0.41320	0.99951	0.03060	0.00672	-0.03073	0.99932	0.02017	-0.00610	-0.02037	0.99977	
52	0.51000	-0.24698	2.06385	0.28730	0.10649	0.07652	-0.31151	0.49258	0.99998	-0.00543	-0.00135	0.00544	0.99998	0.00185	0.00134	-0.00186	1.00000		-8.51783	59.51884	874.00343	179.73903	2.49061	-2.76996	0.73952	0.99789	0.04852	0.04318	0.04828	-0.99881	0.00665	0.04346	-0.00455	-0.99905		599.84760	7.73131	40.61126	1.16069	-0.36706	1.75934	0.41117	0.99951	0.03057	0.00702	-0.03070	0.99933	0.02005	-0.00641	-0.02026	0.99977	
53	0.52000	-0.24816	2.07976	0.28350	0.10466	0.07417	-0.31940	0.49364	0.99998	-0.00557	-0.00130	0.00557	0.99998	0.00182	0.00129	-0.00183	1.00000		-8.49270	59.50383	874.01788	179.75748	2.50026	-2.78228	0.74245	0.99787	0.04872	0.04337	0.04849	-0.99880	0.00635	0.04362	-0.00423	-0.99904		599.85297	7.79654	40.59062	1.17174	-0.37034	1.77045	0.41418	0.99950	0.03076	0.00709	-0.03089	0.99932	0.02024	-0.00646	-0.02045	0.99977	
54	0.53000	-0.22644	2.11428	0.39721	0.22773	0.10291	-0.30504	0.45629	0.99998	-0.00532	-0.00182	0.00532	0.99998	0.00396	0.00180	-0.00397	0.99999		-8.95247	61.34018	873.76728	179.61714	2.52541	-2.76084	0.74004	0.99787	0.04846	0.04369	0.04812	-0.99880	0.00880	0.04406	-0.00668	-0.99901		599.81486	7.69367	40.76745	1.03622	-0.39728	1.75809	0.40955	0.99951	0.03055	0.00748	-0.03068	0.99937	0.01786	-0.00693	-0.01808	0.99981	
55	0.54000	-0.23939	2.06745	0.28734	0.11144	0.07672	-0.30958	0.49201	0.99998	-0.00540	-0.00135	0.00540	0.99998	0.00194	0.00134	-0.00194	1.00000		-8.56668	59.73713	873.94231	179.76077	2.43794	-2.85225	0.74269	0.99786	0.04994	0.04228	0.04972	-0.99874	0.00629	0.04254	-0.00417	-0.99909		599.85166	7.71649	40.61508	1.16579	-0.37256	1.75649	0.41465	0.99951	0.03051	0.00712	-0.03065	0.99933	0.02014	-0.00650	-0.02035	0.99977	
56	0.55000	-0.19081	2.07488	-0.09734	0.23909	-0.05927	-0.29874	0.45805	0.99999	-0.00522	0.00101	0.00521	0.99998	0.00418	-0.00103	-0.00417	0.99999		-6.45397	61.57940	874.27502	179.61736	2.36792	-2.75357	0.73840	0.99799	0.04831	0.04095	0.04800	-0.99881	0.00866	0.04132	-0.00667	-0.99912		599.90439	7.66971	39.56220	1.01664	-0.24062	1.75703	0.40878	0.99952	0.03058	0.00474	-0.03066	0.99937	0.01761	-0.00420	-0.01774	0.99983	
57	0.56000	-0.19435	2.08796	-0.08856	0.22954	-0.05724	-0.30485	0.45977	0.99999	-0.00532	0.00098	0.00532	0.99998	0.00401	-0.00100	-0.00401	0.99999		-6.47255	61.44579	874.24436	179.62627	2.34497	-2.76386	0.73819	0.99800	0.04849	0.04055	0.04818	-0.99880	0.00849	0.04092	-0.00652	-0.99914		599.90245	7.73755	39.57559	1.05721	-0.24297	1.74342	0.41218	0.99953	0.03034	0.00480	-0.03042	0.99937	0.01831	-0.00424	-0.01845	0.99982	
58	0.57000	-0.19228	2.08612	-0.12224	0.23943	-0.07065	-0.30441	0.45760	0.99998	-0.00532	0.00121	0.00531	0.99998	0.00418	-0.00123	-0.00418	0.99999		-6.23088	61.58262	874.29213	179.60709	2.33892	-2.76413	0.74219	0.99800	0.04850	0.04043	0.04818	-0.99880	0.00882	0.04081	-0.00685	-0.99914		599.89560	7.72686	39.47197	1.02771	-0.21862	1.75720	0.41094	0.99952	0.03059	0.00436	-0.03066	0.99937	0.01781	-0.00382	-0.01794	0.99983	
59	0.58000	-0.23966	2.06579	0.23991	0.10408	0.05777	-0.31199	0.49445	0.99998	-0.00544	-0.00102	0.00545	0.99998	0.00181	0.00101	-0.00182	1.00000		-8.12080	59.50778	874.05443	179.74257	2.46394	-2.76457	0.73972	0.99791	0.04842	0.04272	0.04819	-0.99882	0.00656	0.04299	-0.00449	-0.99907		599.85801	7.71887	40.45613	1.14880	-0.35643	1.77041	0.41096	0.99950	0.03076	0.00684	-0.03089	0.99933	0.01985	-0.00622	-0.02005	0.99978	
60	0.59000	-0.23943	2.06102	0.24880	0.11574	0.05977	-0.30911	0.48805	0.99998	-0.00539	-0.00105	0.00539	0.99998	0.00201	0.00104	-0.00202	1.00000		-8.14557	59.69384	874.03796	179.73676	2.46349	-2.77176	0.73580	0.99791	0.04855	0.04271	0.04831	-0.99881	0.00667	0.04298	-0.00459	-0.99907		599.85490	7.69699	40.46796	1.13245	-0.35184	1.78112	0.41035	0.99950	0.03095	0.00675	-0.03108	0.99933	0.01956	-0.00614	-0.01976	0.99979	
61	0.60000	-0.19619	2.07619	-0.07428	0.21534	-0.05232	-0.30239	0.45851	0.99999	-0.00528	0.00089	0.00528	0.99998	0.00376	-0.00091	-0.00376	0.99999		-6.48791	61.19732	874.26799	179.63464	2.35441	-2.76270	0.73870	0.99799	0.04846	0.04072	0.04816	-0.99880	0.00835	0.04108	-0.00637	-0.99914		599.89158	7.69027	39.61655	1.03623	-0.23659	1.76295	0.41108	0.99952	0.03068	0.00468	-0.03076	0.99937	0.01795	-0.00413	-0.01808	0.99983	
62	0.61000	-0.18633	2.06912	-0.10976	0.23097	-0.06659	-0.29792	0.45734	0.99999	-0.00520	0.00114	0.00520	0.99998	0.00404	-0.00116	-0.00403	0.99999		-6.30027	61.41941	874.30083	179.61844	2.34874	-2.75209	0.73945	0.99801	0.04829	0.04061	0.04797	-0.99881	0.00862	0.04098	-0.00665	-0.99914		599.89796	7.66466	39.50593	1.03989	-0.22478	1.76257	0.40871	0.99952	0.03068	0.00448	-0.03076	0.99936	0.01802	-0.00392	-0.01815	0.99983	
63	0.62000	-0.23142	2.05853	0.24547	0.09911	0.06219	-0.31023	0.49387	0.99998	-0.00541	-0.00109	0.00541	0.99998	0.00172	0.00109	-0.00173	1.00000		-8.25166	59.40351	874.05951	179.75177	2.47588	-2.77624	0.73602	0.99789	0.04862	0.04294	0.04839	-0.99881	0.00642	0.04320	-0.00433	-0.99906		599.85963	7.72487	40.50209	1.17883	-0.35852	1.75841	0.41122	0.99951	0.03055	0.00688	-0.03068	0.99932	0.02037	-0.00626	-0.02057	0.99977	
64	0.63000	-0.19779	2.08644	-0.07923	0.21762	-0.05230	-0.30640	0.45760	0.99999	-0.00535	0.00089	0.00535	0.99998	0.00380	-0.00091	-0.00380	0.99999		-6.57457	61.17180	874.28452	179.63490	2.36726	-2.76633	0.73728	0.99798	0.04852	0.04095	0.04822	-0.99880	0.00836	0.04130	-0.00637	-0.99913		599.90321	7.73132	39.61104	1.05083	-0.24628	1.75778	0.41226	0.99952	0.03059	0.00486	-0.03067	0.99936	0.01820	-0.00430	-0.01834	0.99982	
65	0.64000	-0.19506	2.09555	-0.10255	0.23136	-0.06213	-0.30860	0.45570	0.99998	-0.00539	0.00106	0.00539	0.99998	0.00404	-0.00108	-0.00404	0.99999		-6.44327	61.38147	874.28556	179.62514	2.35386	-2.77504	0.73953	0.99798	0.04868	0.04071	0.04837	-0.99879	0.00852	0.04107	-0.00654	-0.99913		599.89643	7.74650	39.54069	1.02087	-0.22878	1.76833	0.41018	0.99952	0.03078	0.00454	-0.03086	0.99937	0.01768	-0.00399	-0.01782	0.99983	
66	0.65000	-0.19742	2.08757	-0.10889	0.23230	-0.06574	-0.30658	0.46013	0.99998	-0.00536	0.00113	0.00535	0.99998	0.00406	-0.00115	-0.00405	0.99999		-6.41470	61.41554	874.26795	179.62926	2.34019	-2.76936	0.73251	0.99800	0.04858	0.04047	0.04828	-0.99880	0.00844	0.04083	-0.00647	-0.99915		599.90031	7.74646	39.49955	1.04175	-0.23733	1.75006	0.40983	0.99953	0.03046	0.00469	-0.03054	0.99937	0.01805	-0.00414	-0.01818	0.99983	
67	0.66000	-0.20012	2.07083	-0.11613	0.22430	-0.06643	-0.30002	0.45962	0.99999	-0.00524	0.00114	0.00524	0.99998	0.00392	-0.00116	-0.00391	0.99999		-6.37185	61.29513	874.31495	179.63057	2.36103	-2.75897	0.73929	0.99799	0.04840	0.04084	0.04809	-0.99881	0.00842	0.04120	-0.00644	-0.99913		599.90056	7.67335	39.50320	1.02869	-0.23378	1.74991	0.41101	0.99953	0.03046	0.00463	-0.03054	0.99937	0.01782	-0.00408	-0.01795	0.99983	
68	0.67000	-0.19861	2.08057	-0.10808	0.23524	-0.06227	-0.30233	0.45735	0.99999	-0.00528	0.00107	0.00528	0.99998	0.00411	-0.00109	-0.00411	0.99999		-6.43770	61.45753	874.29126	179.62079	2.36027	-2.76578	0.73975	0.99799	0.04852	0.04081	0.04821	-0.99880	0.00860	0.04118	-0.00661	-0.99913		599.89314	7.70111	39.53656	1.02893	-0.23457	1.76239	0.41044	0.99952	0.03068	0.00464	-0.03075	0.99937	0.01782	-0.00409	-0.01796	0.99983	
69	0.68000	-0.19720	2.09079	-0.11435	0.23168	-0.06545	-0.30690	0.45724	0.99998	-0.00536	0.00112	0.00536	0.99998	0.00405	-0.00114	-0.00404	0.99999		-6.38193	61.40855	874.29435	179.61606	2.34900	-2.76972	0.73453	0.99799	0.04860	0.04061	0.04828	-0.99880	0.00867	0.04099	-0.00670	-0.99914		599.90112	7.74711	39.50642	1.03104	-0.23575	1.74746	0.41177	0.99953	0.03042	0.00466	-0.03049	0.99938	0.01786	-0.00411	-0.01799	0.99983	
70	0.69000	-0.19151	2.08387	-0.11166	0.21808	-0.06221	-0.30485	0.45573	0.99999	-0.00532	0.00107	0.00532	0.99998	0.00381	-0.00109	-0.00381	0.99999		-6.46029	61.31072	874.25795	179.65291	2.30671	-2.83766	0.74043	0.99796	0.04975	0.03990	0.04947	-0.99874	0.00804	0.04025	-0.00605	-0.99917		599.89758	7.73697	39.54335	1.07076	-0.23709	1.73033	0.41206	0.99954	0.03011	0.00470	-0.03020	0.99937	0.01855	-0.00414	-0.01869	0.99982	
71	0.70000	-0.23167	2.06093	0.24743	0.11145	0.06194	-0.30987	0.49108	0.99998	-0.00541	-0.00109	0.00541	0.99998	0.00194	0.00108	-0.00195	1.00000		-8.23831	59.61308	874.04328	179.74362	2.47630	-2.75910	0.73638	0.99791	0.04833	0.04294	0.04809	-0.99882	0.00655	0.04321	-0.00447	-0.99906		599.85474	7.71776	40.49010	1.16598	-0.36169	1.76209	0.41336	0.99951	0.03061	0.00693	-0.03075	0.99932	0.02015	-0.00631	-0.02035	0.99977	
72	0.71000	-0.22931	2.06329	0.24676	0.11023	0.06521	-0.30997	0.49335	0.99998	-0.00541	-0.00115	0.00541	0.99998	0.00192	0.00114	-0.00192	1.00000		-8.27660	59.63736	874.02098	179.75650	2.46887	-2.77574	0.73041	0.99790	0.04861	0.04282	0.04838	-0.99881	0.00633	0.04308	-0.00425	-0.99906		599.85791	7.71563	40.52874	1.16520	-0.36643	1.75978	0.41164	0.99951	0.03057	0.00702	-0.03071	0.99933	0.02013	-0.00640	-0.02033	0.99977	
73	0.72000	-0.24139	2.07833	0.26688	0.10876	0.07175	-0.31349	0.49124	0.99998	-0.00547	-0.00126	0.00547	0.99998	0.00189	0.00125	-0.00190	1.00000		-8.34562	59.58579	874.01010	179.74081	2.47483	-2.77911	0.74101	0.99789	0.04868	0.04291	0.04844	-0.99880	0.00661	0.04318	-0.00452	-0.99906		599.85786	7.76058	40.56917	1.18959	-0.37280	1.74053	0.41174	0.99952	0.03023	0.00713	-0.03037	0.99933	0.02055	-0.00651	-0.02076	0.99976	
74	0.73000	-0.24392	2.06287	0.26487	0.11272	0.06974	-0.30906	0.49079	0.99998	-0.00539	-0.00123	0.00539	0.99998	0.00196	0.00122	-0.00197	1.00000		-8.30026	59.67661	874.01027	179.74112	2.47126	-2.77569	0.73550	0.99790	0.04862	0.04285	0.04838	-0.99881	0.00660	0.04312	-0.00451	-0.99906		599.85545	7.72045	40.55579	1.17309	-0.36922	1.75248	0.41247	0.99951	0.03044	0.00707	-0.03058	0.99933	0.02027	-0.00644	-0.02047	0.99977	
75	0.74000	-0.24482	2.06591	0.24818	0.10209	0.06534	-0.31214	0.49127	0.99998	-0.00545	-0.00115	0.00545	0.99998	0.00177	0.00114	-0.00178	1.00000		-8.23855	59.50021	874.04536	179.74556	2.47480	-2.76850	0.73713	0.99790	0.04849	0.04291	0.04826	-0.99881	0.00652	0.04318	-0.00444	-0.99906		599.85730	7.71495	40.52945	1.15103	-0.35515	1.77546	0.41176	0.99950	0.03085	0.00682	-0.03098	0.99932	0.01989	-0.00620	-0.02009	0.99978	
76	0.75000	-0.19463	2.08409	-0.10602	0.22924	-0.06064	-0.30358	0.45229	0.99999	-0.00530	0.00104	0.00530	0.99998	0.00401	-0.00106	-0.00400	0.99999		-6.39575	61.42500	874.27089	179.61328	2.34163	-2.76096	0.74098	0.99801	0.04844	0.04048	0.04813	-0.99880	0.00871	0.04086	-0.00674	-0.99914		599.89680	7.72115	39.55252	1.04589	-0.23772	1.74386	0.41322	0.99953	0.03035	0.00470	-0.03043	0.99937	0.01812	-0.00415	-0.01825	0.99982	
77	0.76000	-0.24188	2.07243	0.28577	0.10260	0.07707	-0.31368	0.49294	0.99998	-0.00547	-0.00135	0.00547	0.99998	0.00178	0.00135	-0.00179	1.00000		-8.46780	59.48731	873.99579	179.74820	2.48693	-2.77725	0.73848	0.99788	0.04864	0.04313	0.04841	-0.99881	0.00649	0.04339	-0.00439	-0.99905		599.85204	7.74189	40.61411	1.18287	-0.37375	1.76698	0.41583	0.99950	0.03069	0.00716	-0.03083	0.99932	0.02043	-0.00652	-0.02064	0.99977	
78	0.77000	-0.19390	2.07617	-0.08184	0.20908	-0.05307	-0.30318	0.45448	0.99999	-0.00529	0.00091	0.00529	0.99998	0.00365	-0.00093	-0.00365	0.99999		-6.55870	61.11611	874.28334	179.63823	2.36292	-2.77081	0.73577	0.99798	0.04860	0.04087	0.04830	-0.99880	0.00830	0.04123	-0.00631	-0.99913		599.90075	7.68888	39.61598	1.04396	-0.23984	1.75985	0.41074	0.99952	0.03063	0.00474	-0.03071	0.99936	0.01808	-0.00419	-0.01822	0.99983	
79	0.78000	-0.19065	2.08796	-0.11008	0.22886	-0.06182	-0.30488	0.45365	0.99999	-0.00533	0.00106	0.00532	0.99998	0.00400	-0.00108	-0.00399	0.99999		-6.45413	61.38354	874.29282	179.62122	2.36321	-2.76513	0.73280	0.99799	0.04851	0.04087	0.04820	-0.99880	0.00859	0.04123	-0.00661	-0.99913		599.90293	7.73121	39.53678	1.05375	-0.23919	1.74530	0.41413	0.99953	0.03037	0.00473	-0.03046	0.99937	0.01825	-0.00417	-0.01839	0.99982	
80	0.79000	-0.24182	2.08322	0.25620	0.10319	0.07048	-0.31832	0.49235	0.99998	-0.00555	-0.00124	0.00556	0.99998	0.00179	0.00123	-0.00180	1.00000		-8.43781	59.45565	874.03713	179.75810	2.49136	-2.77856	0.74250	0.99788	0.04866	0.04321	0.04843	-0.99881	0.00632	0.04347	-0.00422	-0.99905		599.86086	7.78575	40.56885	1.18189	-0.37085	1.76377	0.41240	0.99951	0.03064	0.00710	-0.03078	0.99932	0.02042	-0.00647	-0.02063	0.99977	
81	0.80000	-0.19312	2.08029	-0.11552	0.22402	-0.06568	-0.30435	0.45869	0.99998	-0.00532	0.00113	0.00531	0.99998	0.00392	-0.00115	-0.00391	0.99999		-6.40210	61.30914	874.29779	179.63525	2.35259	-2.77004	0.73752	0.99799	0.04859	0.04069	0.04829	-0.99880	0.00834	0.04105	-0.00636	-0.99914		599.90923	7.72489	39.50894	1.04526	-0.23764	1.74881	0.41109	0.99953	0.03044	0.00470	-0.03052	0.99937	0.01811	-0.00415	-0.01824	0.99983	
82	0.81000	-0.24350	2.06328	0.25193	0.10509	0.06773	-0.31012	0.49117	0.99998	-0.00541	-0.00119	0.00541	0.99998	0.00183	0.00118	-0.00183	1.00000		-8.37923	59.50299	874.02233	179.76263	2.47496	-2.76907	0.73031	0.99790	0.04849	0.04293	0.04827	-0.99882	0.00622	0.04318	-0.00414	-0.99906		599.86036	7.70736	40.54281	1.16143	-0.36969	1.77466	0.41054	0.99950	0.03083	0.00708	-0.03097	0.99932	0.02006	-0.00645	-0.02027	0.99977	
83	0.82000	-0.20124	2.07766	-0.10114	0.22203	-0.05847	-0.30444	0.45491	0.99999	-0.00532	0.00100	0.00531	0.99998	0.00388	-0.00102	-0.00388	0.99999		-6.46706	61.26920	874.28458	179.63277	2.35447	-2.77366	0.73520	0.99799	0.04865	0.04072	0.04835	-0.99880	0.00839	0.04108	-0.00640	-0.99914		599.90575	7.72874	39.56720	1.05707	-0.24220	1.74893	0.41237	0.99953	0.03044	0.00479	-0.03052	0.99937	0.01831	-0.00423	-0.01845	0.99982	
84	0.83000	-0.19390	2.07839	-0.11057	0.22705	-0.06338	-0.30125	0.45892	0.99999	-0.00526	0.00109	0.00526	0.99998	0.00397	-0.00111	-0.00396	0.99999		-6.37460	61.32574	874.29829	179.63226	2.35232	-2.75079	0.73871	0.99801	0.04825	0.04069	0.04795	-0.99881	0.00838	0.04104	-0.00641	-0.99914		599.90595	7.68988	39.52101	1.04568	-0.24337	1.75786	0.40894	0.99952	0.03059	0.00480	-0.03068	0.99937	0.01811	-0.00425	-0.01825	0.99982	
85	0.84000	-0.19379	2.08173	-0.09340	0.21704	-0.05500	-0.30426	0.45626	0.99999	-0.00531	0.00094	0.00531	0.99998	0.00379	-0.00096	-0.00379	0.99999		-6.48122	61.19422	874.27841	179.63824	2.35456	-2.77077	0.73657	0.99799	0.04860	0.04073	0.04830	-0.99880	0.00829	0.04108	-0.00631	-0.99914		599.89797	7.71147	39.59847	1.04397	-0.24061	1.75523	0.40880	0.99952	0.03055	0.00475	-0.03063	0.99937	0.01808	-0.00420	-0.01822	0.99983	
86	0.85000	-0.18507	2.08206	-0.11703	0.22135	-0.06425	-0.30406	0.45264	0.99999	-0.00531	0.00110	0.00531	0.99998	0.00387	-0.00112	-0.00386	0.99999		-6.34990	61.26331	874.29060	179.64301	2.34170	-2.76046	0.73715	0.99801	0.04841	0.04051	0.04812	-0.99881	0.00819	0.04086	-0.00623	-0.99915		599.90659	7.70234	39.51299	1.03925	-0.24125	1.76899	0.41187	0.99951	0.03079	0.00477	-0.03087	0.99936	0.01800	-0.00421	-0.01814	0.99983	
87	0.86000	-0.18504	2.07484	-0.10962	0.21555	-0.06064	-0.30172	0.45700	0.99999	-0.00527	0.00104	0.00527	0.99998	0.00377	-0.00106	-0.00376	0.99999		-6.39565	61.20660	874.28416	179.65065	2.33844	-2.76926	0.73088	0.99800	0.04856	0.04046	0.04827	-0.99880	0.00806	0.04080	-0.00609	-0.99915		599.90397	7.70099	39.55082	1.05837	-0.23850	1.74328	0.41198	0.99953	0.03034	0.00472	-0.03042	0.99937	0.01834	-0.00416	-0.01847	0.99982	
88	0.87000	-0.18007	2.08836	-0.13766	0.22937	-0.07393	-0.30547	0.45688	0.99998	-0.00534	0.00127	0.00533	0.99998	0.00401	-0.00129	-0.00400	0.99999		-6.18694	61.38492	874.31457	179.62157	2.33819	-2.76030	0.73904	0.99801	0.04843	0.04043	0.04812	-0.99880	0.00856	0.04080	-0.00660	-0.99915		599.90823	7.72656	39.43752	1.02931	-0.22096	1.75514	0.41031	0.99952	0.03055	0.00440	-0.03063	0.99937	0.01784	-0.00386	-0.01796	0.99983	
89	0.88000	-0.21895	2.10386	0.36753	0.20348	0.09434	-0.30287	0.45496	0.99998	-0.00528	-0.00166	0.00529	0.99998	0.00354	0.00165	-0.00355	0.99999		-8.71962	60.97321	873.80569	179.65105	2.49960	-2.75634	0.73611	0.99789	0.04835	0.04327	0.04804	-0.99881	0.00818	0.04361	-0.00608	-0.99903		599.81994	7.66913	40.70684	1.06175	-0.38245	1.76459	0.40886	0.99950	0.03066	0.00724	-0.03079	0.99936	0.01832	-0.00667	-0.01853	0.99981	
90	0.89000	-0.24600	2.08305	0.27611	0.11180	0.07458	-0.31689	0.49056	0.99998	-0.00553	-0.00131	0.00553	0.99998	0.00194	0.00130	-0.00195	1.00000		-8.40963	59.60178	874.00812	179.74631	2.48639	-2.77510	0.74238	0.99789	0.04861	0.04312	0.04837	-0.99881	0.00652	0.04338	-0.00442	-0.99905		599.86154	7.77298	40.58971	1.15060	-0.37168	1.76695	0.41031	0.99950	0.03070	0.00710	-0.03083	0.99933	0.01987	-0.00649	-0.02008	0.99978	
91	0.90000	-0.24348	2.05896	0.25104	0.08944	0.06639	-0.31140	0.49177	0.99998	-0.00543	-0.00117	0.00544	0.99998	0.00155	0.00116	-0.00156	1.00000		-8.30447	59.29514	874.04764	179.77193	2.47670	-2.77122	0.74148	0.99790	0.04852	0.04297	0.04830	-0.99881	0.00607	0.04321	-0.00398	-0.99906		599.85919	7.73649	40.52881	1.19063	-0.36521	1.75558	0.41202	0.99951	0.03050	0.00701	-0.03064	0.99932	0.02057	-0.00637	-0.02078	0.99976	
92	0.91000	-0.24501	2.08197	0.24446	0.12087	0.06365	-0.31569	0.48915	0.99998	-0.00551	-0.00112	0.00551	0.99998	0.00210	0.00111	-0.00211	1.00000		-8.29834	59.75001	874.02083	179.72942	2.47582	-2.77097	0.73096	0.99790	0.04855	0.04292	0.04830	-0.99881	0.00681	0.04320	-0.00472	-0.99906		599.86432	7.77095	40.50212	1.14936	-0.36630	1.76796	0.40571	0.99950	0.03072	0.00701	-0.03085	0.99933	0.01985	-0.00639	-0.02006	0.99978	
93	0.92000	-0.24523	2.05948	0.25953	0.11843	0.07021	-0.30701	0.48833	0.99998	-0.00536	-0.00124	0.00536	0.99998	0.00206	0.00123	-0.00207	1.00000		-8.40271	59.74321	874.01820	179.73636	2.48957	-2.76934	0.73687	0.99789	0.04851	0.04316	0.04827	-0.99881	0.00669	0.04344	-0.00460	-0.99905		599.86637	7.71443	40.55982	1.17230	-0.37366	1.75478	0.41046	0.99951	0.03048	0.00714	-0.03062	0.99933	0.02025	-0.00652	-0.02046	0.99977	
94	0.93000	-0.23840	2.07311	0.26168	0.09669	0.07030	-0.31518	0.48966	0.99998	-0.00550	-0.00124	0.00550	0.99998	0.00168	0.00123	-0.00169	1.00000		-8.43412	59.40453	874.02293	179.75868	2.48280	-2.78616	0.73911	0.99788	0.04879	0.04306	0.04856	-0.99880	0.00631	0.04332	-0.00421	-0.99905		599.85856	7.75411	40.56089	1.15822	-0.36473	1.77559	0.40847	0.99950	0.03085	0.00699	-0.03098	0.99932	0.02001	-0.00637	-0.02021	0.99978	
