1	0.00000	-0.13511	2.01314	0.81583	-0.25032	0.16449	-0.31870	0.50441	0.99998	-0.00557	-0.00285	0.00556	0.99998	-0.00439	0.00287	0.00437	0.99999		-9.76874	54.37263	874.01951	-179.76410	2.53451	-2.79936	0.75600	0.99783	0.04866	0.04437	0.04879	-0.99881	-0.00195	0.04422	0.00411	-0.99901		599.95172	7.45589	40.91452	1.35275	-0.72769	1.83861	0.37291	0.99940	0.03178	0.01345	-0.03208	0.99922	0.02319	-0.01270	-0.02361	0.99964	
2	0.01000	-0.14421	1.99924	0.82837	-0.26945	0.16882	-0.31782	0.50657	0.99998	-0.00556	-0.00292	0.00555	0.99997	-0.00472	0.00295	0.00470	0.99998		-9.97674	53.73245	874.01144	-179.86116	2.53738	-2.49446	0.61805	0.99807	0.04342	0.04433	0.04348	-0.99905	-0.00049	0.04427	0.00242	-0.99902		599.94674	7.43921	40.95332	1.37803	-0.72473	1.86461	0.36712	0.99939	0.03222	0.01342	-0.03254	0.99919	0.02362	-0.01265	-0.02405	0.99963	
3	0.02000	-0.14828	2.00366	0.84226	-0.26327	0.17413	-0.31867	0.50880	0.99998	-0.00558	-0.00301	0.00556	0.99997	-0.00461	0.00304	0.00459	0.99998		-10.07011	53.80738	874.01264	-179.87468	2.57036	-2.49261	0.60696	0.99805	0.04339	0.04490	0.04345	-0.99906	-0.00024	0.04485	0.00219	-0.99899		599.94690	7.45015	40.99279	1.36701	-0.73234	1.85004	0.37007	0.99940	0.03197	0.01354	-0.03228	0.99920	0.02343	-0.01278	-0.02385	0.99963	
4	0.03000	-0.10929	2.06422	0.24206	-0.10729	-0.04593	-0.33592	0.72851	0.99998	-0.00586	0.00081	0.00586	0.99998	-0.00187	-0.00080	0.00187	1.00000		-6.68003	56.37089	874.44187	-179.96431	2.38700	-2.75758	0.70057	0.99798	0.04808	0.04163	0.04807	-0.99884	0.00138	0.04165	0.00062	-0.99913		599.99297	7.79456	39.45667	1.32987	-0.17744	1.83856	0.37795	0.99948	0.03200	0.00384	-0.03208	0.99922	0.02310	-0.00310	-0.02321	0.99973	
5	0.04000	-0.20391	1.99213	1.05079	-0.38628	0.24884	-0.34031	0.82267	0.99997	-0.00597	-0.00430	0.00594	0.99996	-0.00677	0.00434	0.00674	0.99997		-11.06134	52.10338	873.91067	-179.70738	2.71143	-2.75822	0.70784	0.99772	0.04788	0.04750	0.04807	-0.99884	-0.00282	0.04731	0.00510	-0.99887		599.89166	7.75755	41.73983	1.63694	-0.47965	1.82822	0.37453	0.99946	0.03165	0.00927	-0.03190	0.99909	0.02828	-0.00837	-0.02857	0.99956	
6	0.05000	0.03909	2.74546	0.00351	0.70862	-0.97418	-0.57287	0.69679	0.99981	-0.01021	0.01688	0.01000	0.99987	0.01254	-0.01700	-0.01237	0.99978		6.67246	67.97423	874.05671	179.24294	1.44496	-2.83096	0.62265	0.99846	0.04972	0.02453	0.04937	-0.99868	0.01444	0.02522	-0.01321	-0.99959		600.33215	10.04536	30.51016	0.27144	0.79411	2.28481	0.36986	0.99911	0.03993	-0.01366	-0.03986	0.99919	0.00529	0.01386	-0.00474	0.99989	
7	0.06000	-0.20389	2.10131	0.26787	0.18785	-0.02078	-0.33020	0.58284	0.99998	-0.00576	0.00034	0.00576	0.99998	0.00328	-0.00036	-0.00328	0.99999		-7.13971	60.83803	873.92561	179.66525	2.33971	-2.82648	0.73098	0.99795	0.04955	0.04049	0.04927	-0.99875	0.00785	0.04082	-0.00584	-0.99915		599.91689	7.77600	39.88627	0.96048	-0.25390	2.04868	0.45050	0.99935	0.03567	0.00503	-0.03575	0.99922	0.01659	-0.00443	-0.01676	0.99985	
8	0.07000	-0.23746	2.02005	0.45653	0.08085	0.09488	-0.30889	0.53712	0.99998	-0.00539	-0.00166	0.00539	0.99998	0.00140	0.00166	-0.00141	1.00000		-8.77019	59.19534	873.88568	179.76373	2.50906	-2.74603	0.73475	0.99789	0.04809	0.04353	0.04786	-0.99883	0.00622	0.04378	-0.00412	-0.99903		599.87300	7.68673	40.73975	1.13143	-0.38626	1.82945	0.40709	0.99947	0.03179	0.00737	-0.03192	0.99930	0.01952	-0.00674	-0.01975	0.99978	
9	0.08000	-0.24543	2.04549	0.43190	0.07801	0.09573	-0.31857	0.52750	0.99998	-0.00556	-0.00168	0.00556	0.99998	0.00135	0.00167	-0.00136	1.00000		-8.75117	59.12022	873.92017	179.76941	2.51457	-2.75884	0.73303	0.99788	0.04831	0.04363	0.04809	-0.99882	0.00613	0.04387	-0.00402	-0.99903		599.86296	7.78204	40.76474	1.16417	-0.37668	1.81033	0.40885	0.99948	0.03145	0.00721	-0.03159	0.99930	0.02010	-0.00657	-0.02032	0.99977	
10	0.09000	-0.24266	2.03118	0.39205	0.07702	0.08538	-0.31473	0.51901	0.99998	-0.00549	-0.00150	0.00549	0.99998	0.00134	0.00149	-0.00134	1.00000		-8.55374	59.10073	873.94667	179.76593	2.48908	-2.74830	0.73343	0.99791	0.04813	0.04318	0.04790	-0.99883	0.00616	0.04343	-0.00408	-0.99905		599.86464	7.76394	40.67735	1.18429	-0.37385	1.80895	0.40732	0.99948	0.03143	0.00717	-0.03157	0.99929	0.02045	-0.00652	-0.02067	0.99977	
11	0.10000	-0.24931	2.03209	0.39312	0.08102	0.08991	-0.31114	0.51842	0.99998	-0.00543	-0.00158	0.00543	0.99998	0.00140	0.00157	-0.00141	1.00000		-8.57690	59.15832	873.93710	179.76718	2.48806	-2.75413	0.73034	0.99790	0.04823	0.04317	0.04800	-0.99883	0.00614	0.04341	-0.00406	-0.99905		599.88197	7.34415	40.72091	0.83668	-0.38744	2.27499	0.30760	0.99919	0.03959	0.00734	-0.03969	0.99911	0.01432	-0.00676	-0.01460	0.99987	
12	0.11000	-0.22358	2.06493	0.50536	0.21857	0.11796	-0.29388	0.47657	0.99998	-0.00512	-0.00208	0.00513	0.99998	0.00380	0.00206	-0.00381	0.99999		-9.05016	61.31332	873.60957	179.65292	2.45571	-2.80338	0.73768	0.99789	0.04917	0.04250	0.04886	-0.99877	0.00815	0.04285	-0.00605	-0.99906		599.82609	7.58676	40.87446	1.00974	-0.40996	1.79730	0.40977	0.99948	0.03123	0.00770	-0.03136	0.99936	0.01739	-0.00716	-0.01762	0.99982	
13	0.12000	-0.24018	2.03298	0.37054	0.09119	0.08931	-0.30958	0.51012	0.99998	-0.00540	-0.00157	0.00540	0.99998	0.00158	0.00156	-0.00159	1.00000		-8.55212	59.30005	873.94707	179.76691	2.47907	-2.75499	0.73637	0.99791	0.04824	0.04301	0.04802	-0.99883	0.00614	0.04325	-0.00406	-0.99906		599.86068	7.71914	40.70969	1.15915	-0.37981	1.78863	0.40773	0.99949	0.03107	0.00726	-0.03121	0.99931	0.02001	-0.00663	-0.02023	0.99977	
14	0.13000	-0.23449	2.04096	0.34820	0.09940	0.08392	-0.31243	0.50702	0.99998	-0.00545	-0.00147	0.00545	0.99998	0.00173	0.00146	-0.00173	1.00000		-8.50326	59.45078	873.92852	179.78287	2.46415	-2.76354	0.72801	0.99791	0.04838	0.04276	0.04817	-0.99882	0.00586	0.04299	-0.00379	-0.99907		599.85335	7.73120	40.67598	1.14911	-0.36834	1.80206	0.41339	0.99948	0.03131	0.00705	-0.03145	0.99931	0.01984	-0.00643	-0.02005	0.99978	
15	0.14000	-0.23622	2.04044	0.34456	0.09764	0.08472	-0.30812	0.50441	0.99998	-0.00537	-0.00149	0.00538	0.99998	0.00170	0.00148	-0.00170	1.00000		-8.56088	59.49720	873.91690	179.78458	2.43418	-2.82988	0.74193	0.99788	0.04953	0.04223	0.04933	-0.99877	0.00585	0.04247	-0.00376	-0.99909		599.86252	7.69757	40.68211	1.16123	-0.37459	1.78813	0.40852	0.99949	0.03106	0.00717	-0.03120	0.99931	0.02005	-0.00654	-0.02027	0.99977	
16	0.15000	-0.23835	2.03922	0.32303	0.10204	0.07667	-0.30933	0.50615	0.99998	-0.00540	-0.00135	0.00540	0.99998	0.00177	0.00134	-0.00178	1.00000		-8.41632	59.47624	873.98538	179.75137	2.48518	-2.75834	0.73383	0.99790	0.04831	0.04310	0.04808	-0.99882	0.00642	0.04336	-0.00434	-0.99905		599.87716	7.33675	40.61472	0.83520	-0.38252	2.26897	0.30769	0.99919	0.03949	0.00725	-0.03959	0.99911	0.01430	-0.00668	-0.01458	0.99987	
17	0.16000	-0.20220	2.06195	-0.04560	0.22491	-0.05391	-0.30402	0.47088	0.99999	-0.00531	0.00092	0.00531	0.99998	0.00393	-0.00094	-0.00393	0.99999		-6.55305	61.43797	874.17274	179.64572	2.29540	-2.82426	0.73887	0.99798	0.04952	0.03970	0.04923	-0.99875	0.00815	0.04005	-0.00618	-0.99918		599.91424	7.73364	39.59957	1.03388	-0.24296	1.76492	0.40966	0.99952	0.03072	0.00479	-0.03080	0.99937	0.01790	-0.00424	-0.01804	0.99983	
18	0.17000	-0.20963	2.04594	-0.03810	0.20195	-0.04898	-0.30113	0.46649	0.99999	-0.00526	0.00084	0.00526	0.99998	0.00353	-0.00085	-0.00352	0.99999		-6.58626	61.01943	874.25393	179.64517	2.36683	-2.74995	0.73564	0.99800	0.04823	0.04095	0.04794	-0.99882	0.00817	0.04130	-0.00619	-0.99913		599.91347	7.69762	39.64974	1.05516	-0.24340	1.77107	0.41565	0.99951	0.03082	0.00481	-0.03091	0.99936	0.01827	-0.00425	-0.01841	0.99982	
19	0.18000	-0.25624	2.04646	0.34092	0.09847	0.08627	-0.31358	0.50330	0.99998	-0.00547	-0.00151	0.00547	0.99998	0.00171	0.00151	-0.00172	1.00000		-8.64186	59.46887	873.94051	179.75822	2.49132	-2.77489	0.72818	0.99788	0.04859	0.04321	0.04837	-0.99881	0.00632	0.04347	-0.00422	-0.99905		599.87919	7.36619	40.68736	0.82989	-0.39776	2.27227	0.30679	0.99919	0.03954	0.00751	-0.03965	0.99911	0.01420	-0.00694	-0.01448	0.99987	
20	0.19000	-0.25909	2.03144	0.33143	0.09464	0.08266	-0.30791	0.50240	0.99998	-0.00537	-0.00145	0.00537	0.99998	0.00164	0.00144	-0.00165	1.00000		-8.57758	59.40689	873.97398	179.74925	2.50528	-2.75438	0.73617	0.99789	0.04825	0.04345	0.04801	-0.99883	0.00647	0.04371	-0.00437	-0.99903		599.86919	7.69061	40.65869	1.15892	-0.37770	1.79828	0.40988	0.99949	0.03124	0.00722	-0.03138	0.99931	0.02001	-0.00659	-0.02023	0.99977	
21	0.20000	-0.20190	2.04555	-0.03810	0.21258	-0.04704	-0.29816	0.46379	0.99999	-0.00521	0.00080	0.00520	0.99998	0.00371	-0.00082	-0.00371	0.99999		-6.67425	61.23096	874.20722	179.64296	2.36236	-2.75336	0.73171	0.99800	0.04829	0.04087	0.04800	-0.99881	0.00820	0.04122	-0.00623	-0.99913		599.90743	7.66888	39.65030	1.02620	-0.24583	1.77113	0.41363	0.99951	0.03083	0.00484	-0.03091	0.99936	0.01777	-0.00429	-0.01791	0.99983	
22	0.21000	-0.24346	2.04842	0.32380	0.09192	0.08158	-0.31209	0.49998	0.99998	-0.00544	-0.00143	0.00545	0.99998	0.00160	0.00142	-0.00160	1.00000		-8.57268	59.37183	873.97890	179.75894	2.50008	-2.76163	0.73275	0.99789	0.04836	0.04337	0.04813	-0.99882	0.00630	0.04362	-0.00420	-0.99904		599.86044	7.74058	40.65032	1.18256	-0.37533	1.77139	0.41298	0.99950	0.03077	0.00718	-0.03091	0.99931	0.02043	-0.00655	-0.02064	0.99977	
23	0.22000	-0.23925	2.04040	0.30102	0.08867	0.07125	-0.31140	0.50388	0.99998	-0.00543	-0.00125	0.00543	0.99998	0.00154	0.00124	-0.00155	1.00000		-8.39038	59.34810	873.99552	179.76736	2.48157	-2.76925	0.73871	0.99790	0.04849	0.04305	0.04827	-0.99882	0.00615	0.04330	-0.00406	-0.99905		599.86634	7.74106	40.56200	1.17588	-0.36375	1.76823	0.41506	0.99950	0.03072	0.00698	-0.03086	0.99932	0.02032	-0.00635	-0.02052	0.99977	
24	0.23000	-0.19570	2.05317	-0.06403	0.21469	-0.05574	-0.29944	0.46528	0.99999	-0.00523	0.00095	0.00523	0.99998	0.00375	-0.00097	-0.00375	0.99999		-6.50884	61.35396	874.18573	179.65402	2.29485	-2.82328	0.74407	0.99799	0.04950	0.03970	0.04922	-0.99876	0.00800	0.04004	-0.00603	-0.99918		599.92310	7.28669	39.59113	0.70488	-0.24712	2.26157	0.29940	0.99921	0.03941	0.00479	-0.03946	0.99915	0.01212	-0.00431	-0.01230	0.99992	
25	0.24000	-0.24753	2.04158	0.31788	0.10282	0.08070	-0.30811	0.49801	0.99998	-0.00537	-0.00142	0.00538	0.99998	0.00179	0.00141	-0.00179	1.00000		-8.51112	59.64460	873.89225	179.75882	2.41178	-2.83539	0.73681	0.99789	0.04964	0.04182	0.04942	-0.99876	0.00629	0.04208	-0.00421	-0.99911		599.86540	7.70027	40.64277	1.15589	-0.37237	1.78098	0.40819	0.99950	0.03094	0.00712	-0.03108	0.99932	0.01996	-0.00650	-0.02017	0.99978	
26	0.25000	-0.25362	2.03703	0.30232	0.10223	0.07756	-0.30829	0.49778	0.99998	-0.00538	-0.00136	0.00538	0.99998	0.00178	0.00135	-0.00178	1.00000		-8.37892	59.53895	873.98560	179.75041	2.47879	-2.75937	0.73859	0.99791	0.04833	0.04299	0.04810	-0.99882	0.00643	0.04325	-0.00435	-0.99905		599.87384	7.70307	40.62562	1.15297	-0.37676	1.78118	0.41073	0.99950	0.03094	0.00720	-0.03108	0.99932	0.01991	-0.00658	-0.02012	0.99978	
27	0.26000	-0.25476	2.03850	0.31885	0.09943	0.08197	-0.31037	0.49960	0.99998	-0.00541	-0.00144	0.00542	0.99998	0.00173	0.00143	-0.00174	1.00000		-8.48852	59.58053	873.91011	179.76357	2.42086	-2.83688	0.73959	0.99788	0.04967	0.04198	0.04945	-0.99876	0.00621	0.04224	-0.00412	-0.99910		599.85755	7.73482	40.65596	1.16256	-0.36478	1.76343	0.41175	0.99951	0.03064	0.00699	-0.03077	0.99932	0.02008	-0.00637	-0.02029	0.99977	
28	0.27000	-0.24662	2.03342	0.27822	0.10244	0.06767	-0.30780	0.49769	0.99998	-0.00537	-0.00119	0.00537	0.99998	0.00178	0.00118	-0.00179	1.00000		-8.24692	59.52409	873.98015	179.75974	2.45219	-2.75194	0.73660	0.99793	0.04819	0.04253	0.04797	-0.99883	0.00624	0.04279	-0.00419	-0.99908		599.87338	7.73008	40.53699	1.18443	-0.37035	1.75325	0.41005	0.99951	0.03046	0.00709	-0.03059	0.99932	0.02046	-0.00646	-0.02067	0.99977	
29	0.28000	-0.20104	2.05021	-0.06095	0.22538	-0.05177	-0.29867	0.46255	0.99999	-0.00522	0.00088	0.00521	0.99998	0.00394	-0.00090	-0.00393	0.99999		-6.53382	61.47587	874.18097	179.64180	2.29172	-2.83013	0.73833	0.99798	0.04962	0.03963	0.04934	-0.99875	0.00822	0.03999	-0.00625	-0.99918		599.91106	7.69323	39.60623	1.04561	-0.25603	1.75277	0.41065	0.99952	0.03050	0.00502	-0.03059	0.99937	0.01810	-0.00447	-0.01825	0.99982	
30	0.29000	-0.17994	2.10727	0.03183	0.33300	-0.03307	-0.29688	0.43193	0.99999	-0.00518	0.00055	0.00518	0.99997	0.00581	-0.00058	-0.00581	0.99998		-6.87804	63.03661	873.95234	179.53874	2.30512	-2.82805	0.73728	0.99797	0.04966	0.03977	0.04930	-0.99873	0.01003	0.04022	-0.00804	-0.99916		599.87601	7.68216	39.71319	0.92629	-0.26036	1.75251	0.41335	0.99952	0.03050	0.00504	-0.03058	0.99940	0.01602	-0.00454	-0.01617	0.99986	
31	0.30000	-0.19577	2.04803	-0.08208	0.21993	-0.05838	-0.29641	0.45849	0.99999	-0.00518	0.00100	0.00517	0.99998	0.00384	-0.00102	-0.00384	0.99999		-6.43891	61.27055	874.27510	179.64061	2.35831	-2.75541	0.73489	0.99800	0.04833	0.04080	0.04803	-0.99881	0.00824	0.04115	-0.00627	-0.99913		599.91380	7.67051	39.56732	1.06071	-0.24252	1.73558	0.41092	0.99953	0.03020	0.00479	-0.03029	0.99937	0.01838	-0.00423	-0.01851	0.99982	
32	0.31000	-0.19778	2.05249	-0.08295	0.23051	-0.05935	-0.29805	0.45936	0.99999	-0.00521	0.00102	0.00520	0.99998	0.00403	-0.00104	-0.00402	0.99999		-6.44978	61.42285	874.26116	179.61848	2.35593	-2.75922	0.73418	0.99800	0.04841	0.04074	0.04810	-0.99881	0.00863	0.04111	-0.00665	-0.99913		599.91610	7.68180	39.55490	1.03548	-0.24204	1.74985	0.41351	0.99952	0.03045	0.00477	-0.03054	0.99937	0.01793	-0.00422	-0.01807	0.99983	
33	0.32000	-0.24605	2.03512	0.26316	0.09903	0.06224	-0.30803	0.49599	0.99998	-0.00537	-0.00110	0.00538	0.99998	0.00172	0.00109	-0.00173	1.00000		-8.26245	59.41677	874.04624	179.76088	2.48690	-2.76563	0.73760	0.99789	0.04843	0.04314	0.04821	-0.99882	0.00626	0.04339	-0.00417	-0.99905		600.07042	7.82229	40.41019	1.31284	-0.56109	1.74828	0.42160	0.99949	0.03028	0.01048	-0.03051	0.99928	0.02260	-0.00979	-0.02291	0.99969	
34	0.33000	-0.21194	2.06270	-0.07312	0.22326	-0.05356	-0.30330	0.46251	0.99999	-0.00530	0.00091	0.00529	0.99998	0.00390	-0.00093	-0.00390	0.99999		-6.54570	61.30439	874.26652	179.63095	2.36945	-2.76575	0.73860	0.99798	0.04852	0.04098	0.04821	-0.99880	0.00843	0.04134	-0.00644	-0.99912		599.91906	7.73500	39.59631	1.05148	-0.25814	1.74728	0.41043	0.99952	0.03040	0.00506	-0.03049	0.99937	0.01820	-0.00451	-0.01835	0.99982	
35	0.34000	-0.20896	2.05811	-0.07761	0.20924	-0.05448	-0.30459	0.46260	0.99999	-0.00532	0.00093	0.00532	0.99998	0.00366	-0.00095	-0.00365	0.99999		-6.52689	61.10999	874.27066	179.65283	2.35947	-2.76907	0.73719	0.99799	0.04856	0.04083	0.04827	-0.99880	0.00804	0.04117	-0.00605	-0.99913		599.91171	7.74212	39.60143	1.05645	-0.24690	1.74796	0.41364	0.99953	0.03042	0.00487	-0.03050	0.99937	0.01830	-0.00431	-0.01844	0.99982	
36	0.35000	-0.20503	2.04989	-0.07073	0.21405	-0.05376	-0.29702	0.45617	0.99999	-0.00519	0.00092	0.00518	0.99998	0.00374	-0.00094	-0.00374	0.99999		-6.53389	61.21406	874.24004	179.64061	2.35077	-2.75430	0.72880	0.99800	0.04831	0.04067	0.04801	-0.99881	0.00824	0.04102	-0.00627	-0.99914		599.91085	7.65673	39.59739	1.04019	-0.24956	1.75567	0.41294	0.99952	0.03055	0.00491	-0.03064	0.99937	0.01801	-0.00436	-0.01815	0.99983	
37	0.36000	-0.18926	2.10971	0.04152	0.32690	-0.02526	-0.29597	0.43050	0.99999	-0.00517	0.00041	0.00517	0.99997	0.00571	-0.00044	-0.00571	0.99998		-6.96259	62.86393	874.02014	179.53055	2.38901	-2.74419	0.73733	0.99799	0.04822	0.04124	0.04784	-0.99880	0.01018	0.04168	-0.00819	-0.99910		599.87395	7.67119	39.77761	0.94158	-0.27020	1.75452	0.41255	0.99952	0.03054	0.00522	-0.03062	0.99940	0.01628	-0.00472	-0.01643	0.99985	
38	0.37000	-0.24354	2.05426	0.27264	0.09849	0.06737	-0.31487	0.49634	0.99998	-0.00549	-0.00118	0.00550	0.99998	0.00171	0.00118	-0.00172	1.00000		-8.35054	59.54859	873.96118	179.76515	2.41921	-2.84863	0.73746	0.99787	0.04987	0.04195	0.04965	-0.99875	0.00619	0.04221	-0.00410	-0.99910		599.87247	7.76964	40.52440	1.17183	-0.36932	1.76865	0.41118	0.99950	0.03073	0.00707	-0.03086	0.99932	0.02024	-0.00645	-0.02045	0.99977	
39	0.38000	-0.24836	2.05807	0.29683	0.10566	0.07599	-0.31461	0.49720	0.99998	-0.00549	-0.00134	0.00549	0.99998	0.00184	0.00133	-0.00184	1.00000		-8.45813	59.67402	873.91291	179.76234	2.41798	-2.84973	0.74455	0.99787	0.04989	0.04193	0.04967	-0.99875	0.00624	0.04219	-0.00414	-0.99910		599.87353	7.77427	40.59611	1.17262	-0.37575	1.75473	0.41180	0.99951	0.03048	0.00718	-0.03062	0.99933	0.02025	-0.00656	-0.02046	0.99977	
40	0.39000	-0.24052	2.03579	0.28750	0.08871	0.07453	-0.30698	0.49524	0.99998	-0.00536	-0.00131	0.00536	0.99998	0.00154	0.00130	-0.00155	1.00000		-8.41099	59.44129	873.95796	179.78275	2.42966	-2.83880	0.73950	0.99787	0.04969	0.04215	0.04948	-0.99876	0.00589	0.04239	-0.00379	-0.99909		599.86421	7.68228	40.58727	1.15750	-0.37538	1.77182	0.41207	0.99950	0.03078	0.00717	-0.03092	0.99932	0.01999	-0.00655	-0.02020	0.99977	
41	0.40000	-0.24090	2.04157	0.26835	0.09606	0.06680	-0.30979	0.49536	0.99998	-0.00540	-0.00117	0.00541	0.99998	0.00167	0.00117	-0.00168	1.00000		-8.24021	59.46155	874.01833	179.75865	2.46821	-2.76935	0.73841	0.99791	0.04850	0.04281	0.04827	-0.99881	0.00629	0.04307	-0.00421	-0.99906		599.85881	7.70739	40.53131	1.14990	-0.36212	1.77301	0.41253	0.99950	0.03081	0.00694	-0.03094	0.99932	0.01986	-0.00632	-0.02007	0.99978	
42	0.41000	-0.25431	2.04274	0.30627	0.08794	0.08237	-0.31030	0.49448	0.99998	-0.00541	-0.00145	0.00542	0.99998	0.00153	0.00144	-0.00153	1.00000		-8.52652	59.42499	873.92372	179.77339	2.42130	-2.83945	0.73607	0.99788	0.04970	0.04200	0.04949	-0.99876	0.00604	0.04225	-0.00395	-0.99910		599.86695	7.72527	40.64772	1.17959	-0.39134	1.75718	0.41218	0.99951	0.03052	0.00746	-0.03066	0.99932	0.02037	-0.00683	-0.02059	0.99976	
43	0.42000	-0.20948	2.06451	-0.05154	0.21690	-0.04331	-0.30241	0.46031	0.99999	-0.00528	0.00074	0.00528	0.99998	0.00379	-0.00076	-0.00379	0.99999		-6.61857	61.26927	874.21738	179.62914	2.35648	-2.74398	0.74264	0.99801	0.04814	0.04076	0.04783	-0.99882	0.00843	0.04112	-0.00647	-0.99913		599.91704	7.29903	39.67891	0.69628	-0.27898	2.25873	0.30037	0.99921	0.03935	0.00534	-0.03941	0.99915	0.01195	-0.00487	-0.01215	0.99991	
44	0.43000	-0.20619	2.06108	-0.08350	0.21509	-0.05801	-0.30261	0.46533	0.99999	-0.00528	0.00099	0.00528	0.99998	0.00376	-0.00101	-0.00375	0.99999		-6.41931	61.26107	874.26255	179.64282	2.35221	-2.76546	0.74280	0.99799	0.04850	0.04069	0.04821	-0.99880	0.00821	0.04104	-0.00623	-0.99914		599.91396	7.71054	39.55858	1.05227	-0.24559	1.76168	0.40946	0.99952	0.03066	0.00485	-0.03074	0.99936	0.01822	-0.00429	-0.01836	0.99982	
45	0.44000	-0.19634	2.05410	-0.09834	0.21839	-0.06240	-0.29830	0.46029	0.99999	-0.00521	0.00107	0.00521	0.99998	0.00382	-0.00109	-0.00381	0.99999		-6.39349	61.30564	874.27067	179.64581	2.34776	-2.76394	0.73741	0.99800	0.04847	0.04062	0.04818	-0.99881	0.00815	0.04096	-0.00618	-0.99914		599.91326	7.66765	39.52228	1.03363	-0.24579	1.75097	0.41466	0.99952	0.03047	0.00484	-0.03056	0.99937	0.01790	-0.00429	-0.01804	0.99983	
46	0.45000	-0.20131	2.06242	-0.08034	0.21385	-0.05422	-0.30352	0.45835	0.99999	-0.00530	0.00093	0.00530	0.99998	0.00374	-0.00095	-0.00373	0.99999		-6.54743	61.22494	874.23800	179.65981	2.34867	-2.76356	0.73228	0.99800	0.04846	0.04065	0.04817	-0.99881	0.00791	0.04098	-0.00593	-0.99914		599.90773	7.71800	39.59274	1.05697	-0.25271	1.75438	0.41454	0.99952	0.03053	0.00497	-0.03061	0.99936	0.01830	-0.00441	-0.01845	0.99982	
47	0.46000	-0.24604	2.05736	0.26687	0.08919	0.06772	-0.31592	0.49485	0.99998	-0.00551	-0.00119	0.00551	0.99998	0.00155	0.00118	-0.00156	1.00000		-8.37156	59.26946	874.04392	179.76988	2.49093	-2.76997	0.73589	0.99789	0.04850	0.04322	0.04828	-0.99882	0.00611	0.04346	-0.00401	-0.99905		599.86352	7.75687	40.53664	1.17014	-0.36159	1.77935	0.41558	0.99950	0.03092	0.00694	-0.03105	0.99931	0.02022	-0.00631	-0.02042	0.99977	
48	0.47000	-0.20073	2.05542	-0.09833	0.21569	-0.06400	-0.29796	0.45969	0.99999	-0.00520	0.00110	0.00520	0.99998	0.00377	-0.00112	-0.00376	0.99999		-6.44567	61.30723	874.23054	179.65569	2.29688	-2.83246	0.73784	0.99798	0.04966	0.03973	0.04938	-0.99875	0.00798	0.04008	-0.00600	-0.99918		599.91265	7.66997	39.51249	1.04896	-0.23247	1.74964	0.41250	0.99953	0.03045	0.00461	-0.03053	0.99937	0.01817	-0.00406	-0.01831	0.99982	
49	0.48000	-0.25109	2.03987	0.28748	0.09935	0.07470	-0.30716	0.49296	0.99998	-0.00536	-0.00131	0.00536	0.99998	0.00173	0.00130	-0.00173	1.00000		-8.45692	59.45255	873.99045	179.77048	2.48123	-2.76713	0.73007	0.99790	0.04845	0.04305	0.04823	-0.99882	0.00609	0.04329	-0.00400	-0.99905		599.88793	7.30809	40.56677	0.82886	-0.40696	2.25636	0.30467	0.99920	0.03926	0.00767	-0.03937	0.99912	0.01417	-0.00710	-0.01447	0.99987	
50	0.49000	-0.20981	2.07210	-0.09291	0.22122	-0.05869	-0.30544	0.46265	0.99999	-0.00533	0.00100	0.00533	0.99998	0.00387	-0.00102	-0.00386	0.99999		-6.49117	61.36743	874.20407	179.65340	2.29171	-2.84341	0.74008	0.99797	0.04985	0.03964	0.04957	-0.99874	0.00803	0.03999	-0.00604	-0.99918		599.90948	7.71564	39.56559	1.03067	-0.23969	1.77227	0.40780	0.99951	0.03085	0.00474	-0.03093	0.99936	0.01785	-0.00418	-0.01799	0.99983	
51	0.50000	-0.20864	2.05362	-0.08563	0.22014	-0.05672	-0.29888	0.45500	0.99999	-0.00522	0.00097	0.00522	0.99998	0.00385	-0.00099	-0.00384	0.99999		-6.44204	61.27093	874.26295	179.63318	2.35293	-2.75791	0.73505	0.99800	0.04838	0.04070	0.04808	-0.99881	0.00837	0.04105	-0.00640	-0.99914		599.90768	7.67380	39.56936	1.04548	-0.24545	1.76370	0.41023	0.99952	0.03069	0.00484	-0.03078	0.99936	0.01811	-0.00428	-0.01825	0.99982	
52	0.51000	-0.24259	2.03796	0.25252	0.09211	0.06167	-0.30726	0.49245	0.99998	-0.00536	-0.00108	0.00536	0.99998	0.00160	0.00108	-0.00161	1.00000		-8.19119	59.31584	874.03758	179.76527	2.46547	-2.75498	0.74106	0.99792	0.04824	0.04277	0.04802	-0.99883	0.00616	0.04302	-0.00409	-0.99907		599.86907	7.70976	40.47839	1.19440	-0.36986	1.74847	0.41253	0.99951	0.03037	0.00709	-0.03051	0.99932	0.02064	-0.00646	-0.02084	0.99976	
53	0.52000	-0.24846	2.05042	0.28479	0.09708	0.07585	-0.31071	0.49685	0.99998	-0.00542	-0.00133	0.00542	0.99998	0.00169	0.00132	-0.00169	1.00000		-8.39064	59.38788	874.00892	179.75732	2.48547	-2.75978	0.73383	0.99790	0.04833	0.04311	0.04810	-0.99882	0.00632	0.04337	-0.00423	-0.99905		600.07390	7.85999	40.50238	1.33687	-0.58932	1.72359	0.42171	0.99949	0.02983	0.01098	-0.03008	0.99928	0.02301	-0.01029	-0.02333	0.99967	
54	0.53000	-0.19203	2.06814	-0.10207	0.22506	-0.06290	-0.30087	0.46165	0.99999	-0.00526	0.00108	0.00525	0.99998	0.00393	-0.00110	-0.00393	0.99999		-6.31997	61.36218	874.27331	179.63411	2.34293	-2.76118	0.73452	0.99800	0.04843	0.04052	0.04813	-0.99881	0.00835	0.04088	-0.00638	-0.99914		599.92012	7.69657	39.51631	1.05512	-0.25528	1.75413	0.41291	0.99952	0.03052	0.00502	-0.03061	0.99936	0.01827	-0.00446	-0.01841	0.99982	
55	0.54000	-0.24664	2.05957	0.25661	0.10320	0.06607	-0.31383	0.49309	0.99998	-0.00547	-0.00116	0.00548	0.99998	0.00179	0.00115	-0.00180	1.00000		-8.23867	59.49334	874.01727	179.75166	2.46473	-2.76277	0.73763	0.99791	0.04839	0.04275	0.04816	-0.99882	0.00640	0.04300	-0.00433	-0.99907		600.07834	7.87167	40.43318	1.31843	-0.57334	1.75233	0.42267	0.99948	0.03034	0.01070	-0.03058	0.99927	0.02269	-0.01001	-0.02301	0.99969	
56	0.55000	-0.24650	2.05871	0.26725	0.08994	0.06787	-0.31240	0.49715	0.99998	-0.00545	-0.00119	0.00545	0.99998	0.00156	0.00118	-0.00157	1.00000		-8.32715	59.43392	873.94560	179.79054	2.40254	-2.85356	0.73092	0.99788	0.04994	0.04169	0.04974	-0.99875	0.00574	0.04192	-0.00365	-0.99911		599.87238	7.73901	40.52849	1.19024	-0.37882	1.76026	0.41740	0.99951	0.03057	0.00725	-0.03072	0.99932	0.02056	-0.00661	-0.02077	0.99976	
57	0.56000	-0.19829	2.05678	-0.11046	0.22498	-0.06521	-0.29738	0.45612	0.99999	-0.00519	0.00112	0.00519	0.99998	0.00393	-0.00114	-0.00393	0.99999		-6.29762	61.40044	874.27136	179.62477	2.33687	-2.75791	0.73516	0.99801	0.04838	0.04041	0.04808	-0.99881	0.00850	0.04077	-0.00654	-0.99915		599.91666	7.67128	39.50234	1.05467	-0.24621	1.74298	0.41407	0.99953	0.03033	0.00485	-0.03042	0.99937	0.01827	-0.00430	-0.01841	0.99982	
58	0.57000	-0.20877	2.05892	-0.09002	0.23124	-0.05678	-0.29897	0.45915	0.99999	-0.00522	0.00097	0.00522	0.99998	0.00404	-0.00099	-0.00404	0.99999		-6.43925	61.49196	874.23808	179.61804	2.34598	-2.75237	0.73543	0.99801	0.04829	0.04057	0.04798	-0.99881	0.00862	0.04093	-0.00666	-0.99914		599.91753	7.68644	39.56488	1.03707	-0.25616	1.75199	0.41401	0.99952	0.03049	0.00502	-0.03057	0.99937	0.01795	-0.00447	-0.01810	0.99983	
59	0.58000	-0.21375	2.05875	-0.07944	0.21113	-0.05315	-0.30158	0.45707	0.99999	-0.00527	0.00091	0.00526	0.99998	0.00369	-0.00093	-0.00368	0.99999		-6.50909	61.18869	874.25699	179.63928	2.36293	-2.75440	0.73109	0.99800	0.04831	0.04088	0.04801	-0.99881	0.00827	0.04123	-0.00629	-0.99913		599.91434	7.71346	39.59879	1.08014	-0.25174	1.73520	0.41201	0.99953	0.03019	0.00496	-0.03028	0.99937	0.01871	-0.00439	-0.01885	0.99981	
60	0.59000	-0.20585	2.06769	-0.09826	0.21722	-0.06226	-0.30441	0.45741	0.99999	-0.00532	0.00107	0.00531	0.99998	0.00380	-0.00109	-0.00379	0.99999		-6.40375	61.27627	874.27743	179.63852	2.35973	-2.76039	0.73483	0.99799	0.04842	0.04082	0.04812	-0.99881	0.00828	0.04117	-0.00630	-0.99913		599.91220	7.72442	39.52063	1.05358	-0.24144	1.74935	0.40897	0.99953	0.03044	0.00477	-0.03053	0.99937	0.01825	-0.00421	-0.01839	0.99982	
61	0.60000	-0.19915	2.06082	-0.11511	0.21980	-0.06468	-0.30058	0.45356	0.99999	-0.00525	0.00111	0.00525	0.99998	0.00384	-0.00113	-0.00384	0.99999		-6.39085	61.32759	874.29052	179.63254	2.35326	-2.76326	0.73675	0.99799	0.04847	0.04070	0.04817	-0.99880	0.00839	0.04106	-0.00641	-0.99914		599.91141	7.70674	39.50675	1.05781	-0.23789	1.73450	0.41108	0.99953	0.03019	0.00471	-0.03027	0.99937	0.01833	-0.00415	-0.01846	0.99982	
62	0.61000	-0.24371	2.05058	0.26978	0.09231	0.06973	-0.31297	0.49302	0.99998	-0.00546	-0.00123	0.00546	0.99998	0.00160	0.00122	-0.00161	1.00000		-8.44961	59.46803	873.96057	179.77040	2.42984	-2.84826	0.73388	0.99787	0.04986	0.04214	0.04965	-0.99875	0.00611	0.04240	-0.00400	-0.99909		599.86818	7.76654	40.52912	1.19685	-0.38796	1.73826	0.41455	0.99952	0.03019	0.00740	-0.03033	0.99933	0.02067	-0.00677	-0.02089	0.99976	
63	0.62000	-0.20310	2.06869	-0.09293	0.21009	-0.05775	-0.30516	0.45814	0.99999	-0.00533	0.00099	0.00533	0.99998	0.00367	-0.00101	-0.00367	0.99999		-6.48748	61.15360	874.27375	179.63982	2.35797	-2.76736	0.73492	0.99799	0.04854	0.04079	0.04824	-0.99880	0.00827	0.04114	-0.00628	-0.99913		599.91606	7.73374	39.56034	1.06545	-0.24792	1.74965	0.41221	0.99952	0.03045	0.00489	-0.03053	0.99936	0.01845	-0.00433	-0.01859	0.99982	
64	0.63000	-0.20009	2.08464	-0.11515	0.23498	-0.06495	-0.30687	0.45593	0.99998	-0.00536	0.00111	0.00536	0.99998	0.00411	-0.00113	-0.00410	0.99999		-6.36088	61.50946	874.27291	179.62216	2.35042	-2.76559	0.73403	0.99799	0.04852	0.04064	0.04821	-0.99880	0.00857	0.04101	-0.00659	-0.99914		599.92235	7.34122	39.51248	0.67933	-0.24272	2.26603	0.29784	0.99921	0.03949	0.00470	-0.03954	0.99915	0.01168	-0.00424	-0.01186	0.99992	
65	0.64000	-0.20017	2.07419	-0.13125	0.22272	-0.07238	-0.30523	0.46146	0.99998	-0.00533	0.00124	0.00533	0.99998	0.00389	-0.00126	-0.00389	0.99999		-6.21743	61.33577	874.30795	179.63579	2.34275	-2.76421	0.73712	0.99800	0.04848	0.04052	0.04819	-0.99880	0.00832	0.04088	-0.00635	-0.99914		599.91420	7.72853	39.45081	1.03478	-0.23054	1.75495	0.41034	0.99952	0.03055	0.00457	-0.03062	0.99937	0.01793	-0.00402	-0.01806	0.99983	
66	0.65000	-0.20782	2.05460	-0.09535	0.21568	-0.05706	-0.29954	0.45940	0.99999	-0.00523	0.00098	0.00523	0.99998	0.00377	-0.00100	-0.00376	0.99999		-6.47163	61.32112	874.20337	179.65648	2.28087	-2.82912	0.73852	0.99799	0.04959	0.03945	0.04932	-0.99875	0.00795	0.03980	-0.00599	-0.99919		599.91641	7.69343	39.56875	1.04688	-0.25097	1.74086	0.41409	0.99953	0.03029	0.00493	-0.03038	0.99937	0.01813	-0.00438	-0.01827	0.99982	
67	0.66000	-0.20706	2.04695	-0.07960	0.21520	-0.05261	-0.29712	0.45538	0.99999	-0.00519	0.00090	0.00519	0.99998	0.00376	-0.00092	-0.00376	0.99999		-6.47721	61.22583	874.24079	179.64432	2.34198	-2.74619	0.73208	0.99802	0.04816	0.04052	0.04787	-0.99882	0.00816	0.04086	-0.00620	-0.99915		599.91326	7.65913	39.60071	1.04383	-0.25550	1.75621	0.41177	0.99952	0.03056	0.00501	-0.03065	0.99937	0.01807	-0.00446	-0.01822	0.99982	
68	0.67000	-0.19680	2.05129	-0.10256	0.22005	-0.06052	-0.29608	0.45501	0.99999	-0.00517	0.00104	0.00517	0.99998	0.00385	-0.00106	-0.00384	0.99999		-6.40307	61.38486	874.20552	179.65219	2.27805	-2.83008	0.73260	0.99799	0.04961	0.03940	0.04934	-0.99875	0.00803	0.03975	-0.00607	-0.99919		599.90621	7.65356	39.54128	1.04991	-0.24593	1.74721	0.41548	0.99953	0.03041	0.00485	-0.03049	0.99937	0.01818	-0.00429	-0.01832	0.99982	
69	0.68000	-0.19412	2.05110	-0.13372	0.23235	-0.07403	-0.29309	0.45356	0.99999	-0.00512	0.00127	0.00512	0.99998	0.00406	-0.00129	-0.00406	0.99999		-6.20101	61.58162	874.22593	179.64110	2.26190	-2.84066	0.73329	0.99799	0.04980	0.03911	0.04952	-0.99874	0.00821	0.03947	-0.00626	-0.99920		599.91228	7.64838	39.43211	1.05300	-0.22533	1.72588	0.41180	0.99954	0.03004	0.00448	-0.03012	0.99938	0.01825	-0.00393	-0.01838	0.99982	
70	0.69000	-0.19659	2.04836	-0.07730	0.21535	-0.05118	-0.29449	0.45498	0.99999	-0.00514	0.00087	0.00514	0.99998	0.00376	-0.00089	-0.00376	0.99999		-6.50619	61.20051	874.25785	179.63594	2.35385	-2.74687	0.73850	0.99801	0.04818	0.04072	0.04788	-0.99882	0.00832	0.04107	-0.00635	-0.99914		599.90295	7.65311	39.62677	1.07041	-0.24962	1.72981	0.41318	0.99953	0.03010	0.00492	-0.03019	0.99937	0.01854	-0.00436	-0.01868	0.99982	
71	0.70000	-0.19764	2.06688	-0.10381	0.21555	-0.06214	-0.30106	0.45509	0.99999	-0.00526	0.00107	0.00525	0.99998	0.00377	-0.00108	-0.00376	0.99999		-6.36917	61.21335	874.25127	179.65561	2.32953	-2.76100	0.72896	0.99801	0.04841	0.04031	0.04813	-0.99881	0.00796	0.04065	-0.00601	-0.99916		599.91176	7.68586	39.52696	1.05157	-0.24448	1.75962	0.41212	0.99952	0.03062	0.00483	-0.03071	0.99936	0.01821	-0.00427	-0.01835	0.99982	
72	0.71000	-0.19929	2.05893	-0.10217	0.20929	-0.05960	-0.29688	0.45692	0.99999	-0.00518	0.00102	0.00518	0.99998	0.00366	-0.00104	-0.00365	0.99999		-6.40330	61.10373	874.28588	179.64436	2.35173	-2.75212	0.73835	0.99801	0.04827	0.04069	0.04797	-0.99882	0.00817	0.04103	-0.00620	-0.99914		599.91432	7.65336	39.55398	1.06584	-0.24642	1.74445	0.41529	0.99953	0.03036	0.00486	-0.03044	0.99937	0.01846	-0.00430	-0.01860	0.99982	
73	0.72000	-0.20451	2.05551	-0.11616	0.22202	-0.06569	-0.29812	0.45761	0.99999	-0.00521	0.00113	0.00520	0.99998	0.00388	-0.00115	-0.00388	0.99999		-6.38238	61.41750	874.21607	179.64432	2.28205	-2.83281	0.73540	0.99799	0.04967	0.03946	0.04938	-0.99875	0.00817	0.03982	-0.00620	-0.99919		599.91588	7.68663	39.49664	1.05020	-0.24599	1.73144	0.41476	0.99953	0.03013	0.00484	-0.03021	0.99938	0.01819	-0.00429	-0.01833	0.99982	
74	0.73000	-0.20980	2.06216	-0.11627	0.23109	-0.06540	-0.29868	0.45694	0.99999	-0.00522	0.00112	0.00521	0.99998	0.00404	-0.00114	-0.00403	0.99999		-6.34286	61.45008	874.28117	179.61757	2.35115	-2.74972	0.73389	0.99801	0.04825	0.04066	0.04793	-0.99881	0.00863	0.04102	-0.00667	-0.99914		599.91198	7.68327	39.50670	1.05329	-0.23510	1.74690	0.41246	0.99953	0.03040	0.00466	-0.03048	0.99937	0.01825	-0.00410	-0.01838	0.99982	
75	0.74000	-0.21428	2.06913	-0.07870	0.20446	-0.05146	-0.30639	0.45817	0.99999	-0.00535	0.00088	0.00535	0.99998	0.00357	-0.00090	-0.00357	0.99999		-6.57050	61.04983	874.26852	179.64272	2.36528	-2.76474	0.73290	0.99798	0.04849	0.04092	0.04819	-0.99880	0.00822	0.04127	-0.00623	-0.99913		599.91009	7.74572	39.61127	1.07692	-0.25481	1.74420	0.41846	0.99953	0.03035	0.00502	-0.03044	0.99936	0.01865	-0.00445	-0.01879	0.99981	
76	0.75000	-0.20488	2.06068	-0.12343	0.22154	-0.06971	-0.30177	0.46006	0.99999	-0.00527	0.00120	0.00527	0.99998	0.00387	-0.00122	-0.00387	0.99999		-6.35741	61.43780	874.23156	179.64642	2.28181	-2.83980	0.73484	0.99798	0.04979	0.03946	0.04950	-0.99874	0.00814	0.03981	-0.00617	-0.99919		599.91825	7.28485	39.47254	0.67779	-0.23094	2.27471	0.30293	0.99920	0.03964	0.00450	-0.03969	0.99914	0.01166	-0.00403	-0.01183	0.99992	
77	0.76000	-0.25287	2.04213	0.27524	0.09822	0.07451	-0.30728	0.49463	0.99998	-0.00536	-0.00131	0.00536	0.99998	0.00171	0.00130	-0.00171	1.00000		-8.45293	59.49227	873.98905	179.76045	2.47885	-2.77375	0.72760	0.99789	0.04857	0.04300	0.04835	-0.99881	0.00627	0.04325	-0.00418	-0.99906		599.87994	7.29289	40.59349	0.83616	-0.39017	2.26839	0.29965	0.99919	0.03948	0.00738	-0.03958	0.99911	0.01431	-0.00681	-0.01459	0.99987	
78	0.77000	-0.20373	2.06854	-0.10463	0.22706	-0.06130	-0.30166	0.45797	0.99999	-0.00527	0.00105	0.00526	0.99998	0.00397	-0.00107	-0.00396	0.99999		-6.46234	61.52993	874.20637	179.64740	2.29296	-2.84050	0.73971	0.99797	0.04980	0.03965	0.04952	-0.99874	0.00813	0.04001	-0.00615	-0.99918		599.91611	7.68536	39.53508	1.03166	-0.24070	1.77286	0.40698	0.99951	0.03086	0.00476	-0.03094	0.99936	0.01787	-0.00420	-0.01800	0.99983	
79	0.78000	-0.20100	2.06778	-0.10740	0.22309	-0.06074	-0.30225	0.45228	0.99999	-0.00528	0.00104	0.00528	0.99998	0.00390	-0.00106	-0.00389	0.99999		-6.45817	61.47592	874.20620	179.64438	2.28687	-2.84643	0.73795	0.99797	0.04991	0.03954	0.04962	-0.99873	0.00818	0.03990	-0.00620	-0.99918		599.91739	7.71596	39.53951	1.05046	-0.24613	1.74567	0.41113	0.99953	0.03038	0.00485	-0.03046	0.99937	0.01819	-0.00430	-0.01833	0.99982	
80	0.79000	-0.20055	2.06400	-0.11845	0.22754	-0.06661	-0.30036	0.45530	0.99999	-0.00525	0.00114	0.00524	0.99998	0.00398	-0.00116	-0.00397	0.99999		-6.34702	61.54488	874.21140	179.63249	2.27777	-2.84187	0.73717	0.99798	0.04983	0.03938	0.04954	-0.99874	0.00838	0.03974	-0.00641	-0.99919		599.92305	7.70486	39.48932	1.05388	-0.24843	1.74136	0.41430	0.99953	0.03030	0.00489	-0.03039	0.99937	0.01825	-0.00434	-0.01839	0.99982	
81	0.80000	-0.20210	2.05416	-0.10220	0.21959	-0.05993	-0.29684	0.45438	0.99999	-0.00518	0.00103	0.00518	0.99998	0.00384	-0.00105	-0.00383	0.99999		-6.36669	61.32827	874.28672	179.63475	2.35605	-2.75329	0.73617	0.99800	0.04830	0.04075	0.04799	-0.99881	0.00834	0.04111	-0.00637	-0.99913		599.91115	7.66749	39.54031	1.05629	-0.24450	1.73504	0.41048	0.99953	0.03019	0.00482	-0.03028	0.99937	0.01830	-0.00427	-0.01843	0.99982	
82	0.81000	-0.20535	2.07615	-0.11505	0.23222	-0.06268	-0.30417	0.45576	0.99999	-0.00531	0.00107	0.00531	0.99998	0.00406	-0.00109	-0.00405	0.99999		-6.32392	61.50248	874.26733	179.62366	2.33819	-2.76815	0.73785	0.99800	0.04856	0.04043	0.04825	-0.99880	0.00853	0.04080	-0.00656	-0.99915		599.91015	7.73278	39.53109	1.04847	-0.23568	1.74365	0.41467	0.99953	0.03035	0.00467	-0.03043	0.99937	0.01816	-0.00411	-0.01830	0.99982	
83	0.82000	-0.20551	2.06551	-0.11703	0.22876	-0.06533	-0.29996	0.45240	0.99999	-0.00524	0.00112	0.00524	0.99998	0.00400	-0.00114	-0.00399	0.99999		-6.27896	61.44214	874.27997	179.62798	2.34083	-2.75761	0.73591	0.99801	0.04837	0.04048	0.04807	-0.99881	0.00845	0.04084	-0.00649	-0.99914		599.90922	7.68509	39.50719	1.03259	-0.22917	1.74634	0.41262	0.99953	0.03040	0.00455	-0.03047	0.99938	0.01789	-0.00400	-0.01802	0.99983	
84	0.83000	-0.20109	2.05344	-0.12398	0.22340	-0.06843	-0.29602	0.45216	0.99999	-0.00517	0.00117	0.00517	0.99998	0.00390	-0.00119	-0.00390	0.99999		-6.24331	61.36298	874.27547	179.63232	2.32625	-2.76085	0.73900	0.99802	0.04843	0.04023	0.04813	-0.99881	0.00836	0.04059	-0.00641	-0.99916		599.91109	7.66043	39.47552	1.04785	-0.23601	1.74358	0.41309	0.99953	0.03035	0.00467	-0.03043	0.99937	0.01815	-0.00412	-0.01829	0.99982	
85	0.84000	-0.20513	2.05930	-0.10218	0.21527	-0.05984	-0.29952	0.45661	0.99999	-0.00523	0.00103	0.00523	0.99998	0.00376	-0.00104	-0.00376	0.99999		-6.44096	61.31995	874.20434	179.65636	2.28200	-2.83372	0.73898	0.99799	0.04968	0.03947	0.04940	-0.99875	0.00796	0.03982	-0.00599	-0.99919		599.91973	7.69387	39.53529	1.05770	-0.25969	1.73176	0.41770	0.99953	0.03013	0.00509	-0.03022	0.99938	0.01831	-0.00453	-0.01846	0.99982	
86	0.85000	-0.24770	2.05158	0.26989	0.09541	0.07258	-0.31094	0.49152	0.99998	-0.00542	-0.00128	0.00543	0.99998	0.00166	0.00127	-0.00167	1.00000		-8.39280	59.38393	874.01094	179.76175	2.47827	-2.78037	0.73402	0.99789	0.04869	0.04299	0.04846	-0.99881	0.00625	0.04324	-0.00415	-0.99906		600.06483	7.86276	40.47543	1.33836	-0.58519	1.72378	0.42373	0.99950	0.02983	0.01091	-0.03008	0.99928	0.02304	-0.01021	-0.02336	0.99968	
87	0.86000	-0.20337	2.05471	-0.07725	0.20518	-0.04898	-0.29799	0.45654	0.99999	-0.00520	0.00084	0.00520	0.99998	0.00358	-0.00085	-0.00358	0.99999		-6.59323	61.04940	874.26162	179.64684	2.36221	-2.75902	0.73329	0.99799	0.04839	0.04087	0.04809	-0.99881	0.00814	0.04122	-0.00616	-0.99913		599.90755	7.67560	39.62981	1.07967	-0.25466	1.74390	0.41169	0.99953	0.03034	0.00502	-0.03043	0.99936	0.01870	-0.00444	-0.01884	0.99981	
88	0.87000	-0.20356	2.05911	-0.10879	0.22127	-0.06168	-0.29916	0.45288	0.99999	-0.00523	0.00106	0.00522	0.99998	0.00387	-0.00108	-0.00386	0.99999		-6.41261	61.28755	874.28320	179.63348	2.35118	-2.75774	0.73674	0.99800	0.04837	0.04067	0.04807	-0.99881	0.00836	0.04102	-0.00639	-0.99914		599.92163	7.70237	39.52496	1.07472	-0.25962	1.73371	0.41380	0.99953	0.03016	0.00510	-0.03025	0.99937	0.01861	-0.00453	-0.01876	0.99981	
89	0.88000	-0.25473	2.04061	0.26720	0.08755	0.07135	-0.30977	0.49230	0.99998	-0.00540	-0.00125	0.00541	0.99998	0.00152	0.00125	-0.00153	1.00000		-8.44274	59.37280	873.97326	179.79381	2.42753	-2.85686	0.73382	0.99786	0.04999	0.04212	0.04980	-0.99874	0.00571	0.04236	-0.00360	-0.99910		599.86862	7.72749	40.55427	1.18072	-0.37559	1.75629	0.41611	0.99951	0.03051	0.00718	-0.03065	0.99932	0.02040	-0.00656	-0.02061	0.99977	
90	0.89000	-0.21312	2.06596	-0.09590	0.21380	-0.05637	-0.30256	0.45675	0.99999	-0.00528	0.00096	0.00528	0.99998	0.00374	-0.00098	-0.00373	0.99999		-6.49462	61.19392	874.25240	179.65076	2.34781	-2.76383	0.73350	0.99800	0.04847	0.04062	0.04818	-0.99881	0.00806	0.04097	-0.00609	-0.99914		599.91690	7.71593	39.57836	1.06489	-0.24520	1.74157	0.41590	0.99953	0.03031	0.00484	-0.03039	0.99937	0.01845	-0.00428	-0.01858	0.99982	
91	0.90000	-0.21223	2.05740	-0.10357	0.20808	-0.05952	-0.30179	0.45699	0.99999	-0.00527	0.00102	0.00527	0.99998	0.00364	-0.00104	-0.00363	0.99999		-6.42342	61.10219	874.28792	179.64819	2.35292	-2.76399	0.73830	0.99799	0.04847	0.04071	0.04818	-0.99881	0.00811	0.04105	-0.00613	-0.99914		599.91925	7.71879	39.54194	1.07897	-0.25598	1.73732	0.41222	0.99953	0.03023	0.00504	-0.03032	0.99937	0.01869	-0.00447	-0.01883	0.99981	
92	0.91000	-0.20966	2.05088	-0.08781	0.21347	-0.05334	-0.29705	0.45375	0.99999	-0.00519	0.00091	0.00518	0.99998	0.00373	-0.00093	-0.00373	0.99999		-6.50188	61.20315	874.26758	179.63994	2.36060	-2.75763	0.73345	0.99799	0.04837	0.04084	0.04807	-0.99881	0.00826	0.04119	-0.00628	-0.99913		599.91402	7.66694	39.59816	1.05144	-0.25255	1.73604	0.40995	0.99953	0.03021	0.00496	-0.03029	0.99938	0.01821	-0.00441	-0.01835	0.99982	
93	0.92000	-0.25630	2.05360	0.28088	0.08491	0.07863	-0.31329	0.49150	0.99998	-0.00547	-0.00138	0.00547	0.99998	0.00147	0.00137	-0.00148	1.00000		-8.46650	59.23899	874.01159	179.76974	2.48911	-2.77848	0.73547	0.99788	0.04865	0.04318	0.04843	-0.99881	0.00612	0.04343	-0.00401	-0.99905		599.87260	7.75672	40.61812	1.19574	-0.38730	1.74279	0.41378	0.99951	0.03027	0.00739	-0.03041	0.99932	0.02065	-0.00676	-0.02087	0.99976	
94	0.93000	-0.20229	2.07335	-0.08848	0.21455	-0.05305	-0.30366	0.45744	0.99999	-0.00530	0.00091	0.00530	0.99998	0.00375	-0.00093	-0.00374	0.99999		-6.50629	61.20928	874.25531	179.63997	2.34949	-2.75902	0.73471	0.99800	0.04839	0.04064	0.04809	-0.99881	0.00825	0.04099	-0.00628	-0.99914		599.91251	7.72556	39.59393	1.06105	-0.26181	1.73240	0.41616	0.99953	0.03014	0.00513	-0.03023	0.99937	0.01837	-0.00457	-0.01852	0.99982	
