1	0.00000	-0.11384	1.90334	0.87308	-0.31660	0.16045	-0.27349	0.51461	0.99998	-0.00479	-0.00277	0.00477	0.99997	-0.00554	0.00280	0.00553	0.99998		-9.78982	53.04697	874.08191	-179.83737	2.55790	-2.46268	0.62618	0.99808	0.04284	0.04471	0.04293	-0.99908	-0.00092	0.04463	0.00284	-0.99900		599.90890	7.02187	40.83977	1.41897	-0.69606	1.78870	0.37278	0.99944	0.03090	0.01291	-0.03121	0.99922	0.02437	-0.01215	-0.02476	0.99962	
2	0.01000	-0.15742	2.03010	0.86839	-0.23402	0.17446	-0.32784	0.50644	0.99998	-0.00573	-0.00302	0.00572	0.99998	-0.00410	0.00304	0.00408	0.99999		-10.02685	54.19802	873.99933	-179.90746	2.55942	-2.52230	0.61924	0.99803	0.04394	0.04468	0.04396	-0.99903	0.00035	0.04466	0.00161	-0.99900		599.93020	7.52242	40.98464	1.33080	-0.70532	1.84117	0.37198	0.99941	0.03183	0.01305	-0.03213	0.99922	0.02282	-0.01231	-0.02322	0.99965	
3	0.02000	-0.15675	2.04253	0.86525	-0.23477	0.17325	-0.33452	0.50181	0.99998	-0.00585	-0.00300	0.00584	0.99997	-0.00412	0.00302	0.00410	0.99999		-10.01857	54.17301	873.99211	-179.91365	2.55451	-2.53173	0.61488	0.99803	0.04411	0.04459	0.04413	-0.99903	0.00046	0.04457	0.00151	-0.99901		599.93317	7.55636	40.96907	1.30781	-0.71606	1.86825	0.37669	0.99939	0.03231	0.01323	-0.03260	0.99922	0.02240	-0.01250	-0.02282	0.99966	
4	0.03000	-0.11942	2.08540	0.29096	-0.09161	-0.03434	-0.34657	0.72251	0.99998	-0.00605	0.00061	0.00605	0.99998	-0.00160	-0.00060	0.00160	1.00000		-6.75220	56.50786	874.46642	-179.99582	2.41196	-2.76815	0.72048	0.99795	0.04829	0.04204	0.04825	-0.99883	0.00196	0.04208	0.00007	-0.99911		599.97513	7.88079	39.51610	1.32210	-0.18873	1.82583	0.37497	0.99949	0.03178	0.00403	-0.03186	0.99923	0.02296	-0.00329	-0.02307	0.99973	
5	0.04000	-0.12285	2.07873	0.27704	-0.09522	-0.04001	-0.34494	0.72433	0.99998	-0.00602	0.00071	0.00602	0.99998	-0.00166	-0.00070	0.00166	1.00000		-6.66462	56.47032	874.46559	-179.98988	2.39567	-2.77273	0.72146	0.99796	0.04837	0.04176	0.04833	-0.99883	0.00185	0.04180	0.00018	-0.99913		599.98591	7.87481	39.47804	1.32363	-0.17729	1.81299	0.37556	0.99949	0.03156	0.00382	-0.03164	0.99923	0.02299	-0.00309	-0.02310	0.99973	
6	0.05000	0.00455	2.57064	0.44956	0.52879	-0.81141	-0.53798	0.68849	0.99986	-0.00952	0.01407	0.00939	0.99991	0.00936	-0.01416	-0.00923	0.99986		4.38567	65.39865	873.84412	179.43365	1.57872	-2.81287	0.63826	0.99842	0.04934	0.02703	0.04906	-0.99873	0.01122	0.02755	-0.00988	-0.99957		600.25204	9.67787	31.75589	0.45237	0.62304	2.21535	0.37317	0.99919	0.03874	-0.01056	-0.03865	0.99922	0.00831	0.01087	-0.00789	0.99991	
7	0.06000	-0.25253	2.09256	0.28217	0.20193	-0.01658	-0.33322	0.57250	0.99998	-0.00582	0.00027	0.00582	0.99998	0.00353	-0.00029	-0.00352	0.99999		-7.03367	61.01127	873.98612	179.65175	2.37853	-2.78809	0.73611	0.99796	0.04889	0.04116	0.04860	-0.99879	0.00809	0.04150	-0.00607	-0.99912		599.95364	7.80418	39.89439	0.93595	-0.27007	1.99677	0.43930	0.99938	0.03476	0.00528	-0.03484	0.99926	0.01616	-0.00471	-0.01633	0.99986	
8	0.07000	-0.28517	2.06289	0.45751	0.09113	0.09022	-0.33355	0.52982	0.99998	-0.00582	-0.00158	0.00582	0.99998	0.00158	0.00157	-0.00159	1.00000		-8.62878	59.34492	873.91360	179.76456	2.49094	-2.78701	0.73826	0.99787	0.04880	0.04321	0.04858	-0.99880	0.00622	0.04346	-0.00411	-0.99905		599.82873	7.83758	40.73888	1.09234	-0.30428	1.91191	0.39387	0.99943	0.03326	0.00594	-0.03336	0.99927	0.01888	-0.00531	-0.01906	0.99980	
9	0.08000	-0.28885	2.05078	0.45056	0.09168	0.09562	-0.32603	0.52362	0.99998	-0.00569	-0.00168	0.00569	0.99998	0.00159	0.00167	-0.00160	1.00000		-8.70880	59.39536	873.88928	179.76892	2.48549	-2.79340	0.73671	0.99787	0.04891	0.04312	0.04869	-0.99880	0.00614	0.04337	-0.00403	-0.99905		599.87493	7.81156	40.75696	1.12694	-0.36495	1.83361	0.40911	0.99947	0.03187	0.00699	-0.03200	0.99930	0.01945	-0.00637	-0.01967	0.99979	
10	0.09000	-0.28573	2.04519	0.43351	0.09673	0.09710	-0.32504	0.51808	0.99998	-0.00567	-0.00170	0.00567	0.99998	0.00168	0.00169	-0.00169	1.00000		-8.72769	59.45809	873.91560	179.76106	2.49828	-2.79159	0.74383	0.99786	0.04888	0.04333	0.04866	-0.99880	0.00629	0.04359	-0.00417	-0.99904		599.86998	7.81884	40.76888	1.13148	-0.37392	1.82617	0.41164	0.99947	0.03173	0.00715	-0.03187	0.99930	0.01953	-0.00653	-0.01975	0.99978	
11	0.10000	-0.28782	2.03859	0.42158	0.10611	0.09795	-0.31814	0.51469	0.99998	-0.00555	-0.00172	0.00555	0.99998	0.00184	0.00171	-0.00185	1.00000		-8.73626	59.60307	873.91068	179.75366	2.49244	-2.77664	0.74918	0.99788	0.04863	0.04323	0.04840	-0.99881	0.00640	0.04349	-0.00430	-0.99904		599.87661	7.78353	40.77491	1.14923	-0.38229	1.79359	0.40990	0.99949	0.03116	0.00730	-0.03130	0.99931	0.01984	-0.00667	-0.02006	0.99978	
12	0.11000	-0.29196	2.04908	0.40761	0.10498	0.09532	-0.32270	0.51068	0.99998	-0.00563	-0.00167	0.00563	0.99998	0.00182	0.00166	-0.00183	1.00000		-8.69532	59.58306	873.92008	179.74966	2.48745	-2.78668	0.74580	0.99788	0.04881	0.04314	0.04857	-0.99880	0.00647	0.04340	-0.00437	-0.99905		599.87805	7.81759	40.75880	1.14451	-0.37081	1.80051	0.40934	0.99949	0.03128	0.00709	-0.03142	0.99931	0.01976	-0.00647	-0.01997	0.99978	
13	0.12000	-0.27208	2.09365	0.51528	0.22910	0.12319	-0.31188	0.46222	0.99998	-0.00543	-0.00217	0.00544	0.99998	0.00399	0.00215	-0.00400	0.99999		-9.13377	61.42871	873.67163	179.63675	2.51343	-2.77667	0.74396	0.99787	0.04872	0.04349	0.04840	-0.99879	0.00846	0.04385	-0.00633	-0.99902		599.84554	7.74143	40.92379	1.01099	-0.40516	1.79288	0.41009	0.99949	0.03116	0.00762	-0.03129	0.99936	0.01741	-0.00707	-0.01764	0.99982	
14	0.13000	-0.28677	2.05680	0.37284	0.10426	0.08537	-0.32367	0.50693	0.99998	-0.00565	-0.00150	0.00565	0.99998	0.00181	0.00149	-0.00182	1.00000		-8.54480	59.56107	873.94953	179.75465	2.47226	-2.79425	0.74608	0.99788	0.04893	0.04288	0.04870	-0.99879	0.00638	0.04314	-0.00428	-0.99906		599.88239	7.82224	40.67805	1.14943	-0.37002	1.80029	0.40976	0.99949	0.03128	0.00708	-0.03142	0.99931	0.01985	-0.00646	-0.02006	0.99978	
15	0.14000	-0.28900	2.04500	0.38125	0.10758	0.08947	-0.31807	0.50319	0.99998	-0.00555	-0.00157	0.00555	0.99998	0.00187	0.00156	-0.00188	1.00000		-8.59554	59.60697	873.93020	179.74889	2.47549	-2.78138	0.74192	0.99789	0.04871	0.04293	0.04848	-0.99880	0.00647	0.04319	-0.00438	-0.99906		599.87914	7.76717	40.70683	1.13289	-0.37549	1.80907	0.40987	0.99948	0.03143	0.00717	-0.03157	0.99931	0.01955	-0.00655	-0.01977	0.99978	
16	0.15000	-0.29002	2.06155	0.38396	0.10959	0.09167	-0.32361	0.49945	0.99998	-0.00564	-0.00161	0.00565	0.99998	0.00190	0.00160	-0.00191	1.00000		-8.62569	59.61646	873.93766	179.75822	2.49302	-2.78404	0.74129	0.99787	0.04875	0.04324	0.04853	-0.99880	0.00633	0.04350	-0.00422	-0.99904		599.87169	7.81568	40.73306	1.14388	-0.36859	1.79601	0.41541	0.99949	0.03121	0.00705	-0.03134	0.99931	0.01975	-0.00643	-0.01996	0.99978	
17	0.16000	-0.28549	2.05048	0.36103	0.11685	0.08517	-0.31744	0.50164	0.99998	-0.00554	-0.00150	0.00554	0.99998	0.00203	0.00149	-0.00204	1.00000		-8.53447	59.75944	873.94099	179.75323	2.46933	-2.79048	0.74063	0.99789	0.04887	0.04282	0.04864	-0.99880	0.00640	0.04308	-0.00430	-0.99906		599.88093	7.76041	40.67055	1.12389	-0.38026	1.79642	0.40998	0.99949	0.03121	0.00725	-0.03135	0.99932	0.01940	-0.00664	-0.01961	0.99979	
18	0.17000	-0.28834	2.05825	0.39360	0.10220	0.09907	-0.32464	0.50164	0.99998	-0.00566	-0.00174	0.00567	0.99998	0.00177	0.00173	-0.00178	1.00000		-8.75103	59.50415	873.93463	179.75880	2.49644	-2.78403	0.74558	0.99787	0.04875	0.04330	0.04853	-0.99880	0.00632	0.04356	-0.00421	-0.99904		599.86560	7.81572	40.79049	1.13479	-0.38223	1.80429	0.40953	0.99948	0.03135	0.00729	-0.03148	0.99931	0.01958	-0.00667	-0.01980	0.99978	
19	0.18000	-0.28872	2.02928	0.35929	0.10899	0.08626	-0.31234	0.49759	0.99998	-0.00545	-0.00152	0.00545	0.99998	0.00189	0.00151	-0.00190	1.00000		-8.54663	59.64150	873.94516	179.74959	2.47351	-2.77636	0.74694	0.99790	0.04863	0.04289	0.04839	-0.99881	0.00646	0.04316	-0.00437	-0.99906		599.88083	7.73938	40.67432	1.14741	-0.38608	1.76502	0.41304	0.99950	0.03066	0.00735	-0.03080	0.99933	0.01981	-0.00674	-0.02002	0.99978	
20	0.19000	-0.29399	2.04633	0.37929	0.10099	0.09453	-0.31973	0.50074	0.99998	-0.00558	-0.00166	0.00558	0.99998	0.00175	0.00165	-0.00176	1.00000		-8.67474	59.50472	873.94922	179.75862	2.48954	-2.78860	0.73938	0.99787	0.04883	0.04318	0.04861	-0.99880	0.00632	0.04344	-0.00421	-0.99905		600.07012	7.90284	40.65594	1.30408	-0.58651	1.76640	0.42400	0.99947	0.03058	0.01093	-0.03082	0.99927	0.02243	-0.01024	-0.02276	0.99969	
21	0.20000	-0.24502	2.05187	-0.00985	0.21408	-0.04161	-0.30757	0.46569	0.99999	-0.00537	0.00071	0.00537	0.99998	0.00374	-0.00073	-0.00374	0.99999		-6.65584	61.26034	874.21232	179.65875	2.34544	-2.78164	0.73870	0.99799	0.04877	0.04059	0.04849	-0.99879	0.00793	0.04092	-0.00595	-0.99914		599.92828	7.74126	39.69350	1.04692	-0.26702	1.76316	0.41334	0.99952	0.03068	0.00522	-0.03077	0.99936	0.01812	-0.00466	-0.01827	0.99982	
22	0.21000	-0.29178	2.05497	0.35934	0.11230	0.08881	-0.32200	0.49825	0.99998	-0.00562	-0.00156	0.00562	0.99998	0.00195	0.00155	-0.00196	1.00000		-8.59841	59.67583	873.95534	179.75177	2.48635	-2.79031	0.74745	0.99787	0.04887	0.04312	0.04864	-0.99880	0.00644	0.04338	-0.00433	-0.99905		599.87793	7.80303	40.69669	1.13257	-0.39007	1.79213	0.41715	0.99949	0.03113	0.00742	-0.03127	0.99932	0.01954	-0.00681	-0.01977	0.99978	
23	0.22000	-0.29337	2.04606	0.34050	0.09982	0.08177	-0.32171	0.49929	0.99998	-0.00561	-0.00144	0.00561	0.99998	0.00173	0.00143	-0.00174	1.00000		-8.48794	59.50393	873.98441	179.76544	2.48054	-2.79673	0.74220	0.99787	0.04897	0.04303	0.04875	-0.99879	0.00620	0.04328	-0.00409	-0.99905		599.88003	7.81099	40.64403	1.15936	-0.37985	1.78172	0.41272	0.99949	0.03095	0.00725	-0.03109	0.99932	0.02002	-0.00663	-0.02023	0.99977	
24	0.23000	-0.29368	2.03862	0.36057	0.10945	0.08902	-0.31468	0.49802	0.99998	-0.00549	-0.00156	0.00549	0.99998	0.00190	0.00155	-0.00191	1.00000		-8.58763	59.67236	873.95819	179.76399	2.48801	-2.79599	0.74132	0.99787	0.04896	0.04316	0.04873	-0.99879	0.00623	0.04341	-0.00412	-0.99905		599.87724	7.74594	40.70702	1.14441	-0.37566	1.77733	0.41608	0.99950	0.03088	0.00717	-0.03101	0.99932	0.01976	-0.00656	-0.01997	0.99978	
25	0.24000	-0.29433	2.03862	0.35779	0.09385	0.08588	-0.31653	0.50041	0.99998	-0.00552	-0.00151	0.00552	0.99998	0.00163	0.00150	-0.00164	1.00000		-8.54232	59.42389	873.97800	179.76814	2.48868	-2.78817	0.74216	0.99787	0.04882	0.04317	0.04860	-0.99880	0.00615	0.04342	-0.00404	-0.99905		599.88356	7.77766	40.66488	1.17775	-0.38674	1.74941	0.41499	0.99951	0.03038	0.00737	-0.03053	0.99933	0.02034	-0.00675	-0.02055	0.99977	
26	0.25000	-0.29540	2.04956	0.35640	0.10963	0.08746	-0.31953	0.49713	0.99998	-0.00557	-0.00154	0.00558	0.99998	0.00190	0.00153	-0.00191	1.00000		-8.56557	59.66047	873.96362	179.75804	2.48842	-2.79188	0.73902	0.99787	0.04889	0.04316	0.04866	-0.99880	0.00633	0.04342	-0.00422	-0.99905		599.87704	7.77487	40.68497	1.12930	-0.38059	1.79141	0.41487	0.99949	0.03112	0.00725	-0.03126	0.99932	0.01949	-0.00664	-0.01971	0.99978	
27	0.26000	-0.27718	2.09659	0.48304	0.22777	0.11995	-0.31138	0.45994	0.99998	-0.00543	-0.00211	0.00543	0.99998	0.00396	0.00209	-0.00398	0.99999		-9.07709	61.41181	873.69766	179.63461	2.51787	-2.78392	0.74185	0.99786	0.04885	0.04357	0.04852	-0.99879	0.00850	0.04393	-0.00637	-0.99901		599.83591	7.73705	40.88824	1.02168	-0.41193	1.76755	0.40987	0.99950	0.03071	0.00773	-0.03084	0.99937	0.01760	-0.00719	-0.01783	0.99982	
28	0.27000	-0.29028	2.04868	0.36327	0.10688	0.08945	-0.31959	0.49892	0.99998	-0.00557	-0.00157	0.00558	0.99998	0.00186	0.00156	-0.00187	1.00000		-8.59504	59.61049	873.94548	179.75438	2.48121	-2.78718	0.74236	0.99788	0.04881	0.04303	0.04858	-0.99880	0.00639	0.04329	-0.00428	-0.99905		599.87632	7.78639	40.68723	1.14068	-0.39347	1.77376	0.41502	0.99950	0.03081	0.00748	-0.03095	0.99933	0.01969	-0.00687	-0.01991	0.99978	
29	0.28000	-0.29231	2.03171	0.34722	0.10607	0.08401	-0.31277	0.50019	0.99998	-0.00546	-0.00148	0.00546	0.99998	0.00184	0.00147	-0.00185	1.00000		-8.49886	59.60742	873.96815	179.75711	2.48486	-2.78264	0.74359	0.99788	0.04873	0.04310	0.04850	-0.99880	0.00634	0.04336	-0.00424	-0.99905		599.88290	7.74947	40.64431	1.16734	-0.38932	1.75472	0.41321	0.99951	0.03048	0.00741	-0.03062	0.99933	0.02016	-0.00679	-0.02037	0.99977	
30	0.29000	-0.29760	2.03776	0.35487	0.10824	0.09027	-0.31510	0.49674	0.99998	-0.00550	-0.00159	0.00550	0.99998	0.00188	0.00158	-0.00189	1.00000		-8.59603	59.63721	873.94654	179.75728	2.48151	-2.78375	0.74128	0.99788	0.04875	0.04304	0.04852	-0.99880	0.00633	0.04330	-0.00423	-0.99905		599.88408	7.74798	40.70363	1.14395	-0.40041	1.77673	0.41250	0.99949	0.03086	0.00760	-0.03100	0.99932	0.01974	-0.00699	-0.01996	0.99978	
31	0.30000	-0.29127	2.04089	0.33729	0.11370	0.08422	-0.31701	0.49863	0.99998	-0.00553	-0.00148	0.00553	0.99998	0.00198	0.00147	-0.00198	1.00000		-8.52791	59.74890	873.93333	179.75533	2.45914	-2.79672	0.73633	0.99789	0.04898	0.04265	0.04875	-0.99879	0.00636	0.04291	-0.00427	-0.99907		599.87359	7.76744	40.65727	1.13407	-0.38320	1.77905	0.41366	0.99950	0.03091	0.00730	-0.03104	0.99933	0.01957	-0.00669	-0.01979	0.99978	
32	0.31000	-0.29978	2.05240	0.35546	0.11164	0.09116	-0.32114	0.49417	0.99998	-0.00560	-0.00160	0.00560	0.99998	0.00194	0.00159	-0.00195	1.00000		-8.67081	59.79447	873.88518	179.77681	2.42604	-2.88009	0.74374	0.99784	0.05041	0.04208	0.05020	-0.99872	0.00602	0.04233	-0.00389	-0.99910		599.88012	7.81240	40.71058	1.14990	-0.39162	1.76744	0.41712	0.99950	0.03070	0.00745	-0.03084	0.99933	0.01985	-0.00683	-0.02007	0.99978	
33	0.32000	-0.25628	2.05170	0.00707	0.21821	-0.03304	-0.30768	0.46604	0.99999	-0.00537	0.00056	0.00537	0.99998	0.00381	-0.00058	-0.00381	0.99999		-6.76418	61.31045	874.20341	179.64856	2.36607	-2.78108	0.74553	0.99797	0.04877	0.04094	0.04848	-0.99879	0.00813	0.04128	-0.00613	-0.99913		599.92643	7.74822	39.73916	1.04910	-0.27513	1.74645	0.41052	0.99952	0.03038	0.00536	-0.03048	0.99937	0.01815	-0.00480	-0.01831	0.99982	
34	0.33000	-0.28852	2.03849	0.30901	0.11510	0.07439	-0.31410	0.49870	0.99998	-0.00548	-0.00131	0.00548	0.99998	0.00200	0.00130	-0.00201	1.00000		-8.37448	59.74817	873.99202	179.75620	2.46895	-2.79235	0.74034	0.99789	0.04890	0.04282	0.04867	-0.99879	0.00635	0.04308	-0.00425	-0.99906		599.87441	7.75119	40.57831	1.15209	-0.36572	1.75946	0.41011	0.99951	0.03057	0.00700	-0.03070	0.99933	0.01990	-0.00638	-0.02011	0.99978	
35	0.34000	-0.29525	2.05048	0.32476	0.10910	0.08018	-0.32218	0.49771	0.99998	-0.00562	-0.00141	0.00562	0.99998	0.00190	0.00140	-0.00190	1.00000		-8.46378	59.63791	873.98087	179.75734	2.48002	-2.79878	0.74372	0.99787	0.04901	0.04301	0.04878	-0.99879	0.00634	0.04327	-0.00423	-0.99905		599.88217	7.80751	40.61697	1.13696	-0.38191	1.77725	0.41627	0.99950	0.03088	0.00728	-0.03101	0.99933	0.01963	-0.00667	-0.01984	0.99978	
36	0.35000	-0.30015	2.04811	0.35302	0.10336	0.08943	-0.31877	0.49636	0.99998	-0.00556	-0.00157	0.00556	0.99998	0.00179	0.00156	-0.00180	1.00000		-8.59962	59.54427	873.96492	179.77010	2.49357	-2.79051	0.74372	0.99787	0.04886	0.04326	0.04864	-0.99880	0.00613	0.04351	-0.00401	-0.99905		599.88340	7.80423	40.68824	1.17414	-0.39485	1.73534	0.41612	0.99952	0.03014	0.00751	-0.03028	0.99934	0.02027	-0.00689	-0.02049	0.99977	
37	0.36000	-0.29512	2.03898	0.33133	0.12069	0.08218	-0.31291	0.49656	0.99998	-0.00546	-0.00145	0.00546	0.99998	0.00210	0.00143	-0.00211	1.00000		-8.48582	59.82600	873.96608	179.74872	2.48145	-2.78962	0.73822	0.99788	0.04886	0.04303	0.04862	-0.99880	0.00649	0.04330	-0.00438	-0.99905		599.87634	7.73382	40.63266	1.13225	-0.37979	1.76814	0.41294	0.99950	0.03072	0.00723	-0.03085	0.99933	0.01955	-0.00663	-0.01976	0.99978	
38	0.37000	-0.29529	2.04743	0.34101	0.10781	0.08686	-0.32008	0.49736	0.99998	-0.00558	-0.00153	0.00559	0.99998	0.00187	0.00152	-0.00188	1.00000		-8.57809	59.63935	873.94535	179.76477	2.47259	-2.80326	0.73641	0.99787	0.04908	0.04289	0.04886	-0.99879	0.00621	0.04314	-0.00410	-0.99906		599.87827	7.80637	40.66706	1.15612	-0.38846	1.75904	0.41502	0.99951	0.03055	0.00739	-0.03070	0.99933	0.01996	-0.00678	-0.02018	0.99977	
39	0.38000	-0.29547	2.04737	0.32981	0.10566	0.08432	-0.31819	0.49721	0.99998	-0.00555	-0.00148	0.00555	0.99998	0.00184	0.00147	-0.00184	1.00000		-8.51928	59.57942	873.98757	179.75595	2.48696	-2.79219	0.73847	0.99787	0.04890	0.04313	0.04867	-0.99879	0.00637	0.04339	-0.00426	-0.99905		599.87867	7.78349	40.66315	1.16754	-0.38054	1.75763	0.41686	0.99951	0.03053	0.00726	-0.03067	0.99933	0.02016	-0.00664	-0.02038	0.99977	
40	0.39000	-0.28312	2.07411	0.47129	0.21424	0.12195	-0.30366	0.45874	0.99998	-0.00529	-0.00215	0.00530	0.99998	0.00373	0.00213	-0.00374	0.99999		-9.09511	61.21624	873.71850	179.65482	2.51896	-2.77676	0.74327	0.99786	0.04871	0.04361	0.04840	-0.99879	0.00815	0.04395	-0.00602	-0.99902		599.84816	7.68675	40.89841	1.05995	-0.42955	1.73994	0.41223	0.99951	0.03022	0.00805	-0.03036	0.99937	0.01826	-0.00750	-0.01850	0.99980	
41	0.40000	-0.29587	2.03542	0.32591	0.10205	0.08266	-0.31327	0.49557	0.99998	-0.00546	-0.00145	0.00547	0.99998	0.00177	0.00144	-0.00178	1.00000		-8.48326	59.55044	873.98722	179.75748	2.47930	-2.78987	0.74042	0.99788	0.04886	0.04300	0.04863	-0.99880	0.00633	0.04326	-0.00423	-0.99905		599.89189	7.73261	40.63966	1.14471	-0.38943	1.75817	0.41543	0.99951	0.03054	0.00741	-0.03068	0.99933	0.01976	-0.00680	-0.01998	0.99978	
42	0.41000	-0.27993	2.09399	0.44724	0.22551	0.11118	-0.31097	0.45796	0.99998	-0.00542	-0.00196	0.00543	0.99998	0.00392	0.00194	-0.00394	0.99999		-8.94005	61.37566	873.71756	179.64250	2.50085	-2.78290	0.74644	0.99787	0.04882	0.04328	0.04851	-0.99879	0.00835	0.04363	-0.00623	-0.99903		599.85088	7.74296	40.82040	1.03884	-0.40732	1.76133	0.41636	0.99950	0.03060	0.00766	-0.03074	0.99937	0.01790	-0.00711	-0.01813	0.99981	
43	0.42000	-0.27674	2.10161	0.44674	0.23724	0.11065	-0.31225	0.45962	0.99998	-0.00544	-0.00195	0.00545	0.99998	0.00413	0.00193	-0.00414	0.99999		-8.93770	61.53732	873.71767	179.61819	2.50681	-2.78544	0.74077	0.99786	0.04889	0.04336	0.04855	-0.99878	0.00878	0.04374	-0.00666	-0.99902		599.85404	7.77120	40.80055	1.02642	-0.42353	1.74632	0.41530	0.99951	0.03034	0.00793	-0.03047	0.99938	0.01768	-0.00739	-0.01791	0.99981	
44	0.43000	-0.24833	2.06589	-0.03722	0.23086	-0.04663	-0.30914	0.46140	0.99998	-0.00540	0.00079	0.00540	0.99998	0.00403	-0.00081	-0.00403	0.99999		-6.56708	61.50133	874.21593	179.63258	2.34146	-2.78574	0.74520	0.99798	0.04886	0.04049	0.04856	-0.99878	0.00839	0.04085	-0.00641	-0.99914		600.13603	7.87415	39.55605	1.16693	-0.46922	1.73153	0.43182	0.99951	0.03004	0.00880	-0.03022	0.99934	0.02011	-0.00819	-0.02036	0.99976	
45	0.44000	-0.30162	2.04958	0.31428	0.12139	0.07862	-0.31683	0.49127	0.99998	-0.00553	-0.00138	0.00553	0.99998	0.00211	0.00137	-0.00212	1.00000		-8.42221	59.83148	873.97409	179.74217	2.47130	-2.78898	0.74449	0.99789	0.04885	0.04285	0.04861	-0.99880	0.00659	0.04312	-0.00450	-0.99906		599.91046	7.79502	40.61466	1.15176	-0.39251	1.75392	0.42026	0.99951	0.03046	0.00746	-0.03061	0.99933	0.01988	-0.00685	-0.02010	0.99977	
46	0.45000	-0.30033	2.07718	0.34670	0.11311	0.08903	-0.32923	0.49263	0.99998	-0.00574	-0.00156	0.00575	0.99998	0.00196	0.00155	-0.00197	1.00000		-8.59559	59.67695	873.93920	179.75378	2.47721	-2.80271	0.73997	0.99787	0.04908	0.04296	0.04885	-0.99879	0.00641	0.04322	-0.00429	-0.99906		599.89956	7.88286	40.67963	1.14639	-0.40848	1.76464	0.41654	0.99950	0.03065	0.00774	-0.03079	0.99933	0.01978	-0.00713	-0.02001	0.99977	
47	0.46000	-0.25244	2.04117	-0.01896	0.22507	-0.03949	-0.30236	0.46073	0.99999	-0.00528	0.00067	0.00528	0.99998	0.00393	-0.00069	-0.00393	0.99999		-6.66544	61.43934	874.21170	179.63631	2.35949	-2.78220	0.74239	0.99797	0.04880	0.04081	0.04850	-0.99879	0.00834	0.04117	-0.00634	-0.99913		599.94374	7.72062	39.70023	1.04434	-0.27713	1.74026	0.41780	0.99953	0.03028	0.00539	-0.03037	0.99938	0.01807	-0.00484	-0.01823	0.99982	
48	0.47000	-0.25074	2.07071	-0.03611	0.23550	-0.04518	-0.31064	0.45779	0.99998	-0.00542	0.00077	0.00542	0.99998	0.00411	-0.00079	-0.00411	0.99999		-6.59589	61.55639	874.22146	179.62903	2.35045	-2.78050	0.74041	0.99798	0.04877	0.04065	0.04847	-0.99879	0.00846	0.04101	-0.00647	-0.99914		599.93732	7.78028	39.65741	1.02907	-0.26701	1.75702	0.41386	0.99952	0.03057	0.00521	-0.03066	0.99937	0.01781	-0.00466	-0.01796	0.99983	
49	0.48000	-0.25223	2.07615	-0.04161	0.23113	-0.04597	-0.31451	0.45797	0.99998	-0.00549	0.00078	0.00549	0.99998	0.00404	-0.00080	-0.00403	0.99999		-6.58249	61.48322	874.24308	179.63747	2.36010	-2.78231	0.74369	0.99797	0.04880	0.04082	0.04850	-0.99879	0.00832	0.04118	-0.00632	-0.99913		599.93870	7.81377	39.65356	1.03876	-0.25996	1.75250	0.41905	0.99952	0.03049	0.00509	-0.03058	0.99937	0.01798	-0.00454	-0.01813	0.99983	
50	0.49000	-0.29452	2.05617	0.32277	0.10847	0.08056	-0.32235	0.49399	0.99998	-0.00562	-0.00142	0.00563	0.99998	0.00188	0.00141	-0.00189	1.00000		-8.47215	59.62745	873.97761	179.75288	2.47565	-2.80455	0.74074	0.99787	0.04911	0.04293	0.04888	-0.99878	0.00642	0.04319	-0.00431	-0.99906		599.89979	7.80024	40.62153	1.13685	-0.39613	1.79349	0.41397	0.99949	0.03115	0.00753	-0.03130	0.99932	0.01961	-0.00691	-0.01984	0.99978	
51	0.50000	-0.30301	2.06057	0.33860	0.11808	0.08851	-0.32323	0.49235	0.99998	-0.00564	-0.00156	0.00564	0.99998	0.00205	0.00154	-0.00206	1.00000		-8.57901	59.77392	873.96011	179.75633	2.49287	-2.80797	0.73738	0.99785	0.04917	0.04323	0.04894	-0.99878	0.00638	0.04350	-0.00425	-0.99904		599.84739	7.81061	40.71235	1.12236	-0.34048	1.82005	0.39932	0.99948	0.03164	0.00656	-0.03176	0.99931	0.01939	-0.00594	-0.01959	0.99979	
52	0.51000	-0.29563	2.06095	0.31217	0.11541	0.07896	-0.32282	0.49382	0.99998	-0.00563	-0.00139	0.00563	0.99998	0.00201	0.00138	-0.00201	1.00000		-8.44387	59.73505	873.98310	179.75536	2.47728	-2.80778	0.74333	0.99787	0.04917	0.04296	0.04894	-0.99878	0.00638	0.04322	-0.00427	-0.99906		599.89807	7.82466	40.61494	1.13917	-0.39060	1.77902	0.41510	0.99949	0.03090	0.00743	-0.03104	0.99932	0.01966	-0.00682	-0.01988	0.99978	
53	0.52000	-0.24873	2.04688	-0.03743	0.22792	-0.04479	-0.30457	0.45644	0.99999	-0.00532	0.00076	0.00532	0.99998	0.00398	-0.00078	-0.00398	0.99999		-6.59185	61.46743	874.21933	179.63974	2.34882	-2.77862	0.74411	0.99799	0.04873	0.04063	0.04844	-0.99879	0.00827	0.04098	-0.00628	-0.99914		600.14420	7.88501	39.56378	1.21579	-0.47499	1.69801	0.43284	0.99953	0.02945	0.00891	-0.02963	0.99934	0.02096	-0.00829	-0.02122	0.99974	
54	0.53000	-0.23087	2.10379	0.07219	0.33197	-0.01971	-0.30077	0.42488	0.99999	-0.00525	0.00031	0.00525	0.99997	0.00580	-0.00034	-0.00579	0.99998		-6.99367	62.98349	873.99969	179.52650	2.37593	-2.77465	0.74245	0.99797	0.04875	0.04101	0.04837	-0.99878	0.01026	0.04146	-0.00826	-0.99911		599.91312	7.72005	39.79301	0.94312	-0.30825	1.74290	0.41304	0.99952	0.03032	0.00588	-0.03041	0.99940	0.01629	-0.00538	-0.01646	0.99985	
55	0.54000	-0.29749	2.05679	0.31497	0.11732	0.07980	-0.32094	0.49033	0.99998	-0.00560	-0.00140	0.00560	0.99998	0.00204	0.00139	-0.00205	1.00000		-8.44087	59.75425	873.97775	179.74713	2.47877	-2.79987	0.74319	0.99787	0.04904	0.04298	0.04880	-0.99879	0.00652	0.04325	-0.00441	-0.99905		599.89204	7.81408	40.60823	1.15297	-0.39131	1.77303	0.41827	0.99950	0.03080	0.00745	-0.03094	0.99932	0.01990	-0.00683	-0.02012	0.99977	
56	0.55000	-0.28963	2.03633	0.30802	0.10499	0.07639	-0.31512	0.48794	0.99998	-0.00550	-0.00134	0.00550	0.99998	0.00182	0.00133	-0.00183	1.00000		-8.38657	59.59610	873.99915	179.76340	2.47837	-2.79842	0.73973	0.99787	0.04900	0.04299	0.04878	-0.99879	0.00624	0.04324	-0.00413	-0.99906		599.89099	7.77531	40.58855	1.17645	-0.38603	1.75512	0.41655	0.99951	0.03048	0.00736	-0.03063	0.99932	0.02032	-0.00674	-0.02053	0.99977	
57	0.56000	-0.28958	2.05054	0.28780	0.11563	0.06913	-0.31931	0.49236	0.99998	-0.00557	-0.00122	0.00557	0.99998	0.00201	0.00121	-0.00202	1.00000		-8.28920	59.73982	874.00652	179.75220	2.46470	-2.79394	0.74055	0.99789	0.04893	0.04274	0.04870	-0.99879	0.00642	0.04300	-0.00432	-0.99907		599.90003	7.80031	40.52474	1.14411	-0.38382	1.76926	0.41781	0.99950	0.03073	0.00731	-0.03087	0.99933	0.01975	-0.00670	-0.01997	0.99978	
58	0.57000	-0.27657	2.07993	0.43638	0.20264	0.10951	-0.30640	0.46241	0.99998	-0.00534	-0.00193	0.00535	0.99998	0.00353	0.00191	-0.00354	0.99999		-8.91124	61.03109	873.75276	179.65862	2.49967	-2.78354	0.74187	0.99787	0.04882	0.04327	0.04852	-0.99879	0.00807	0.04361	-0.00595	-0.99903		599.85640	7.70037	40.79471	1.06954	-0.41694	1.75919	0.41590	0.99950	0.03056	0.00785	-0.03070	0.99936	0.01843	-0.00728	-0.01867	0.99980	
59	0.58000	-0.23119	2.10470	0.06551	0.35076	-0.02113	-0.29985	0.42911	0.99999	-0.00524	0.00034	0.00523	0.99997	0.00612	-0.00037	-0.00612	0.99998		-6.97095	63.28171	873.98925	179.51387	2.37811	-2.77670	0.73914	0.99797	0.04879	0.04103	0.04840	-0.99877	0.01048	0.04149	-0.00848	-0.99910		599.90270	7.72221	39.78104	0.93168	-0.29860	1.73948	0.41561	0.99953	0.03027	0.00570	-0.03035	0.99941	0.01609	-0.00521	-0.01626	0.99985	
60	0.59000	-0.29438	2.05256	0.29262	0.11813	0.07361	-0.32045	0.49302	0.99998	-0.00559	-0.00130	0.00559	0.99998	0.00205	0.00128	-0.00206	1.00000		-8.35285	59.77632	874.00153	179.75026	2.47622	-2.79965	0.74079	0.99787	0.04903	0.04294	0.04880	-0.99879	0.00646	0.04320	-0.00435	-0.99906		599.90123	7.80487	40.57278	1.13955	-0.38738	1.78164	0.41627	0.99949	0.03095	0.00737	-0.03109	0.99932	0.01967	-0.00676	-0.01989	0.99978	
61	0.60000	-0.25266	2.05907	-0.04315	0.23895	-0.04685	-0.30704	0.46001	0.99999	-0.00536	0.00080	0.00536	0.99998	0.00417	-0.00082	-0.00417	0.99999		-6.56084	61.61893	874.22360	179.62450	2.35278	-2.77873	0.74524	0.99798	0.04875	0.04069	0.04844	-0.99879	0.00854	0.04105	-0.00655	-0.99914		600.14519	7.87713	39.54197	1.17616	-0.47343	1.73070	0.42663	0.99951	0.03003	0.00888	-0.03020	0.99934	0.02027	-0.00826	-0.02053	0.99976	
62	0.61000	-0.23502	2.11710	0.05017	0.35355	-0.02661	-0.30394	0.42714	0.99999	-0.00531	0.00043	0.00530	0.99997	0.00617	-0.00046	-0.00617	0.99998		-6.89323	63.32058	874.00542	179.51013	2.37839	-2.78242	0.74116	0.99796	0.04890	0.04103	0.04850	-0.99877	0.01055	0.04150	-0.00854	-0.99910		599.93128	7.35765	39.74330	0.58250	-0.30854	2.23721	0.30781	0.99922	0.03898	0.00578	-0.03904	0.99919	0.00995	-0.00538	-0.01017	0.99993	
63	0.62000	-0.28990	2.05809	0.27852	0.12659	0.06656	-0.32076	0.49052	0.99998	-0.00560	-0.00117	0.00560	0.99998	0.00220	0.00116	-0.00221	1.00000		-8.25482	59.90756	874.01440	179.75140	2.47701	-2.79905	0.74238	0.99787	0.04902	0.04295	0.04879	-0.99879	0.00644	0.04322	-0.00433	-0.99906		599.90696	7.82500	40.50239	1.14330	-0.38947	1.76818	0.41338	0.99950	0.03071	0.00741	-0.03085	0.99933	0.01973	-0.00680	-0.01995	0.99978	
64	0.63000	-0.24844	2.04890	-0.05496	0.22796	-0.04968	-0.30270	0.45537	0.99999	-0.00529	0.00085	0.00528	0.99998	0.00398	-0.00087	-0.00398	0.99999		-6.51983	61.47696	874.25291	179.64195	2.35530	-2.78647	0.74123	0.99797	0.04887	0.04074	0.04857	-0.99879	0.00824	0.04110	-0.00624	-0.99914		599.94775	7.70402	39.60760	1.01661	-0.27096	1.76052	0.41591	0.99952	0.03063	0.00527	-0.03072	0.99937	0.01759	-0.00473	-0.01774	0.99983	
65	0.64000	-0.24521	2.05502	-0.06607	0.23723	-0.05563	-0.30496	0.45726	0.99999	-0.00533	0.00095	0.00532	0.99998	0.00414	-0.00097	-0.00414	0.99999		-6.43803	61.59601	874.24948	179.61853	2.34548	-2.78001	0.73660	0.99799	0.04877	0.04055	0.04846	-0.99879	0.00863	0.04092	-0.00665	-0.99914		600.14769	7.86329	39.46705	1.18606	-0.47209	1.72668	0.43008	0.99951	0.02995	0.00886	-0.03013	0.99934	0.02044	-0.00824	-0.02070	0.99975	
66	0.65000	-0.29668	2.05074	0.31376	0.12270	0.08125	-0.31852	0.48810	0.99998	-0.00556	-0.00143	0.00556	0.99998	0.00213	0.00142	-0.00214	1.00000		-8.47765	59.85612	873.96865	179.74702	2.47871	-2.79645	0.74065	0.99787	0.04898	0.04298	0.04874	-0.99879	0.00652	0.04325	-0.00441	-0.99905		599.89591	7.79922	40.62736	1.14422	-0.39166	1.76953	0.41319	0.99950	0.03074	0.00745	-0.03088	0.99933	0.01975	-0.00684	-0.01997	0.99978	
67	0.66000	-0.28131	2.09913	0.40533	0.22533	0.10063	-0.31153	0.45976	0.99998	-0.00543	-0.00178	0.00544	0.99998	0.00392	0.00176	-0.00393	0.99999		-8.85831	61.50226	873.68428	179.66223	2.42200	-2.87660	0.73606	0.99785	0.05043	0.04191	0.05014	-0.99871	0.00801	0.04226	-0.00589	-0.99909		599.87365	7.74295	40.72753	1.03169	-0.41974	1.76008	0.41515	0.99950	0.03058	0.00787	-0.03071	0.99937	0.01777	-0.00733	-0.01800	0.99981	
68	0.67000	-0.30198	2.04789	0.31927	0.11051	0.08359	-0.31848	0.49138	0.99998	-0.00556	-0.00147	0.00556	0.99998	0.00192	0.00146	-0.00193	1.00000		-8.50122	59.66149	873.96732	179.75748	2.47601	-2.79083	0.74140	0.99788	0.04887	0.04294	0.04864	-0.99880	0.00633	0.04320	-0.00423	-0.99906		599.90089	7.81027	40.65118	1.17572	-0.39416	1.75293	0.41777	0.99951	0.03044	0.00750	-0.03059	0.99933	0.02030	-0.00688	-0.02052	0.99977	
69	0.68000	-0.23863	2.09634	0.05897	0.33886	-0.02064	-0.29676	0.42486	0.99999	-0.00518	0.00033	0.00518	0.99997	0.00592	-0.00036	-0.00591	0.99998		-6.96261	63.11918	874.00464	179.53256	2.37716	-2.77668	0.73734	0.99797	0.04878	0.04103	0.04840	-0.99878	0.01016	0.04148	-0.00815	-0.99911		599.90751	7.69297	39.80693	0.94211	-0.28768	1.72690	0.41285	0.99953	0.03005	0.00551	-0.03014	0.99941	0.01628	-0.00502	-0.01644	0.99985	
70	0.69000	-0.25384	2.07561	-0.06585	0.23434	-0.05301	-0.31302	0.45594	0.99998	-0.00547	0.00090	0.00546	0.99998	0.00409	-0.00093	-0.00409	0.99999		-6.45870	61.53032	874.26511	179.63318	2.35834	-2.78210	0.74244	0.99798	0.04880	0.04079	0.04850	-0.99879	0.00839	0.04115	-0.00640	-0.99913		599.94652	7.79414	39.59270	1.02067	-0.26146	1.75936	0.41837	0.99952	0.03062	0.00511	-0.03070	0.99937	0.01766	-0.00456	-0.01781	0.99983	
71	0.70000	-0.25473	2.06089	-0.07569	0.23805	-0.05588	-0.30787	0.45281	0.99998	-0.00538	0.00095	0.00537	0.99998	0.00416	-0.00098	-0.00415	0.99999		-6.41551	61.60682	874.26244	179.63954	2.34651	-2.78147	0.73846	0.99798	0.04878	0.04059	0.04849	-0.99879	0.00827	0.04094	-0.00629	-0.99914		600.14567	7.90100	39.49759	1.19879	-0.45561	1.70927	0.43203	0.99952	0.02966	0.00857	-0.02983	0.99934	0.02067	-0.00795	-0.02092	0.99975	
72	0.71000	-0.23375	2.10090	0.05553	0.33319	-0.02120	-0.30019	0.42676	0.99999	-0.00524	0.00034	0.00524	0.99997	0.00582	-0.00037	-0.00582	0.99998		-6.96052	63.01685	874.01801	179.52753	2.37629	-2.77575	0.74246	0.99797	0.04877	0.04101	0.04839	-0.99878	0.01024	0.04146	-0.00824	-0.99911		599.90103	7.70945	39.81174	0.93762	-0.27925	1.74574	0.41690	0.99952	0.03038	0.00537	-0.03046	0.99940	0.01621	-0.00487	-0.01636	0.99985	
73	0.72000	-0.23352	2.09857	0.03901	0.34525	-0.02699	-0.29845	0.42668	0.99999	-0.00521	0.00044	0.00521	0.99997	0.00603	-0.00047	-0.00603	0.99998		-6.87531	63.20946	874.01449	179.52290	2.37169	-2.78358	0.74494	0.99796	0.04891	0.04093	0.04852	-0.99877	0.01033	0.04138	-0.00832	-0.99911		599.91083	7.70672	39.76347	0.93154	-0.28088	1.73470	0.41683	0.99953	0.03019	0.00539	-0.03027	0.99941	0.01610	-0.00490	-0.01626	0.99986	
74	0.73000	-0.30070	2.05858	0.30232	0.11653	0.07870	-0.32074	0.49065	0.99998	-0.00559	-0.00138	0.00560	0.99998	0.00203	0.00137	-0.00203	1.00000		-8.43760	59.76782	873.97435	179.76257	2.46910	-2.80447	0.73629	0.99788	0.04911	0.04283	0.04888	-0.99878	0.00625	0.04308	-0.00414	-0.99906		599.90040	7.82090	40.60946	1.16668	-0.39940	1.75174	0.41859	0.99951	0.03042	0.00759	-0.03057	0.99933	0.02014	-0.00697	-0.02036	0.99977	
75	0.74000	-0.29576	2.05381	0.28537	0.12054	0.07171	-0.31909	0.48954	0.99998	-0.00557	-0.00126	0.00557	0.99998	0.00210	0.00125	-0.00210	1.00000		-8.33449	59.80807	874.00350	179.76030	2.46597	-2.79573	0.74169	0.99788	0.04895	0.04277	0.04873	-0.99879	0.00628	0.04303	-0.00418	-0.99907		599.89396	7.80929	40.55858	1.14418	-0.38117	1.74983	0.41663	0.99951	0.03040	0.00726	-0.03053	0.99934	0.01976	-0.00665	-0.01997	0.99978	
76	0.75000	-0.23453	2.08998	0.06273	0.32494	-0.01731	-0.29585	0.42544	0.99999	-0.00516	0.00027	0.00516	0.99997	0.00567	-0.00030	-0.00567	0.99998		-7.03799	62.92285	873.99175	179.55362	2.36586	-2.77331	0.73398	0.99798	0.04870	0.04085	0.04834	-0.99878	0.00978	0.04128	-0.00778	-0.99912		600.09532	7.79715	39.74125	1.10626	-0.49440	1.69516	0.43021	0.99953	0.02941	0.00919	-0.02958	0.99938	0.01904	-0.00863	-0.01931	0.99978	
77	0.76000	-0.25386	2.05978	-0.04830	0.22766	-0.04518	-0.30754	0.45139	0.99999	-0.00537	0.00077	0.00537	0.99998	0.00398	-0.00079	-0.00397	0.99999		-6.58507	61.44291	874.23568	179.63049	2.35252	-2.78346	0.74176	0.99798	0.04882	0.04069	0.04852	-0.99879	0.00843	0.04105	-0.00644	-0.99914		599.93904	7.76134	39.65342	1.05326	-0.27417	1.74748	0.41172	0.99952	0.03040	0.00534	-0.03049	0.99937	0.01823	-0.00479	-0.01838	0.99982	
78	0.77000	-0.25135	2.05761	-0.07221	0.24000	-0.05297	-0.30763	0.45535	0.99998	-0.00537	0.00090	0.00537	0.99998	0.00419	-0.00092	-0.00419	0.99999		-6.47983	61.65825	874.23388	179.63477	2.33726	-2.78404	0.73499	0.99799	0.04883	0.04042	0.04853	-0.99879	0.00835	0.04078	-0.00637	-0.99915		599.94160	7.75967	39.58710	1.02186	-0.26746	1.75464	0.41672	0.99952	0.03053	0.00521	-0.03062	0.99937	0.01768	-0.00467	-0.01783	0.99983	
79	0.78000	-0.23364	2.10587	0.06818	0.32797	-0.01649	-0.30047	0.42636	0.99999	-0.00525	0.00026	0.00524	0.99997	0.00572	-0.00029	-0.00572	0.99998		-7.04398	62.94070	874.01040	179.53487	2.38361	-2.78238	0.74002	0.99796	0.04888	0.04115	0.04850	-0.99877	0.01013	0.04159	-0.00811	-0.99910		599.90018	7.71792	39.82447	0.94385	-0.30151	1.71769	0.41574	0.99954	0.02988	0.00575	-0.02997	0.99942	0.01631	-0.00526	-0.01647	0.99985	
80	0.79000	-0.22533	2.09494	0.03669	0.34355	-0.02581	-0.29383	0.41976	0.99999	-0.00513	0.00042	0.00513	0.99997	0.00600	-0.00045	-0.00600	0.99998		-6.90610	63.17781	874.02357	179.51717	2.37373	-2.76495	0.73951	0.99798	0.04859	0.04096	0.04820	-0.99878	0.01042	0.04142	-0.00842	-0.99911		599.89313	7.64773	39.76532	0.91400	-0.28145	1.73362	0.41378	0.99953	0.03017	0.00539	-0.03025	0.99942	0.01580	-0.00491	-0.01595	0.99986	
81	0.80000	-0.23313	2.11171	0.03330	0.35832	-0.02713	-0.30142	0.42283	0.99999	-0.00526	0.00044	0.00526	0.99997	0.00626	-0.00047	-0.00625	0.99998		-6.88609	63.39404	874.00643	179.50380	2.37176	-2.77954	0.74344	0.99797	0.04885	0.04091	0.04845	-0.99877	0.01066	0.04138	-0.00865	-0.99911		599.90508	7.73511	39.75250	0.91363	-0.28632	1.72722	0.41486	0.99953	0.03006	0.00547	-0.03014	0.99942	0.01579	-0.00500	-0.01594	0.99986	
82	0.81000	-0.29651	2.06285	0.28125	0.11429	0.07251	-0.32068	0.48988	0.99998	-0.00559	-0.00128	0.00560	0.99998	0.00199	0.00127	-0.00199	1.00000		-8.39663	59.81942	873.94978	179.77122	2.40559	-2.87187	0.74883	0.99786	0.05027	0.04172	0.05006	-0.99873	0.00609	0.04197	-0.00399	-0.99911		600.09408	7.92973	40.48381	1.31666	-0.58651	1.73753	0.42852	0.99949	0.03008	0.01093	-0.03032	0.99928	0.02266	-0.01024	-0.02298	0.99968	
83	0.82000	-0.28352	2.10112	0.42956	0.22029	0.11036	-0.31383	0.45721	0.99998	-0.00547	-0.00195	0.00548	0.99998	0.00383	0.00193	-0.00384	0.99999		-8.93531	61.29741	873.74231	179.64917	2.50731	-2.79395	0.73871	0.99786	0.04901	0.04340	0.04870	-0.99878	0.00825	0.04375	-0.00612	-0.99902		600.06786	7.89963	40.71433	1.21750	-0.64214	1.72812	0.43235	0.99948	0.02991	0.01184	-0.03015	0.99933	0.02090	-0.01121	-0.02125	0.99971	
84	0.83000	-0.24863	2.07575	-0.07575	0.24459	-0.05489	-0.31166	0.45455	0.99998	-0.00544	0.00094	0.00544	0.99998	0.00427	-0.00096	-0.00427	0.99999		-6.44813	61.70510	874.24531	179.61926	2.34601	-2.79457	0.74227	0.99797	0.04903	0.04056	0.04871	-0.99878	0.00863	0.04093	-0.00664	-0.99914		599.95246	7.79299	39.57511	1.02601	-0.27288	1.75485	0.41406	0.99952	0.03053	0.00531	-0.03062	0.99937	0.01775	-0.00476	-0.01791	0.99983	
85	0.84000	-0.25123	2.06874	-0.07446	0.22751	-0.05611	-0.31065	0.45441	0.99998	-0.00543	0.00096	0.00542	0.99998	0.00398	-0.00098	-0.00397	0.99999		-6.42378	61.44110	874.24095	179.62704	2.33012	-2.78904	0.74473	0.99799	0.04892	0.04029	0.04862	-0.99878	0.00848	0.04066	-0.00650	-0.99915		599.93953	7.78236	39.56397	1.04501	-0.26175	1.74591	0.41832	0.99953	0.03038	0.00512	-0.03047	0.99937	0.01809	-0.00457	-0.01824	0.99982	
86	0.85000	-0.24931	2.07746	-0.08471	0.24051	-0.05863	-0.31293	0.45274	0.99998	-0.00547	0.00100	0.00546	0.99998	0.00420	-0.00102	-0.00420	0.99999		-6.38838	61.63417	874.25223	179.61494	2.33445	-2.79040	0.73935	0.99799	0.04895	0.04036	0.04864	-0.99878	0.00870	0.04073	-0.00671	-0.99915		599.94160	7.80349	39.54854	1.02499	-0.25860	1.74243	0.41388	0.99953	0.03032	0.00505	-0.03041	0.99938	0.01774	-0.00451	-0.01789	0.99983	
87	0.86000	-0.24544	2.05939	-0.08963	0.23628	-0.05914	-0.30442	0.45130	0.99999	-0.00532	0.00101	0.00531	0.99998	0.00413	-0.00103	-0.00412	0.99999		-6.38048	61.59520	874.28273	179.63385	2.34513	-2.78529	0.73677	0.99798	0.04885	0.04056	0.04855	-0.99879	0.00837	0.04092	-0.00639	-0.99914		599.93895	7.72528	39.54854	1.02704	-0.25956	1.73087	0.41735	0.99953	0.03012	0.00507	-0.03020	0.99939	0.01778	-0.00453	-0.01792	0.99983	
88	0.87000	-0.30153	2.04586	0.30604	0.11866	0.08014	-0.31491	0.48930	0.99998	-0.00549	-0.00141	0.00550	0.99998	0.00206	0.00140	-0.00207	1.00000		-8.44967	59.79584	873.97198	179.74387	2.47473	-2.79308	0.73911	0.99788	0.04892	0.04291	0.04868	-0.99879	0.00657	0.04318	-0.00447	-0.99906		599.89446	7.75908	40.61805	1.14978	-0.39911	1.75690	0.41659	0.99951	0.03051	0.00758	-0.03066	0.99933	0.01984	-0.00697	-0.02007	0.99977	
89	0.88000	-0.29781	2.05596	0.32661	0.11792	0.08825	-0.31815	0.48764	0.99998	-0.00555	-0.00155	0.00555	0.99998	0.00205	0.00154	-0.00206	1.00000		-8.58245	59.77637	873.96497	179.75751	2.48938	-2.79124	0.73812	0.99787	0.04888	0.04318	0.04865	-0.99880	0.00634	0.04343	-0.00423	-0.99905		599.88625	7.79505	40.68225	1.16056	-0.40574	1.74375	0.41818	0.99951	0.03028	0.00769	-0.03043	0.99934	0.02003	-0.00708	-0.02025	0.99977	
90	0.89000	-0.24577	2.06522	-0.06456	0.23317	-0.05161	-0.30977	0.45643	0.99998	-0.00541	0.00088	0.00541	0.99998	0.00407	-0.00090	-0.00407	0.99999		-6.50132	61.53063	874.24883	179.64049	2.35129	-2.78588	0.74295	0.99798	0.04886	0.04067	0.04856	-0.99879	0.00826	0.04103	-0.00627	-0.99914		599.92531	7.77925	39.61093	1.04848	-0.25637	1.73794	0.41465	0.99953	0.03024	0.00503	-0.03033	0.99938	0.01815	-0.00447	-0.01830	0.99982	
91	0.90000	-0.24579	2.05602	-0.05997	0.22433	-0.04961	-0.30499	0.45596	0.99999	-0.00533	0.00085	0.00532	0.99998	0.00392	-0.00087	-0.00392	0.99999		-6.53202	61.40586	874.24392	179.64108	2.34158	-2.78424	0.74657	0.99799	0.04883	0.04050	0.04853	-0.99879	0.00824	0.04086	-0.00626	-0.99915		599.92565	7.74066	39.62586	1.05604	-0.25658	1.72462	0.42187	0.99954	0.03001	0.00503	-0.03010	0.99938	0.01829	-0.00448	-0.01843	0.99982	
92	0.91000	-0.24939	2.05809	-0.06803	0.22954	-0.05256	-0.30766	0.45785	0.99998	-0.00537	0.00090	0.00537	0.99998	0.00401	-0.00092	-0.00401	0.99999		-6.48166	61.48271	874.25320	179.63930	2.34520	-2.78355	0.73805	0.99798	0.04882	0.04057	0.04852	-0.99879	0.00828	0.04092	-0.00629	-0.99914		599.93843	7.75584	39.58582	1.03739	-0.27636	1.74110	0.41772	0.99953	0.03029	0.00537	-0.03038	0.99938	0.01795	-0.00482	-0.01810	0.99982	
93	0.92000	-0.24547	2.06059	-0.06130	0.22763	-0.04991	-0.30715	0.46035	0.99999	-0.00536	0.00085	0.00536	0.99998	0.00398	-0.00087	-0.00397	0.99999		-6.52570	61.45567	874.24037	179.64478	2.34444	-2.78259	0.74389	0.99798	0.04880	0.04056	0.04851	-0.99879	0.00818	0.04091	-0.00619	-0.99914		599.92557	7.73987	39.61786	1.03703	-0.26314	1.74292	0.41924	0.99953	0.03033	0.00514	-0.03041	0.99938	0.01795	-0.00459	-0.01810	0.99983	
94	0.93000	-0.24791	2.07704	-0.06788	0.22801	-0.05322	-0.31474	0.45406	0.99998	-0.00550	0.00091	0.00549	0.99998	0.00398	-0.00093	-0.00398	0.99999		-6.47166	61.43212	874.25482	179.62990	2.34889	-2.78886	0.74397	0.99798	0.04892	0.04062	0.04861	-0.99878	0.00845	0.04098	-0.00645	-0.99914		599.92630	7.81308	39.59166	1.05045	-0.25908	1.74352	0.41370	0.99953	0.03034	0.00508	-0.03043	0.99937	0.01819	-0.00452	-0.01833	0.99982	
