1	0.00000	0.03533	2.00508	0.50458	-0.04378	-0.14907	-0.24284	0.53371	0.99999	-0.00424	0.00261	0.00424	0.99999	-0.00075	-0.00260	0.00076	1.00000		-5.01614	56.98187	874.34607	179.88341	2.39186	-2.30601	0.58985	0.99832	0.04032	0.04162	0.04020	-0.99918	0.00371	0.04173	-0.00203	-0.99913		501.68705	3.88454	37.90161	1.27096	-0.43009	0.55344	0.36952	0.99993	0.00949	0.00772	-0.00966	0.99971	0.02211	-0.00751	-0.02218	0.99973	
2	0.01000	0.03998	2.00495	0.48490	-0.04408	-0.15913	-0.24155	0.53626	0.99999	-0.00421	0.00278	0.00422	0.99999	-0.00076	-0.00278	0.00077	1.00000		-4.86821	56.92725	874.38550	179.88245	2.38381	-2.28292	0.60403	0.99834	0.03992	0.04148	0.03980	-0.99920	0.00371	0.04159	-0.00205	-0.99913		501.69427	3.87111	37.83242	1.27211	-0.42232	0.55724	0.36882	0.99993	0.00956	0.00758	-0.00973	0.99971	0.02213	-0.00737	-0.02220	0.99973	
3	0.02000	0.03645	1.99888	0.53059	-0.06619	-0.13765	-0.24007	0.53349	0.99999	-0.00419	0.00241	0.00419	0.99999	-0.00115	-0.00240	0.00116	1.00000		-5.24316	56.61124	874.30737	179.92686	2.37710	-2.29097	0.59525	0.99834	0.04003	0.04139	0.03994	-0.99920	0.00293	0.04148	-0.00128	-0.99914		501.68162	3.84841	37.97632	1.28427	-0.43845	0.55855	0.37060	0.99992	0.00957	0.00787	-0.00975	0.99970	0.02234	-0.00765	-0.02241	0.99972	
4	0.03000	-0.00604	2.09094	0.69960	0.04010	-0.02444	-0.26338	0.55720	0.99999	-0.00460	0.00042	0.00460	0.99999	0.00070	-0.00043	-0.00070	1.00000		-6.81999	58.26824	874.05727	179.86082	2.56761	-2.53934	0.69440	0.99802	0.04441	0.04465	0.04426	-0.99901	0.00441	0.04480	-0.00243	-0.99899		501.58967	4.14042	38.92580	1.25644	-0.25569	0.56559	0.36749	0.99994	0.00977	0.00468	-0.00987	0.99971	0.02188	-0.00446	-0.02193	0.99975	
5	0.04000	-0.00246	2.12597	0.64627	0.07749	-0.04993	-0.27503	0.56800	0.99999	-0.00480	0.00087	0.00480	0.99999	0.00136	-0.00087	-0.00135	1.00000		-6.51528	58.86114	874.02625	179.85593	2.52075	-2.56327	0.68553	0.99803	0.04483	0.04382	0.04468	-0.99899	0.00448	0.04398	-0.00251	-0.99903		501.60319	4.22467	38.74984	1.20055	-0.23823	0.57697	0.37280	0.99994	0.00998	0.00437	-0.01007	0.99973	0.02091	-0.00416	-0.02095	0.99977	
6	0.05000	0.21289	2.66593	0.04437	0.75359	-0.96692	-0.46942	0.65645	0.99982	-0.00841	0.01677	0.00819	0.99988	0.01329	-0.01688	-0.01315	0.99977		6.60853	68.63577	873.97277	179.24582	1.53754	-2.60570	0.59928	0.99861	0.04581	0.02620	0.04545	-0.99886	0.01437	0.02683	-0.01316	-0.99955		501.90552	5.72365	31.82427	0.27755	0.73158	0.99299	0.37920	0.99977	0.01739	-0.01268	-0.01733	0.99984	0.00506	0.01277	-0.00484	0.99991	
7	0.06000	-0.10830	2.17111	0.55230	0.27943	-0.03392	-0.29465	0.49400	0.99999	-0.00515	0.00057	0.00514	0.99998	0.00488	-0.00059	-0.00488	0.99999		-6.82526	61.86900	873.79945	179.56389	2.52945	-2.59057	0.72952	0.99800	0.04553	0.04374	0.04515	-0.99893	0.00960	0.04413	-0.00760	-0.99900		501.55186	4.33881	39.11770	0.88573	-0.33019	0.82150	0.45665	0.99988	0.01425	0.00598	-0.01434	0.99978	0.01537	-0.00576	-0.01546	0.99986	
8	0.07000	-0.11535	2.17052	0.53864	0.28915	-0.02265	-0.29443	0.48798	0.99999	-0.00514	0.00037	0.00514	0.99997	0.00505	-0.00040	-0.00505	0.99999		-7.00996	62.03676	873.78919	179.54474	2.54073	-2.59258	0.73738	0.99799	0.04558	0.04392	0.04519	-0.99893	0.00994	0.04433	-0.00794	-0.99899		501.52433	4.42909	39.17287	0.93479	-0.27307	0.68955	0.39694	0.99992	0.01196	0.00496	-0.01203	0.99980	0.01626	-0.00477	-0.01631	0.99986	
9	0.08000	-0.11306	2.16879	0.50452	0.28973	-0.02570	-0.29053	0.48013	0.99999	-0.00507	0.00042	0.00507	0.99997	0.00506	-0.00045	-0.00506	0.99999		-6.96837	62.08643	873.82352	179.54935	2.54009	-2.60212	0.73509	0.99799	0.04575	0.04391	0.04536	-0.99892	0.00987	0.04432	-0.00786	-0.99899		501.51578	4.39693	39.16168	0.93264	-0.26898	0.67510	0.40122	0.99992	0.01170	0.00489	-0.01178	0.99980	0.01622	-0.00469	-0.01628	0.99986	
10	0.09000	-0.10583	2.15052	0.51706	0.28429	-0.01251	-0.28374	0.47738	0.99999	-0.00495	0.00019	0.00495	0.99998	0.00496	-0.00022	-0.00496	0.99999		-7.16209	62.03121	873.79626	179.54880	2.54403	-2.58405	0.73227	0.99800	0.04543	0.04399	0.04504	-0.99894	0.00987	0.04439	-0.00787	-0.99898		501.50683	4.35807	39.26282	0.95349	-0.28171	0.65688	0.40008	0.99992	0.01138	0.00511	-0.01146	0.99980	0.01658	-0.00492	-0.01664	0.99985	
11	0.10000	-0.10607	2.15946	0.49998	0.28212	-0.01601	-0.28771	0.47538	0.99999	-0.00502	0.00026	0.00502	0.99998	0.00492	-0.00028	-0.00492	0.99999		-7.08610	62.01590	873.81992	179.54384	2.54524	-2.59436	0.73720	0.99799	0.04562	0.04400	0.04522	-0.99893	0.00996	0.04441	-0.00795	-0.99898		501.50456	4.38299	39.23631	0.95041	-0.28180	0.64994	0.39837	0.99992	0.01126	0.00511	-0.01134	0.99980	0.01653	-0.00492	-0.01659	0.99985	
12	0.11000	-0.10678	2.17268	0.47569	0.28687	-0.02050	-0.28817	0.47032	0.99999	-0.00503	0.00033	0.00503	0.99997	0.00501	-0.00036	-0.00501	0.99999		-6.97352	62.11852	873.84305	179.54059	2.54395	-2.60342	0.73706	0.99798	0.04578	0.04397	0.04538	-0.99892	0.01003	0.04439	-0.00801	-0.99898		501.50523	4.39063	39.21544	0.96376	-0.27557	0.64187	0.40164	0.99993	0.01112	0.00500	-0.01120	0.99980	0.01677	-0.00481	-0.01682	0.99985	
13	0.12000	-0.13497	2.12402	0.66830	0.17683	0.08006	-0.28226	0.44510	0.99999	-0.00492	-0.00141	0.00493	0.99998	0.00308	0.00140	-0.00309	0.99999		-8.43639	60.48447	873.73255	179.64447	2.62575	-2.59420	0.74095	0.99793	0.04554	0.04548	0.04521	-0.99894	0.00827	0.04581	-0.00620	-0.99893		501.46081	4.30530	39.90724	1.07683	-0.37845	0.64288	0.40340	0.99992	0.01109	0.00681	-0.01122	0.99976	0.01872	-0.00661	-0.01879	0.99980	
14	0.13000	-0.10896	2.17382	0.47096	0.28373	-0.01565	-0.29209	0.46860	0.99999	-0.00510	0.00025	0.00510	0.99997	0.00495	-0.00027	-0.00495	0.99999		-6.99909	62.09489	873.80784	179.55492	2.51901	-2.59460	0.73813	0.99801	0.04561	0.04355	0.04523	-0.99893	0.00975	0.04395	-0.00776	-0.99900		501.49438	4.40367	39.25116	0.95469	-0.28402	0.64590	0.39905	0.99992	0.01119	0.00514	-0.01127	0.99980	0.01660	-0.00496	-0.01666	0.99985	
15	0.14000	-0.14100	2.13258	0.63604	0.18861	0.07209	-0.28400	0.44436	0.99999	-0.00495	-0.00127	0.00496	0.99998	0.00328	0.00126	-0.00329	0.99999		-8.25905	60.65671	873.76734	179.63461	2.62520	-2.58454	0.74169	0.99793	0.04538	0.04547	0.04505	-0.99895	0.00844	0.04580	-0.00637	-0.99893		501.46345	4.31673	39.84697	1.06114	-0.37653	0.63374	0.40421	0.99992	0.01094	0.00677	-0.01106	0.99977	0.01845	-0.00657	-0.01852	0.99981	
16	0.15000	-0.13821	2.11332	0.62597	0.17697	0.07065	-0.27883	0.44247	0.99999	-0.00486	-0.00125	0.00487	0.99998	0.00308	0.00123	-0.00309	0.99999		-8.23779	60.49335	873.78157	179.65053	2.61607	-2.58353	0.74301	0.99794	0.04535	0.04532	0.04503	-0.99895	0.00815	0.04564	-0.00609	-0.99894		501.44676	4.26093	39.85735	1.05209	-0.35617	0.64783	0.40385	0.99992	0.01119	0.00642	-0.01131	0.99977	0.01829	-0.00622	-0.01836	0.99981	
17	0.16000	-0.14235	2.13240	0.62274	0.17986	0.07033	-0.28406	0.44396	0.99999	-0.00495	-0.00124	0.00496	0.99998	0.00313	0.00123	-0.00314	0.99999		-8.26271	60.50528	873.76799	179.65002	2.60584	-2.60120	0.74211	0.99794	0.04566	0.04514	0.04534	-0.99894	0.00817	0.04546	-0.00610	-0.99895		501.45931	4.31106	39.84639	1.06579	-0.36042	0.63444	0.39811	0.99992	0.01095	0.00649	-0.01107	0.99977	0.01853	-0.00629	-0.01860	0.99981	
18	0.17000	-0.13954	2.13501	0.62965	0.17820	0.07354	-0.28553	0.43606	0.99999	-0.00498	-0.00130	0.00498	0.99998	0.00310	0.00128	-0.00311	0.99999		-8.34853	60.47511	873.76165	179.67363	2.61479	-2.60672	0.73492	0.99793	0.04574	0.04531	0.04543	-0.99894	0.00777	0.04562	-0.00569	-0.99894		501.45739	4.32878	39.86837	1.08126	-0.36588	0.62862	0.39856	0.99992	0.01085	0.00659	-0.01097	0.99976	0.01880	-0.00639	-0.01887	0.99980	
19	0.18000	-0.13963	2.13186	0.62473	0.17247	0.07413	-0.28601	0.43905	0.99999	-0.00499	-0.00131	0.00499	0.99998	0.00300	0.00129	-0.00301	0.99999		-8.38763	60.34846	873.79612	179.67242	2.62815	-2.60596	0.74256	0.99792	0.04573	0.04555	0.04542	-0.99894	0.00780	0.04585	-0.00571	-0.99893		501.46088	4.31952	39.87818	1.06906	-0.36894	0.63656	0.39638	0.99992	0.01099	0.00664	-0.01111	0.99977	0.01858	-0.00644	-0.01866	0.99981	
20	0.19000	-0.10354	2.16433	0.42404	0.28690	-0.02780	-0.28594	0.46556	0.99999	-0.00499	0.00046	0.00499	0.99998	0.00501	-0.00049	-0.00501	0.99999		-6.90284	62.02525	873.90100	179.55533	2.53831	-2.59719	0.74600	0.99799	0.04566	0.04389	0.04527	-0.99893	0.00976	0.04429	-0.00775	-0.99899		501.49505	4.38944	39.18138	0.97755	-0.26480	0.61847	0.40073	0.99993	0.01071	0.00480	-0.01079	0.99980	0.01701	-0.00462	-0.01706	0.99984	
21	0.20000	-0.14066	2.11565	0.63105	0.17104	0.07895	-0.27943	0.43953	0.99999	-0.00487	-0.00139	0.00488	0.99998	0.00298	0.00138	-0.00299	0.99999		-8.49538	60.28503	873.81233	179.67503	2.65308	-2.59505	0.73885	0.99790	0.04554	0.04598	0.04523	-0.99895	0.00776	0.04629	-0.00567	-0.99891		501.46977	4.28569	39.89277	1.06216	-0.39649	0.61666	0.40000	0.99992	0.01063	0.00712	-0.01076	0.99977	0.01846	-0.00692	-0.01854	0.99980	
22	0.21000	-0.14698	2.11055	0.64448	0.17192	0.08139	-0.27945	0.43604	0.99999	-0.00487	-0.00143	0.00488	0.99998	0.00299	0.00142	-0.00300	0.99999		-8.53286	60.29392	873.79987	179.67888	2.65866	-2.59891	0.73714	0.99790	0.04560	0.04608	0.04530	-0.99894	0.00770	0.04639	-0.00560	-0.99891		501.46374	4.29451	39.90682	1.07738	-0.38584	0.61857	0.40217	0.99992	0.01067	0.00694	-0.01080	0.99977	0.01873	-0.00673	-0.01880	0.99980	
23	0.22000	-0.14915	2.11496	0.62373	0.17235	0.07460	-0.28212	0.43762	0.99999	-0.00492	-0.00132	0.00492	0.99998	0.00300	0.00130	-0.00301	0.99999		-8.43151	60.28684	873.79091	179.67542	2.63056	-2.59869	0.74284	0.99792	0.04560	0.04559	0.04529	-0.99894	0.00774	0.04590	-0.00566	-0.99893		501.46939	4.30194	39.87150	1.07495	-0.37700	0.63425	0.39844	0.99992	0.01094	0.00679	-0.01107	0.99976	0.01869	-0.00658	-0.01876	0.99980	
24	0.23000	-0.15280	2.12367	0.61445	0.16816	0.07173	-0.28429	0.43981	0.99999	-0.00496	-0.00127	0.00496	0.99998	0.00293	0.00125	-0.00293	0.99999		-8.35669	60.22309	873.83183	179.68210	2.64498	-2.60255	0.74270	0.99790	0.04566	0.04585	0.04536	-0.99894	0.00764	0.04615	-0.00554	-0.99892		501.47761	4.30784	39.84751	1.08087	-0.38145	0.63972	0.39823	0.99992	0.01104	0.00687	-0.01116	0.99976	0.01879	-0.00666	-0.01886	0.99980	
25	0.24000	-0.12300	2.17607	0.43530	0.28442	-0.01938	-0.29061	0.46947	0.99999	-0.00507	0.00031	0.00507	0.99997	0.00496	-0.00034	-0.00496	0.99999		-6.99111	61.97381	873.88796	179.55978	2.54243	-2.61726	0.73912	0.99797	0.04600	0.04396	0.04562	-0.99891	0.00970	0.04436	-0.00768	-0.99899		501.50907	4.40228	39.23005	0.96714	-0.28271	0.63059	0.40298	0.99993	0.01092	0.00512	-0.01101	0.99980	0.01682	-0.00493	-0.01688	0.99985	
26	0.25000	-0.14407	2.13750	0.59015	0.18188	0.06395	-0.28640	0.44472	0.99999	-0.00499	-0.00113	0.00500	0.99998	0.00317	0.00112	-0.00317	0.99999		-8.21046	60.45360	873.81457	179.66760	2.61675	-2.61148	0.74097	0.99792	0.04583	0.04534	0.04552	-0.99893	0.00788	0.04566	-0.00580	-0.99894		501.48021	4.32027	39.80579	1.05485	-0.36530	0.64565	0.39942	0.99992	0.01115	0.00658	-0.01127	0.99977	0.01834	-0.00638	-0.01841	0.99981	
27	0.26000	-0.13546	2.14508	0.62378	0.17657	0.07775	-0.28831	0.44200	0.99999	-0.00503	-0.00137	0.00503	0.99998	0.00307	0.00136	-0.00308	0.99999		-8.40321	60.37554	873.79346	179.66801	2.63142	-2.61174	0.74379	0.99791	0.04583	0.04560	0.04552	-0.99893	0.00788	0.04591	-0.00579	-0.99893		501.46808	4.34752	39.89527	1.08478	-0.38398	0.63444	0.40030	0.99992	0.01094	0.00691	-0.01107	0.99976	0.01886	-0.00670	-0.01893	0.99980	
28	0.27000	-0.13552	2.12539	0.61186	0.18198	0.07569	-0.28054	0.43553	0.99999	-0.00489	-0.00134	0.00490	0.99998	0.00317	0.00132	-0.00318	0.99999		-8.34203	60.51415	873.79935	179.66026	2.63067	-2.60922	0.73705	0.99791	0.04579	0.04558	0.04548	-0.99893	0.00801	0.04590	-0.00592	-0.99893		501.47011	4.30837	39.88448	1.08446	-0.38371	0.62479	0.40327	0.99992	0.01078	0.00690	-0.01090	0.99976	0.01885	-0.00670	-0.01893	0.99980	
29	0.28000	-0.14173	2.12010	0.63056	0.16729	0.08127	-0.28108	0.43829	0.99999	-0.00490	-0.00143	0.00491	0.99998	0.00291	0.00142	-0.00292	0.99999		-8.46941	60.40652	873.71273	179.68919	2.55990	-2.67536	0.74248	0.99791	0.04692	0.04436	0.04663	-0.99888	0.00750	0.04466	-0.00542	-0.99899		501.46515	4.27581	39.91728	1.06569	-0.37867	0.64524	0.39843	0.99991	0.01114	0.00682	-0.01126	0.99976	0.01852	-0.00661	-0.01860	0.99981	
30	0.29000	-0.14557	2.14215	0.60950	0.18174	0.07345	-0.28897	0.43834	0.99999	-0.00504	-0.00130	0.00504	0.99998	0.00316	0.00128	-0.00317	0.99999		-8.29979	60.51610	873.78809	179.65106	2.62228	-2.60168	0.74357	0.99792	0.04567	0.04543	0.04534	-0.99894	0.00816	0.04575	-0.00608	-0.99893		501.47793	4.36079	39.87014	1.07991	-0.38022	0.63261	0.39802	0.99992	0.01091	0.00684	-0.01104	0.99976	0.01877	-0.00664	-0.01885	0.99980	
31	0.30000	-0.14799	2.14056	0.61161	0.17922	0.07436	-0.28810	0.43662	0.99999	-0.00502	-0.00131	0.00503	0.99998	0.00312	0.00130	-0.00313	0.99999		-8.37839	60.60258	873.71672	179.66919	2.55718	-2.68508	0.74531	0.99791	0.04710	0.04430	0.04680	-0.99887	0.00786	0.04462	-0.00577	-0.99899		501.47118	4.33075	39.86905	1.06370	-0.38189	0.64917	0.39816	0.99991	0.01120	0.00687	-0.01133	0.99976	0.01849	-0.00667	-0.01856	0.99981	
32	0.31000	-0.14692	2.15216	0.60264	0.18116	0.07173	-0.29109	0.44232	0.99999	-0.00508	-0.00127	0.00508	0.99998	0.00315	0.00125	-0.00316	0.99999		-8.32505	60.52787	873.78558	179.65100	2.61646	-2.61712	0.74841	0.99792	0.04594	0.04532	0.04561	-0.99893	0.00817	0.04565	-0.00608	-0.99894		501.46776	4.35647	39.85071	1.07173	-0.38003	0.63659	0.39970	0.99992	0.01098	0.00684	-0.01111	0.99976	0.01863	-0.00663	-0.01870	0.99980	
33	0.32000	-0.14582	2.14077	0.59877	0.17716	0.07196	-0.28678	0.43587	0.99999	-0.00500	-0.00127	0.00501	0.99998	0.00309	0.00126	-0.00309	0.99999		-8.40058	60.58105	873.74839	179.67697	2.57300	-2.68393	0.74584	0.99790	0.04708	0.04458	0.04678	-0.99888	0.00773	0.04489	-0.00563	-0.99898		501.47138	4.32467	39.87079	1.07907	-0.37399	0.63572	0.39852	0.99992	0.01097	0.00673	-0.01109	0.99976	0.01876	-0.00653	-0.01883	0.99980	
34	0.33000	-0.14031	2.12968	0.59849	0.17751	0.07019	-0.28415	0.43566	0.99999	-0.00496	-0.00124	0.00496	0.99998	0.00309	0.00123	-0.00310	0.99999		-8.35979	60.48367	873.80889	179.65187	2.63179	-2.60697	0.74262	0.99791	0.04576	0.04559	0.04544	-0.99893	0.00816	0.04592	-0.00607	-0.99893		501.46845	4.29816	39.84386	1.05616	-0.37474	0.64403	0.39974	0.99992	0.01112	0.00675	-0.01124	0.99977	0.01836	-0.00654	-0.01843	0.99981	
35	0.34000	-0.14656	2.13696	0.61229	0.17055	0.07665	-0.28796	0.43679	0.99999	-0.00502	-0.00135	0.00503	0.99998	0.00297	0.00134	-0.00298	0.99999		-8.48635	60.37377	873.79856	179.68665	2.64157	-2.61055	0.73810	0.99790	0.04580	0.04579	0.04550	-0.99894	0.00756	0.04609	-0.00546	-0.99892		501.46431	4.33343	39.89682	1.08307	-0.37255	0.63518	0.39569	0.99992	0.01096	0.00671	-0.01109	0.99976	0.01883	-0.00650	-0.01890	0.99980	
36	0.35000	-0.14347	2.13621	0.60378	0.17102	0.07204	-0.28806	0.43408	0.99999	-0.00502	-0.00127	0.00503	0.99998	0.00298	0.00126	-0.00298	0.99999		-8.42001	60.34156	873.83266	179.66777	2.65282	-2.60976	0.74284	0.99789	0.04580	0.04597	0.04548	-0.99893	0.00790	0.04628	-0.00579	-0.99891		501.46896	4.32737	39.85739	1.06828	-0.37526	0.63561	0.39823	0.99992	0.01097	0.00675	-0.01109	0.99977	0.01857	-0.00655	-0.01864	0.99980	
37	0.36000	-0.14395	2.12710	0.60633	0.17182	0.07326	-0.28553	0.43401	0.99999	-0.00498	-0.00129	0.00498	0.99998	0.00299	0.00128	-0.00300	0.99999		-8.42860	60.34353	873.82107	179.66409	2.64277	-2.60826	0.74216	0.99790	0.04578	0.04579	0.04546	-0.99893	0.00795	0.04611	-0.00586	-0.99892		501.45656	4.30581	39.87320	1.06533	-0.36581	0.65432	0.39981	0.99991	0.01130	0.00660	-0.01142	0.99976	0.01852	-0.00638	-0.01859	0.99981	
38	0.37000	-0.15058	2.12553	0.60836	0.17489	0.07371	-0.28306	0.43602	0.99999	-0.00494	-0.00130	0.00494	0.99998	0.00305	0.00129	-0.00305	0.99999		-8.41274	60.39257	873.79202	179.67528	2.62829	-2.60227	0.73606	0.99792	0.04566	0.04555	0.04535	-0.99894	0.00774	0.04586	-0.00566	-0.99893		501.47065	4.29451	39.87498	1.06951	-0.36959	0.63493	0.39733	0.99992	0.01096	0.00666	-0.01108	0.99977	0.01859	-0.00645	-0.01867	0.99980	
39	0.38000	-0.15007	2.12307	0.60543	0.17805	0.07362	-0.28256	0.43650	0.99999	-0.00493	-0.00130	0.00493	0.99998	0.00310	0.00128	-0.00311	0.99999		-8.36986	60.41892	873.79705	179.66377	2.62567	-2.60885	0.73896	0.99791	0.04578	0.04550	0.04547	-0.99893	0.00795	0.04581	-0.00586	-0.99893		501.46919	4.29645	39.85938	1.07389	-0.38128	0.63848	0.39704	0.99992	0.01102	0.00686	-0.01114	0.99976	0.01867	-0.00665	-0.01874	0.99980	
40	0.39000	-0.14954	2.12532	0.61066	0.16840	0.07642	-0.28504	0.43425	0.99999	-0.00497	-0.00135	0.00497	0.99998	0.00293	0.00133	-0.00294	0.99999		-8.38639	60.25501	873.81094	179.67120	2.62745	-2.61233	0.73887	0.99791	0.04584	0.04553	0.04553	-0.99893	0.00782	0.04584	-0.00573	-0.99893		501.52330	3.93426	39.85646	0.76374	-0.44468	1.10972	0.29946	0.99978	0.01926	0.00802	-0.01937	0.99973	0.01318	-0.00776	-0.01333	0.99988	
41	0.40000	-0.14330	2.13335	0.60217	0.17709	0.07265	-0.28570	0.43878	0.99999	-0.00498	-0.00128	0.00499	0.99998	0.00308	0.00127	-0.00309	0.99999		-8.31375	60.36822	873.80954	179.66771	2.62119	-2.60924	0.74341	0.99792	0.04579	0.04542	0.04548	-0.99893	0.00788	0.04573	-0.00579	-0.99894		501.52546	3.92369	39.82025	0.73039	-0.44380	1.12771	0.29364	0.99978	0.01958	0.00799	-0.01968	0.99973	0.01259	-0.00775	-0.01275	0.99989	
42	0.41000	-0.13537	2.13715	0.59583	0.18534	0.07071	-0.28652	0.43681	0.99999	-0.00500	-0.00125	0.00500	0.99998	0.00323	0.00123	-0.00323	0.99999		-8.27559	60.49120	873.79647	179.66376	2.61173	-2.61159	0.74459	0.99792	0.04583	0.04525	0.04552	-0.99893	0.00794	0.04557	-0.00586	-0.99894		501.46971	4.31251	39.85027	1.05167	-0.37314	0.64964	0.39155	0.99991	0.01122	0.00672	-0.01134	0.99977	0.01828	-0.00651	-0.01835	0.99981	
43	0.42000	-0.14360	2.15299	0.59975	0.17520	0.07521	-0.29364	0.43602	0.99999	-0.00512	-0.00133	0.00512	0.99998	0.00305	0.00131	-0.00306	0.99999		-8.34155	60.32814	873.80706	179.67429	2.61268	-2.62625	0.74244	0.99791	0.04608	0.04528	0.04577	-0.99892	0.00777	0.04558	-0.00568	-0.99894		501.47734	4.36814	39.88381	1.08834	-0.38279	0.65014	0.39868	0.99991	0.01122	0.00689	-0.01135	0.99976	0.01892	-0.00668	-0.01899	0.99980	
44	0.43000	-0.13686	2.13618	0.60882	0.16607	0.07582	-0.28627	0.43847	0.99999	-0.00499	-0.00134	0.00500	0.99998	0.00289	0.00132	-0.00290	0.99999		-8.35071	60.20559	873.80108	179.68407	2.61448	-2.61168	0.74107	0.99792	0.04582	0.04532	0.04552	-0.99893	0.00759	0.04562	-0.00551	-0.99894		501.47132	4.30909	39.87556	1.07456	-0.38614	0.63866	0.39787	0.99992	0.01102	0.00695	-0.01115	0.99976	0.01868	-0.00674	-0.01875	0.99980	
45	0.44000	-0.13818	2.13983	0.60985	0.17451	0.07672	-0.28887	0.43501	0.99999	-0.00504	-0.00135	0.00504	0.99998	0.00304	0.00134	-0.00305	0.99999		-8.37862	60.34665	873.80754	179.67209	2.63061	-2.62084	0.74860	0.99790	0.04599	0.04559	0.04568	-0.99893	0.00782	0.04590	-0.00572	-0.99893		501.46038	4.32729	39.88573	1.05941	-0.37382	0.64375	0.39833	0.99992	0.01111	0.00673	-0.01124	0.99977	0.01841	-0.00652	-0.01849	0.99981	
46	0.45000	-0.15010	2.13333	0.59910	0.17417	0.07265	-0.28559	0.43548	0.99999	-0.00498	-0.00128	0.00498	0.99998	0.00303	0.00127	-0.00304	0.99999		-8.32649	60.35675	873.82275	179.66519	2.62852	-2.60997	0.74454	0.99791	0.04580	0.04555	0.04549	-0.99893	0.00793	0.04586	-0.00584	-0.99893		501.47485	4.30424	39.84901	1.06480	-0.38220	0.64182	0.40042	0.99992	0.01108	0.00688	-0.01120	0.99977	0.01851	-0.00667	-0.01858	0.99981	
47	0.46000	-0.14769	2.12831	0.59267	0.18237	0.06939	-0.28558	0.43650	0.99999	-0.00498	-0.00123	0.00498	0.99998	0.00318	0.00121	-0.00318	0.99999		-8.30540	60.50530	873.82008	179.66061	2.63088	-2.61229	0.74513	0.99791	0.04585	0.04558	0.04553	-0.99893	0.00801	0.04590	-0.00592	-0.99893		501.46520	4.31073	39.84587	1.06788	-0.37008	0.63936	0.39879	0.99992	0.01104	0.00667	-0.01116	0.99977	0.01856	-0.00646	-0.01864	0.99981	
48	0.47000	-0.15180	2.14873	0.59934	0.17856	0.07343	-0.29115	0.43613	0.99999	-0.00508	-0.00130	0.00508	0.99998	0.00311	0.00128	-0.00312	0.99999		-8.39143	60.43638	873.82002	179.66443	2.64307	-2.61298	0.74451	0.99790	0.04586	0.04580	0.04554	-0.99893	0.00795	0.04611	-0.00585	-0.99892		501.47269	4.35230	39.86227	1.07178	-0.37381	0.63741	0.39625	0.99992	0.01100	0.00673	-0.01112	0.99976	0.01863	-0.00652	-0.01870	0.99980	
49	0.48000	-0.14959	2.14378	0.61020	0.17197	0.07760	-0.29189	0.43651	0.99999	-0.00509	-0.00137	0.00509	0.99998	0.00299	0.00135	-0.00300	0.99999		-8.48045	60.34736	873.80247	179.66064	2.64433	-2.61168	0.74198	0.99790	0.04584	0.04582	0.04552	-0.99893	0.00802	0.04614	-0.00592	-0.99892		501.46876	4.34553	39.88895	1.06522	-0.38075	0.64647	0.39747	0.99991	0.01116	0.00685	-0.01128	0.99976	0.01851	-0.00665	-0.01859	0.99981	
50	0.49000	-0.14130	2.14258	0.61800	0.17505	0.07942	-0.28755	0.43338	0.99999	-0.00501	-0.00140	0.00502	0.99998	0.00305	0.00139	-0.00306	0.99999		-8.51781	60.41346	873.81282	179.66460	2.66282	-2.61268	0.73954	0.99788	0.04586	0.04614	0.04553	-0.99893	0.00797	0.04646	-0.00585	-0.99890		501.45682	4.30892	39.90221	1.06244	-0.37859	0.64663	0.39746	0.99991	0.01116	0.00682	-0.01129	0.99977	0.01847	-0.00661	-0.01854	0.99981	
51	0.50000	-0.13963	2.12813	0.62152	0.16280	0.08224	-0.28321	0.43477	0.99999	-0.00494	-0.00145	0.00494	0.99998	0.00283	0.00144	-0.00284	0.99999		-8.55697	60.25112	873.81452	179.68500	2.65793	-2.60526	0.74831	0.99789	0.04571	0.04607	0.04541	-0.99894	0.00760	0.04637	-0.00549	-0.99891		501.45333	4.29586	39.92254	1.10278	-0.38144	0.62803	0.39886	0.99992	0.01083	0.00687	-0.01096	0.99976	0.01917	-0.00666	-0.01925	0.99979	
52	0.51000	-0.14033	2.13925	0.59995	0.17267	0.07250	-0.28682	0.43590	0.99999	-0.00500	-0.00128	0.00501	0.99998	0.00301	0.00127	-0.00301	0.99999		-8.39529	60.38440	873.83998	179.66136	2.65348	-2.60550	0.74195	0.99790	0.04573	0.04598	0.04541	-0.99894	0.00801	0.04630	-0.00590	-0.99891		501.46381	4.33659	39.85239	1.08845	-0.37359	0.61758	0.40214	0.99992	0.01065	0.00672	-0.01078	0.99976	0.01892	-0.00652	-0.01900	0.99980	
53	0.52000	-0.14653	2.12284	0.63308	0.15918	0.08677	-0.28172	0.43460	0.99999	-0.00491	-0.00153	0.00492	0.99998	0.00277	0.00151	-0.00278	0.99999		-8.58603	60.19689	873.79318	179.67741	2.65054	-2.60832	0.74621	0.99790	0.04577	0.04594	0.04546	-0.99894	0.00773	0.04624	-0.00562	-0.99891		501.46031	4.28354	39.94260	1.08261	-0.38867	0.62354	0.40034	0.99992	0.01075	0.00699	-0.01088	0.99976	0.01882	-0.00678	-0.01889	0.99980	
54	0.53000	-0.14805	2.12891	0.60830	0.17046	0.07850	-0.28307	0.43799	0.99999	-0.00494	-0.00138	0.00494	0.99998	0.00297	0.00137	-0.00298	0.99999		-8.43718	60.36574	873.79721	179.66786	2.62995	-2.61427	0.74782	0.99791	0.04588	0.04557	0.04556	-0.99893	0.00788	0.04589	-0.00579	-0.99893		501.52008	3.89808	39.87676	0.73048	-0.42603	1.11371	0.29705	0.99978	0.01934	0.00768	-0.01944	0.99973	0.01260	-0.00744	-0.01275	0.99989	
55	0.54000	-0.14573	2.14043	0.59824	0.17423	0.07279	-0.28561	0.43738	0.99999	-0.00498	-0.00129	0.00498	0.99998	0.00303	0.00127	-0.00304	0.99999		-8.31975	60.39518	873.81455	179.67282	2.62906	-2.61076	0.74525	0.99791	0.04581	0.04556	0.04550	-0.99893	0.00779	0.04587	-0.00570	-0.99893		501.46140	4.30055	39.86154	1.07130	-0.37165	0.64632	0.39481	0.99992	0.01116	0.00670	-0.01128	0.99976	0.01862	-0.00649	-0.01870	0.99980	
56	0.55000	-0.14369	2.13717	0.58035	0.18108	0.06833	-0.28478	0.43568	0.99999	-0.00497	-0.00121	0.00497	0.99998	0.00315	0.00119	-0.00316	0.99999		-8.24131	60.48466	873.81281	179.65065	2.61111	-2.60718	0.74165	0.99793	0.04576	0.04523	0.04544	-0.99893	0.00816	0.04556	-0.00609	-0.99894		501.47307	4.31045	39.82667	1.06318	-0.37933	0.62415	0.39339	0.99992	0.01077	0.00682	-0.01089	0.99977	0.01848	-0.00662	-0.01855	0.99981	
57	0.56000	-0.14601	2.15300	0.60415	0.16517	0.07665	-0.29196	0.43613	0.99999	-0.00509	-0.00135	0.00510	0.99998	0.00288	0.00134	-0.00288	0.99999		-8.37823	60.24348	873.78610	179.68419	2.60664	-2.62878	0.73612	0.99791	0.04611	0.04518	0.04582	-0.99892	0.00759	0.04548	-0.00551	-0.99895		501.46217	4.32684	39.88744	1.06158	-0.37320	0.64936	0.39892	0.99991	0.01121	0.00672	-0.01133	0.99977	0.01845	-0.00651	-0.01853	0.99981	
58	0.57000	-0.14376	2.14159	0.61230	0.15925	0.07983	-0.28862	0.43561	0.99999	-0.00503	-0.00141	0.00504	0.99998	0.00277	0.00139	-0.00278	0.99999		-8.41370	60.11187	873.80982	179.68988	2.63106	-2.61353	0.75023	0.99791	0.04585	0.04561	0.04555	-0.99893	0.00750	0.04590	-0.00541	-0.99893		501.45569	4.30968	39.90984	1.07577	-0.37575	0.65476	0.39558	0.99991	0.01130	0.00677	-0.01143	0.99976	0.01870	-0.00656	-0.01877	0.99980	
59	0.58000	-0.14021	2.15031	0.59132	0.17525	0.07229	-0.28828	0.43682	0.99999	-0.00503	-0.00128	0.00503	0.99998	0.00305	0.00126	-0.00306	0.99999		-8.31889	60.34708	873.82262	179.67694	2.62699	-2.61978	0.74418	0.99791	0.04597	0.04553	0.04566	-0.99893	0.00773	0.04583	-0.00563	-0.99893		501.47480	4.31901	39.84370	1.06828	-0.39045	0.63804	0.40073	0.99991	0.01101	0.00702	-0.01114	0.99977	0.01857	-0.00681	-0.01864	0.99980	
60	0.59000	-0.14257	2.13240	0.59839	0.16666	0.07502	-0.28592	0.43817	0.99999	-0.00499	-0.00132	0.00499	0.99998	0.00290	0.00131	-0.00291	0.99999		-8.38830	60.25041	873.80438	179.69676	2.61599	-2.62108	0.74288	0.99791	0.04597	0.04535	0.04568	-0.99893	0.00737	0.04564	-0.00529	-0.99894		501.46770	4.30983	39.88118	1.07725	-0.37462	0.63805	0.39736	0.99992	0.01101	0.00675	-0.01114	0.99976	0.01873	-0.00654	-0.01880	0.99980	
61	0.60000	-0.14586	2.14385	0.60014	0.17634	0.07548	-0.29018	0.43425	0.99999	-0.00506	-0.00133	0.00506	0.99998	0.00307	0.00132	-0.00308	0.99999		-8.41471	60.35115	873.81602	179.66841	2.63248	-2.62543	0.74263	0.99790	0.04607	0.04562	0.04576	-0.99892	0.00788	0.04593	-0.00578	-0.99893		501.47213	4.35605	39.88222	1.07588	-0.38513	0.61982	0.40242	0.99992	0.01069	0.00692	-0.01082	0.99977	0.01870	-0.00672	-0.01878	0.99980	
62	0.61000	-0.14788	2.14709	0.60053	0.17508	0.07449	-0.29105	0.43707	0.99999	-0.00508	-0.00132	0.00508	0.99998	0.00305	0.00130	-0.00306	0.99999		-8.40511	60.32349	873.83225	179.66692	2.64770	-2.61689	0.74383	0.99789	0.04592	0.04588	0.04561	-0.99893	0.00792	0.04619	-0.00581	-0.99892		501.47775	4.34213	39.85685	1.06044	-0.40112	0.64731	0.40225	0.99991	0.01117	0.00721	-0.01130	0.99977	0.01843	-0.00700	-0.01851	0.99980	
63	0.62000	-0.14903	2.13463	0.59384	0.17144	0.07254	-0.28546	0.43734	0.99999	-0.00498	-0.00128	0.00498	0.99998	0.00299	0.00127	-0.00299	0.99999		-8.38586	60.30361	873.83348	179.67776	2.64249	-2.61496	0.74506	0.99790	0.04588	0.04580	0.04558	-0.99893	0.00772	0.04610	-0.00562	-0.99892		501.47188	4.32068	39.86098	1.08198	-0.38426	0.62836	0.39943	0.99992	0.01084	0.00691	-0.01097	0.99976	0.01881	-0.00671	-0.01888	0.99980	
64	0.63000	-0.14515	2.12555	0.59099	0.16900	0.07098	-0.28212	0.43991	0.99999	-0.00492	-0.00125	0.00492	0.99998	0.00294	0.00124	-0.00295	0.99999		-8.37023	60.27486	873.83817	179.67491	2.64422	-2.60767	0.74121	0.99790	0.04576	0.04583	0.04545	-0.99894	0.00777	0.04613	-0.00567	-0.99892		501.48053	4.29519	39.85208	1.07442	-0.38331	0.62533	0.39887	0.99992	0.01079	0.00689	-0.01091	0.99977	0.01868	-0.00669	-0.01875	0.99980	
65	0.64000	-0.14489	2.13661	0.58680	0.17396	0.06868	-0.28618	0.44025	0.99999	-0.00499	-0.00121	0.00499	0.99998	0.00303	0.00120	-0.00304	0.99999		-8.34570	60.36942	873.81963	179.66635	2.62714	-2.62087	0.74367	0.99790	0.04599	0.04552	0.04568	-0.99892	0.00791	0.04584	-0.00582	-0.99893		501.47256	4.32328	39.83660	1.07238	-0.37104	0.63257	0.39579	0.99992	0.01092	0.00668	-0.01104	0.99977	0.01864	-0.00648	-0.01872	0.99980	
66	0.65000	-0.14479	2.12714	0.59399	0.16355	0.07286	-0.28451	0.43764	0.99999	-0.00496	-0.00129	0.00497	0.99998	0.00285	0.00127	-0.00285	0.99999		-8.39386	60.22258	873.82951	179.66995	2.63881	-2.60676	0.74438	0.99791	0.04574	0.04573	0.04543	-0.99894	0.00785	0.04604	-0.00575	-0.99892		501.47853	4.30472	39.85932	1.06634	-0.38741	0.63493	0.39157	0.99992	0.01095	0.00697	-0.01108	0.99977	0.01853	-0.00676	-0.01861	0.99980	
67	0.66000	-0.13707	2.13907	0.60685	0.17248	0.07667	-0.28471	0.43731	0.99999	-0.00496	-0.00135	0.00497	0.99998	0.00300	0.00134	-0.00301	0.99999		-8.44799	60.36708	873.80581	179.66103	2.63769	-2.61529	0.74382	0.99790	0.04590	0.04570	0.04558	-0.99893	0.00801	0.04602	-0.00591	-0.99892		501.46955	4.31040	39.88777	1.07585	-0.38207	0.62465	0.39833	0.99992	0.01077	0.00687	-0.01090	0.99977	0.01870	-0.00667	-0.01878	0.99980	
68	0.67000	-0.14072	2.13683	0.58938	0.17215	0.06952	-0.28640	0.43474	0.99999	-0.00499	-0.00123	0.00500	0.99998	0.00300	0.00121	-0.00300	0.99999		-8.30459	60.38954	873.83280	179.66562	2.64005	-2.61609	0.74286	0.99790	0.04591	0.04575	0.04560	-0.99893	0.00793	0.04606	-0.00583	-0.99892		501.47526	4.33260	39.83710	1.08662	-0.38298	0.62408	0.40036	0.99992	0.01076	0.00689	-0.01089	0.99976	0.01889	-0.00668	-0.01896	0.99980	
69	0.68000	-0.13870	2.14895	0.58852	0.16948	0.07207	-0.29086	0.43670	0.99999	-0.00507	-0.00127	0.00508	0.99998	0.00295	0.00126	-0.00296	0.99999		-8.34289	60.33033	873.81676	179.66313	2.62409	-2.60957	0.74344	0.99792	0.04580	0.04547	0.04548	-0.99893	0.00796	0.04578	-0.00587	-0.99893		501.47062	4.32927	39.85996	1.04926	-0.37693	0.65546	0.39756	0.99991	0.01132	0.00679	-0.01144	0.99977	0.01824	-0.00658	-0.01831	0.99981	
70	0.69000	-0.14277	2.13583	0.58735	0.16933	0.06979	-0.28654	0.43440	0.99999	-0.00500	-0.00123	0.00500	0.99998	0.00295	0.00122	-0.00296	0.99999		-8.27989	60.37757	873.81608	179.67776	2.62192	-2.62949	0.74826	0.99790	0.04613	0.04544	0.04583	-0.99892	0.00772	0.04575	-0.00562	-0.99894		501.47122	4.31905	39.83621	1.06759	-0.38101	0.64124	0.40032	0.99992	0.01107	0.00686	-0.01119	0.99977	0.01856	-0.00665	-0.01863	0.99980	
71	0.70000	-0.14866	2.13079	0.60156	0.16735	0.07727	-0.28439	0.43477	0.99999	-0.00496	-0.00136	0.00496	0.99998	0.00291	0.00135	-0.00292	0.99999		-8.37674	60.31517	873.81892	179.67021	2.63735	-2.59512	0.75005	0.99792	0.04554	0.04571	0.04523	-0.99895	0.00783	0.04601	-0.00575	-0.99892		501.47797	4.30113	39.88934	1.06814	-0.39361	0.63038	0.39929	0.99992	0.01087	0.00707	-0.01100	0.99977	0.01856	-0.00687	-0.01864	0.99980	
72	0.71000	-0.14464	2.13832	0.61333	0.17545	0.08107	-0.28587	0.43427	0.99999	-0.00498	-0.00143	0.00499	0.99998	0.00305	0.00141	-0.00306	0.99999		-8.46138	60.45136	873.76377	179.66362	2.61714	-2.62054	0.73758	0.99791	0.04599	0.04534	0.04567	-0.99892	0.00795	0.04566	-0.00586	-0.99894		501.46203	4.31222	39.90224	1.06077	-0.39457	0.63127	0.40230	0.99992	0.01089	0.00709	-0.01102	0.99977	0.01844	-0.00689	-0.01851	0.99980	
73	0.72000	-0.14317	2.14418	0.60558	0.16470	0.07767	-0.29010	0.43465	0.99999	-0.00506	-0.00137	0.00506	0.99998	0.00287	0.00136	-0.00287	0.99999		-8.41496	60.25597	873.81060	179.67015	2.63344	-2.61810	0.74781	0.99790	0.04594	0.04563	0.04563	-0.99893	0.00785	0.04595	-0.00575	-0.99893		501.46816	4.35948	39.89031	1.10487	-0.39100	0.61511	0.40029	0.99992	0.01060	0.00703	-0.01074	0.99976	0.01921	-0.00682	-0.01928	0.99979	
74	0.73000	-0.14493	2.13218	0.58561	0.17652	0.07148	-0.28183	0.43507	0.99999	-0.00491	-0.00126	0.00492	0.99998	0.00307	0.00125	-0.00308	0.99999		-8.32951	60.44102	873.82409	179.66727	2.63387	-2.61883	0.74296	0.99790	0.04596	0.04564	0.04564	-0.99893	0.00790	0.04595	-0.00580	-0.99893		501.47936	4.30459	39.85334	1.07604	-0.37807	0.60924	0.39684	0.99992	0.01051	0.00680	-0.01063	0.99977	0.01871	-0.00660	-0.01878	0.99980	
75	0.74000	-0.13960	2.14577	0.59239	0.17547	0.07479	-0.28939	0.43276	0.99999	-0.00505	-0.00132	0.00505	0.99998	0.00306	0.00131	-0.00306	0.99999		-8.41547	60.38382	873.81966	179.66695	2.64008	-2.62120	0.74365	0.99789	0.04600	0.04575	0.04568	-0.99892	0.00791	0.04606	-0.00581	-0.99892		501.45792	4.34915	39.87713	1.07990	-0.37566	0.62564	0.39575	0.99992	0.01079	0.00676	-0.01092	0.99976	0.01877	-0.00656	-0.01885	0.99980	
76	0.75000	-0.14546	2.14317	0.60340	0.16683	0.07711	-0.28922	0.43533	0.99999	-0.00504	-0.00136	0.00505	0.99998	0.00290	0.00135	-0.00291	0.99999		-8.46775	60.25308	873.80564	179.68414	2.63580	-2.62639	0.73601	0.99789	0.04608	0.04569	0.04577	-0.99892	0.00761	0.04599	-0.00551	-0.99893		501.45841	4.32828	39.89656	1.08453	-0.37298	0.63731	0.39364	0.99992	0.01100	0.00672	-0.01112	0.99976	0.01885	-0.00651	-0.01893	0.99980	
77	0.76000	-0.14867	2.13686	0.59898	0.16524	0.07742	-0.28785	0.43746	0.99999	-0.00502	-0.00137	0.00502	0.99998	0.00288	0.00135	-0.00288	0.99999		-8.46586	60.19241	873.83023	179.67880	2.64942	-2.61362	0.74533	0.99789	0.04586	0.04592	0.04555	-0.99893	0.00771	0.04622	-0.00560	-0.99892		501.46512	4.33575	39.90196	1.09765	-0.37857	0.63537	0.39703	0.99992	0.01096	0.00682	-0.01109	0.99976	0.01908	-0.00661	-0.01916	0.99979	
78	0.77000	-0.14933	2.13213	0.58824	0.17035	0.07444	-0.28524	0.43421	0.99999	-0.00497	-0.00131	0.00498	0.99998	0.00297	0.00130	-0.00297	0.99999		-8.40785	60.27868	873.85589	179.68013	2.65930	-2.61408	0.74779	0.99788	0.04587	0.04609	0.04556	-0.99893	0.00769	0.04640	-0.00558	-0.99891		501.46657	4.32093	39.87777	1.08267	-0.38046	0.62675	0.39797	0.99992	0.01081	0.00685	-0.01094	0.99976	0.01882	-0.00664	-0.01889	0.99980	
79	0.78000	-0.15015	2.11761	0.60099	0.16162	0.07639	-0.28039	0.43270	0.99999	-0.00489	-0.00135	0.00489	0.99998	0.00281	0.00133	-0.00282	0.99999		-8.42553	60.16433	873.83568	179.68390	2.64848	-2.61789	0.74293	0.99789	0.04593	0.04591	0.04563	-0.99893	0.00762	0.04621	-0.00551	-0.99892		501.46590	4.27732	39.88442	1.08127	-0.37976	0.62543	0.39615	0.99992	0.01079	0.00683	-0.01092	0.99976	0.01880	-0.00663	-0.01887	0.99980	
80	0.79000	-0.15474	2.13813	0.59982	0.17252	0.07748	-0.28498	0.43636	0.99999	-0.00497	-0.00137	0.00497	0.99998	0.00300	0.00135	-0.00301	0.99999		-8.44366	60.31466	873.80117	179.67741	2.63631	-2.62211	0.73562	0.99790	0.04601	0.04569	0.04570	-0.99893	0.00773	0.04600	-0.00562	-0.99893		501.46441	4.30770	39.90755	1.07770	-0.37082	0.62777	0.39948	0.99992	0.01083	0.00668	-0.01096	0.99976	0.01874	-0.00647	-0.01881	0.99980	
81	0.80000	-0.14966	2.13901	0.59763	0.16786	0.07484	-0.28676	0.43832	0.99999	-0.00500	-0.00132	0.00500	0.99998	0.00292	0.00131	-0.00293	0.99999		-8.39160	60.24519	873.82318	179.67790	2.63315	-2.62507	0.74427	0.99790	0.04606	0.04563	0.04575	-0.99892	0.00772	0.04594	-0.00562	-0.99893		501.46367	4.31531	39.87603	1.06799	-0.36641	0.63449	0.39818	0.99992	0.01095	0.00660	-0.01107	0.99977	0.01857	-0.00640	-0.01864	0.99981	
82	0.81000	-0.14600	2.14092	0.59479	0.17367	0.07469	-0.28673	0.43537	0.99999	-0.00500	-0.00132	0.00500	0.99998	0.00302	0.00130	-0.00303	0.99999		-8.37764	60.34920	873.80982	179.67657	2.62907	-2.61941	0.74290	0.99790	0.04596	0.04556	0.04565	-0.99893	0.00774	0.04587	-0.00564	-0.99893		501.46059	4.32676	39.87435	1.07379	-0.36964	0.62611	0.39583	0.99992	0.01080	0.00665	-0.01093	0.99977	0.01867	-0.00645	-0.01874	0.99980	
83	0.82000	-0.14133	2.13540	0.57883	0.16791	0.06918	-0.28613	0.43682	0.99999	-0.00499	-0.00122	0.00499	0.99998	0.00292	0.00121	-0.00293	0.99999		-8.28834	60.26391	873.83738	179.66621	2.61767	-2.61742	0.74170	0.99791	0.04593	0.04536	0.04562	-0.99893	0.00791	0.04567	-0.00582	-0.99894		501.46953	4.31406	39.83969	1.07228	-0.37365	0.64137	0.39888	0.99992	0.01107	0.00673	-0.01119	0.99976	0.01864	-0.00652	-0.01871	0.99980	
84	0.83000	-0.13734	2.13282	0.59670	0.17666	0.07637	-0.28080	0.43215	0.99999	-0.00490	-0.00135	0.00490	0.99998	0.00308	0.00133	-0.00308	0.99999		-8.38168	60.42635	873.80695	179.66725	2.63093	-2.61837	0.74401	0.99790	0.04595	0.04559	0.04564	-0.99893	0.00790	0.04590	-0.00580	-0.99893		501.46369	4.27095	39.87967	1.05863	-0.38417	0.64176	0.39908	0.99991	0.01107	0.00691	-0.01120	0.99977	0.01840	-0.00670	-0.01848	0.99981	
85	0.84000	-0.13645	2.13914	0.57904	0.17784	0.06901	-0.28374	0.43840	0.99999	-0.00495	-0.00122	0.00495	0.99998	0.00310	0.00120	-0.00310	0.99999		-8.26995	60.44419	873.83247	179.66121	2.62466	-2.61226	0.74565	0.99791	0.04585	0.04548	0.04553	-0.99893	0.00799	0.04579	-0.00591	-0.99893		501.46643	4.30625	39.82758	1.06866	-0.37658	0.62661	0.39652	0.99992	0.01081	0.00677	-0.01094	0.99977	0.01858	-0.00657	-0.01865	0.99980	
86	0.85000	-0.14589	2.14231	0.59871	0.17078	0.07723	-0.28860	0.43645	0.99999	-0.00503	-0.00136	0.00504	0.99998	0.00297	0.00135	-0.00298	0.99999		-8.40107	60.33401	873.80294	179.66264	2.62618	-2.61381	0.74787	0.99791	0.04587	0.04550	0.04556	-0.99893	0.00797	0.04582	-0.00588	-0.99893		501.45994	4.34037	39.89347	1.08387	-0.37357	0.63726	0.40091	0.99992	0.01100	0.00673	-0.01112	0.99976	0.01884	-0.00652	-0.01892	0.99980	
87	0.86000	-0.14767	2.13795	0.58111	0.17513	0.07012	-0.28493	0.43512	0.99999	-0.00497	-0.00124	0.00497	0.99998	0.00305	0.00122	-0.00306	0.99999		-8.30250	60.42770	873.81456	179.65703	2.61934	-2.61824	0.74630	0.99791	0.04595	0.04538	0.04563	-0.99893	0.00807	0.04570	-0.00598	-0.99894		501.47207	4.31245	39.84477	1.07606	-0.37688	0.63297	0.40193	0.99992	0.01092	0.00678	-0.01105	0.99976	0.01871	-0.00658	-0.01878	0.99980	
88	0.87000	-0.15038	2.13267	0.60741	0.16283	0.08098	-0.28665	0.43565	0.99999	-0.00500	-0.00143	0.00500	0.99998	0.00283	0.00141	-0.00284	0.99999		-8.48907	60.23893	873.80920	179.66878	2.63529	-2.61291	0.74067	0.99790	0.04585	0.04567	0.04554	-0.99893	0.00787	0.04598	-0.00577	-0.99893		501.46587	4.32726	39.91155	1.08881	-0.38570	0.63297	0.40008	0.99992	0.01092	0.00694	-0.01105	0.99976	0.01893	-0.00673	-0.01900	0.99980	
89	0.88000	-0.14455	2.13133	0.58346	0.16877	0.06968	-0.28331	0.43444	0.99999	-0.00494	-0.00123	0.00494	0.99998	0.00294	0.00122	-0.00295	0.99999		-8.32998	60.33299	873.84531	179.66705	2.64240	-2.60759	0.74594	0.99790	0.04576	0.04579	0.04545	-0.99894	0.00790	0.04610	-0.00580	-0.99892		501.47776	4.31550	39.83336	1.08915	-0.38644	0.61759	0.39759	0.99992	0.01065	0.00695	-0.01078	0.99976	0.01893	-0.00674	-0.01901	0.99980	
90	0.89000	-0.14384	2.14432	0.58139	0.17320	0.07118	-0.28665	0.43412	0.99999	-0.00500	-0.00126	0.00500	0.99998	0.00302	0.00124	-0.00302	0.99999		-8.38751	60.39775	873.81988	179.67897	2.63478	-2.60970	0.73959	0.99791	0.04579	0.04567	0.04548	-0.99894	0.00769	0.04597	-0.00560	-0.99893		501.47438	4.32112	39.85651	1.07415	-0.38072	0.63466	0.40010	0.99992	0.01095	0.00685	-0.01108	0.99976	0.01867	-0.00664	-0.01875	0.99980	
91	0.90000	-0.14664	2.14478	0.58889	0.16916	0.07291	-0.29049	0.43689	0.99999	-0.00507	-0.00129	0.00507	0.99998	0.00295	0.00127	-0.00295	0.99999		-8.40783	60.30749	873.84904	179.66475	2.65425	-2.61396	0.74291	0.99789	0.04588	0.04599	0.04556	-0.99893	0.00796	0.04631	-0.00584	-0.99891		501.47715	4.34642	39.85447	1.07024	-0.38654	0.64118	0.40223	0.99991	0.01106	0.00695	-0.01119	0.99976	0.01860	-0.00675	-0.01868	0.99980	
92	0.91000	-0.14403	2.13924	0.59017	0.17660	0.07384	-0.28586	0.43508	0.99999	-0.00498	-0.00130	0.00499	0.99998	0.00308	0.00129	-0.00308	0.99999		-8.42942	60.42000	873.83174	179.65540	2.64679	-2.61472	0.74342	0.99789	0.04590	0.04586	0.04557	-0.99893	0.00811	0.04618	-0.00601	-0.99892		501.47407	4.33593	39.87614	1.07768	-0.37816	0.62190	0.39578	0.99992	0.01073	0.00680	-0.01085	0.99977	0.01874	-0.00660	-0.01881	0.99980	
93	0.92000	-0.14444	2.13048	0.60165	0.17347	0.07778	-0.28437	0.43413	0.99999	-0.00496	-0.00137	0.00496	0.99998	0.00302	0.00136	-0.00303	0.99999		-8.47253	60.37557	873.81611	179.66850	2.64828	-2.61317	0.74644	0.99789	0.04586	0.04589	0.04554	-0.99893	0.00789	0.04620	-0.00578	-0.99892		501.47441	4.32687	39.88139	1.09150	-0.39690	0.61972	0.39722	0.99992	0.01068	0.00713	-0.01082	0.99976	0.01897	-0.00693	-0.01905	0.99979	
94	0.93000	-0.15075	2.14614	0.61350	0.16341	0.08253	-0.29086	0.43227	0.99999	-0.00507	-0.00145	0.00508	0.99998	0.00284	0.00144	-0.00285	0.99999		-8.53372	60.19477	873.83035	179.67555	2.65560	-2.62347	0.74440	0.99788	0.04603	0.04602	0.04572	-0.99892	0.00778	0.04633	-0.00566	-0.99891		501.46882	4.37197	39.92058	1.09937	-0.38805	0.61823	0.40170	0.99992	0.01066	0.00698	-0.01079	0.99976	0.01911	-0.00677	-0.01919	0.99979	
95	0.94000	-0.14780	2.12530	0.59920	0.16781	0.07499	-0.28396	0.43604	0.99999	-0.00495	-0.00132	0.00496	0.99998	0.00292	0.00131	-0.00293	0.99999		-8.39316	60.29519	873.81736	179.67807	2.62988	-2.62913	0.74627	0.99790	0.04613	0.04558	0.04582	-0.99892	0.00772	0.04588	-0.00561	-0.99893		501.46338	4.31655	39.86485	1.08814	-0.37791	0.62625	0.40036	0.99992	0.01080	0.00680	-0.01093	0.99976	0.01892	-0.00660	-0.01899	0.99980	
