1	0.00000	0.07648	2.00499	0.51391	-0.05198	-0.16091	-0.24294	0.54215	0.99999	-0.00424	0.00281	0.00424	0.99999	-0.00090	-0.00281	0.00091	1.00000		-4.73291	56.86005	874.40026	179.88394	2.39849	-2.28314	0.58407	0.99833	0.03992	0.04174	0.03980	-0.99920	0.00369	0.04185	-0.00202	-0.99912		501.62239	3.64005	37.81747	1.27295	-0.39863	0.49593	0.36589	0.99994	0.00850	0.00715	-0.00866	0.99972	0.02215	-0.00696	-0.02221	0.99973	
2	0.01000	0.06909	1.98054	0.52463	-0.05052	-0.15390	-0.23255	0.53195	0.99999	-0.00406	0.00269	0.00406	0.99999	-0.00087	-0.00269	0.00088	1.00000		-4.85079	56.95303	874.36165	179.87354	2.35895	-2.27346	0.60034	0.99837	0.03976	0.04104	0.03964	-0.99921	0.00384	0.04116	-0.00221	-0.99915		501.62172	3.55816	37.87029	1.25559	-0.40915	0.50078	0.36506	0.99994	0.00858	0.00733	-0.00874	0.99972	0.02185	-0.00714	-0.02191	0.99973	
3	0.02000	0.06548	1.98081	0.52113	-0.04889	-0.15777	-0.23494	0.53394	0.99999	-0.00410	0.00276	0.00410	0.99999	-0.00084	-0.00275	0.00085	1.00000		-4.78556	56.97950	874.37657	179.85612	2.37702	-2.26448	0.59755	0.99836	0.03962	0.04134	0.03948	-0.99921	0.00415	0.04147	-0.00251	-0.99914		501.61975	3.56752	37.84117	1.24463	-0.40057	0.50468	0.36459	0.99994	0.00865	0.00718	-0.00881	0.99973	0.02166	-0.00699	-0.02172	0.99974	
4	0.03000	0.00943	2.08296	0.71322	0.03217	-0.03096	-0.26678	0.55953	0.99999	-0.00466	0.00054	0.00466	0.99999	0.00056	-0.00054	-0.00056	1.00000		-6.59530	58.31803	874.07157	179.82425	2.54550	-2.53520	0.68648	0.99804	0.04437	0.04423	0.04419	-0.99901	0.00503	0.04441	-0.00306	-0.99901		501.52382	3.92860	38.87086	1.25845	-0.24111	0.50968	0.36773	0.99995	0.00880	0.00440	-0.00890	0.99972	0.02192	-0.00421	-0.02196	0.99975	
5	0.04000	0.01158	2.07095	0.70470	0.05150	-0.03602	-0.25778	0.56017	0.99999	-0.00450	0.00063	0.00450	0.99999	0.00090	-0.00063	-0.00090	1.00000		-6.57625	58.65247	874.05219	179.81906	2.53491	-2.54220	0.68581	0.99804	0.04449	0.04404	0.04431	-0.99900	0.00512	0.04423	-0.00315	-0.99902		501.52888	3.86954	38.82683	1.23689	-0.23930	0.50661	0.36982	0.99995	0.00875	0.00437	-0.00884	0.99973	0.02155	-0.00418	-0.02159	0.99976	
6	0.05000	0.24302	2.69899	0.09047	0.77390	-0.95910	-0.48198	0.65050	0.99982	-0.00864	0.01662	0.00841	0.99987	0.01365	-0.01674	-0.01350	0.99977		6.61130	68.96516	874.03792	179.14328	1.59290	-2.62581	0.62392	0.99856	0.04622	0.02708	0.04580	-0.99882	0.01621	0.02780	-0.01495	-0.99950		501.81679	5.54787	31.87353	0.23203	0.76064	0.98309	0.36703	0.99976	0.01721	-0.01320	-0.01716	0.99984	0.00428	0.01328	-0.00405	0.99990	
7	0.06000	-0.07402	2.17929	0.61162	0.27682	-0.03366	-0.29644	0.49779	0.99999	-0.00518	0.00056	0.00517	0.99998	0.00483	-0.00059	-0.00483	0.99999		-6.80065	61.94918	873.80395	179.55302	2.52897	-2.59523	0.72255	0.99800	0.04562	0.04372	0.04524	-0.99893	0.00979	0.04412	-0.00779	-0.99900		501.48164	4.12576	39.10688	0.89061	-0.28880	0.73558	0.43739	0.99990	0.01276	0.00524	-0.01284	0.99980	0.01548	-0.00504	-0.01554	0.99987	
8	0.07000	-0.07426	2.15632	0.58785	0.27127	-0.02997	-0.28630	0.49303	0.99999	-0.00500	0.00050	0.00500	0.99998	0.00474	-0.00052	-0.00473	0.99999		-6.89104	61.85763	873.83443	179.55725	2.53438	-2.58720	0.72161	0.99800	0.04548	0.04382	0.04510	-0.99894	0.00972	0.04422	-0.00772	-0.99899		501.46486	4.11933	39.08580	0.92525	-0.25769	0.60488	0.39148	0.99993	0.01048	0.00467	-0.01056	0.99981	0.01610	-0.00450	-0.01615	0.99986	
9	0.08000	-0.07243	2.17386	0.55134	0.28555	-0.03271	-0.28926	0.49005	0.99999	-0.00505	0.00055	0.00505	0.99997	0.00499	-0.00057	-0.00498	0.99999		-6.86199	62.02783	873.86783	179.53836	2.54216	-2.59313	0.72387	0.99799	0.04560	0.04394	0.04520	-0.99893	0.01006	0.04435	-0.00805	-0.99898		501.45670	4.12249	39.09789	0.91043	-0.24027	0.61923	0.38911	0.99993	0.01074	0.00436	-0.01081	0.99982	0.01584	-0.00419	-0.01589	0.99986	
10	0.09000	-0.08274	2.14906	0.57800	0.26039	-0.01497	-0.28525	0.48300	0.99999	-0.00498	0.00024	0.00498	0.99998	0.00455	-0.00026	-0.00454	0.99999		-7.08708	61.64155	873.87343	179.57774	2.56300	-2.58324	0.73088	0.99798	0.04540	0.04434	0.04503	-0.99894	0.00938	0.04472	-0.00736	-0.99897		501.43923	4.10705	39.22497	0.94379	-0.24326	0.59858	0.38814	0.99994	0.01038	0.00442	-0.01045	0.99981	0.01643	-0.00425	-0.01647	0.99986	
11	0.10000	-0.07761	2.15908	0.54112	0.27325	-0.02369	-0.28856	0.48235	0.99999	-0.00504	0.00039	0.00504	0.99998	0.00477	-0.00041	-0.00477	0.99999		-6.93176	61.81434	873.88582	179.57274	2.54068	-2.60249	0.72320	0.99799	0.04574	0.04394	0.04536	-0.99893	0.00946	0.04433	-0.00745	-0.99899		501.43969	4.12697	39.17768	0.92489	-0.23593	0.59931	0.38658	0.99994	0.01039	0.00429	-0.01046	0.99982	0.01610	-0.00412	-0.01614	0.99986	
12	0.11000	-0.08211	2.16705	0.53449	0.27917	-0.02129	-0.29006	0.48088	0.99999	-0.00506	0.00035	0.00506	0.99998	0.00487	-0.00037	-0.00487	0.99999		-6.91420	61.87293	873.88561	179.56770	2.53255	-2.60284	0.72342	0.99799	0.04574	0.04380	0.04537	-0.99892	0.00954	0.04419	-0.00754	-0.99899		501.44622	4.14273	39.18221	0.91305	-0.25520	0.59490	0.38821	0.99994	0.01031	0.00462	-0.01038	0.99982	0.01589	-0.00445	-0.01593	0.99986	
13	0.12000	-0.07600	2.16583	0.51465	0.28536	-0.02781	-0.28611	0.48103	0.99999	-0.00500	0.00046	0.00499	0.99998	0.00498	-0.00049	-0.00498	0.99999		-6.77082	61.96485	873.88296	179.56691	2.51651	-2.59343	0.72045	0.99801	0.04558	0.04352	0.04520	-0.99893	0.00954	0.04391	-0.00755	-0.99901		501.44266	4.12652	39.13751	0.94645	-0.25891	0.58547	0.39191	0.99994	0.01014	0.00469	-0.01022	0.99981	0.01647	-0.00452	-0.01652	0.99985	
14	0.13000	-0.07038	2.16004	0.52690	0.27526	-0.01895	-0.28321	0.47555	0.99999	-0.00494	0.00031	0.00494	0.99998	0.00481	-0.00033	-0.00480	0.99999		-6.85734	61.79952	873.89808	179.57983	2.52459	-2.59603	0.73166	0.99800	0.04562	0.04367	0.04525	-0.99893	0.00932	0.04405	-0.00733	-0.99900		501.43515	4.08615	39.20496	0.93169	-0.25811	0.59121	0.39287	0.99994	0.01024	0.00467	-0.01032	0.99982	0.01621	-0.00450	-0.01626	0.99986	
15	0.14000	-0.06723	2.16971	0.51933	0.27408	-0.01942	-0.28832	0.47490	0.99999	-0.00503	0.00032	0.00503	0.99998	0.00478	-0.00034	-0.00478	0.99999		-6.82260	61.76804	873.91837	179.58124	2.53059	-2.59670	0.72854	0.99800	0.04563	0.04378	0.04526	-0.99893	0.00930	0.04415	-0.00730	-0.99900		501.43239	4.11672	39.21625	0.92864	-0.24714	0.59523	0.39070	0.99994	0.01032	0.00448	-0.01039	0.99982	0.01616	-0.00431	-0.01621	0.99986	
16	0.15000	-0.06192	2.16794	0.50814	0.27175	-0.02161	-0.28654	0.47324	0.99999	-0.00500	0.00035	0.00500	0.99998	0.00474	-0.00038	-0.00474	0.99999		-6.77389	61.75338	873.92862	179.58171	2.53335	-2.60309	0.72946	0.99799	0.04574	0.04382	0.04537	-0.99893	0.00930	0.04420	-0.00729	-0.99900		501.43836	4.10405	39.20943	0.93176	-0.24949	0.58880	0.38943	0.99994	0.01020	0.00452	-0.01028	0.99982	0.01622	-0.00435	-0.01626	0.99986	
17	0.16000	-0.06356	2.16897	0.50306	0.28561	-0.02500	-0.28673	0.47360	0.99999	-0.00501	0.00041	0.00500	0.99998	0.00499	-0.00044	-0.00498	0.99999		-6.74266	61.96753	873.92026	179.56458	2.52817	-2.59210	0.73236	0.99800	0.04556	0.04372	0.04518	-0.99893	0.00959	0.04411	-0.00759	-0.99900		501.43273	4.10246	39.17266	0.91232	-0.25121	0.60081	0.39166	0.99994	0.01041	0.00455	-0.01049	0.99982	0.01588	-0.00438	-0.01592	0.99986	
18	0.17000	-0.07196	2.18232	0.49534	0.28115	-0.02526	-0.29140	0.47586	0.99999	-0.00509	0.00042	0.00509	0.99998	0.00491	-0.00044	-0.00491	0.99999		-6.77072	61.90806	873.91059	179.56290	2.52094	-2.59966	0.72756	0.99800	0.04569	0.04359	0.04531	-0.99893	0.00962	0.04398	-0.00762	-0.99900		501.43676	4.14509	39.17943	0.93947	-0.24760	0.58085	0.39001	0.99994	0.01007	0.00449	-0.01014	0.99981	0.01635	-0.00432	-0.01640	0.99986	
19	0.18000	-0.07960	2.18067	0.50316	0.27347	-0.02136	-0.29372	0.47249	0.99999	-0.00513	0.00035	0.00513	0.99998	0.00477	-0.00037	-0.00477	0.99999		-6.86611	61.83019	873.91667	179.56456	2.52980	-2.60292	0.73197	0.99799	0.04575	0.04375	0.04537	-0.99892	0.00960	0.04414	-0.00759	-0.99900		501.43793	4.14998	39.21791	0.93852	-0.24862	0.59458	0.38593	0.99994	0.01030	0.00451	-0.01038	0.99981	0.01633	-0.00434	-0.01638	0.99986	
20	0.19000	-0.08093	2.18686	0.48142	0.28976	-0.03146	-0.29503	0.47986	0.99999	-0.00515	0.00052	0.00515	0.99997	0.00506	-0.00055	-0.00506	0.99999		-6.76740	62.09255	873.91986	179.54675	2.52825	-2.60690	0.73381	0.99799	0.04583	0.04371	0.04544	-0.99892	0.00991	0.04411	-0.00790	-0.99900		501.44291	4.16289	39.13905	0.90605	-0.24221	0.59478	0.38723	0.99994	0.01031	0.00439	-0.01038	0.99982	0.01577	-0.00423	-0.01581	0.99987	
21	0.20000	-0.08593	2.16986	0.50849	0.27717	-0.01862	-0.28774	0.47174	0.99999	-0.00502	0.00030	0.00502	0.99998	0.00484	-0.00033	-0.00484	0.99999		-6.99433	61.94247	873.90717	179.56236	2.55193	-2.60011	0.72697	0.99798	0.04570	0.04413	0.04532	-0.99893	0.00965	0.04452	-0.00763	-0.99898		501.44138	4.12679	39.22164	0.94553	-0.26426	0.56797	0.39339	0.99994	0.00984	0.00477	-0.00991	0.99982	0.01646	-0.00461	-0.01650	0.99985	
22	0.21000	-0.07440	2.17882	0.49286	0.28870	-0.02535	-0.28926	0.47367	0.99999	-0.00505	0.00042	0.00505	0.99997	0.00504	-0.00044	-0.00504	0.99999		-6.95053	62.13489	873.88843	179.55052	2.54193	-2.59434	0.73003	0.99799	0.04561	0.04395	0.04522	-0.99893	0.00984	0.04435	-0.00784	-0.99899		501.38352	4.11417	39.19854	0.91687	-0.20298	0.63271	0.38125	0.99993	0.01098	0.00372	-0.01104	0.99981	0.01596	-0.00354	-0.01600	0.99987	
23	0.22000	-0.07619	2.16870	0.50165	0.28227	-0.02001	-0.28571	0.46976	0.99999	-0.00499	0.00033	0.00499	0.99998	0.00493	-0.00035	-0.00493	0.99999		-7.03756	62.04891	873.91903	179.54942	2.56484	-2.60046	0.72946	0.99797	0.04572	0.04435	0.04533	-0.99892	0.00989	0.04475	-0.00786	-0.99897		501.43300	4.09266	39.21524	0.92110	-0.25339	0.59808	0.39087	0.99994	0.01037	0.00459	-0.01044	0.99982	0.01603	-0.00442	-0.01608	0.99986	
24	0.23000	-0.07129	2.17943	0.50005	0.28472	-0.01999	-0.29054	0.47525	0.99999	-0.00507	0.00032	0.00507	0.99997	0.00497	-0.00035	-0.00497	0.99999		-7.04236	62.06575	873.91244	179.53816	2.56237	-2.59125	0.73301	0.99798	0.04557	0.04430	0.04517	-0.99893	0.01007	0.04471	-0.00805	-0.99897		501.43500	4.13712	39.21972	0.93246	-0.25660	0.58828	0.39169	0.99994	0.01019	0.00464	-0.01027	0.99982	0.01623	-0.00448	-0.01627	0.99986	
25	0.24000	-0.07131	2.17358	0.49069	0.28275	-0.02403	-0.28618	0.47300	0.99999	-0.00500	0.00040	0.00499	0.99998	0.00494	-0.00042	-0.00493	0.99999		-6.94148	62.04990	873.92286	179.54706	2.55877	-2.59825	0.72845	0.99798	0.04568	0.04424	0.04529	-0.99892	0.00992	0.04464	-0.00790	-0.99897		501.43833	4.09306	39.18552	0.91094	-0.25850	0.59005	0.39756	0.99994	0.01023	0.00467	-0.01030	0.99982	0.01585	-0.00451	-0.01590	0.99986	
26	0.25000	-0.07708	2.16860	0.48943	0.28100	-0.02059	-0.28664	0.47029	0.99999	-0.00500	0.00034	0.00500	0.99998	0.00491	-0.00036	-0.00490	0.99999		-6.94241	62.03160	873.91756	179.54994	2.54389	-2.59696	0.73248	0.99799	0.04566	0.04398	0.04527	-0.99893	0.00986	0.04438	-0.00785	-0.99898		501.43939	4.10920	39.21713	0.92630	-0.25706	0.59006	0.38938	0.99994	0.01022	0.00465	-0.01030	0.99982	0.01612	-0.00449	-0.01617	0.99986	
27	0.26000	-0.08088	2.18917	0.48275	0.28202	-0.02578	-0.29381	0.47192	0.99999	-0.00513	0.00043	0.00513	0.99997	0.00492	-0.00045	-0.00492	0.99999		-6.82741	62.01686	873.89599	179.55478	2.52091	-2.60189	0.72980	0.99800	0.04574	0.04358	0.04535	-0.99892	0.00976	0.04398	-0.00776	-0.99900		501.44887	4.15438	39.17568	0.93461	-0.25406	0.59624	0.38905	0.99994	0.01033	0.00460	-0.01041	0.99981	0.01626	-0.00443	-0.01631	0.99986	
28	0.27000	-0.08001	2.17965	0.48174	0.29292	-0.02584	-0.28881	0.47292	0.99999	-0.00504	0.00043	0.00504	0.99997	0.00511	-0.00045	-0.00511	0.99999		-6.76847	62.17554	873.89560	179.54301	2.51470	-2.60565	0.73681	0.99800	0.04581	0.04347	0.04542	-0.99892	0.00996	0.04388	-0.00797	-0.99901		501.44594	4.12158	39.17311	0.90987	-0.25634	0.58894	0.39376	0.99994	0.01021	0.00464	-0.01028	0.99982	0.01583	-0.00447	-0.01588	0.99986	
29	0.28000	-0.07863	2.17439	0.48672	0.28883	-0.02241	-0.28677	0.47227	0.99999	-0.00501	0.00037	0.00501	0.99997	0.00504	-0.00039	-0.00504	0.99999		-6.78669	62.09830	873.90196	179.55984	2.51990	-2.61133	0.73318	0.99800	0.04590	0.04357	0.04552	-0.99892	0.00968	0.04397	-0.00767	-0.99900		501.44062	4.10359	39.20370	0.91502	-0.25872	0.59008	0.39177	0.99994	0.01023	0.00468	-0.01030	0.99982	0.01592	-0.00452	-0.01597	0.99986	
30	0.29000	-0.07315	2.17309	0.47139	0.28288	-0.02677	-0.28775	0.47407	0.99999	-0.00502	0.00044	0.00502	0.99998	0.00494	-0.00047	-0.00494	0.99999		-6.72190	61.97090	873.92626	179.56126	2.51719	-2.60151	0.73229	0.99801	0.04572	0.04353	0.04535	-0.99892	0.00964	0.04392	-0.00765	-0.99901		501.45130	4.13397	39.18182	0.95207	-0.26063	0.58324	0.38196	0.99994	0.01010	0.00472	-0.01018	0.99981	0.01657	-0.00455	-0.01662	0.99985	
31	0.30000	-0.06816	2.17528	0.47066	0.29352	-0.02740	-0.28629	0.47093	0.99999	-0.00500	0.00045	0.00500	0.99997	0.00512	-0.00048	-0.00512	0.99999		-6.73164	62.12401	873.91435	179.56340	2.51344	-2.60138	0.72572	0.99801	0.04572	0.04346	0.04534	-0.99893	0.00960	0.04385	-0.00761	-0.99901		501.44569	4.12296	39.17085	0.93912	-0.25580	0.58631	0.39219	0.99994	0.01016	0.00463	-0.01023	0.99981	0.01634	-0.00446	-0.01639	0.99986	
32	0.31000	-0.06876	2.17113	0.46437	0.29353	-0.03157	-0.28434	0.47055	0.99999	-0.00497	0.00053	0.00496	0.99997	0.00512	-0.00055	-0.00512	0.99999		-6.68832	62.09113	873.93822	179.56172	2.52286	-2.60053	0.72731	0.99800	0.04571	0.04362	0.04533	-0.99893	0.00964	0.04402	-0.00764	-0.99900		501.45491	4.10455	39.14502	0.92541	-0.25018	0.58504	0.39104	0.99994	0.01014	0.00453	-0.01021	0.99982	0.01611	-0.00437	-0.01615	0.99986	
33	0.32000	-0.07176	2.17819	0.48191	0.27605	-0.02277	-0.28983	0.47128	0.99999	-0.00506	0.00037	0.00506	0.99998	0.00482	-0.00040	-0.00482	0.99999		-6.85818	61.79803	873.94722	179.58531	2.54110	-2.60082	0.73408	0.99799	0.04570	0.04396	0.04533	-0.99893	0.00924	0.04434	-0.00723	-0.99899		501.45219	4.12196	39.21115	0.93479	-0.25399	0.60074	0.39126	0.99994	0.01041	0.00460	-0.01048	0.99981	0.01627	-0.00443	-0.01631	0.99986	
34	0.33000	-0.15583	2.15765	1.09300	0.07979	0.19348	-0.30759	0.53283	0.99998	-0.00536	-0.00338	0.00537	0.99998	0.00137	0.00338	-0.00139	0.99999		-10.11512	58.82007	873.49359	179.78136	2.74760	-2.62902	0.73131	0.99780	0.04605	0.04771	0.04582	-0.99893	0.00601	0.04794	-0.00381	-0.99884		501.38253	4.18537	40.49343	1.14326	-0.47920	0.60479	0.39274	0.99991	0.01039	0.00857	-0.01056	0.99975	0.01986	-0.00836	-0.01995	0.99977	
35	0.34000	-0.08326	2.18038	0.44892	0.29262	-0.03653	-0.29222	0.47495	0.99999	-0.00510	0.00061	0.00510	0.99997	0.00511	-0.00064	-0.00511	0.99999		-6.72529	62.07931	873.93581	179.56903	2.52327	-2.61124	0.72469	0.99799	0.04589	0.04364	0.04551	-0.99892	0.00952	0.04403	-0.00751	-0.99900		501.46529	4.17243	39.11942	0.93293	-0.25764	0.58803	0.39135	0.99994	0.01019	0.00466	-0.01026	0.99982	0.01623	-0.00450	-0.01628	0.99986	
36	0.35000	-0.08500	2.16995	0.46834	0.27442	-0.02712	-0.29005	0.46787	0.99999	-0.00506	0.00045	0.00506	0.99998	0.00479	-0.00047	-0.00479	0.99999		-6.87393	61.82124	873.95755	179.57423	2.54623	-2.61734	0.72832	0.99797	0.04599	0.04404	0.04562	-0.99891	0.00945	0.04443	-0.00742	-0.99899		501.45170	4.13472	39.18881	0.93740	-0.25168	0.60141	0.38835	0.99994	0.01042	0.00456	-0.01050	0.99981	0.01631	-0.00439	-0.01636	0.99986	
37	0.36000	-0.08435	2.17326	0.45927	0.28737	-0.03011	-0.28888	0.46427	0.99999	-0.00504	0.00050	0.00504	0.99997	0.00502	-0.00053	-0.00502	0.99999		-6.84607	62.03056	873.94890	179.55721	2.54362	-2.61766	0.73163	0.99797	0.04601	0.04398	0.04563	-0.99891	0.00975	0.04438	-0.00772	-0.99898		501.45027	4.12950	39.16333	0.93046	-0.24910	0.59967	0.39447	0.99994	0.01039	0.00452	-0.01047	0.99981	0.01619	-0.00435	-0.01624	0.99986	
38	0.37000	-0.08149	2.16291	0.46197	0.27752	-0.02872	-0.28460	0.47050	0.99999	-0.00497	0.00048	0.00497	0.99998	0.00485	-0.00050	-0.00484	0.99999		-6.86064	61.92153	873.94760	179.56471	2.53843	-2.61182	0.73322	0.99798	0.04590	0.04390	0.04552	-0.99892	0.00961	0.04429	-0.00759	-0.99899		501.44986	4.09809	39.17625	0.94271	-0.24852	0.58624	0.39001	0.99994	0.01016	0.00451	-0.01023	0.99981	0.01641	-0.00434	-0.01645	0.99986	
39	0.38000	-0.07794	2.18501	0.44583	0.29029	-0.03539	-0.29136	0.46887	0.99999	-0.00509	0.00059	0.00509	0.99997	0.00507	-0.00062	-0.00507	0.99999		-6.74550	62.10551	873.96725	179.54770	2.54736	-2.60283	0.73965	0.99798	0.04576	0.04404	0.04537	-0.99892	0.00990	0.04445	-0.00789	-0.99898		501.45217	4.14983	39.12771	0.93946	-0.24723	0.58753	0.38912	0.99994	0.01018	0.00448	-0.01025	0.99981	0.01635	-0.00431	-0.01640	0.99986	
40	0.39000	-0.08015	2.17795	0.47843	0.27992	-0.02046	-0.28816	0.46686	0.99999	-0.00503	0.00033	0.00503	0.99998	0.00489	-0.00036	-0.00489	0.99999		-6.95020	61.99422	873.91927	179.55664	2.53825	-2.61048	0.73118	0.99798	0.04589	0.04389	0.04550	-0.99892	0.00975	0.04429	-0.00773	-0.99899		501.45372	4.11070	39.20770	0.92209	-0.27660	0.58843	0.39401	0.99994	0.01019	0.00499	-0.01027	0.99982	0.01604	-0.00483	-0.01609	0.99986	
41	0.40000	-0.07430	2.17860	0.45246	0.28359	-0.03067	-0.28907	0.47085	0.99999	-0.00505	0.00051	0.00505	0.99998	0.00495	-0.00054	-0.00495	0.99999		-6.76314	62.05752	873.93935	179.54851	2.52511	-2.59991	0.73348	0.99800	0.04571	0.04365	0.04532	-0.99892	0.00987	0.04406	-0.00787	-0.99900		501.44166	4.11745	39.15591	0.92662	-0.25117	0.59229	0.39569	0.99994	0.01027	0.00455	-0.01034	0.99982	0.01613	-0.00438	-0.01617	0.99986	
42	0.41000	-0.07433	2.19136	0.46504	0.28170	-0.02757	-0.29390	0.47119	0.99999	-0.00513	0.00046	0.00513	0.99997	0.00492	-0.00048	-0.00492	0.99999		-6.77611	62.04545	873.91908	179.55730	2.52310	-2.61814	0.73585	0.99799	0.04602	0.04362	0.04563	-0.99891	0.00973	0.04402	-0.00772	-0.99900		501.43924	4.15886	39.16941	0.94384	-0.26157	0.57868	0.39294	0.99994	0.01002	0.00473	-0.01010	0.99981	0.01643	-0.00457	-0.01647	0.99985	
43	0.42000	-0.08045	2.18561	0.46803	0.27835	-0.02779	-0.29121	0.46765	0.99999	-0.00508	0.00046	0.00508	0.99998	0.00486	-0.00048	-0.00486	0.99999		-6.73661	61.99400	873.92231	179.55040	2.51881	-2.60698	0.73736	0.99800	0.04583	0.04354	0.04544	-0.99892	0.00984	0.04395	-0.00784	-0.99900		501.50372	3.75758	39.14464	0.62516	-0.31741	1.05276	0.28945	0.99982	0.01831	0.00574	-0.01837	0.99977	0.01081	-0.00554	-0.01091	0.99993	
44	0.43000	-0.07741	2.17894	0.43055	0.29955	-0.03898	-0.28809	0.46979	0.99999	-0.00503	0.00065	0.00503	0.99997	0.00523	-0.00068	-0.00523	0.99999		-6.56733	62.33420	873.91214	179.52631	2.49136	-2.60813	0.73285	0.99802	0.04586	0.04305	0.04546	-0.99891	0.01024	0.04347	-0.00826	-0.99902		501.43803	4.09599	39.11601	0.90239	-0.22873	0.60414	0.38822	0.99994	0.01048	0.00416	-0.01054	0.99982	0.01571	-0.00399	-0.01575	0.99987	
45	0.44000	-0.07872	2.18193	0.43097	0.29244	-0.04056	-0.28974	0.47089	0.99999	-0.00506	0.00068	0.00506	0.99997	0.00511	-0.00071	-0.00510	0.99999		-6.54345	62.18768	873.94531	179.53754	2.50803	-2.59757	0.73223	0.99802	0.04567	0.04335	0.04528	-0.99892	0.01005	0.04376	-0.00806	-0.99901		501.44342	4.13568	39.07922	0.92930	-0.24014	0.58249	0.39293	0.99994	0.01010	0.00436	-0.01017	0.99982	0.01618	-0.00419	-0.01622	0.99986	
46	0.45000	-0.08121	2.16747	0.48360	0.27871	-0.01945	-0.28453	0.46525	0.99999	-0.00497	0.00032	0.00497	0.99998	0.00487	-0.00034	-0.00486	0.99999		-6.88017	61.97266	873.91181	179.55878	2.53144	-2.59558	0.73435	0.99800	0.04562	0.04377	0.04524	-0.99893	0.00969	0.04417	-0.00769	-0.99899		501.43580	4.09114	39.22361	0.94281	-0.25768	0.57452	0.38895	0.99994	0.00995	0.00466	-0.01003	0.99982	0.01641	-0.00450	-0.01645	0.99985	
47	0.46000	-0.07291	2.19782	0.44638	0.29237	-0.03462	-0.29379	0.47040	0.99999	-0.00513	0.00058	0.00513	0.99997	0.00511	-0.00060	-0.00510	0.99999		-6.70430	62.15264	873.93041	179.55646	2.51357	-2.63248	0.73524	0.99798	0.04627	0.04345	0.04589	-0.99890	0.00975	0.04386	-0.00773	-0.99901		501.43545	4.12703	39.12526	0.91268	-0.23364	0.61773	0.38919	0.99993	0.01071	0.00425	-0.01078	0.99982	0.01588	-0.00408	-0.01593	0.99986	
48	0.47000	-0.06920	2.17699	0.44831	0.29413	-0.03322	-0.28555	0.46938	0.99999	-0.00499	0.00055	0.00498	0.99997	0.00514	-0.00058	-0.00513	0.99999		-6.75907	62.15377	873.93611	179.54808	2.52023	-2.61110	0.73296	0.99800	0.04590	0.04357	0.04551	-0.99891	0.00988	0.04397	-0.00788	-0.99900		501.43770	4.08924	39.13149	0.91927	-0.24474	0.59275	0.38998	0.99994	0.01028	0.00444	-0.01035	0.99982	0.01600	-0.00427	-0.01604	0.99986	
49	0.48000	-0.08086	2.18636	0.47026	0.28628	-0.02463	-0.29266	0.46689	0.99999	-0.00511	0.00040	0.00511	0.99997	0.00500	-0.00043	-0.00500	0.99999		-6.90542	61.99157	873.92979	179.55656	2.54594	-2.61743	0.73500	0.99797	0.04601	0.04402	0.04562	-0.99891	0.00976	0.04442	-0.00773	-0.99898		501.44049	4.14262	39.18770	0.92902	-0.25350	0.59264	0.38975	0.99994	0.01027	0.00459	-0.01034	0.99982	0.01617	-0.00442	-0.01621	0.99986	
50	0.49000	-0.08662	2.16909	0.46402	0.28375	-0.02558	-0.28713	0.46733	0.99999	-0.00501	0.00042	0.00501	0.99998	0.00495	-0.00045	-0.00495	0.99999		-6.90042	61.95334	873.94645	179.56447	2.54404	-2.60150	0.73175	0.99798	0.04572	0.04400	0.04534	-0.99893	0.00961	0.04439	-0.00759	-0.99899		501.44632	4.10366	39.18207	0.92894	-0.25454	0.59865	0.38915	0.99994	0.01037	0.00461	-0.01045	0.99981	0.01617	-0.00444	-0.01621	0.99986	
51	0.50000	-0.08431	2.17073	0.47113	0.27800	-0.02319	-0.28803	0.46576	0.99999	-0.00503	0.00038	0.00503	0.99998	0.00485	-0.00040	-0.00485	0.99999		-6.94347	61.86918	873.93773	179.58376	2.54619	-2.61224	0.72732	0.99797	0.04590	0.04405	0.04553	-0.99892	0.00928	0.04442	-0.00726	-0.99899		501.43390	4.10268	39.19826	0.92537	-0.25456	0.59643	0.39036	0.99994	0.01034	0.00461	-0.01041	0.99982	0.01610	-0.00444	-0.01615	0.99986	
52	0.51000	-0.08745	2.17524	0.46901	0.27706	-0.02382	-0.29043	0.46712	0.99999	-0.00507	0.00039	0.00507	0.99998	0.00484	-0.00042	-0.00484	0.99999		-6.91478	61.82965	873.95581	179.57864	2.54990	-2.61302	0.72868	0.99797	0.04592	0.04411	0.04554	-0.99892	0.00937	0.04449	-0.00735	-0.99898		501.44039	4.12370	39.19109	0.93620	-0.26030	0.59367	0.39341	0.99994	0.01029	0.00471	-0.01036	0.99981	0.01629	-0.00454	-0.01634	0.99986	
53	0.52000	-0.08056	2.16770	0.44377	0.28208	-0.03440	-0.28745	0.46841	0.99999	-0.00502	0.00058	0.00502	0.99998	0.00493	-0.00060	-0.00492	0.99999		-6.73846	61.92544	873.97059	179.57541	2.53370	-2.61228	0.72768	0.99798	0.04590	0.04382	0.04553	-0.99892	0.00942	0.04421	-0.00740	-0.99899		501.44150	4.13110	39.13675	0.95368	-0.23879	0.57116	0.39071	0.99994	0.00990	0.00433	-0.00997	0.99981	0.01660	-0.00417	-0.01664	0.99985	
54	0.53000	-0.08397	2.16549	0.47303	0.27588	-0.02173	-0.28641	0.46513	0.99999	-0.00500	0.00036	0.00500	0.99998	0.00482	-0.00038	-0.00481	0.99999		-6.89504	61.83300	873.94877	179.57352	2.54535	-2.60234	0.73769	0.99798	0.04573	0.04403	0.04536	-0.99893	0.00945	0.04441	-0.00744	-0.99899		501.43900	4.11092	39.21122	0.94589	-0.25599	0.57219	0.39217	0.99994	0.00991	0.00463	-0.00999	0.99981	0.01646	-0.00447	-0.01651	0.99985	
55	0.54000	-0.07406	2.17751	0.46000	0.29963	-0.02734	-0.28744	0.46913	0.99999	-0.00502	0.00045	0.00502	0.99997	0.00523	-0.00048	-0.00523	0.99999		-6.79607	62.20852	873.93196	179.54944	2.53523	-2.60889	0.73394	0.99799	0.04586	0.04383	0.04547	-0.99892	0.00987	0.04423	-0.00786	-0.99899		501.43234	4.10983	39.17521	0.91634	-0.25060	0.59637	0.39214	0.99994	0.01034	0.00454	-0.01041	0.99982	0.01595	-0.00437	-0.01599	0.99986	
56	0.55000	-0.07309	2.17118	0.45022	0.28896	-0.02932	-0.28491	0.46778	0.99999	-0.00497	0.00049	0.00497	0.99998	0.00505	-0.00051	-0.00504	0.99999		-6.73436	62.07983	873.95935	179.55946	2.53573	-2.60452	0.73740	0.99799	0.04578	0.04385	0.04540	-0.99892	0.00969	0.04424	-0.00768	-0.99899		501.44091	4.09233	39.15952	0.92308	-0.25215	0.58011	0.39019	0.99994	0.01005	0.00456	-0.01012	0.99982	0.01606	-0.00440	-0.01611	0.99986	
57	0.56000	-0.06982	2.17992	0.46215	0.28121	-0.02678	-0.29057	0.46960	0.99999	-0.00507	0.00044	0.00507	0.99998	0.00491	-0.00047	-0.00491	0.99999		-6.77344	61.97682	873.92960	179.56209	2.52091	-2.61211	0.73623	0.99799	0.04591	0.04359	0.04553	-0.99892	0.00964	0.04398	-0.00764	-0.99900		501.43649	4.12922	39.16622	0.92930	-0.25335	0.58900	0.39111	0.99994	0.01021	0.00459	-0.01028	0.99982	0.01617	-0.00442	-0.01622	0.99986	
58	0.57000	-0.07492	2.16944	0.45027	0.29192	-0.03069	-0.28377	0.46506	0.99999	-0.00495	0.00051	0.00495	0.99997	0.00510	-0.00054	-0.00509	0.99999		-6.69340	62.17983	873.93379	179.55540	2.52196	-2.60945	0.73835	0.99800	0.04587	0.04360	0.04548	-0.99892	0.00975	0.04400	-0.00775	-0.99900		501.49657	3.72467	39.13129	0.60411	-0.31279	1.03338	0.29156	0.99982	0.01798	0.00565	-0.01803	0.99978	0.01044	-0.00546	-0.01054	0.99993	
59	0.58000	-0.07782	2.18970	0.44541	0.29157	-0.03273	-0.29226	0.46997	0.99999	-0.00510	0.00055	0.00510	0.99997	0.00509	-0.00057	-0.00509	0.99999		-6.67586	62.16514	873.93098	179.54880	2.51925	-2.61260	0.73169	0.99800	0.04593	0.04355	0.04554	-0.99891	0.00987	0.04395	-0.00787	-0.99900		501.43100	4.13576	39.14089	0.92364	-0.23778	0.59702	0.38608	0.99994	0.01035	0.00432	-0.01042	0.99982	0.01608	-0.00415	-0.01612	0.99986	
60	0.59000	-0.07753	2.18965	0.43412	0.29353	-0.03682	-0.29221	0.46616	0.99999	-0.00510	0.00062	0.00510	0.99997	0.00513	-0.00064	-0.00512	0.99999		-6.64294	62.19678	873.95011	179.54237	2.51636	-2.60576	0.73573	0.99800	0.04581	0.04349	0.04542	-0.99892	0.00997	0.04390	-0.00798	-0.99900		501.44039	4.13963	39.10076	0.92672	-0.24959	0.59369	0.39212	0.99994	0.01029	0.00452	-0.01036	0.99982	0.01613	-0.00436	-0.01617	0.99986	
61	0.60000	-0.07949	2.18437	0.43771	0.29758	-0.03556	-0.28913	0.47039	0.99999	-0.00505	0.00059	0.00505	0.99997	0.00520	-0.00062	-0.00519	0.99999		-6.68531	62.26851	873.94802	179.52902	2.52442	-2.60541	0.73903	0.99800	0.04582	0.04362	0.04541	-0.99892	0.01021	0.04405	-0.00821	-0.99900		501.44232	4.14148	39.10901	0.93563	-0.25020	0.55993	0.39121	0.99994	0.00970	0.00453	-0.00977	0.99982	0.01629	-0.00437	-0.01633	0.99986	
62	0.61000	-0.08039	2.17080	0.46288	0.28959	-0.02557	-0.28767	0.46994	0.99999	-0.00502	0.00042	0.00502	0.99997	0.00506	-0.00045	-0.00505	0.99999		-6.86670	62.14825	873.92470	179.55287	2.54320	-2.58918	0.73780	0.99800	0.04552	0.04397	0.04513	-0.99893	0.00980	0.04437	-0.00780	-0.99898		501.49144	3.76567	39.15621	0.62214	-0.32040	1.02688	0.29302	0.99982	0.01786	0.00579	-0.01792	0.99978	0.01076	-0.00559	-0.01086	0.99993	
63	0.62000	-0.07797	2.16633	0.44540	0.28646	-0.03195	-0.28270	0.46706	0.99999	-0.00494	0.00053	0.00493	0.99998	0.00500	-0.00056	-0.00500	0.99999		-6.80369	62.10164	873.95655	179.54465	2.53735	-2.60177	0.73345	0.99799	0.04574	0.04386	0.04535	-0.99892	0.00995	0.04427	-0.00794	-0.99899		501.43957	4.07008	39.14534	0.92798	-0.24479	0.59450	0.38948	0.99994	0.01031	0.00444	-0.01038	0.99982	0.01615	-0.00427	-0.01620	0.99986	
64	0.63000	-0.07689	2.18513	0.45278	0.27599	-0.03060	-0.29281	0.47218	0.99999	-0.00511	0.00051	0.00511	0.99998	0.00482	-0.00053	-0.00482	0.99999		-6.84769	61.90990	873.97539	179.56064	2.55391	-2.61177	0.73295	0.99797	0.04591	0.04416	0.04552	-0.99892	0.00969	0.04456	-0.00766	-0.99898		501.43763	4.14632	39.14337	0.95076	-0.25020	0.58517	0.39211	0.99994	0.01014	0.00454	-0.01021	0.99981	0.01655	-0.00437	-0.01659	0.99985	
65	0.64000	-0.07628	2.18050	0.43503	0.28833	-0.03757	-0.28862	0.46860	0.99999	-0.00504	0.00063	0.00504	0.99997	0.00503	-0.00066	-0.00503	0.99999		-6.74450	62.09055	873.97370	179.55733	2.54047	-2.60582	0.73261	0.99798	0.04581	0.04393	0.04542	-0.99892	0.00973	0.04433	-0.00772	-0.99899		501.44351	4.11233	39.11208	0.93249	-0.23321	0.58952	0.38776	0.99994	0.01022	0.00424	-0.01029	0.99982	0.01623	-0.00407	-0.01627	0.99986	
66	0.65000	-0.08004	2.17846	0.45101	0.28768	-0.03024	-0.28815	0.47142	0.99999	-0.00503	0.00050	0.00503	0.99997	0.00502	-0.00053	-0.00502	0.99999		-6.84320	62.08396	873.93537	179.56219	2.53779	-2.61151	0.72770	0.99798	0.04590	0.04388	0.04552	-0.99892	0.00965	0.04428	-0.00763	-0.99899		501.43787	4.11694	39.14742	0.92761	-0.25142	0.57661	0.39049	0.99994	0.00999	0.00455	-0.01006	0.99982	0.01614	-0.00439	-0.01619	0.99986	
67	0.66000	-0.08027	2.18148	0.44296	0.29798	-0.03507	-0.28903	0.46954	0.99999	-0.00505	0.00059	0.00504	0.99997	0.00520	-0.00061	-0.00520	0.99999		-6.73611	62.19825	873.93495	179.54745	2.52964	-2.60919	0.73551	0.99799	0.04587	0.04373	0.04548	-0.99892	0.00990	0.04414	-0.00789	-0.99899		501.43925	4.12894	39.12384	0.91757	-0.23908	0.58396	0.39587	0.99994	0.01012	0.00434	-0.01019	0.99982	0.01597	-0.00417	-0.01601	0.99986	
68	0.67000	-0.08446	2.18556	0.46844	0.28037	-0.02350	-0.29117	0.46947	0.99999	-0.00508	0.00039	0.00508	0.99998	0.00489	-0.00041	-0.00489	0.99999		-6.88335	61.91777	873.92469	179.56821	2.52703	-2.61626	0.73533	0.99799	0.04598	0.04370	0.04560	-0.99891	0.00954	0.04409	-0.00753	-0.99900		501.43575	4.14678	39.19709	0.96034	-0.25650	0.56323	0.38770	0.99994	0.00975	0.00464	-0.00983	0.99981	0.01672	-0.00448	-0.01676	0.99985	
69	0.68000	-0.07947	2.17064	0.46177	0.28573	-0.02340	-0.28496	0.46593	0.99999	-0.00498	0.00038	0.00497	0.99998	0.00499	-0.00041	-0.00499	0.99999		-6.85219	62.00244	873.93361	179.56209	2.52854	-2.61209	0.72647	0.99799	0.04591	0.04372	0.04553	-0.99892	0.00965	0.04412	-0.00764	-0.99900		501.43255	4.09642	39.19990	0.93053	-0.25542	0.57315	0.39148	0.99994	0.00993	0.00462	-0.01000	0.99982	0.01619	-0.00446	-0.01624	0.99986	
70	0.69000	-0.07365	2.18296	0.45817	0.28585	-0.02674	-0.29087	0.46581	0.99999	-0.00508	0.00044	0.00508	0.99997	0.00499	-0.00047	-0.00499	0.99999		-6.78623	61.98185	873.94137	179.56790	2.52761	-2.61240	0.73624	0.99799	0.04591	0.04371	0.04553	-0.99892	0.00954	0.04410	-0.00753	-0.99900		501.43882	4.14092	39.16676	0.93802	-0.26228	0.57210	0.39150	0.99994	0.00991	0.00474	-0.00998	0.99982	0.01632	-0.00458	-0.01637	0.99986	
71	0.70000	-0.07707	2.17735	0.46834	0.26916	-0.02038	-0.28895	0.46729	0.99999	-0.00504	0.00033	0.00504	0.99998	0.00470	-0.00036	-0.00470	0.99999		-6.85507	61.73017	873.96230	179.57921	2.54495	-2.60171	0.73787	0.99798	0.04572	0.04402	0.04535	-0.99893	0.00935	0.04440	-0.00734	-0.99899		501.44194	4.11735	39.22094	0.94933	-0.26768	0.57131	0.39109	0.99994	0.00989	0.00484	-0.00997	0.99981	0.01652	-0.00467	-0.01657	0.99985	
72	0.71000	-0.06693	2.17799	0.42096	0.29852	-0.04094	-0.28578	0.46799	0.99999	-0.00499	0.00069	0.00499	0.99997	0.00521	-0.00071	-0.00521	0.99999		-6.55850	62.18703	873.96424	179.54918	2.50891	-2.61411	0.73177	0.99800	0.04595	0.04337	0.04557	-0.99891	0.00986	0.04377	-0.00786	-0.99901		501.43405	4.08759	39.09934	0.90881	-0.22589	0.59503	0.39334	0.99994	0.01032	0.00411	-0.01039	0.99982	0.01582	-0.00394	-0.01586	0.99987	
73	0.72000	-0.06984	2.18511	0.42717	0.29544	-0.03910	-0.28920	0.46783	0.99999	-0.00505	0.00066	0.00505	0.99997	0.00516	-0.00068	-0.00516	0.99999		-6.59109	62.13705	873.96718	179.55728	2.51813	-2.61008	0.72978	0.99800	0.04588	0.04354	0.04549	-0.99892	0.00972	0.04394	-0.00772	-0.99900		501.50338	3.74609	39.07319	0.59732	-0.30719	1.06378	0.29294	0.99981	0.01851	0.00555	-0.01857	0.99977	0.01032	-0.00536	-0.01042	0.99993	
74	0.73000	-0.07363	2.20535	0.45619	0.29057	-0.02687	-0.29592	0.47004	0.99999	-0.00517	0.00044	0.00516	0.99997	0.00507	-0.00047	-0.00507	0.99999		-6.81964	62.06630	873.91028	179.56169	2.51798	-2.61443	0.72813	0.99799	0.04595	0.04354	0.04557	-0.99891	0.00965	0.04393	-0.00764	-0.99901		501.43601	4.15059	39.17483	0.92282	-0.25477	0.59870	0.39301	0.99994	0.01038	0.00461	-0.01045	0.99982	0.01606	-0.00445	-0.01611	0.99986	
75	0.74000	-0.08739	2.19178	0.48559	0.27297	-0.01393	-0.29512	0.46736	0.99999	-0.00515	0.00022	0.00515	0.99998	0.00476	-0.00024	-0.00476	0.99999		-7.01997	61.81095	873.91279	179.56075	2.53689	-2.61679	0.72888	0.99798	0.04599	0.04387	0.04561	-0.99891	0.00968	0.04426	-0.00766	-0.99899		501.43530	4.16043	39.25962	0.96419	-0.26675	0.58781	0.39291	0.99994	0.01018	0.00483	-0.01026	0.99981	0.01678	-0.00466	-0.01683	0.99985	
76	0.75000	-0.08527	2.18409	0.46277	0.28365	-0.02454	-0.28980	0.46983	0.99999	-0.00506	0.00040	0.00506	0.99998	0.00495	-0.00043	-0.00495	0.99999		-6.87212	62.01368	873.94020	179.55630	2.54378	-2.61754	0.73265	0.99797	0.04601	0.04398	0.04562	-0.99891	0.00976	0.04438	-0.00774	-0.99898		501.44414	4.12580	39.18416	0.93775	-0.26260	0.58031	0.38584	0.99994	0.01005	0.00475	-0.01013	0.99982	0.01632	-0.00458	-0.01637	0.99986	
77	0.76000	-0.08073	2.19379	0.46787	0.29100	-0.02343	-0.29137	0.46668	0.99999	-0.00509	0.00038	0.00509	0.99997	0.00508	-0.00041	-0.00508	0.99999		-6.92838	62.12828	873.92040	179.54898	2.54328	-2.60739	0.73572	0.99798	0.04584	0.04397	0.04545	-0.99892	0.00988	0.04437	-0.00786	-0.99898		501.43813	4.13908	39.19772	0.92799	-0.25925	0.57641	0.39705	0.99994	0.00999	0.00469	-0.01006	0.99982	0.01615	-0.00452	-0.01620	0.99986	
78	0.77000	-0.07449	2.16995	0.44090	0.29416	-0.03492	-0.28345	0.47088	0.99999	-0.00495	0.00058	0.00495	0.99997	0.00514	-0.00061	-0.00513	0.99999		-6.77172	62.21010	873.94100	179.54228	2.53632	-2.60710	0.73590	0.99799	0.04584	0.04384	0.04544	-0.99892	0.00999	0.04425	-0.00798	-0.99899		501.44161	4.08996	39.12243	0.92709	-0.24459	0.57924	0.39117	0.99994	0.01004	0.00443	-0.01011	0.99982	0.01614	-0.00427	-0.01618	0.99986	
79	0.78000	-0.07572	2.17832	0.43444	0.28817	-0.03703	-0.28645	0.47051	0.99999	-0.00500	0.00062	0.00500	0.99997	0.00503	-0.00065	-0.00503	0.99999		-6.74449	62.12544	873.95686	179.53922	2.53554	-2.60846	0.73378	0.99799	0.04586	0.04383	0.04547	-0.99892	0.01005	0.04424	-0.00803	-0.99899		501.43982	4.09459	39.10871	0.93176	-0.24074	0.58542	0.39295	0.99994	0.01015	0.00437	-0.01022	0.99982	0.01622	-0.00420	-0.01626	0.99986	
80	0.79000	-0.07022	2.19083	0.42551	0.29950	-0.03948	-0.28953	0.46681	0.99999	-0.00506	0.00066	0.00505	0.99997	0.00523	-0.00069	-0.00523	0.99999		-6.71022	62.28310	873.96299	179.53485	2.53726	-2.60632	0.73481	0.99799	0.04583	0.04385	0.04543	-0.99892	0.01012	0.04427	-0.00811	-0.99899		501.38101	4.08949	39.11548	0.89483	-0.18017	0.64777	0.38296	0.99993	0.01125	0.00332	-0.01131	0.99981	0.01558	-0.00314	-0.01562	0.99987	
81	0.80000	-0.07331	2.17262	0.48144	0.27532	-0.01665	-0.28477	0.46837	0.99999	-0.00497	0.00027	0.00497	0.99998	0.00481	-0.00029	-0.00481	0.99999		-7.03112	61.94250	873.91238	179.56741	2.54787	-2.60636	0.73118	0.99798	0.04581	0.04406	0.04543	-0.99892	0.00956	0.04445	-0.00754	-0.99898		501.42636	4.08885	39.24660	0.95421	-0.25492	0.57722	0.39114	0.99994	0.01000	0.00462	-0.01007	0.99981	0.01661	-0.00445	-0.01665	0.99985	
82	0.81000	-0.07273	2.17049	0.44028	0.29116	-0.03275	-0.28500	0.47042	0.99999	-0.00498	0.00055	0.00497	0.99997	0.00508	-0.00057	-0.00508	0.99999		-6.75323	62.16543	873.94483	179.54063	2.53721	-2.59403	0.73835	0.99800	0.04561	0.04386	0.04521	-0.99893	0.01001	0.04427	-0.00801	-0.99899		501.42843	4.08891	39.14787	0.91570	-0.23193	0.58601	0.39205	0.99994	0.01016	0.00421	-0.01023	0.99982	0.01594	-0.00405	-0.01598	0.99986	
83	0.82000	-0.07503	2.19182	0.42625	0.28824	-0.03891	-0.29169	0.47224	0.99999	-0.00509	0.00065	0.00509	0.99997	0.00503	-0.00068	-0.00503	0.99999		-6.63212	62.09869	873.97177	179.55341	2.52980	-2.60717	0.73910	0.99799	0.04583	0.04374	0.04544	-0.99892	0.00979	0.04414	-0.00779	-0.99900		501.43965	4.14221	39.10585	0.94020	-0.23897	0.57422	0.39524	0.99994	0.00995	0.00433	-0.01002	0.99982	0.01637	-0.00417	-0.01641	0.99986	
84	0.83000	-0.07548	2.16596	0.44840	0.29072	-0.03029	-0.28341	0.46534	0.99999	-0.00495	0.00050	0.00495	0.99998	0.00508	-0.00053	-0.00507	0.99999		-6.73470	62.14180	873.92529	179.54561	2.52018	-2.59759	0.73725	0.99801	0.04567	0.04357	0.04528	-0.99893	0.00992	0.04397	-0.00792	-0.99900		501.43887	4.08352	39.15307	0.91171	-0.24789	0.57602	0.39318	0.99994	0.00998	0.00449	-0.01005	0.99982	0.01587	-0.00433	-0.01591	0.99986	
85	0.84000	-0.07279	2.18490	0.45757	0.28491	-0.02780	-0.28991	0.47028	0.99999	-0.00506	0.00046	0.00506	0.99997	0.00497	-0.00049	-0.00497	0.99999		-6.76478	62.02457	873.93136	179.55693	2.52365	-2.61043	0.73701	0.99799	0.04588	0.04363	0.04550	-0.99892	0.00973	0.04403	-0.00773	-0.99900		501.43585	4.12529	39.15783	0.93108	-0.26371	0.57173	0.39034	0.99994	0.00990	0.00476	-0.00998	0.99982	0.01620	-0.00460	-0.01625	0.99986	
86	0.85000	-0.07477	2.18162	0.45366	0.28525	-0.02919	-0.28884	0.46712	0.99999	-0.00504	0.00048	0.00504	0.99998	0.00498	-0.00051	-0.00498	0.99999		-6.73680	62.01803	873.94060	179.56369	2.52616	-2.60545	0.74002	0.99800	0.04579	0.04368	0.04541	-0.99892	0.00961	0.04408	-0.00761	-0.99900		501.43521	4.12430	39.16243	0.93991	-0.24258	0.57130	0.39138	0.99994	0.00990	0.00440	-0.00997	0.99982	0.01636	-0.00423	-0.01640	0.99986	
87	0.86000	-0.07038	2.18948	0.46642	0.29196	-0.02229	-0.29236	0.46718	0.99999	-0.00510	0.00036	0.00510	0.99997	0.00510	-0.00039	-0.00510	0.99999		-6.86740	62.09907	873.91868	179.55605	2.53149	-2.61646	0.73731	0.99798	0.04599	0.04377	0.04561	-0.99891	0.00976	0.04417	-0.00774	-0.99899		501.43349	4.13697	39.19072	0.91068	-0.26642	0.59061	0.39341	0.99994	0.01023	0.00481	-0.01031	0.99982	0.01584	-0.00465	-0.01589	0.99986	
88	0.87000	-0.06659	2.17803	0.45359	0.28407	-0.02828	-0.28761	0.46784	0.99999	-0.00502	0.00047	0.00502	0.99998	0.00496	-0.00049	-0.00496	0.99999		-6.78881	61.95432	873.95205	179.55945	2.53379	-2.59123	0.73774	0.99800	0.04555	0.04381	0.04517	-0.99893	0.00968	0.04421	-0.00768	-0.99899		501.43459	4.11896	39.16247	0.94275	-0.25567	0.57598	0.39008	0.99994	0.00998	0.00463	-0.01005	0.99981	0.01641	-0.00446	-0.01645	0.99985	
89	0.88000	-0.07702	2.18607	0.46580	0.27706	-0.02035	-0.29338	0.46772	0.99999	-0.00512	0.00033	0.00512	0.99998	0.00484	-0.00036	-0.00484	0.99999		-6.93307	61.83498	873.94288	179.57181	2.53871	-2.61033	0.73355	0.99798	0.04587	0.04391	0.04550	-0.99892	0.00948	0.04429	-0.00747	-0.99899		501.43847	4.15266	39.21465	0.94623	-0.26567	0.57479	0.39166	0.99994	0.00995	0.00480	-0.01003	0.99981	0.01647	-0.00464	-0.01651	0.99985	
90	0.89000	-0.08033	2.18451	0.45504	0.28697	-0.02482	-0.28801	0.46437	0.99999	-0.00503	0.00041	0.00503	0.99997	0.00501	-0.00043	-0.00501	0.99999		-6.87778	62.00379	873.94028	179.56398	2.53560	-2.61420	0.73598	0.99798	0.04595	0.04385	0.04557	-0.99892	0.00962	0.04424	-0.00760	-0.99899		501.43894	4.13215	39.18602	0.95078	-0.26330	0.56340	0.38982	0.99994	0.00976	0.00476	-0.00983	0.99981	0.01655	-0.00460	-0.01659	0.99985	
91	0.90000	-0.08122	2.18727	0.45777	0.29327	-0.02459	-0.29038	0.46821	0.99999	-0.00507	0.00040	0.00507	0.99997	0.00512	-0.00043	-0.00512	0.99999		-6.89506	62.10375	873.92962	179.56041	2.53784	-2.62182	0.73991	0.99797	0.04608	0.04388	0.04570	-0.99891	0.00969	0.04428	-0.00766	-0.99899		501.43870	4.12355	39.18971	0.91698	-0.24950	0.58652	0.39371	0.99994	0.01017	0.00452	-0.01024	0.99982	0.01596	-0.00435	-0.01600	0.99986	
92	0.91000	-0.08086	2.18054	0.44159	0.28755	-0.03130	-0.28861	0.46767	0.99999	-0.00504	0.00052	0.00504	0.99997	0.00502	-0.00055	-0.00502	0.99999		-6.80567	62.03531	873.95838	179.56256	2.53664	-2.61967	0.73250	0.99798	0.04604	0.04386	0.04566	-0.99891	0.00965	0.04426	-0.00763	-0.99899		501.43583	4.13392	39.14965	0.94626	-0.24735	0.56989	0.39070	0.99994	0.00987	0.00448	-0.00995	0.99981	0.01647	-0.00432	-0.01651	0.99985	
93	0.92000	-0.08157	2.17126	0.46273	0.28160	-0.02414	-0.28583	0.46478	0.99999	-0.00499	0.00040	0.00499	0.99998	0.00492	-0.00042	-0.00491	0.99999		-6.91441	61.95151	873.93638	179.56085	2.53875	-2.60495	0.73579	0.99799	0.04579	0.04390	0.04540	-0.99892	0.00967	0.04430	-0.00766	-0.99899		501.42704	4.09275	39.20133	0.93487	-0.24589	0.58904	0.39064	0.99994	0.01021	0.00446	-0.01028	0.99981	0.01627	-0.00429	-0.01632	0.99986	
94	0.93000	-0.07616	2.19160	0.43676	0.29240	-0.03294	-0.29178	0.46771	0.99999	-0.00510	0.00055	0.00509	0.99997	0.00511	-0.00057	-0.00510	0.99999		-6.79644	62.11849	873.93029	179.55252	2.52357	-2.60912	0.73576	0.99799	0.04586	0.04363	0.04548	-0.99892	0.00981	0.04403	-0.00780	-0.99900		501.43246	4.13866	39.13975	0.93044	-0.24607	0.59253	0.39199	0.99994	0.01027	0.00446	-0.01034	0.99982	0.01619	-0.00429	-0.01624	0.99986	
