1	0.00000	0.04606	1.97448	0.51769	-0.05485	-0.13673	-0.23561	0.53151	0.99999	-0.00411	0.00239	0.00411	0.99999	-0.00095	-0.00239	0.00096	1.00000		-5.33202	56.91077	874.30067	179.90373	2.38780	-2.29619	0.59388	0.99833	0.04014	0.04156	0.04003	-0.99919	0.00335	0.04166	-0.00168	-0.99913		501.85337	3.94290	37.99418	1.26728	-0.40852	0.56293	0.37435	0.99993	0.00966	0.00735	-0.00982	0.99971	0.02205	-0.00713	-0.02212	0.99973	
2	0.01000	0.04422	1.99906	0.47820	-0.03762	-0.15428	-0.24279	0.53625	0.99999	-0.00424	0.00270	0.00424	0.99999	-0.00065	-0.00269	0.00066	1.00000		-5.03889	57.13929	874.34540	179.87967	2.38265	-2.29719	0.59433	0.99833	0.04017	0.04146	0.04005	-0.99919	0.00376	0.04157	-0.00210	-0.99913		501.86236	3.97235	37.88272	1.23054	-0.38795	0.58153	0.37387	0.99993	0.01000	0.00699	-0.01015	0.99972	0.02141	-0.00677	-0.02147	0.99975	
3	0.02000	0.04680	1.97022	0.48589	-0.04125	-0.15152	-0.23200	0.53220	0.99999	-0.00405	0.00265	0.00405	0.99999	-0.00071	-0.00264	0.00072	1.00000		-5.03276	57.09741	874.35061	179.86673	2.39973	-2.28067	0.59385	0.99833	0.03989	0.04175	0.03976	-0.99920	0.00399	0.04187	-0.00232	-0.99912		501.85884	3.90022	37.89964	1.23705	-0.39285	0.58427	0.37240	0.99992	0.01005	0.00707	-0.01020	0.99972	0.02152	-0.00686	-0.02159	0.99974	
4	0.03000	0.00735	2.10266	0.61934	0.09126	-0.05640	-0.26915	0.56827	0.99999	-0.00470	0.00098	0.00470	0.99999	0.00160	-0.00098	-0.00159	1.00000		-6.34605	59.17638	874.05551	179.79025	2.52585	-2.55502	0.69602	0.99804	0.04474	0.04386	0.04454	-0.99899	0.00562	0.04407	-0.00366	-0.99902		501.77750	4.28530	38.70320	1.16593	-0.20627	0.60386	0.36941	0.99994	0.01046	0.00381	-0.01054	0.99974	0.02031	-0.00360	-0.02035	0.99979	
5	0.04000	0.00084	2.11028	0.66362	0.06789	-0.03609	-0.27479	0.56506	0.99999	-0.00480	0.00062	0.00480	0.99999	0.00119	-0.00063	-0.00118	1.00000		-6.64474	58.79763	874.05492	179.81543	2.56363	-2.55203	0.69885	0.99801	0.04467	0.04454	0.04448	-0.99900	0.00521	0.04473	-0.00322	-0.99899		501.76564	4.31529	38.83533	1.18974	-0.22505	0.60591	0.37416	0.99994	0.01049	0.00415	-0.01057	0.99973	0.02072	-0.00393	-0.02076	0.99978	
6	0.05000	0.22413	2.69003	-0.03814	0.80279	-0.98997	-0.47592	0.65826	0.99982	-0.00855	0.01716	0.00831	0.99987	0.01415	-0.01728	-0.01401	0.99975		7.06986	69.37835	874.09266	179.12689	1.56771	-2.60975	0.63869	0.99859	0.04594	0.02663	0.04552	-0.99883	0.01647	0.02736	-0.01523	-0.99951		502.09557	5.84186	31.69341	0.17252	0.78026	1.06106	0.37335	0.99974	0.01856	-0.01356	-0.01852	0.99982	0.00326	0.01362	-0.00301	0.99990	
7	0.06000	-0.09403	2.15874	0.55697	0.27897	-0.02826	-0.29410	0.49259	0.99999	-0.00513	0.00047	0.00513	0.99998	0.00487	-0.00049	-0.00487	0.99999		-6.83445	61.95550	873.78350	179.54660	2.52718	-2.58897	0.73351	0.99801	0.04552	0.04369	0.04513	-0.99893	0.00990	0.04409	-0.00791	-0.99900		501.72332	4.43228	39.17142	0.85026	-0.29293	0.83133	0.45179	0.99988	0.01443	0.00533	-0.01451	0.99979	0.01476	-0.00511	-0.01484	0.99988	
8	0.07000	-0.10206	2.14583	0.53261	0.27293	-0.02372	-0.29025	0.48583	0.99999	-0.00507	0.00039	0.00507	0.99998	0.00476	-0.00041	-0.00476	0.99999		-6.91434	61.87732	873.81342	179.55490	2.53412	-2.60314	0.74129	0.99799	0.04576	0.04381	0.04537	-0.99892	0.00977	0.04421	-0.00776	-0.99899		501.71033	4.49537	39.14456	0.91959	-0.25907	0.69603	0.40007	0.99992	0.01207	0.00472	-0.01215	0.99980	0.01599	-0.00452	-0.01605	0.99986	
9	0.08000	-0.09719	2.13815	0.49823	0.28187	-0.02466	-0.28493	0.48180	0.99999	-0.00497	0.00041	0.00497	0.99998	0.00492	-0.00043	-0.00492	0.99999		-6.92100	61.99936	873.83762	179.54552	2.53188	-2.59649	0.73969	0.99800	0.04565	0.04377	0.04526	-0.99893	0.00993	0.04418	-0.00792	-0.99899		501.69563	4.47916	39.15191	0.92442	-0.25471	0.66736	0.39785	0.99992	0.01157	0.00463	-0.01165	0.99980	0.01608	-0.00445	-0.01613	0.99986	
10	0.09000	-0.10540	2.13700	0.51268	0.27383	-0.01238	-0.28516	0.48058	0.99999	-0.00498	0.00019	0.00498	0.99998	0.00478	-0.00022	-0.00478	0.99999		-7.11586	61.87970	873.83154	179.56219	2.54771	-2.60628	0.74027	0.99798	0.04581	0.04406	0.04543	-0.99892	0.00965	0.04445	-0.00763	-0.99898		501.68872	4.45152	39.24129	0.92412	-0.26607	0.68800	0.39371	0.99992	0.01193	0.00484	-0.01201	0.99980	0.01607	-0.00464	-0.01613	0.99986	
11	0.10000	-0.10726	2.17006	0.46251	0.29190	-0.02606	-0.29562	0.47928	0.99999	-0.00516	0.00043	0.00516	0.99997	0.00510	-0.00045	-0.00509	0.99999		-6.92103	62.09803	873.85193	179.54794	2.52801	-2.61121	0.73965	0.99799	0.04590	0.04370	0.04551	-0.99891	0.00989	0.04411	-0.00788	-0.99900		501.69173	4.52580	39.17190	0.89674	-0.24261	0.69629	0.39663	0.99992	0.01208	0.00442	-0.01215	0.99980	0.01560	-0.00423	-0.01565	0.99987	
12	0.11000	-0.10954	2.15925	0.46865	0.29758	-0.01950	-0.29134	0.47025	0.99999	-0.00509	0.00031	0.00508	0.99997	0.00519	-0.00034	-0.00519	0.99999		-7.01149	62.18485	873.85636	179.54071	2.54346	-2.60317	0.73535	0.99798	0.04577	0.04397	0.04537	-0.99892	0.01002	0.04438	-0.00801	-0.99898		501.69052	4.49247	39.22274	0.89222	-0.25671	0.69737	0.39677	0.99992	0.01210	0.00467	-0.01217	0.99981	0.01552	-0.00448	-0.01557	0.99987	
13	0.12000	-0.14444	2.11022	0.66220	0.17332	0.08419	-0.28572	0.44483	0.99999	-0.00498	-0.00148	0.00499	0.99998	0.00302	0.00147	-0.00302	0.99999		-8.54051	60.33837	873.77136	179.66054	2.63892	-2.60555	0.74337	0.99791	0.04573	0.04572	0.04541	-0.99894	0.00801	0.04604	-0.00592	-0.99892		501.65021	4.41184	39.93751	1.02590	-0.35662	0.68395	0.40128	0.99991	0.01182	0.00644	-0.01194	0.99977	0.01783	-0.00622	-0.01790	0.99982	
14	0.13000	-0.10737	2.16490	0.43833	0.29733	-0.02495	-0.29261	0.46730	0.99999	-0.00511	0.00041	0.00511	0.99997	0.00519	-0.00044	-0.00519	0.99999		-6.90981	62.17865	873.88089	179.54240	2.53488	-2.60662	0.74004	0.99799	0.04583	0.04382	0.04543	-0.99892	0.00999	0.04423	-0.00798	-0.99899		501.69214	4.52301	39.18627	0.91808	-0.24988	0.68091	0.40182	0.99992	0.01181	0.00455	-0.01188	0.99980	0.01597	-0.00436	-0.01602	0.99986	
15	0.14000	-0.10426	2.15649	0.44518	0.27657	-0.02228	-0.29173	0.46363	0.99999	-0.00509	0.00036	0.00509	0.99998	0.00483	-0.00039	-0.00483	0.99999		-6.94960	61.89340	873.86684	179.56377	2.51954	-2.60838	0.73743	0.99800	0.04584	0.04357	0.04547	-0.99892	0.00961	0.04396	-0.00761	-0.99900		501.68346	4.51948	39.20737	0.95527	-0.25049	0.66683	0.39759	0.99992	0.01156	0.00456	-0.01164	0.99979	0.01662	-0.00437	-0.01667	0.99985	
16	0.15000	-0.10491	2.15849	0.44675	0.28953	-0.01785	-0.28950	0.46867	0.99999	-0.00505	0.00029	0.00505	0.99997	0.00505	-0.00031	-0.00505	0.99999		-6.98296	62.09430	873.87581	179.55211	2.53934	-2.61257	0.74418	0.99798	0.04593	0.04390	0.04554	-0.99891	0.00983	0.04431	-0.00781	-0.99899		501.68791	4.48426	39.23196	0.91087	-0.26566	0.68148	0.39991	0.99992	0.01182	0.00482	-0.01189	0.99980	0.01584	-0.00464	-0.01590	0.99986	
17	0.16000	-0.10628	2.15869	0.42404	0.28856	-0.02784	-0.28984	0.46608	0.99999	-0.00506	0.00046	0.00506	0.99997	0.00504	-0.00049	-0.00504	0.99999		-6.82305	62.09370	873.89423	179.54189	2.52229	-2.61338	0.74027	0.99799	0.04595	0.04360	0.04555	-0.99891	0.00999	0.04401	-0.00799	-0.99900		501.70828	4.52104	39.15792	0.94807	-0.27345	0.63986	0.39911	0.99993	0.01109	0.00496	-0.01117	0.99980	0.01649	-0.00477	-0.01655	0.99985	
18	0.17000	-0.10529	2.16118	0.42405	0.28615	-0.02681	-0.29143	0.46986	0.99999	-0.00509	0.00044	0.00509	0.99997	0.00500	-0.00047	-0.00499	0.99999		-6.83761	62.05945	873.88196	179.54854	2.51336	-2.60625	0.74475	0.99800	0.04582	0.04345	0.04543	-0.99892	0.00987	0.04385	-0.00787	-0.99901		501.69449	4.52534	39.17795	0.95344	-0.25456	0.66210	0.40066	0.99992	0.01148	0.00463	-0.01156	0.99980	0.01659	-0.00444	-0.01664	0.99985	
19	0.18000	-0.10980	2.16045	0.43089	0.28962	-0.01947	-0.29150	0.46668	0.99999	-0.00509	0.00031	0.00509	0.99997	0.00506	-0.00034	-0.00505	0.99999		-6.95203	62.12722	873.85737	179.53940	2.51648	-2.60802	0.74363	0.99800	0.04585	0.04349	0.04546	-0.99892	0.01003	0.04391	-0.00803	-0.99900		501.69502	4.51314	39.23031	0.92973	-0.26568	0.66034	0.39956	0.99992	0.01145	0.00482	-0.01152	0.99980	0.01617	-0.00464	-0.01623	0.99986	
20	0.19000	-0.11225	2.15480	0.40740	0.29898	-0.02959	-0.28814	0.46791	0.99999	-0.00503	0.00049	0.00503	0.99997	0.00522	-0.00052	-0.00522	0.99999		-6.79694	62.28361	873.89485	179.52904	2.52213	-2.60475	0.74226	0.99800	0.04581	0.04358	0.04540	-0.99892	0.01021	0.04401	-0.00821	-0.99900		501.70060	4.52251	39.16406	0.94744	-0.25364	0.63939	0.39403	0.99993	0.01108	0.00461	-0.01116	0.99980	0.01648	-0.00443	-0.01654	0.99985	
21	0.20000	-0.10808	2.16134	0.42283	0.29100	-0.02256	-0.29074	0.46139	0.99999	-0.00508	0.00037	0.00507	0.99997	0.00508	-0.00039	-0.00508	0.99999		-6.92899	62.17199	873.86884	179.53519	2.52295	-2.61125	0.74333	0.99799	0.04591	0.04360	0.04551	-0.99891	0.01011	0.04402	-0.00810	-0.99900		501.68693	4.50649	39.21954	0.92933	-0.25311	0.67302	0.40159	0.99992	0.01167	0.00461	-0.01175	0.99980	0.01617	-0.00442	-0.01622	0.99986	
22	0.21000	-0.10708	2.14310	0.40791	0.29059	-0.02646	-0.28080	0.46593	0.99999	-0.00490	0.00044	0.00490	0.99998	0.00507	-0.00046	-0.00507	0.99999		-6.87923	62.18627	873.89471	179.53838	2.52490	-2.60125	0.74334	0.99800	0.04574	0.04364	0.04534	-0.99892	0.01005	0.04405	-0.00805	-0.99900		501.68832	4.41814	39.18597	0.91711	-0.25686	0.67171	0.39711	0.99992	0.01165	0.00467	-0.01172	0.99980	0.01595	-0.00448	-0.01601	0.99986	
23	0.22000	-0.11701	2.16419	0.43559	0.27695	-0.01752	-0.29356	0.46504	0.99999	-0.00512	0.00028	0.00512	0.99998	0.00483	-0.00031	-0.00483	0.99999		-7.03153	61.95307	873.89333	179.55321	2.54322	-2.61147	0.74367	0.99798	0.04591	0.04397	0.04552	-0.99892	0.00981	0.04437	-0.00779	-0.99898		501.69220	4.51955	39.23838	0.95142	-0.26134	0.66679	0.40004	0.99992	0.01156	0.00475	-0.01164	0.99980	0.01655	-0.00456	-0.01660	0.99985	
24	0.23000	-0.14252	2.11964	0.59433	0.18776	0.06814	-0.28430	0.44612	0.99999	-0.00496	-0.00120	0.00496	0.99998	0.00327	0.00119	-0.00328	0.99999		-8.31349	60.62078	873.81598	179.64435	2.63313	-2.59122	0.73890	0.99792	0.04549	0.04561	0.04516	-0.99895	0.00828	0.04594	-0.00620	-0.99892		501.65964	4.42212	39.82994	1.04476	-0.35255	0.66453	0.39919	0.99991	0.01148	0.00636	-0.01160	0.99977	0.01816	-0.00615	-0.01823	0.99981	
25	0.24000	-0.14328	2.12500	0.58999	0.17585	0.06975	-0.28758	0.44015	0.99999	-0.00502	-0.00123	0.00502	0.99998	0.00306	0.00122	-0.00307	0.99999		-8.34149	60.43441	873.84608	179.65805	2.63827	-2.60676	0.74036	0.99791	0.04575	0.04571	0.04543	-0.99893	0.00806	0.04603	-0.00596	-0.99892		501.65876	4.46079	39.85015	1.07352	-0.34925	0.63745	0.39787	0.99992	0.01101	0.00630	-0.01113	0.99976	0.01867	-0.00610	-0.01874	0.99981	
26	0.25000	-0.14242	2.11819	0.58163	0.19151	0.06672	-0.28472	0.43786	0.99999	-0.00497	-0.00118	0.00497	0.99998	0.00334	0.00116	-0.00334	0.99999		-8.28604	60.67183	873.83545	179.64731	2.63740	-2.60196	0.74567	0.99791	0.04568	0.04569	0.04535	-0.99894	0.00824	0.04602	-0.00615	-0.99892		501.65264	4.42000	39.84082	1.01901	-0.33633	0.66984	0.39860	0.99991	0.01158	0.00608	-0.01169	0.99977	0.01771	-0.00587	-0.01778	0.99982	
27	0.26000	-0.11352	2.16663	0.37362	0.29683	-0.03749	-0.28973	0.46353	0.99999	-0.00506	0.00063	0.00506	0.99997	0.00518	-0.00065	-0.00518	0.99999		-6.74006	62.24861	873.91498	179.55806	2.51446	-2.61914	0.73260	0.99799	0.04603	0.04347	0.04565	-0.99891	0.00971	0.04387	-0.00771	-0.99901		501.70702	4.50296	39.11431	0.92588	-0.24919	0.65852	0.40107	0.99992	0.01142	0.00453	-0.01149	0.99980	0.01611	-0.00435	-0.01616	0.99986	
28	0.27000	-0.14749	2.11293	0.57644	0.18017	0.06646	-0.28439	0.43894	0.99999	-0.00496	-0.00117	0.00496	0.99998	0.00314	0.00116	-0.00314	0.99999		-8.24836	60.46955	873.85141	179.66154	2.63233	-2.59296	0.74562	0.99792	0.04551	0.04561	0.04519	-0.99895	0.00798	0.04593	-0.00590	-0.99893		501.66926	4.42051	39.83477	1.02586	-0.34531	0.66073	0.40029	0.99992	0.01142	0.00623	-0.01153	0.99977	0.01783	-0.00603	-0.01790	0.99982	
29	0.28000	-0.11628	2.17228	0.39442	0.27972	-0.02785	-0.29731	0.46361	0.99999	-0.00519	0.00046	0.00519	0.99997	0.00488	-0.00049	-0.00488	0.99999		-6.84909	61.93975	873.94178	179.55943	2.53322	-2.62514	0.73821	0.99797	0.04614	0.04380	0.04576	-0.99891	0.00971	0.04420	-0.00768	-0.99899		501.70299	4.55972	39.17586	0.95188	-0.26414	0.65887	0.39942	0.99992	0.01142	0.00480	-0.01150	0.99980	0.01656	-0.00461	-0.01661	0.99985	
30	0.29000	-0.14355	2.11343	0.59102	0.17563	0.07205	-0.28435	0.43402	0.99999	-0.00496	-0.00127	0.00496	0.99998	0.00306	0.00126	-0.00307	0.99999		-8.31245	60.38981	873.82554	179.66603	2.61885	-2.60455	0.74043	0.99792	0.04571	0.04538	0.04539	-0.99894	0.00790	0.04569	-0.00582	-0.99894		501.65462	4.42227	39.86179	1.05336	-0.34650	0.66640	0.40107	0.99991	0.01152	0.00626	-0.01163	0.99976	0.01831	-0.00605	-0.01838	0.99981	
31	0.30000	-0.14667	2.11904	0.60276	0.17535	0.07706	-0.28757	0.44257	0.99999	-0.00501	-0.00136	0.00502	0.99998	0.00305	0.00134	-0.00306	0.99999		-8.37483	60.38177	873.81370	179.66589	2.62937	-2.61196	0.74295	0.99791	0.04584	0.04556	0.04552	-0.99893	0.00792	0.04588	-0.00583	-0.99893		501.65317	4.45450	39.89159	1.06207	-0.35337	0.65483	0.39988	0.99992	0.01131	0.00638	-0.01143	0.99976	0.01846	-0.00617	-0.01854	0.99981	
32	0.31000	-0.14089	2.11615	0.58848	0.18590	0.07391	-0.28336	0.43875	0.99999	-0.00494	-0.00131	0.00495	0.99998	0.00324	0.00129	-0.00324	0.99999		-8.33362	60.56059	873.79528	179.66110	2.61026	-2.61568	0.74004	0.99792	0.04590	0.04522	0.04559	-0.99893	0.00799	0.04554	-0.00591	-0.99894		501.65275	4.43093	39.87281	1.06290	-0.35230	0.65023	0.39684	0.99992	0.01123	0.00636	-0.01135	0.99976	0.01848	-0.00615	-0.01855	0.99981	
33	0.32000	-0.11107	2.16683	0.41189	0.28793	-0.01854	-0.29210	0.46563	0.99999	-0.00510	0.00030	0.00510	0.99997	0.00503	-0.00032	-0.00503	0.99999		-6.96216	62.05778	873.91461	179.55428	2.54431	-2.61993	0.73948	0.99797	0.04605	0.04399	0.04567	-0.99891	0.00980	0.04439	-0.00777	-0.99898		501.68208	4.52217	39.23645	0.94917	-0.26105	0.66133	0.40013	0.99992	0.01147	0.00475	-0.01154	0.99980	0.01651	-0.00456	-0.01657	0.99985	
34	0.33000	-0.13767	2.11435	0.56093	0.18872	0.06151	-0.28393	0.43765	0.99999	-0.00495	-0.00109	0.00496	0.99998	0.00329	0.00107	-0.00329	0.99999		-8.14718	60.60315	873.85747	179.65544	2.62159	-2.61283	0.73755	0.99791	0.04586	0.04542	0.04554	-0.99893	0.00809	0.04574	-0.00601	-0.99894		501.65513	4.42672	39.79192	1.03294	-0.34806	0.64799	0.39846	0.99992	0.01120	0.00628	-0.01131	0.99977	0.01796	-0.00607	-0.01803	0.99982	
35	0.34000	-0.10859	2.15658	0.38644	0.28798	-0.02996	-0.28739	0.46104	0.99999	-0.00502	0.00050	0.00502	0.99997	0.00503	-0.00052	-0.00503	0.99999		-6.81081	62.08732	873.92706	179.56123	2.52451	-2.61818	0.74285	0.99799	0.04602	0.04365	0.04564	-0.99891	0.00966	0.04405	-0.00765	-0.99900		501.68659	4.47039	39.15995	0.93147	-0.25358	0.66626	0.40107	0.99992	0.01155	0.00461	-0.01163	0.99980	0.01620	-0.00443	-0.01626	0.99986	
36	0.35000	-0.14346	2.11999	0.56870	0.17913	0.06738	-0.28631	0.43636	0.99999	-0.00499	-0.00119	0.00500	0.99998	0.00312	0.00118	-0.00313	0.99999		-8.25907	60.45349	873.86998	179.66512	2.64113	-2.60580	0.74626	0.99790	0.04573	0.04577	0.04542	-0.99894	0.00793	0.04608	-0.00584	-0.99892		501.65877	4.43881	39.83394	1.05175	-0.35319	0.64924	0.40092	0.99992	0.01122	0.00637	-0.01133	0.99977	0.01828	-0.00616	-0.01836	0.99981	
37	0.36000	-0.14905	2.11942	0.56908	0.17396	0.06699	-0.28875	0.43911	0.99999	-0.00504	-0.00118	0.00504	0.99998	0.00303	0.00117	-0.00304	0.99999		-8.27014	60.39185	873.84721	179.66434	2.62617	-2.61163	0.74349	0.99791	0.04583	0.04550	0.04552	-0.99893	0.00794	0.04582	-0.00585	-0.99893		501.66654	4.44932	39.82889	1.04458	-0.35679	0.65687	0.40134	0.99991	0.01135	0.00643	-0.01146	0.99977	0.01816	-0.00623	-0.01823	0.99981	
38	0.37000	-0.14819	2.10085	0.58392	0.17970	0.07158	-0.28063	0.43370	0.99999	-0.00489	-0.00126	0.00490	0.99998	0.00313	0.00125	-0.00314	0.99999		-8.34828	60.51405	873.83276	179.65625	2.63448	-2.61071	0.74340	0.99791	0.04582	0.04564	0.04550	-0.99893	0.00809	0.04596	-0.00599	-0.99893		501.65871	4.39676	39.86735	1.04945	-0.35084	0.65753	0.40098	0.99992	0.01136	0.00633	-0.01148	0.99977	0.01824	-0.00612	-0.01832	0.99981	
39	0.38000	-0.11373	2.16500	0.39705	0.29086	-0.02176	-0.29167	0.46071	0.99999	-0.00509	0.00035	0.00509	0.99997	0.00508	-0.00038	-0.00508	0.99999		-6.98476	62.15951	873.91946	179.54730	2.54788	-2.61812	0.74208	0.99797	0.04603	0.04405	0.04563	-0.99891	0.00992	0.04445	-0.00789	-0.99898		501.69068	4.53299	39.21931	0.95942	-0.26449	0.63508	0.40080	0.99993	0.01101	0.00480	-0.01108	0.99980	0.01669	-0.00462	-0.01674	0.99985	
40	0.39000	-0.14776	2.13014	0.55957	0.18078	0.06342	-0.29056	0.43787	0.99999	-0.00507	-0.00112	0.00507	0.99998	0.00315	0.00111	-0.00316	0.99999		-8.24439	60.50462	873.85642	179.65718	2.62782	-2.60914	0.74326	0.99791	0.04580	0.04553	0.04547	-0.99893	0.00806	0.04585	-0.00598	-0.99893		501.66991	4.47704	39.80386	1.05583	-0.36037	0.63631	0.39960	0.99992	0.01099	0.00649	-0.01111	0.99977	0.01836	-0.00629	-0.01843	0.99981	
41	0.40000	-0.14877	2.11675	0.58950	0.17343	0.07417	-0.28620	0.43710	0.99999	-0.00499	-0.00131	0.00500	0.99998	0.00302	0.00129	-0.00303	0.99999		-8.39119	60.40796	873.83731	179.65744	2.64616	-2.59996	0.74019	0.99791	0.04564	0.04585	0.04531	-0.99894	0.00807	0.04617	-0.00597	-0.99892		501.66092	4.41453	39.86888	1.03562	-0.36405	0.66623	0.40287	0.99991	0.01151	0.00656	-0.01163	0.99977	0.01800	-0.00635	-0.01807	0.99982	
42	0.41000	-0.14574	2.11703	0.58296	0.18134	0.07247	-0.28533	0.43966	0.99999	-0.00498	-0.00128	0.00498	0.99998	0.00316	0.00126	-0.00316	0.99999		-8.35931	60.53838	873.82600	179.65857	2.62959	-2.60749	0.74794	0.99791	0.04577	0.04556	0.04545	-0.99893	0.00804	0.04588	-0.00595	-0.99893		501.65737	4.44381	39.85670	1.05921	-0.36188	0.63106	0.40294	0.99992	0.01090	0.00652	-0.01101	0.99977	0.01841	-0.00632	-0.01849	0.99981	
43	0.42000	-0.14997	2.10569	0.59381	0.16869	0.07439	-0.28420	0.43598	0.99999	-0.00496	-0.00131	0.00496	0.99998	0.00294	0.00130	-0.00294	0.99999		-8.36995	60.36827	873.81611	179.67307	2.62629	-2.60619	0.73546	0.99792	0.04573	0.04551	0.04542	-0.99894	0.00778	0.04582	-0.00570	-0.99893		501.65555	4.43695	39.87162	1.08342	-0.35701	0.63597	0.39896	0.99992	0.01098	0.00644	-0.01110	0.99976	0.01884	-0.00623	-0.01891	0.99980	
44	0.43000	-0.14913	2.11879	0.57331	0.17575	0.07013	-0.28884	0.43640	0.99999	-0.00504	-0.00124	0.00504	0.99998	0.00306	0.00122	-0.00307	0.99999		-8.29189	60.44763	873.84307	179.66106	2.62408	-2.61850	0.73945	0.99791	0.04596	0.04546	0.04564	-0.99893	0.00800	0.04578	-0.00591	-0.99893		501.65951	4.46418	39.86352	1.05860	-0.34415	0.64645	0.40175	0.99992	0.01117	0.00621	-0.01128	0.99977	0.01841	-0.00601	-0.01847	0.99981	
45	0.44000	-0.14861	2.12781	0.56508	0.18492	0.06759	-0.28765	0.43605	0.99999	-0.00502	-0.00120	0.00502	0.99998	0.00322	0.00118	-0.00323	0.99999		-8.24369	60.58659	873.83385	179.65874	2.61286	-2.62691	0.73888	0.99791	0.04610	0.04527	0.04578	-0.99892	0.00804	0.04559	-0.00595	-0.99894		501.66625	4.43956	39.83646	1.04727	-0.35042	0.65614	0.40322	0.99992	0.01134	0.00632	-0.01145	0.99977	0.01821	-0.00612	-0.01828	0.99981	
46	0.45000	-0.11453	2.16388	0.39479	0.28917	-0.02276	-0.29257	0.46429	0.99999	-0.00511	0.00037	0.00511	0.99997	0.00505	-0.00040	-0.00505	0.99999		-6.91049	62.12008	873.91446	179.55167	2.52795	-2.62034	0.74367	0.99798	0.04606	0.04370	0.04567	-0.99891	0.00983	0.04411	-0.00782	-0.99900		501.69322	4.53129	39.20636	0.95487	-0.26271	0.64303	0.40367	0.99993	0.01114	0.00477	-0.01122	0.99980	0.01661	-0.00459	-0.01666	0.99985	
47	0.46000	-0.14784	2.11939	0.57453	0.17366	0.07010	-0.28797	0.43720	0.99999	-0.00502	-0.00124	0.00503	0.99998	0.00302	0.00122	-0.00303	0.99999		-8.27807	60.36521	873.84787	179.65828	2.62450	-2.60405	0.75130	0.99792	0.04571	0.04547	0.04539	-0.99894	0.00804	0.04579	-0.00596	-0.99893		501.66388	4.43384	39.84289	1.04510	-0.35985	0.66053	0.40098	0.99991	0.01141	0.00649	-0.01153	0.99977	0.01817	-0.00628	-0.01824	0.99981	
48	0.47000	-0.14969	2.12055	0.57226	0.18719	0.07056	-0.28790	0.43758	0.99999	-0.00502	-0.00125	0.00502	0.99998	0.00326	0.00123	-0.00327	0.99999		-8.29869	60.58408	873.83528	179.66188	2.62064	-2.62103	0.74158	0.99791	0.04600	0.04540	0.04568	-0.99892	0.00799	0.04572	-0.00590	-0.99894		501.66448	4.47661	39.85722	1.05861	-0.34889	0.62663	0.40196	0.99992	0.01082	0.00629	-0.01094	0.99977	0.01841	-0.00609	-0.01847	0.99981	
49	0.48000	-0.14794	2.12644	0.56863	0.17937	0.06821	-0.28873	0.43770	0.99999	-0.00504	-0.00121	0.00504	0.99998	0.00312	0.00119	-0.00313	0.99999		-8.27485	60.43909	873.84885	179.66464	2.62324	-2.61233	0.74198	0.99791	0.04584	0.04545	0.04553	-0.99893	0.00793	0.04577	-0.00585	-0.99893		501.66287	4.43515	39.83463	1.02939	-0.34984	0.66415	0.39923	0.99991	0.01148	0.00631	-0.01159	0.99977	0.01789	-0.00611	-0.01797	0.99982	
50	0.49000	-0.14923	2.10644	0.56479	0.17620	0.06775	-0.28262	0.43698	0.99999	-0.00493	-0.00120	0.00493	0.99998	0.00307	0.00118	-0.00308	0.99999		-8.26367	60.41489	873.86440	179.67346	2.63510	-2.61440	0.74331	0.99790	0.04588	0.04567	0.04557	-0.99893	0.00779	0.04597	-0.00569	-0.99893		501.66980	4.42260	39.82761	1.05983	-0.36936	0.63476	0.40059	0.99992	0.01096	0.00665	-0.01108	0.99977	0.01842	-0.00645	-0.01850	0.99981	
51	0.50000	-0.15080	2.11943	0.57557	0.17914	0.07002	-0.28785	0.43978	0.99999	-0.00502	-0.00124	0.00502	0.99998	0.00312	0.00122	-0.00313	0.99999		-8.31649	60.43388	873.85731	179.66051	2.63975	-2.61817	0.74434	0.99790	0.04595	0.04574	0.04563	-0.99893	0.00802	0.04606	-0.00592	-0.99892		501.66759	4.44998	39.83548	1.04741	-0.36063	0.64549	0.40254	0.99992	0.01115	0.00650	-0.01127	0.99977	0.01821	-0.00629	-0.01828	0.99981	
52	0.51000	-0.14698	2.11185	0.58358	0.18713	0.07459	-0.28332	0.43659	0.99999	-0.00494	-0.00132	0.00494	0.99998	0.00326	0.00130	-0.00327	0.99999		-8.39340	60.56750	873.84035	179.65694	2.64403	-2.61175	0.74256	0.99790	0.04584	0.04581	0.04552	-0.99893	0.00808	0.04613	-0.00598	-0.99892		501.64939	4.43389	39.88495	1.05094	-0.34600	0.63504	0.40032	0.99992	0.01097	0.00624	-0.01108	0.99977	0.01827	-0.00604	-0.01834	0.99981	
53	0.52000	-0.14950	2.11898	0.57919	0.18621	0.07418	-0.28602	0.43275	0.99999	-0.00499	-0.00131	0.00499	0.99998	0.00324	0.00129	-0.00325	0.99999		-8.39330	60.54520	873.84268	179.65077	2.64302	-2.61265	0.74366	0.99790	0.04586	0.04579	0.04554	-0.99893	0.00819	0.04611	-0.00609	-0.99892		501.65868	4.44857	39.87847	1.04892	-0.36166	0.63455	0.40005	0.99992	0.01096	0.00651	-0.01107	0.99977	0.01824	-0.00631	-0.01831	0.99981	
54	0.53000	-0.15038	2.12402	0.57390	0.18462	0.07192	-0.28953	0.43646	0.99999	-0.00505	-0.00127	0.00505	0.99998	0.00322	0.00126	-0.00322	0.99999		-8.35871	60.52898	873.83837	179.65364	2.63549	-2.62161	0.73953	0.99790	0.04602	0.04566	0.04569	-0.99892	0.00814	0.04598	-0.00604	-0.99892		501.65874	4.46275	39.85862	1.04554	-0.35618	0.65336	0.39553	0.99992	0.01129	0.00642	-0.01140	0.99977	0.01818	-0.00622	-0.01825	0.99981	
55	0.54000	-0.15058	2.11334	0.58604	0.17716	0.07635	-0.28270	0.43591	0.99999	-0.00493	-0.00135	0.00493	0.99998	0.00308	0.00133	-0.00309	0.99999		-8.41660	60.44433	873.83844	179.65866	2.63880	-2.61415	0.73874	0.99790	0.04588	0.04572	0.04556	-0.99893	0.00805	0.04604	-0.00595	-0.99892		501.66612	4.41946	39.88552	1.06325	-0.36366	0.64052	0.39974	0.99992	0.01106	0.00655	-0.01118	0.99977	0.01848	-0.00635	-0.01856	0.99981	
56	0.55000	-0.14475	2.11554	0.57324	0.17779	0.07273	-0.28417	0.43883	0.99999	-0.00496	-0.00128	0.00496	0.99998	0.00310	0.00127	-0.00310	0.99999		-8.36381	60.45712	873.83983	179.66031	2.62634	-2.61419	0.74245	0.99791	0.04588	0.04550	0.04556	-0.99893	0.00801	0.04582	-0.00592	-0.99893		501.65886	4.41816	39.87096	1.05140	-0.36565	0.65045	0.40258	0.99992	0.01123	0.00659	-0.01135	0.99977	0.01828	-0.00638	-0.01835	0.99981	
57	0.56000	-0.14673	2.12437	0.56486	0.17388	0.06808	-0.28830	0.43635	0.99999	-0.00503	-0.00120	0.00503	0.99998	0.00303	0.00119	-0.00303	0.99999		-8.28422	60.41068	873.84583	179.66809	2.62411	-2.61809	0.73763	0.99791	0.04594	0.04547	0.04563	-0.99893	0.00788	0.04578	-0.00579	-0.99893		501.66190	4.44958	39.84633	1.07086	-0.34648	0.64737	0.39690	0.99992	0.01118	0.00626	-0.01130	0.99976	0.01862	-0.00605	-0.01869	0.99981	
58	0.57000	-0.14131	2.12505	0.56542	0.18277	0.06863	-0.28686	0.43945	0.99999	-0.00500	-0.00121	0.00501	0.99998	0.00318	0.00120	-0.00319	0.99999		-8.27212	60.54541	873.85088	179.65857	2.63418	-2.61491	0.74613	0.99790	0.04590	0.04564	0.04557	-0.99893	0.00805	0.04596	-0.00595	-0.99893		501.66053	4.45205	39.84617	1.06046	-0.35910	0.64100	0.39733	0.99992	0.01107	0.00647	-0.01119	0.99977	0.01844	-0.00627	-0.01851	0.99981	
59	0.58000	-0.14341	2.11569	0.57573	0.18029	0.07187	-0.28290	0.43532	0.99999	-0.00493	-0.00127	0.00494	0.99998	0.00314	0.00125	-0.00315	0.99999		-8.31858	60.50937	873.83551	179.65408	2.62792	-2.60409	0.75088	0.99792	0.04571	0.04553	0.04539	-0.99894	0.00811	0.04585	-0.00603	-0.99893		501.66907	4.41981	39.84844	1.05406	-0.37434	0.63094	0.39746	0.99992	0.01089	0.00673	-0.01101	0.99977	0.01832	-0.00653	-0.01840	0.99981	
60	0.59000	-0.14728	2.12283	0.57833	0.17909	0.07035	-0.28836	0.43906	0.99999	-0.00503	-0.00124	0.00503	0.99998	0.00312	0.00123	-0.00313	0.99999		-8.29080	60.49080	873.83096	179.66328	2.62654	-2.60856	0.74651	0.99791	0.04578	0.04551	0.04546	-0.99893	0.00796	0.04583	-0.00587	-0.99893		501.66594	4.45687	39.83834	1.05305	-0.36376	0.63793	0.40400	0.99992	0.01102	0.00655	-0.01113	0.99977	0.01831	-0.00635	-0.01838	0.99981	
61	0.60000	-0.14600	2.12908	0.57307	0.17992	0.07058	-0.29068	0.43686	0.99999	-0.00507	-0.00125	0.00507	0.99998	0.00313	0.00123	-0.00314	0.99999		-8.30766	60.50162	873.82544	179.65750	2.61974	-2.61527	0.74540	0.99791	0.04590	0.04539	0.04558	-0.99893	0.00806	0.04571	-0.00597	-0.99894		501.65772	4.46110	39.85366	1.04220	-0.35530	0.65769	0.39736	0.99991	0.01136	0.00641	-0.01148	0.99977	0.01812	-0.00620	-0.01819	0.99982	
62	0.61000	-0.14481	2.12146	0.57854	0.17759	0.07373	-0.28562	0.43642	0.99999	-0.00498	-0.00130	0.00499	0.99998	0.00309	0.00129	-0.00310	0.99999		-8.36050	60.46356	873.83365	179.66083	2.63280	-2.61301	0.73972	0.99791	0.04586	0.04562	0.04554	-0.99893	0.00801	0.04593	-0.00591	-0.99893		501.65067	4.42243	39.88890	1.06402	-0.34633	0.65012	0.39916	0.99992	0.01123	0.00625	-0.01135	0.99976	0.01850	-0.00604	-0.01857	0.99981	
63	0.62000	-0.14280	2.12339	0.55527	0.17897	0.06408	-0.28640	0.43799	0.99999	-0.00499	-0.00113	0.00500	0.99998	0.00312	0.00112	-0.00312	0.99999		-8.23360	60.50177	873.83081	179.66701	2.61071	-2.62075	0.73739	0.99792	0.04599	0.04524	0.04568	-0.99893	0.00789	0.04555	-0.00581	-0.99895		501.66329	4.43399	39.81163	1.05543	-0.35699	0.64897	0.40181	0.99992	0.01121	0.00644	-0.01133	0.99977	0.01835	-0.00623	-0.01842	0.99981	
64	0.63000	-0.14095	2.11584	0.55770	0.17652	0.06584	-0.28268	0.43645	0.99999	-0.00493	-0.00116	0.00493	0.99998	0.00307	0.00115	-0.00308	0.99999		-8.27016	60.46237	873.84340	179.67477	2.61798	-2.61639	0.73335	0.99791	0.04591	0.04537	0.04560	-0.99893	0.00776	0.04568	-0.00567	-0.99894		501.66655	4.41815	39.81957	1.06632	-0.36191	0.62541	0.40322	0.99992	0.01080	0.00652	-0.01091	0.99977	0.01854	-0.00632	-0.01861	0.99981	
65	0.64000	-0.10915	2.16219	0.36872	0.29370	-0.03042	-0.28903	0.46487	0.99999	-0.00505	0.00051	0.00504	0.99997	0.00513	-0.00053	-0.00513	0.99999		-6.84721	62.17772	873.94221	179.54929	2.53993	-2.61650	0.74573	0.99798	0.04600	0.04391	0.04561	-0.99891	0.00988	0.04432	-0.00786	-0.99899		501.69881	4.51838	39.17026	0.95174	-0.25782	0.62425	0.39995	0.99993	0.01082	0.00468	-0.01089	0.99980	0.01656	-0.00450	-0.01661	0.99985	
66	0.65000	-0.15010	2.14470	0.56816	0.18263	0.06831	-0.29420	0.43996	0.99999	-0.00513	-0.00121	0.00513	0.99998	0.00318	0.00119	-0.00319	0.99999		-8.32251	60.49816	873.83023	179.66911	2.62744	-2.62117	0.73218	0.99790	0.04600	0.04553	0.04568	-0.99892	0.00787	0.04584	-0.00577	-0.99893		501.66527	4.46909	39.83756	1.03174	-0.35470	0.66567	0.39637	0.99991	0.01150	0.00640	-0.01162	0.99977	0.01793	-0.00619	-0.01801	0.99982	
67	0.66000	-0.14549	2.14060	0.56222	0.18672	0.06713	-0.29167	0.43655	0.99999	-0.00509	-0.00119	0.00509	0.99998	0.00325	0.00117	-0.00326	0.99999		-8.30003	60.55222	873.85499	179.65634	2.63467	-2.62508	0.74331	0.99789	0.04607	0.04564	0.04575	-0.99892	0.00810	0.04597	-0.00599	-0.99892		501.66780	4.47405	39.83432	1.04623	-0.35946	0.64392	0.39915	0.99992	0.01112	0.00648	-0.01124	0.99977	0.01819	-0.00627	-0.01826	0.99981	
68	0.67000	-0.14884	2.14023	0.55803	0.17862	0.06576	-0.29386	0.43875	0.99999	-0.00512	-0.00116	0.00513	0.99998	0.00311	0.00115	-0.00312	0.99999		-8.27395	60.41344	873.86055	179.66447	2.62672	-2.62168	0.73958	0.99790	0.04601	0.04551	0.04569	-0.99892	0.00795	0.04583	-0.00585	-0.99893		501.66806	4.46932	39.81430	1.03593	-0.36309	0.66328	0.39750	0.99991	0.01146	0.00654	-0.01158	0.99977	0.01800	-0.00634	-0.01808	0.99982	
69	0.68000	-0.11437	2.16214	0.39616	0.28020	-0.02156	-0.29098	0.45888	0.99999	-0.00508	0.00035	0.00508	0.99998	0.00489	-0.00038	-0.00489	0.99999		-6.96188	61.94823	873.92663	179.55994	2.54677	-2.62301	0.74576	0.99797	0.04610	0.04404	0.04572	-0.99891	0.00971	0.04443	-0.00767	-0.99898		501.69749	4.52329	39.20692	0.97021	-0.27777	0.63568	0.40274	0.99993	0.01101	0.00503	-0.01109	0.99980	0.01688	-0.00485	-0.01693	0.99984	
70	0.69000	-0.11455	2.18179	0.38678	0.28997	-0.02536	-0.29556	0.46231	0.99999	-0.00516	0.00042	0.00516	0.99997	0.00506	-0.00044	-0.00506	0.99999		-6.90759	62.09765	873.91639	179.55632	2.52920	-2.64110	0.74466	0.99796	0.04642	0.04372	0.04603	-0.99889	0.00977	0.04413	-0.00774	-0.99900		501.69962	4.53411	39.18082	0.93663	-0.27902	0.65568	0.39840	0.99992	0.01136	0.00506	-0.01144	0.99980	0.01629	-0.00487	-0.01635	0.99985	
71	0.70000	-0.14296	2.12532	0.56931	0.17114	0.06915	-0.28782	0.43951	0.99999	-0.00502	-0.00122	0.00502	0.99998	0.00298	0.00121	-0.00299	0.99999		-8.29598	60.32837	873.85169	179.67345	2.62070	-2.62531	0.74364	0.99791	0.04606	0.04541	0.04576	-0.99892	0.00779	0.04572	-0.00569	-0.99894		501.66294	4.43951	39.83554	1.05689	-0.36116	0.64718	0.39729	0.99992	0.01118	0.00651	-0.01130	0.99977	0.01837	-0.00630	-0.01844	0.99981	
72	0.71000	-0.13823	2.11767	0.57319	0.17839	0.07200	-0.28388	0.43385	0.99999	-0.00495	-0.00127	0.00495	0.99998	0.00311	0.00126	-0.00311	0.99999		-8.34283	60.46310	873.82365	179.67175	2.61646	-2.61113	0.73825	0.99792	0.04582	0.04534	0.04551	-0.99893	0.00780	0.04565	-0.00572	-0.99894		501.65748	4.42289	39.86338	1.05672	-0.35964	0.63082	0.40206	0.99992	0.01089	0.00648	-0.01101	0.99977	0.01837	-0.00628	-0.01844	0.99981	
73	0.72000	-0.14540	2.13248	0.57452	0.17267	0.07316	-0.29075	0.43346	0.99999	-0.00507	-0.00129	0.00507	0.99998	0.00301	0.00128	-0.00301	0.99999		-8.34867	60.35677	873.83308	179.66751	2.61559	-2.62160	0.74206	0.99791	0.04600	0.04532	0.04569	-0.99892	0.00788	0.04563	-0.00580	-0.99894		501.66182	4.46694	39.87121	1.06072	-0.36303	0.64624	0.40318	0.99992	0.01116	0.00654	-0.01128	0.99977	0.01844	-0.00634	-0.01851	0.99981	
74	0.73000	-0.11547	2.17922	0.37937	0.28118	-0.02599	-0.29564	0.45918	0.99999	-0.00516	0.00043	0.00516	0.99997	0.00491	-0.00045	-0.00491	0.99999		-6.88919	61.98959	873.90218	179.56583	2.50480	-2.62392	0.74036	0.99800	0.04611	0.04331	0.04574	-0.99891	0.00957	0.04370	-0.00757	-0.99902		501.70060	4.54520	39.19482	0.95887	-0.26485	0.63250	0.39760	0.99993	0.01096	0.00481	-0.01104	0.99980	0.01668	-0.00462	-0.01673	0.99985	
75	0.74000	-0.11309	2.17445	0.37803	0.29160	-0.02958	-0.29305	0.46394	0.99999	-0.00512	0.00049	0.00511	0.99997	0.00509	-0.00052	-0.00509	0.99999		-6.82016	62.13490	873.94180	179.54907	2.53944	-2.61115	0.74450	0.99798	0.04590	0.04390	0.04551	-0.99891	0.00988	0.04431	-0.00786	-0.99899		501.69826	4.51462	39.16839	0.93800	-0.25772	0.65443	0.40023	0.99992	0.01135	0.00468	-0.01142	0.99980	0.01632	-0.00450	-0.01637	0.99986	
76	0.75000	-0.15055	2.13267	0.56406	0.18431	0.06858	-0.29079	0.43754	0.99999	-0.00507	-0.00121	0.00508	0.99998	0.00321	0.00120	-0.00322	0.99999		-8.28194	60.55176	873.84656	179.64929	2.62791	-2.61575	0.74170	0.99791	0.04592	0.04552	0.04559	-0.99893	0.00821	0.04585	-0.00611	-0.99893		501.66617	4.49424	39.84359	1.06654	-0.35489	0.62536	0.40134	0.99992	0.01080	0.00640	-0.01091	0.99977	0.01854	-0.00619	-0.01861	0.99981	
77	0.76000	-0.14403	2.12108	0.55747	0.18152	0.06484	-0.28545	0.43484	0.99999	-0.00498	-0.00115	0.00498	0.99998	0.00316	0.00113	-0.00317	0.99999		-8.23400	60.51848	873.85810	179.65495	2.62927	-2.60964	0.74472	0.99791	0.04581	0.04555	0.04548	-0.99893	0.00810	0.04587	-0.00602	-0.99893		501.66263	4.41627	39.81797	1.03119	-0.35360	0.65789	0.39876	0.99992	0.01137	0.00638	-0.01148	0.99977	0.01792	-0.00617	-0.01800	0.99982	
78	0.77000	-0.14611	2.10301	0.58094	0.17036	0.07565	-0.27923	0.43533	0.99999	-0.00487	-0.00133	0.00487	0.99998	0.00297	0.00132	-0.00297	0.99999		-8.40783	60.36927	873.83336	179.66510	2.63323	-2.60184	0.74115	0.99791	0.04566	0.04563	0.04535	-0.99894	0.00792	0.04594	-0.00584	-0.99893		501.65663	4.37916	39.88440	1.05459	-0.36459	0.64333	0.39818	0.99992	0.01111	0.00657	-0.01123	0.99977	0.01833	-0.00636	-0.01840	0.99981	
79	0.78000	-0.11686	2.17050	0.37946	0.29221	-0.02704	-0.29125	0.46121	0.99999	-0.00509	0.00045	0.00508	0.99997	0.00510	-0.00047	-0.00510	0.99999		-6.89838	62.18917	873.92377	179.54156	2.53262	-2.63064	0.74401	0.99797	0.04625	0.04377	0.04585	-0.99890	0.01002	0.04419	-0.00799	-0.99899		501.70047	4.51547	39.17707	0.95155	-0.26983	0.63339	0.40173	0.99993	0.01097	0.00489	-0.01105	0.99980	0.01655	-0.00471	-0.01661	0.99985	
80	0.79000	-0.14592	2.13111	0.56321	0.16760	0.06622	-0.28988	0.43623	0.99999	-0.00506	-0.00117	0.00506	0.99998	0.00292	0.00116	-0.00293	0.99999		-8.28615	60.29535	873.85596	179.66432	2.62356	-2.61256	0.74420	0.99791	0.04585	0.04546	0.04553	-0.99893	0.00794	0.04577	-0.00585	-0.99893		501.67103	4.45943	39.82466	1.07218	-0.36138	0.63996	0.39885	0.99992	0.01105	0.00651	-0.01117	0.99976	0.01864	-0.00631	-0.01871	0.99980	
81	0.80000	-0.14787	2.11496	0.57467	0.17062	0.07068	-0.28470	0.43693	0.99999	-0.00496	-0.00125	0.00497	0.99998	0.00297	0.00123	-0.00298	0.99999		-8.35049	60.37373	873.84027	179.66736	2.62552	-2.62952	0.74483	0.99790	0.04614	0.04549	0.04583	-0.99892	0.00790	0.04581	-0.00580	-0.99893		501.65798	4.42858	39.85456	1.06346	-0.35168	0.64037	0.39943	0.99992	0.01106	0.00634	-0.01118	0.99977	0.01849	-0.00614	-0.01856	0.99981	
82	0.81000	-0.14609	2.12635	0.57321	0.17535	0.07045	-0.28607	0.43451	0.99999	-0.00499	-0.00124	0.00499	0.99998	0.00305	0.00123	-0.00306	0.99999		-8.34012	60.41388	873.85227	179.66603	2.63647	-2.60815	0.74603	0.99791	0.04577	0.04569	0.04546	-0.99893	0.00792	0.04600	-0.00582	-0.99892		501.65996	4.43397	39.85411	1.06325	-0.35863	0.63417	0.40138	0.99992	0.01095	0.00646	-0.01107	0.99977	0.01849	-0.00626	-0.01856	0.99981	
83	0.82000	-0.14752	2.11534	0.57238	0.17557	0.07169	-0.28454	0.43806	0.99999	-0.00496	-0.00127	0.00497	0.99998	0.00306	0.00125	-0.00306	0.99999		-8.34489	60.42759	873.83686	179.66396	2.62776	-2.61611	0.74627	0.99791	0.04591	0.04553	0.04560	-0.99893	0.00795	0.04585	-0.00586	-0.99893		501.65238	4.41919	39.86613	1.05584	-0.35253	0.64594	0.39404	0.99992	0.01116	0.00636	-0.01127	0.99977	0.01836	-0.00615	-0.01843	0.99981	
84	0.83000	-0.14634	2.11228	0.56897	0.17559	0.06789	-0.28343	0.43837	0.99999	-0.00494	-0.00120	0.00495	0.99998	0.00306	0.00118	-0.00306	0.99999		-8.27695	60.41550	873.84418	179.66411	2.62632	-2.60810	0.74165	0.99791	0.04577	0.04551	0.04546	-0.99893	0.00794	0.04582	-0.00586	-0.99893		501.65821	4.42657	39.82945	1.06987	-0.35841	0.62909	0.40074	0.99992	0.01086	0.00646	-0.01098	0.99977	0.01860	-0.00626	-0.01867	0.99981	
85	0.84000	-0.14471	2.12505	0.56612	0.18321	0.06930	-0.28603	0.43409	0.99999	-0.00499	-0.00122	0.00499	0.99998	0.00319	0.00121	-0.00320	0.99999		-8.28877	60.51989	873.84787	179.65877	2.62861	-2.61767	0.74553	0.99791	0.04594	0.04554	0.04562	-0.99893	0.00804	0.04586	-0.00595	-0.99893		501.65889	4.42827	39.84688	1.04582	-0.35495	0.64624	0.39800	0.99992	0.01116	0.00640	-0.01128	0.99977	0.01818	-0.00619	-0.01825	0.99981	
86	0.85000	-0.14372	2.12974	0.56758	0.18229	0.07070	-0.28850	0.43670	0.99999	-0.00503	-0.00125	0.00504	0.99998	0.00317	0.00123	-0.00318	0.99999		-8.32119	60.51108	873.81538	179.67516	2.60960	-2.61873	0.74082	0.99792	0.04595	0.04522	0.04564	-0.99893	0.00774	0.04553	-0.00566	-0.99895		501.65535	4.47253	39.85757	1.07313	-0.35670	0.61425	0.39790	0.99992	0.01060	0.00642	-0.01072	0.99977	0.01866	-0.00623	-0.01873	0.99981	
87	0.86000	-0.14842	2.13742	0.57036	0.17756	0.07049	-0.29265	0.43560	0.99999	-0.00510	-0.00125	0.00511	0.99998	0.00309	0.00123	-0.00310	0.99999		-8.30137	60.41194	873.84789	179.67294	2.63200	-2.62310	0.74818	0.99790	0.04603	0.04561	0.04572	-0.99892	0.00780	0.04592	-0.00570	-0.99893		501.67108	4.49119	39.84399	1.05250	-0.36259	0.62835	0.40077	0.99992	0.01085	0.00653	-0.01097	0.99977	0.01830	-0.00633	-0.01837	0.99981	
88	0.87000	-0.14437	2.11551	0.57223	0.17234	0.07161	-0.28417	0.43588	0.99999	-0.00496	-0.00126	0.00496	0.99998	0.00300	0.00125	-0.00301	0.99999		-8.31480	60.35026	873.84475	179.66037	2.62349	-2.61713	0.74260	0.99791	0.04593	0.04545	0.04561	-0.99893	0.00801	0.04577	-0.00592	-0.99893		501.66140	4.43451	39.85884	1.07375	-0.35791	0.62291	0.40085	0.99992	0.01075	0.00645	-0.01087	0.99977	0.01867	-0.00625	-0.01874	0.99980	
89	0.88000	-0.14671	2.12150	0.58796	0.17156	0.07831	-0.28610	0.43321	0.99999	-0.00499	-0.00138	0.00499	0.99998	0.00299	0.00137	-0.00299	0.99999		-8.41720	60.33351	873.83063	179.67903	2.63227	-2.61217	0.74558	0.99791	0.04583	0.04562	0.04553	-0.99893	0.00769	0.04593	-0.00560	-0.99893		501.65163	4.42232	39.89489	1.05755	-0.36808	0.64920	0.40386	0.99992	0.01121	0.00663	-0.01133	0.99977	0.01838	-0.00642	-0.01846	0.99981	
90	0.89000	-0.15198	2.11814	0.56931	0.16412	0.07173	-0.28559	0.43813	0.99999	-0.00498	-0.00127	0.00498	0.99998	0.00286	0.00125	-0.00286	0.99999		-8.31760	60.23364	873.86557	179.67882	2.63195	-2.61899	0.74114	0.99790	0.04595	0.04562	0.04565	-0.99893	0.00770	0.04592	-0.00560	-0.99893		501.66456	4.43233	39.86151	1.08219	-0.36097	0.63394	0.39677	0.99992	0.01094	0.00651	-0.01106	0.99976	0.01882	-0.00630	-0.01889	0.99980	
91	0.90000	-0.14924	2.12032	0.57905	0.17508	0.07553	-0.28598	0.43687	0.99999	-0.00499	-0.00133	0.00499	0.99998	0.00305	0.00132	-0.00306	0.99999		-8.39205	60.41088	873.84438	179.67766	2.63955	-2.62829	0.74546	0.99789	0.04611	0.04575	0.04581	-0.99892	0.00773	0.04605	-0.00562	-0.99892		501.65455	4.42494	39.88624	1.04617	-0.36110	0.63910	0.39884	0.99992	0.01104	0.00650	-0.01115	0.99977	0.01819	-0.00630	-0.01826	0.99981	
92	0.91000	-0.14575	2.12512	0.57801	0.17737	0.07365	-0.28650	0.44112	0.99999	-0.00500	-0.00130	0.00500	0.99998	0.00309	0.00129	-0.00310	0.99999		-8.38410	60.42903	873.83149	179.66043	2.62894	-2.62010	0.74201	0.99790	0.04598	0.04555	0.04567	-0.99892	0.00802	0.04587	-0.00592	-0.99893		501.65242	4.44104	39.86728	1.06359	-0.35930	0.63146	0.39909	0.99992	0.01090	0.00647	-0.01102	0.99977	0.01849	-0.00627	-0.01856	0.99981	
93	0.92000	-0.11581	2.17233	0.37357	0.29078	-0.02762	-0.29216	0.45905	0.99999	-0.00510	0.00046	0.00510	0.99997	0.00508	-0.00048	-0.00508	0.99999		-6.88752	62.13239	873.93180	179.54382	2.53301	-2.62748	0.73890	0.99797	0.04619	0.04378	0.04580	-0.99890	0.00998	0.04419	-0.00795	-0.99899		501.69224	4.51899	39.17694	0.94230	-0.25649	0.63844	0.39942	0.99993	0.01107	0.00466	-0.01114	0.99980	0.01639	-0.00448	-0.01645	0.99985	
94	0.93000	-0.11524	2.17332	0.38158	0.28420	-0.02523	-0.29484	0.46054	0.99999	-0.00515	0.00042	0.00515	0.99997	0.00496	-0.00044	-0.00496	0.99999		-6.93409	62.03543	873.93471	179.55293	2.54167	-2.62499	0.74016	0.99797	0.04614	0.04394	0.04575	-0.99890	0.00983	0.04435	-0.00780	-0.99899		501.69285	4.54406	39.18947	0.95867	-0.27335	0.63149	0.39586	0.99993	0.01094	0.00495	-0.01102	0.99980	0.01668	-0.00477	-0.01673	0.99985	
