1	0.00000	0.05604	1.99885	0.54711	-0.00314	-0.14456	-0.23460	0.52336	0.99999	-0.00409	0.00252	0.00409	0.99999	-0.00005	-0.00252	0.00005	1.00000		-5.19300	57.65823	874.26542	179.84633	2.37689	-2.28004	0.59282	0.99835	0.03989	0.04133	0.03975	-0.99920	0.00433	0.04147	-0.00268	-0.99914		501.63588	3.66380	37.89938	1.22777	-0.43510	0.57038	0.36658	0.99992	0.00979	0.00781	-0.00995	0.99972	0.02135	-0.00759	-0.02143	0.99974	
2	0.01000	0.04766	1.96672	0.54290	-0.06644	-0.14144	-0.22875	0.53147	0.99999	-0.00399	0.00247	0.00399	0.99999	-0.00115	-0.00247	0.00116	1.00000		-5.27019	56.75100	874.34398	179.89659	2.38957	-2.28494	0.58460	0.99834	0.03994	0.04159	0.03983	-0.99920	0.00347	0.04169	-0.00180	-0.99913		501.64292	3.59930	37.93396	1.28542	-0.44273	0.55668	0.36785	0.99992	0.00954	0.00794	-0.00972	0.99970	0.02236	-0.00773	-0.02243	0.99972	
3	0.02000	0.05332	1.97879	0.49705	-0.05429	-0.16488	-0.23395	0.53729	0.99999	-0.00408	0.00288	0.00408	0.99999	-0.00094	-0.00288	0.00095	0.99999		-4.92345	56.91490	874.41708	179.87567	2.41693	-2.28709	0.58033	0.99831	0.04000	0.04205	0.03987	-0.99920	0.00385	0.04217	-0.00217	-0.99911		501.64947	3.63142	37.77600	1.25082	-0.41571	0.56161	0.36338	0.99993	0.00964	0.00747	-0.00980	0.99972	0.02176	-0.00726	-0.02183	0.99974	
4	0.03000	0.01483	2.08002	0.66444	0.05930	-0.05595	-0.26081	0.56670	0.99999	-0.00455	0.00097	0.00455	0.99999	0.00104	-0.00098	-0.00104	1.00000		-6.47216	58.73785	874.11622	179.81500	2.56506	-2.54094	0.67909	0.99802	0.04448	0.04457	0.04429	-0.99901	0.00521	0.04475	-0.00323	-0.99899		501.54169	3.94602	38.68761	1.22750	-0.21239	0.59061	0.37272	0.99994	0.01023	0.00393	-0.01031	0.99972	0.02138	-0.00371	-0.02142	0.99976	
5	0.04000	0.01755	2.09604	0.66560	0.04844	-0.05355	-0.26601	0.56520	0.99999	-0.00464	0.00093	0.00464	0.99999	0.00085	-0.00093	-0.00085	1.00000		-6.55073	58.59323	874.07479	179.84628	2.54239	-2.53881	0.67784	0.99804	0.04441	0.04420	0.04425	-0.99901	0.00465	0.04436	-0.00268	-0.99901		501.54819	3.97560	38.70186	1.24478	-0.22238	0.58198	0.37396	0.99994	0.01007	0.00410	-0.01016	0.99971	0.02168	-0.00388	-0.02172	0.99976	
6	0.05000	0.26197	2.64408	0.13325	0.69366	-0.92890	-0.46833	0.63743	0.99983	-0.00837	0.01611	0.00817	0.99989	0.01224	-0.01621	-0.01210	0.99979		6.03363	67.80751	874.10287	179.23169	1.64271	-2.61920	0.62009	0.99854	0.04608	0.02802	0.04568	-0.99885	0.01471	0.02867	-0.01340	-0.99950		501.80848	5.51297	32.05981	0.32770	0.70314	1.00009	0.37884	0.99977	0.01752	-0.01217	-0.01745	0.99983	0.00593	0.01227	-0.00572	0.99991	
7	0.06000	-0.08313	2.16613	0.58457	0.25962	-0.04054	-0.29397	0.49804	0.99999	-0.00513	0.00068	0.00513	0.99998	0.00453	-0.00071	-0.00453	0.99999		-6.72394	61.69437	873.82859	179.54594	2.53006	-2.60009	0.72040	0.99800	0.04571	0.04374	0.04532	-0.99892	0.00992	0.04414	-0.00792	-0.99899		501.49866	4.13236	39.04663	0.88779	-0.29699	0.82505	0.44829	0.99988	0.01432	0.00541	-0.01440	0.99978	0.01542	-0.00518	-0.01549	0.99987	
8	0.07000	-0.08641	2.15001	0.56904	0.26043	-0.02970	-0.28766	0.48899	0.99999	-0.00502	0.00050	0.00502	0.99998	0.00455	-0.00052	-0.00455	0.99999		-6.82679	61.74509	873.85373	179.55870	2.53816	-2.60154	0.72831	0.99799	0.04573	0.04389	0.04535	-0.99892	0.00970	0.04428	-0.00769	-0.99899		501.46830	4.16191	39.09911	0.92748	-0.26150	0.69978	0.39843	0.99992	0.01214	0.00476	-0.01221	0.99980	0.01613	-0.00456	-0.01619	0.99986	
9	0.08000	-0.08739	2.14510	0.55083	0.25952	-0.02723	-0.28634	0.48311	0.99999	-0.00500	0.00045	0.00500	0.99998	0.00453	-0.00048	-0.00453	0.99999		-6.82160	61.73343	873.85792	179.57480	2.52206	-2.60314	0.72797	0.99800	0.04574	0.04362	0.04537	-0.99893	0.00941	0.04400	-0.00741	-0.99900		501.46699	4.15489	39.13249	0.93076	-0.25781	0.68740	0.39702	0.99992	0.01192	0.00469	-0.01200	0.99980	0.01619	-0.00450	-0.01624	0.99986	
10	0.09000	-0.08539	2.15428	0.50925	0.27670	-0.03697	-0.28698	0.48166	0.99999	-0.00501	0.00062	0.00501	0.99998	0.00483	-0.00065	-0.00483	0.99999		-6.63813	61.96472	873.88085	179.54903	2.50857	-2.61724	0.72868	0.99800	0.04601	0.04336	0.04562	-0.99891	0.00986	0.04377	-0.00786	-0.99901		501.45811	4.16150	39.08410	0.92705	-0.22820	0.68627	0.39547	0.99992	0.01191	0.00418	-0.01198	0.99980	0.01613	-0.00398	-0.01618	0.99986	
11	0.10000	-0.08621	2.14384	0.53527	0.27465	-0.02340	-0.28155	0.48013	0.99999	-0.00492	0.00039	0.00491	0.99998	0.00479	-0.00041	-0.00479	0.99999		-6.81260	61.91434	873.86312	179.55133	2.52661	-2.60594	0.72637	0.99799	0.04581	0.04368	0.04542	-0.99892	0.00983	0.04408	-0.00782	-0.99900		501.45044	4.14751	39.16005	0.93988	-0.26328	0.64804	0.39546	0.99993	0.01123	0.00478	-0.01131	0.99980	0.01635	-0.00460	-0.01640	0.99985	
12	0.11000	-0.08226	2.16563	0.50447	0.27775	-0.02982	-0.28907	0.47819	0.99999	-0.00505	0.00050	0.00505	0.99998	0.00485	-0.00052	-0.00485	0.99999		-6.73272	61.91956	873.88728	179.56252	2.51299	-2.61227	0.72867	0.99800	0.04591	0.04345	0.04553	-0.99892	0.00963	0.04385	-0.00763	-0.99901		501.45272	4.18960	39.13601	0.94342	-0.24273	0.66332	0.39885	0.99992	0.01151	0.00443	-0.01158	0.99980	0.01641	-0.00424	-0.01646	0.99986	
13	0.12000	-0.08213	2.16862	0.51393	0.27558	-0.02228	-0.28856	0.47471	0.99999	-0.00504	0.00037	0.00504	0.99998	0.00481	-0.00039	-0.00481	0.99999		-6.85518	61.87065	873.89533	179.58148	2.53438	-2.61435	0.72978	0.99798	0.04593	0.04384	0.04557	-0.99892	0.00931	0.04422	-0.00730	-0.99900		501.44177	4.17202	39.19294	0.93941	-0.25016	0.66573	0.39282	0.99992	0.01155	0.00456	-0.01162	0.99980	0.01634	-0.00437	-0.01639	0.99986	
14	0.13000	-0.08286	2.15086	0.50637	0.26825	-0.02232	-0.28265	0.47527	0.99999	-0.00493	0.00037	0.00493	0.99998	0.00468	-0.00039	-0.00468	0.99999		-6.89088	61.75166	873.90815	179.57137	2.53783	-2.60941	0.73200	0.99798	0.04586	0.04389	0.04548	-0.99892	0.00949	0.04428	-0.00747	-0.99899		501.38459	4.08311	39.21471	0.90057	-0.19270	0.74638	0.38250	0.99991	0.01297	0.00357	-0.01303	0.99979	0.01567	-0.00336	-0.01572	0.99987	
15	0.14000	-0.08875	2.16541	0.49434	0.27666	-0.02498	-0.28531	0.47319	0.99999	-0.00498	0.00041	0.00498	0.99998	0.00483	-0.00044	-0.00483	0.99999		-6.88468	61.84752	873.91720	179.57196	2.53955	-2.60523	0.72817	0.99799	0.04578	0.04392	0.04541	-0.99892	0.00948	0.04431	-0.00746	-0.99899		501.44708	4.14667	39.17997	0.92514	-0.25016	0.66525	0.39418	0.99992	0.01154	0.00455	-0.01161	0.99980	0.01609	-0.00437	-0.01615	0.99986	
16	0.15000	-0.09091	2.16316	0.49444	0.27348	-0.02361	-0.28606	0.47641	0.99999	-0.00499	0.00039	0.00499	0.99998	0.00477	-0.00041	-0.00477	0.99999		-6.93713	61.82966	873.92199	179.57080	2.54637	-2.62269	0.72676	0.99797	0.04609	0.04404	0.04571	-0.99891	0.00952	0.04443	-0.00748	-0.99898		501.44542	4.15692	39.18181	0.93661	-0.25019	0.66621	0.39895	0.99992	0.01155	0.00456	-0.01163	0.99980	0.01629	-0.00437	-0.01635	0.99986	
17	0.16000	-0.09155	2.17616	0.47794	0.28123	-0.02825	-0.28968	0.47024	0.99999	-0.00506	0.00047	0.00506	0.99998	0.00491	-0.00049	-0.00491	0.99999		-6.90287	61.92217	873.94254	179.55989	2.55676	-2.61554	0.72706	0.99796	0.04597	0.04421	0.04559	-0.99891	0.00971	0.04461	-0.00767	-0.99898		501.45160	4.19651	39.15703	0.93766	-0.25114	0.64800	0.39507	0.99993	0.01124	0.00457	-0.01131	0.99980	0.01631	-0.00438	-0.01636	0.99986	
18	0.17000	-0.09264	2.17749	0.46068	0.27946	-0.03360	-0.29213	0.47241	0.99999	-0.00510	0.00056	0.00510	0.99998	0.00488	-0.00059	-0.00488	0.99999		-6.84448	61.90692	873.95348	179.55869	2.54830	-2.62063	0.72631	0.99797	0.04606	0.04406	0.04568	-0.99891	0.00973	0.04446	-0.00769	-0.99898		501.45856	4.21100	39.12109	0.95419	-0.25028	0.66332	0.39551	0.99992	0.01150	0.00456	-0.01158	0.99980	0.01660	-0.00437	-0.01665	0.99985	
19	0.18000	-0.08802	2.16992	0.45442	0.27565	-0.03624	-0.28900	0.47386	0.99999	-0.00505	0.00061	0.00504	0.99998	0.00481	-0.00063	-0.00481	0.99999		-6.80736	61.88093	873.97585	179.55649	2.55450	-2.61921	0.73030	0.99796	0.04604	0.04417	0.04565	-0.99891	0.00977	0.04457	-0.00773	-0.99898		501.45134	4.17786	39.10486	0.93793	-0.24552	0.67515	0.39252	0.99992	0.01171	0.00448	-0.01178	0.99980	0.01632	-0.00429	-0.01637	0.99986	
20	0.19000	-0.08534	2.16690	0.47567	0.28284	-0.02462	-0.28477	0.47220	0.99999	-0.00497	0.00041	0.00497	0.99998	0.00494	-0.00043	-0.00494	0.99999		-6.97807	62.02558	873.92043	179.54874	2.55458	-2.61957	0.72477	0.99796	0.04605	0.04416	0.04566	-0.99891	0.00990	0.04457	-0.00787	-0.99898		501.44645	4.14509	39.18253	0.93797	-0.26093	0.66877	0.39747	0.99992	0.01160	0.00474	-0.01167	0.99980	0.01632	-0.00455	-0.01637	0.99986	
21	0.20000	-0.08384	2.17815	0.48159	0.26695	-0.02189	-0.29093	0.46912	0.99999	-0.00508	0.00036	0.00508	0.99998	0.00466	-0.00038	-0.00466	0.99999		-6.98902	61.79418	873.93503	179.56766	2.56331	-2.61703	0.73101	0.99796	0.04600	0.04433	0.04561	-0.99891	0.00958	0.04472	-0.00754	-0.99897		501.44524	4.18599	39.19934	0.94427	-0.25383	0.66230	0.39643	0.99992	0.01148	0.00462	-0.01156	0.99980	0.01643	-0.00443	-0.01648	0.99985	
22	0.21000	-0.07895	2.17365	0.46257	0.27582	-0.02855	-0.28594	0.47449	0.99999	-0.00499	0.00047	0.00499	0.99998	0.00482	-0.00050	-0.00481	0.99999		-6.86949	61.96336	873.93546	179.55327	2.53610	-2.61992	0.73254	0.99798	0.04605	0.04384	0.04567	-0.99891	0.00981	0.04425	-0.00779	-0.99899		501.44736	4.15232	39.16250	0.93652	-0.24727	0.66193	0.39367	0.99992	0.01148	0.00450	-0.01155	0.99980	0.01629	-0.00432	-0.01634	0.99986	
23	0.22000	-0.07941	2.17934	0.45234	0.28836	-0.03148	-0.28928	0.47380	0.99999	-0.00505	0.00052	0.00505	0.99997	0.00503	-0.00055	-0.00503	0.99999		-6.78594	62.16601	873.92011	179.53902	2.52843	-2.62214	0.72684	0.99798	0.04610	0.04370	0.04570	-0.99890	0.01006	0.04412	-0.00804	-0.99899		501.45159	4.17970	39.13120	0.93157	-0.26148	0.66687	0.39390	0.99992	0.01156	0.00475	-0.01164	0.99980	0.01620	-0.00456	-0.01626	0.99986	
24	0.23000	-0.08409	2.17234	0.44965	0.27780	-0.03240	-0.28673	0.46878	0.99999	-0.00501	0.00054	0.00500	0.99998	0.00485	-0.00057	-0.00485	0.99999		-6.72699	62.02304	873.93620	179.55130	2.52424	-2.61871	0.73315	0.99799	0.04603	0.04364	0.04564	-0.99891	0.00984	0.04404	-0.00782	-0.99900		501.45417	4.15317	39.12724	0.93123	-0.26072	0.66677	0.39245	0.99992	0.01156	0.00474	-0.01164	0.99980	0.01620	-0.00455	-0.01625	0.99986	
25	0.24000	-0.08635	2.17727	0.45233	0.28999	-0.03269	-0.28836	0.47031	0.99999	-0.00504	0.00055	0.00503	0.99997	0.00506	-0.00057	-0.00506	0.99999		-6.71012	62.19594	873.91177	179.52957	2.51791	-2.61592	0.73454	0.99799	0.04600	0.04351	0.04560	-0.99891	0.01021	0.04393	-0.00820	-0.99900		501.46158	4.18312	39.12347	0.92887	-0.25946	0.65007	0.39349	0.99993	0.01127	0.00471	-0.01135	0.99981	0.01616	-0.00453	-0.01621	0.99986	
26	0.25000	-0.09107	2.16123	0.49542	0.26633	-0.01534	-0.28520	0.46669	0.99999	-0.00498	0.00025	0.00498	0.99998	0.00465	-0.00027	-0.00465	0.99999		-6.96553	61.86505	873.88535	179.56583	2.53068	-2.61708	0.72532	0.99798	0.04599	0.04376	0.04562	-0.99891	0.00959	0.04415	-0.00757	-0.99900		501.44915	4.14897	39.22626	0.95188	-0.27729	0.65774	0.39472	0.99992	0.01140	0.00503	-0.01148	0.99980	0.01656	-0.00484	-0.01661	0.99985	
27	0.26000	-0.08817	2.17400	0.46526	0.28020	-0.02590	-0.28760	0.47248	0.99999	-0.00502	0.00043	0.00502	0.99998	0.00489	-0.00045	-0.00489	0.99999		-6.82088	62.02971	873.91698	179.54904	2.53265	-2.61667	0.73365	0.99798	0.04600	0.04378	0.04561	-0.99891	0.00988	0.04419	-0.00786	-0.99899		501.45850	4.16360	39.16560	0.92979	-0.27334	0.66683	0.39534	0.99992	0.01156	0.00496	-0.01164	0.99980	0.01617	-0.00477	-0.01623	0.99986	
28	0.27000	-0.08285	2.18386	0.46497	0.28436	-0.02733	-0.29121	0.47144	0.99999	-0.00508	0.00045	0.00508	0.99997	0.00496	-0.00048	-0.00496	0.99999		-6.85341	62.08357	873.90088	179.55406	2.52528	-2.63188	0.72504	0.99798	0.04626	0.04365	0.04587	-0.99890	0.00980	0.04406	-0.00778	-0.99900		501.51808	3.83797	39.13130	0.63510	-0.34035	1.11507	0.29945	0.99979	0.01939	0.00615	-0.01946	0.99975	0.01097	-0.00594	-0.01108	0.99992	
29	0.28000	-0.08550	2.17229	0.45517	0.28848	-0.02947	-0.28178	0.46819	0.99999	-0.00492	0.00049	0.00492	0.99998	0.00504	-0.00051	-0.00503	0.99999		-6.82421	62.11188	873.93530	179.55579	2.54570	-2.60491	0.73431	0.99798	0.04579	0.04402	0.04540	-0.99892	0.00976	0.04442	-0.00775	-0.99898		501.45211	4.11364	39.15253	0.92269	-0.25419	0.66934	0.39196	0.99992	0.01161	0.00462	-0.01168	0.99980	0.01605	-0.00444	-0.01610	0.99986	
30	0.29000	-0.08294	2.19338	0.44689	0.27829	-0.03003	-0.29360	0.46949	0.99999	-0.00513	0.00050	0.00512	0.99998	0.00486	-0.00052	-0.00486	0.99999		-6.87350	61.91149	873.95702	179.56459	2.54063	-2.63317	0.73004	0.99796	0.04628	0.04393	0.04590	-0.99890	0.00963	0.04433	-0.00759	-0.99899		501.45417	4.19919	39.15570	0.95025	-0.26528	0.67010	0.39719	0.99992	0.01162	0.00482	-0.01169	0.99979	0.01653	-0.00463	-0.01658	0.99985	
31	0.30000	-0.08139	2.17665	0.45526	0.27407	-0.02950	-0.28813	0.46746	0.99999	-0.00503	0.00049	0.00503	0.99998	0.00479	-0.00051	-0.00478	0.99999		-6.89425	61.84022	873.96336	179.57262	2.55151	-2.62320	0.73499	0.99796	0.04610	0.04413	0.04572	-0.99891	0.00949	0.04452	-0.00745	-0.99898		501.44930	4.18151	39.14135	0.96131	-0.26859	0.64210	0.39808	0.99993	0.01113	0.00487	-0.01121	0.99980	0.01672	-0.00469	-0.01678	0.99985	
32	0.31000	-0.09185	2.18894	0.45758	0.28515	-0.02533	-0.29106	0.47049	0.99999	-0.00508	0.00042	0.00508	0.99997	0.00498	-0.00044	-0.00498	0.99999		-6.96786	61.97407	873.96283	179.56310	2.55860	-2.62065	0.73127	0.99796	0.04606	0.04424	0.04568	-0.99891	0.00966	0.04464	-0.00762	-0.99897		501.45493	4.18588	39.17553	0.93026	-0.27358	0.66190	0.39365	0.99992	0.01147	0.00496	-0.01155	0.99980	0.01618	-0.00477	-0.01624	0.99986	
33	0.32000	-0.08301	2.20976	0.43691	0.30416	-0.03599	-0.29774	0.46568	0.99999	-0.00520	0.00060	0.00520	0.99997	0.00531	-0.00063	-0.00531	0.99999		-6.82027	62.24834	873.94898	179.54550	2.53733	-2.64156	0.72859	0.99796	0.04644	0.04386	0.04604	-0.99889	0.00996	0.04427	-0.00792	-0.99899		501.44886	4.24323	39.11473	0.91289	-0.25036	0.66376	0.39311	0.99992	0.01151	0.00455	-0.01158	0.99981	0.01588	-0.00437	-0.01593	0.99986	
34	0.33000	-0.08647	2.18474	0.44742	0.28113	-0.03252	-0.29245	0.46682	0.99999	-0.00511	0.00054	0.00510	0.99998	0.00491	-0.00057	-0.00491	0.99999		-6.85267	61.89464	873.92830	179.55820	2.52723	-2.62922	0.72974	0.99798	0.04621	0.04369	0.04583	-0.99890	0.00973	0.04409	-0.00770	-0.99900		501.44492	4.21184	39.13404	0.94285	-0.25249	0.66162	0.39533	0.99992	0.01147	0.00460	-0.01155	0.99980	0.01640	-0.00441	-0.01645	0.99985	
35	0.34000	-0.08966	2.19993	0.44915	0.28954	-0.02838	-0.29633	0.47008	0.99999	-0.00517	0.00047	0.00517	0.99997	0.00506	-0.00050	-0.00505	0.99999		-6.87990	62.04162	873.94380	179.55528	2.53939	-2.63596	0.72890	0.99796	0.04633	0.04390	0.04594	-0.99890	0.00979	0.04431	-0.00775	-0.99899		501.45037	4.25598	39.16681	0.95393	-0.26189	0.64636	0.39960	0.99993	0.01120	0.00476	-0.01128	0.99980	0.01660	-0.00457	-0.01665	0.99985	
36	0.35000	-0.08500	2.18687	0.45172	0.28467	-0.02748	-0.28986	0.46845	0.99999	-0.00506	0.00046	0.00506	0.99998	0.00497	-0.00048	-0.00497	0.99999		-6.87462	62.01319	873.92951	179.56953	2.53106	-2.62987	0.72526	0.99797	0.04621	0.04377	0.04584	-0.99890	0.00953	0.04416	-0.00751	-0.99900		501.45455	4.20586	39.17065	0.94946	-0.25977	0.63518	0.39595	0.99993	0.01101	0.00472	-0.01109	0.99980	0.01652	-0.00453	-0.01657	0.99985	
37	0.36000	-0.07743	2.18172	0.46216	0.28427	-0.02593	-0.28740	0.46668	0.99999	-0.00502	0.00043	0.00502	0.99998	0.00496	-0.00045	-0.00496	0.99999		-6.86404	62.01718	873.92707	179.55623	2.53560	-2.62879	0.73032	0.99797	0.04621	0.04384	0.04582	-0.99890	0.00977	0.04424	-0.00774	-0.99899		501.44700	4.17824	39.15951	0.95569	-0.27259	0.64903	0.39284	0.99992	0.01125	0.00495	-0.01133	0.99980	0.01662	-0.00476	-0.01668	0.99985	
38	0.37000	-0.07827	2.19275	0.45886	0.29233	-0.02663	-0.29168	0.46927	0.99999	-0.00509	0.00044	0.00509	0.99997	0.00510	-0.00046	-0.00510	0.99999		-6.83384	62.14157	873.91534	179.54597	2.52910	-2.62408	0.73104	0.99798	0.04613	0.04372	0.04574	-0.99890	0.00994	0.04413	-0.00792	-0.99899		501.44838	4.20569	39.17208	0.93747	-0.26867	0.65586	0.39573	0.99992	0.01137	0.00488	-0.01145	0.99980	0.01631	-0.00469	-0.01636	0.99986	
39	0.38000	-0.07466	2.18994	0.44864	0.28248	-0.02997	-0.29120	0.46939	0.99999	-0.00508	0.00050	0.00508	0.99998	0.00493	-0.00052	-0.00493	0.99999		-6.77806	62.01394	873.94195	179.54968	2.52730	-2.62344	0.72827	0.99798	0.04612	0.04369	0.04573	-0.99891	0.00987	0.04410	-0.00785	-0.99900		501.44597	4.21222	39.15320	0.95874	-0.25816	0.64693	0.39668	0.99993	0.01121	0.00469	-0.01129	0.99980	0.01668	-0.00451	-0.01673	0.99985	
40	0.39000	-0.08649	2.18961	0.45746	0.27544	-0.02396	-0.29218	0.46807	0.99999	-0.00510	0.00039	0.00510	0.99998	0.00481	-0.00042	-0.00481	0.99999		-6.86969	61.93532	873.90968	179.55820	2.51863	-2.62269	0.72612	0.99799	0.04610	0.04354	0.04571	-0.99891	0.00971	0.04394	-0.00770	-0.99900		501.45706	4.20815	39.19066	0.95110	-0.27230	0.64364	0.39756	0.99993	0.01115	0.00494	-0.01123	0.99980	0.01654	-0.00475	-0.01660	0.99985	
41	0.40000	-0.08473	2.19232	0.45322	0.28862	-0.02634	-0.29140	0.46652	0.99999	-0.00509	0.00043	0.00509	0.99997	0.00504	-0.00046	-0.00504	0.99999		-6.83479	62.14240	873.91556	179.53850	2.53281	-2.62406	0.73511	0.99798	0.04614	0.04377	0.04574	-0.99890	0.01007	0.04419	-0.00805	-0.99899		501.45140	4.19400	39.16890	0.92469	-0.27058	0.65871	0.38750	0.99992	0.01142	0.00491	-0.01150	0.99980	0.01608	-0.00472	-0.01614	0.99986	
42	0.41000	-0.09399	2.19471	0.45346	0.28616	-0.02546	-0.29380	0.46541	0.99999	-0.00513	0.00042	0.00513	0.99997	0.00500	-0.00044	-0.00499	0.99999		-6.87498	62.10026	873.93118	179.54654	2.54497	-2.62273	0.73651	0.99797	0.04611	0.04399	0.04571	-0.99891	0.00994	0.04440	-0.00791	-0.99898		501.46121	4.22414	39.17505	0.94062	-0.26742	0.65824	0.39514	0.99992	0.01141	0.00485	-0.01149	0.99980	0.01636	-0.00467	-0.01642	0.99985	
43	0.42000	-0.09056	2.20064	0.43419	0.29130	-0.03374	-0.29558	0.46856	0.99999	-0.00516	0.00056	0.00516	0.99997	0.00509	-0.00059	-0.00508	0.99999		-6.78800	62.17042	873.93791	179.54088	2.53316	-2.61808	0.73600	0.99798	0.04603	0.04378	0.04563	-0.99891	0.01002	0.04420	-0.00801	-0.99899		501.45898	4.22061	39.12573	0.92291	-0.24807	0.66609	0.39299	0.99992	0.01155	0.00452	-0.01163	0.99980	0.01606	-0.00433	-0.01611	0.99986	
44	0.43000	-0.09529	2.19129	0.44268	0.28633	-0.02872	-0.29289	0.46671	0.99999	-0.00511	0.00048	0.00511	0.99997	0.00500	-0.00050	-0.00500	0.99999		-6.88722	62.10640	873.95362	179.54913	2.55343	-2.61950	0.73695	0.99796	0.04605	0.04414	0.04566	-0.99891	0.00990	0.04455	-0.00786	-0.99898		501.45727	4.20218	39.15992	0.93522	-0.26396	0.66790	0.39586	0.99992	0.01158	0.00480	-0.01166	0.99980	0.01627	-0.00461	-0.01632	0.99986	
45	0.44000	-0.09173	2.17920	0.44103	0.28299	-0.02990	-0.28729	0.46483	0.99999	-0.00502	0.00050	0.00501	0.99998	0.00494	-0.00052	-0.00494	0.99999		-6.89665	62.06961	873.94028	179.55995	2.54582	-2.62071	0.71815	0.99797	0.04606	0.04402	0.04568	-0.99891	0.00970	0.04442	-0.00767	-0.99898		501.46457	4.16370	39.15094	0.93357	-0.26424	0.65277	0.39394	0.99992	0.01132	0.00480	-0.01139	0.99980	0.01624	-0.00461	-0.01629	0.99986	
46	0.45000	-0.11896	2.14260	0.60103	0.17674	0.05603	-0.28555	0.44173	0.99999	-0.00498	-0.00099	0.00498	0.99998	0.00308	0.00098	-0.00308	0.99999		-8.19006	60.46070	873.88218	179.67294	2.63194	-2.61398	0.72485	0.99791	0.04587	0.04561	0.04556	-0.99893	0.00780	0.04592	-0.00570	-0.99893		501.43745	4.12531	39.73892	1.05447	-0.35396	0.64848	0.39442	0.99992	0.01120	0.00638	-0.01132	0.99977	0.01833	-0.00618	-0.01840	0.99981	
47	0.46000	-0.09152	2.17771	0.43942	0.28512	-0.03054	-0.28785	0.46608	0.99999	-0.00503	0.00051	0.00502	0.99998	0.00498	-0.00053	-0.00498	0.99999		-6.88571	62.07717	873.94870	179.56046	2.54983	-2.63124	0.73458	0.99796	0.04625	0.04409	0.04586	-0.99890	0.00971	0.04449	-0.00766	-0.99898		501.46207	4.17879	39.14977	0.93973	-0.25851	0.64732	0.39401	0.99993	0.01122	0.00470	-0.01130	0.99980	0.01635	-0.00451	-0.01640	0.99986	
48	0.47000	-0.11906	2.13802	0.58507	0.18983	0.04878	-0.28351	0.44344	0.99999	-0.00494	-0.00087	0.00495	0.99998	0.00331	0.00085	-0.00331	0.99999		-8.03802	60.62461	873.88691	179.64856	2.61716	-2.62129	0.72899	0.99791	0.04601	0.04533	0.04569	-0.99892	0.00822	0.04566	-0.00613	-0.99894		501.42730	4.10109	39.70331	1.02898	-0.33208	0.66104	0.39204	0.99992	0.01143	0.00600	-0.01154	0.99977	0.01789	-0.00580	-0.01796	0.99982	
49	0.48000	-0.11880	2.12025	0.60696	0.18132	0.05649	-0.27656	0.44155	0.99999	-0.00482	-0.00100	0.00483	0.99998	0.00316	0.00099	-0.00316	0.99999		-8.12262	60.50179	873.88138	179.65999	2.62404	-2.61602	0.73195	0.99791	0.04591	0.04546	0.04559	-0.99893	0.00802	0.04578	-0.00593	-0.99893		501.43025	4.06350	39.73770	1.04592	-0.35491	0.63875	0.39332	0.99992	0.01103	0.00640	-0.01115	0.99977	0.01818	-0.00619	-0.01825	0.99981	
50	0.49000	-0.09646	2.15868	0.44833	0.25995	-0.02329	-0.28412	0.46564	0.99999	-0.00496	0.00038	0.00496	0.99998	0.00454	-0.00041	-0.00454	0.99999		-6.90312	61.66246	873.96384	179.59337	2.54215	-2.62688	0.73594	0.99797	0.04614	0.04398	0.04579	-0.99891	0.00912	0.04435	-0.00709	-0.99899		501.46162	4.14776	39.18771	0.96874	-0.27654	0.64201	0.39222	0.99993	0.01112	0.00501	-0.01120	0.99980	0.01685	-0.00483	-0.01691	0.99985	
51	0.50000	-0.08991	2.17720	0.43717	0.28111	-0.02926	-0.28750	0.47014	0.99999	-0.00502	0.00049	0.00502	0.99998	0.00491	-0.00051	-0.00491	0.99999		-6.79767	61.94689	873.96688	179.56850	2.54119	-2.61849	0.73573	0.99797	0.04602	0.04395	0.04564	-0.99891	0.00955	0.04434	-0.00752	-0.99899		501.45274	4.14650	39.15490	0.93001	-0.25569	0.67327	0.39469	0.99992	0.01168	0.00465	-0.01175	0.99980	0.01618	-0.00446	-0.01623	0.99986	
52	0.51000	-0.11712	2.14322	0.60419	0.17587	0.05794	-0.28543	0.44731	0.99999	-0.00498	-0.00103	0.00498	0.99998	0.00306	0.00101	-0.00307	0.99999		-8.07176	60.37819	873.88978	179.67618	2.61962	-2.62961	0.73561	0.99790	0.04614	0.04540	0.04583	-0.99892	0.00774	0.04571	-0.00565	-0.99894		501.43371	4.08923	39.74509	1.02925	-0.35368	0.67430	0.39651	0.99991	0.01166	0.00638	-0.01177	0.99977	0.01789	-0.00617	-0.01796	0.99982	
53	0.52000	-0.08773	2.15893	0.43351	0.26659	-0.02908	-0.28286	0.46384	0.99999	-0.00494	0.00049	0.00494	0.99998	0.00465	-0.00051	-0.00465	0.99999		-6.77193	61.74833	873.98209	179.58902	2.52988	-2.61891	0.73325	0.99798	0.04601	0.04377	0.04565	-0.99892	0.00918	0.04414	-0.00717	-0.99900		501.46118	4.12019	39.14683	0.94184	-0.26573	0.66229	0.39106	0.99992	0.01148	0.00483	-0.01156	0.99980	0.01638	-0.00464	-0.01644	0.99985	
54	0.53000	-0.08784	2.18425	0.43614	0.27834	-0.02906	-0.29192	0.46683	0.99999	-0.00510	0.00048	0.00510	0.99998	0.00486	-0.00051	-0.00486	0.99999		-6.78042	61.90749	873.96932	179.56900	2.53829	-2.63117	0.73306	0.99797	0.04624	0.04389	0.04586	-0.99890	0.00955	0.04429	-0.00751	-0.99899		501.46856	4.21680	39.15754	0.95225	-0.26548	0.63307	0.39605	0.99993	0.01097	0.00482	-0.01105	0.99980	0.01657	-0.00463	-0.01662	0.99985	
55	0.54000	-0.11660	2.12964	0.60466	0.18844	0.05928	-0.28086	0.44027	0.99999	-0.00490	-0.00105	0.00490	0.99998	0.00328	0.00103	-0.00329	0.99999		-8.10753	60.59524	873.87242	179.66637	2.61788	-2.61957	0.73866	0.99791	0.04597	0.04536	0.04566	-0.99893	0.00790	0.04567	-0.00582	-0.99894		501.42821	4.09702	39.76210	1.04777	-0.35126	0.63850	0.39474	0.99992	0.01103	0.00633	-0.01114	0.99977	0.01822	-0.00613	-0.01829	0.99981	
56	0.55000	-0.09422	2.17900	0.42267	0.28703	-0.03274	-0.29079	0.46611	0.99999	-0.00508	0.00055	0.00508	0.99997	0.00501	-0.00057	-0.00501	0.99999		-6.76777	62.06068	873.96489	179.56245	2.53294	-2.63000	0.73234	0.99797	0.04622	0.04380	0.04584	-0.99890	0.00966	0.04419	-0.00763	-0.99899		501.46060	4.20944	39.13383	0.95586	-0.25706	0.63971	0.39449	0.99993	0.01109	0.00467	-0.01116	0.99980	0.01663	-0.00449	-0.01668	0.99985	
57	0.56000	-0.09367	2.16937	0.44288	0.27400	-0.02756	-0.28681	0.46938	0.99999	-0.00501	0.00046	0.00501	0.99998	0.00478	-0.00048	-0.00478	0.99999		-6.87518	61.89324	873.95665	179.56140	2.53820	-2.63309	0.73259	0.99796	0.04628	0.04389	0.04589	-0.99890	0.00968	0.04429	-0.00765	-0.99899		501.45593	4.15204	39.15561	0.94468	-0.26160	0.66519	0.39462	0.99992	0.01153	0.00476	-0.01161	0.99980	0.01643	-0.00457	-0.01649	0.99985	
58	0.57000	-0.12215	2.12989	0.59933	0.18059	0.05676	-0.27992	0.44390	0.99999	-0.00488	-0.00101	0.00489	0.99998	0.00315	0.00099	-0.00315	0.99999		-8.14738	60.50806	873.89020	179.65700	2.62635	-2.61636	0.73103	0.99791	0.04592	0.04550	0.04560	-0.99893	0.00807	0.04582	-0.00598	-0.99893		501.43069	4.07505	39.74090	1.05830	-0.35524	0.64803	0.39709	0.99992	0.01119	0.00641	-0.01131	0.99977	0.01840	-0.00620	-0.01847	0.99981	
59	0.58000	-0.09961	2.18399	0.44087	0.27791	-0.02664	-0.29105	0.46562	0.99999	-0.00508	0.00044	0.00508	0.99998	0.00485	-0.00046	-0.00485	0.99999		-6.93182	61.94648	873.95671	179.55270	2.55668	-2.61889	0.73068	0.99796	0.04604	0.04420	0.04565	-0.99891	0.00984	0.04461	-0.00780	-0.99897		501.46150	4.18566	39.17080	0.95115	-0.25842	0.66195	0.39280	0.99992	0.01148	0.00470	-0.01155	0.99980	0.01655	-0.00451	-0.01660	0.99985	
60	0.59000	-0.09976	2.16068	0.43308	0.27305	-0.03024	-0.28275	0.46801	0.99999	-0.00494	0.00050	0.00493	0.99998	0.00477	-0.00053	-0.00477	0.99999		-6.88121	61.91702	873.96423	179.55328	2.54507	-2.61906	0.73277	0.99797	0.04604	0.04400	0.04565	-0.99891	0.00982	0.04441	-0.00779	-0.99898		501.46598	4.12918	39.15016	0.94126	-0.25933	0.64836	0.39626	0.99993	0.01124	0.00471	-0.01132	0.99980	0.01638	-0.00453	-0.01643	0.99985	
61	0.60000	-0.12441	2.11909	0.61704	0.16201	0.06155	-0.27934	0.44310	0.99999	-0.00487	-0.00109	0.00488	0.99998	0.00282	0.00107	-0.00283	0.99999		-8.23893	60.26154	873.89750	179.66879	2.64674	-2.61400	0.73312	0.99789	0.04587	0.04587	0.04556	-0.99893	0.00788	0.04618	-0.00577	-0.99892		501.42825	4.06848	39.77942	1.06416	-0.34412	0.64185	0.39487	0.99992	0.01109	0.00621	-0.01120	0.99977	0.01850	-0.00601	-0.01857	0.99981	
62	0.61000	-0.09510	2.18158	0.44719	0.27739	-0.02528	-0.29204	0.46902	0.99999	-0.00510	0.00042	0.00510	0.99998	0.00484	-0.00044	-0.00484	0.99999		-6.95560	61.98712	873.95360	179.56654	2.55690	-2.63076	0.73231	0.99795	0.04624	0.04422	0.04585	-0.99890	0.00961	0.04461	-0.00756	-0.99898		501.45164	4.18092	39.17893	0.94181	-0.26235	0.67414	0.39561	0.99992	0.01169	0.00477	-0.01177	0.99980	0.01638	-0.00458	-0.01644	0.99985	
63	0.62000	-0.08693	2.17364	0.43671	0.28126	-0.02863	-0.28704	0.46414	0.99999	-0.00501	0.00048	0.00501	0.99998	0.00491	-0.00050	-0.00491	0.99999		-6.88813	62.03517	873.94336	179.54729	2.53960	-2.62183	0.72793	0.99797	0.04609	0.04390	0.04570	-0.99891	0.00992	0.04431	-0.00789	-0.99899		501.45018	4.18012	39.16285	0.96666	-0.26015	0.63066	0.39466	0.99993	0.01093	0.00473	-0.01101	0.99980	0.01682	-0.00454	-0.01687	0.99985	
64	0.63000	-0.09040	2.17846	0.44216	0.28456	-0.02826	-0.29008	0.46548	0.99999	-0.00506	0.00047	0.00506	0.99997	0.00497	-0.00049	-0.00497	0.99999		-6.85580	62.07283	873.94838	179.54947	2.54745	-2.61884	0.73427	0.99797	0.04604	0.04404	0.04565	-0.99891	0.00989	0.04445	-0.00786	-0.99898		501.45065	4.18799	39.16239	0.94496	-0.25782	0.65436	0.39220	0.99992	0.01134	0.00469	-0.01142	0.99980	0.01644	-0.00450	-0.01649	0.99985	
65	0.64000	-0.08687	2.15709	0.42182	0.28589	-0.03288	-0.27985	0.46535	0.99999	-0.00489	0.00055	0.00488	0.99998	0.00499	-0.00057	-0.00499	0.99999		-6.76818	62.14180	873.94081	179.56374	2.51967	-2.62954	0.73022	0.99798	0.04621	0.04357	0.04583	-0.99890	0.00962	0.04396	-0.00761	-0.99900		501.44600	4.12648	39.13380	0.94877	-0.25277	0.63061	0.39355	0.99993	0.01093	0.00459	-0.01101	0.99980	0.01651	-0.00441	-0.01656	0.99985	
66	0.65000	-0.08779	2.16557	0.40900	0.28303	-0.03785	-0.28463	0.46768	0.99999	-0.00497	0.00064	0.00497	0.99998	0.00494	-0.00066	-0.00494	0.99999		-6.66369	62.04716	873.98078	179.54674	2.52268	-2.62307	0.73487	0.99798	0.04611	0.04361	0.04572	-0.99891	0.00992	0.04401	-0.00790	-0.99900		501.51276	3.77825	39.09050	0.62102	-0.30598	1.11343	0.30019	0.99980	0.01937	0.00555	-0.01943	0.99975	0.01073	-0.00534	-0.01084	0.99993	
67	0.66000	-0.09080	2.16649	0.44693	0.28241	-0.02254	-0.28525	0.46506	0.99999	-0.00498	0.00037	0.00498	0.99998	0.00493	-0.00039	-0.00493	0.99999		-6.88462	62.02204	873.94673	179.56041	2.54068	-2.62158	0.72504	0.99797	0.04608	0.04393	0.04569	-0.99891	0.00969	0.04433	-0.00766	-0.99899		501.51099	3.75280	39.18352	0.59889	-0.33333	1.14439	0.29672	0.99978	0.01991	0.00602	-0.01997	0.99975	0.01033	-0.00582	-0.01045	0.99993	
68	0.67000	-0.08500	2.17357	0.43803	0.27704	-0.02559	-0.28837	0.46555	0.99999	-0.00503	0.00042	0.00503	0.99998	0.00484	-0.00045	-0.00484	0.99999		-6.85011	61.90798	873.95793	179.56346	2.53593	-2.61829	0.73738	0.99798	0.04602	0.04385	0.04564	-0.99891	0.00963	0.04425	-0.00761	-0.99899		501.44448	4.16036	39.18843	0.94116	-0.24948	0.66619	0.38845	0.99992	0.01155	0.00454	-0.01163	0.99980	0.01637	-0.00435	-0.01643	0.99986	
69	0.68000	-0.08916	2.17824	0.42840	0.28235	-0.02865	-0.28953	0.46859	0.99999	-0.00506	0.00048	0.00505	0.99998	0.00493	-0.00050	-0.00493	0.99999		-6.82738	61.98956	873.96190	179.56621	2.52933	-2.63572	0.73311	0.99797	0.04632	0.04373	0.04594	-0.99890	0.00959	0.04413	-0.00756	-0.99900		501.45813	4.17969	39.16740	0.94951	-0.26136	0.65224	0.39509	0.99992	0.01131	0.00475	-0.01138	0.99980	0.01652	-0.00456	-0.01657	0.99985	
70	0.69000	-0.09017	2.17535	0.42331	0.28926	-0.03497	-0.28734	0.46775	0.99999	-0.00502	0.00059	0.00501	0.99997	0.00505	-0.00061	-0.00505	0.99999		-6.74148	62.08332	873.96833	179.55984	2.53237	-2.62890	0.73286	0.99797	0.04620	0.04378	0.04582	-0.99890	0.00970	0.04418	-0.00767	-0.99899		501.46600	4.18314	39.12327	0.95088	-0.24711	0.63375	0.39201	0.99993	0.01099	0.00450	-0.01106	0.99980	0.01655	-0.00431	-0.01660	0.99985	
71	0.70000	-0.12166	2.12342	0.62483	0.16725	0.06771	-0.28091	0.43991	0.99999	-0.00490	-0.00120	0.00490	0.99998	0.00291	0.00118	-0.00292	0.99999		-8.28136	60.27255	873.89147	179.68672	2.63939	-2.63074	0.73428	0.99789	0.04615	0.04575	0.04585	-0.99892	0.00758	0.04605	-0.00546	-0.99892		501.41626	4.06835	39.81943	1.04832	-0.34595	0.65440	0.39355	0.99992	0.01131	0.00625	-0.01142	0.99977	0.01823	-0.00604	-0.01830	0.99981	
72	0.71000	-0.08959	2.18322	0.42149	0.28030	-0.03414	-0.29204	0.46937	0.99999	-0.00510	0.00057	0.00510	0.99998	0.00489	-0.00060	-0.00489	0.99999		-6.80491	61.94477	873.98621	179.56419	2.53970	-2.64434	0.73311	0.99795	0.04647	0.04391	0.04609	-0.99889	0.00964	0.04431	-0.00760	-0.99899		501.45546	4.19071	39.12458	0.93833	-0.25643	0.65159	0.39314	0.99993	0.01130	0.00466	-0.01137	0.99980	0.01632	-0.00448	-0.01638	0.99986	
73	0.72000	-0.12250	2.12975	0.60010	0.18153	0.05954	-0.28259	0.44174	0.99999	-0.00493	-0.00105	0.00493	0.99998	0.00316	0.00104	-0.00317	0.99999		-8.19997	60.47600	873.90181	179.66257	2.63852	-2.62290	0.73273	0.99789	0.04603	0.04572	0.04571	-0.99892	0.00799	0.04603	-0.00588	-0.99892		501.42797	4.09853	39.76850	1.02662	-0.34831	0.64471	0.39494	0.99992	0.01114	0.00628	-0.01125	0.99978	0.01785	-0.00608	-0.01792	0.99982	
74	0.73000	-0.09479	2.16130	0.42831	0.27481	-0.02861	-0.28477	0.46729	0.99999	-0.00497	0.00048	0.00497	0.99998	0.00480	-0.00050	-0.00480	0.99999		-6.89792	61.88004	873.99075	179.57065	2.55772	-2.62452	0.73101	0.99796	0.04612	0.04423	0.04574	-0.99891	0.00953	0.04463	-0.00749	-0.99898		501.46520	4.15031	39.15154	0.93825	-0.27322	0.64494	0.39581	0.99993	0.01118	0.00495	-0.01126	0.99980	0.01632	-0.00477	-0.01637	0.99985	
75	0.74000	-0.12867	2.14121	0.60499	0.18629	0.06046	-0.28507	0.44480	0.99999	-0.00497	-0.00107	0.00498	0.99998	0.00325	0.00106	-0.00325	0.99999		-8.21520	60.55791	873.89093	179.66447	2.64070	-2.62113	0.73223	0.99789	0.04600	0.04576	0.04568	-0.99892	0.00796	0.04607	-0.00585	-0.99892		501.42919	4.10844	39.77362	1.04203	-0.35024	0.64590	0.39315	0.99992	0.01116	0.00632	-0.01127	0.99977	0.01812	-0.00611	-0.01819	0.99982	
76	0.75000	-0.12387	2.12265	0.61321	0.17225	0.06225	-0.28032	0.43772	0.99999	-0.00489	-0.00110	0.00489	0.99998	0.00300	0.00109	-0.00301	0.99999		-8.23059	60.37891	873.88715	179.67162	2.63767	-2.62215	0.73637	0.99789	0.04601	0.04571	0.04570	-0.99892	0.00783	0.04602	-0.00573	-0.99892		501.43189	4.08607	39.77955	1.05875	-0.35315	0.63487	0.39175	0.99992	0.01096	0.00637	-0.01108	0.99977	0.01841	-0.00616	-0.01848	0.99981	
77	0.76000	-0.09292	2.16908	0.44879	0.27024	-0.02374	-0.28860	0.46670	0.99999	-0.00504	0.00039	0.00504	0.99998	0.00472	-0.00041	-0.00472	0.99999		-6.94178	61.84162	873.97132	179.56850	2.56155	-2.61789	0.73625	0.99796	0.04601	0.04430	0.04563	-0.99891	0.00956	0.04469	-0.00752	-0.99897		501.45840	4.19285	39.19489	0.97429	-0.26433	0.62740	0.39772	0.99993	0.01087	0.00480	-0.01095	0.99980	0.01695	-0.00461	-0.01700	0.99984	
78	0.77000	-0.08498	2.16911	0.41703	0.29367	-0.03722	-0.28333	0.46445	0.99999	-0.00495	0.00062	0.00494	0.99997	0.00513	-0.00065	-0.00513	0.99999		-6.73997	62.22470	873.94237	179.54120	2.52638	-2.61431	0.73051	0.99799	0.04596	0.04367	0.04557	-0.99891	0.01001	0.04408	-0.00800	-0.99900		501.45964	4.15126	39.10399	0.94362	-0.25432	0.64090	0.39537	0.99993	0.01111	0.00462	-0.01119	0.99980	0.01642	-0.00444	-0.01647	0.99985	
79	0.78000	-0.08864	2.16310	0.43936	0.28124	-0.02711	-0.28204	0.46595	0.99999	-0.00492	0.00045	0.00492	0.99998	0.00491	-0.00047	-0.00491	0.99999		-6.85361	62.03912	873.95976	179.55511	2.54954	-2.61036	0.73289	0.99797	0.04589	0.04408	0.04550	-0.99892	0.00978	0.04448	-0.00776	-0.99898		501.45586	4.13092	39.16943	0.93829	-0.26106	0.64713	0.39221	0.99993	0.01122	0.00474	-0.01129	0.99980	0.01632	-0.00456	-0.01638	0.99986	
80	0.79000	-0.08920	2.17771	0.41569	0.28398	-0.03699	-0.28848	0.46762	0.99999	-0.00504	0.00062	0.00503	0.99998	0.00496	-0.00065	-0.00496	0.99999		-6.68893	62.08857	873.96811	179.55359	2.53330	-2.62111	0.73424	0.99798	0.04607	0.04380	0.04569	-0.99891	0.00980	0.04420	-0.00778	-0.99899		501.46283	4.18294	39.11616	0.95117	-0.25015	0.63734	0.39748	0.99993	0.01105	0.00455	-0.01112	0.99980	0.01655	-0.00437	-0.01660	0.99985	
81	0.80000	-0.09129	2.18380	0.42381	0.27887	-0.03246	-0.29143	0.46542	0.99999	-0.00509	0.00054	0.00509	0.99998	0.00487	-0.00057	-0.00487	0.99999		-6.75594	62.00270	873.97679	179.55496	2.53511	-2.62458	0.73989	0.99797	0.04613	0.04383	0.04575	-0.99891	0.00978	0.04423	-0.00776	-0.99899		501.45661	4.19839	39.14405	0.94768	-0.25194	0.64998	0.39304	0.99993	0.01127	0.00458	-0.01134	0.99980	0.01649	-0.00440	-0.01654	0.99985	
82	0.81000	-0.11766	2.13652	0.59426	0.17688	0.05656	-0.28514	0.44100	0.99999	-0.00497	-0.00100	0.00498	0.99998	0.00308	0.00099	-0.00309	0.99999		-8.08527	60.47453	873.88132	179.65923	2.61335	-2.61198	0.74049	0.99792	0.04584	0.04528	0.04552	-0.99893	0.00802	0.04560	-0.00594	-0.99894		501.41910	4.12792	39.74678	1.05463	-0.34357	0.62815	0.39430	0.99992	0.01085	0.00620	-0.01096	0.99977	0.01834	-0.00600	-0.01841	0.99981	
83	0.82000	-0.12032	2.13809	0.61317	0.17149	0.06392	-0.28726	0.44072	0.99999	-0.00501	-0.00113	0.00501	0.99998	0.00299	0.00112	-0.00299	0.99999		-8.20850	60.38616	873.88808	179.66943	2.63412	-2.61568	0.73754	0.99790	0.04590	0.04565	0.04559	-0.99893	0.00786	0.04596	-0.00576	-0.99893		501.41366	4.11573	39.80082	1.04231	-0.34111	0.65435	0.39320	0.99992	0.01131	0.00616	-0.01142	0.99977	0.01812	-0.00595	-0.01819	0.99982	
84	0.83000	-0.09033	2.17053	0.43862	0.27078	-0.02479	-0.28856	0.46808	0.99999	-0.00504	0.00041	0.00504	0.99998	0.00473	-0.00043	-0.00473	0.99999		-6.91510	61.87156	873.95596	179.58223	2.54461	-2.61403	0.73235	0.99797	0.04593	0.04402	0.04556	-0.99892	0.00931	0.04440	-0.00728	-0.99899		501.45339	4.17471	39.19872	0.96347	-0.26391	0.64305	0.39462	0.99993	0.01114	0.00479	-0.01122	0.99980	0.01676	-0.00461	-0.01681	0.99985	
85	0.84000	-0.08676	2.16645	0.42591	0.27819	-0.03051	-0.28686	0.46924	0.99999	-0.00501	0.00051	0.00501	0.99998	0.00486	-0.00053	-0.00486	0.99999		-6.85236	61.96084	873.97499	179.55740	2.54333	-2.62700	0.73326	0.99797	0.04617	0.04397	0.04579	-0.99890	0.00975	0.04437	-0.00772	-0.99899		501.45256	4.15967	39.14870	0.93384	-0.26039	0.65383	0.39538	0.99992	0.01134	0.00473	-0.01141	0.99980	0.01624	-0.00454	-0.01630	0.99986	
86	0.85000	-0.11415	2.12638	0.61472	0.18244	0.06419	-0.28025	0.44010	0.99999	-0.00489	-0.00114	0.00489	0.99998	0.00318	0.00112	-0.00318	0.99999		-8.27299	60.54531	873.86144	179.66545	2.63278	-2.62433	0.72674	0.99790	0.04605	0.04562	0.04574	-0.99892	0.00794	0.04593	-0.00583	-0.99893		501.41329	4.08125	39.79054	1.04018	-0.35336	0.63269	0.39525	0.99992	0.01093	0.00637	-0.01104	0.99978	0.01808	-0.00617	-0.01815	0.99982	
87	0.86000	-0.08404	2.17262	0.40905	0.29447	-0.03729	-0.28587	0.46796	0.99999	-0.00499	0.00063	0.00499	0.99997	0.00514	-0.00065	-0.00514	0.99999		-6.77416	62.17128	873.97662	179.54691	2.53933	-2.61916	0.73535	0.99797	0.04605	0.04390	0.04565	-0.99891	0.00992	0.04431	-0.00790	-0.99899		501.44773	4.15397	39.11707	0.92147	-0.24114	0.64131	0.39174	0.99993	0.01112	0.00439	-0.01119	0.99981	0.01603	-0.00421	-0.01608	0.99986	
88	0.87000	-0.08512	2.17986	0.42929	0.28001	-0.03087	-0.29064	0.46872	0.99999	-0.00507	0.00051	0.00507	0.99998	0.00489	-0.00054	-0.00489	0.99999		-6.87860	61.94252	873.97196	179.56262	2.54426	-2.63462	0.72658	0.99796	0.04630	0.04399	0.04592	-0.99890	0.00967	0.04439	-0.00763	-0.99899		501.44553	4.17867	39.14732	0.93470	-0.25090	0.65704	0.39722	0.99992	0.01139	0.00457	-0.01147	0.99980	0.01626	-0.00438	-0.01631	0.99986	
89	0.88000	-0.08584	2.19315	0.42845	0.28893	-0.03201	-0.29411	0.46820	0.99999	-0.00514	0.00053	0.00513	0.99997	0.00504	-0.00056	-0.00504	0.99999		-6.85606	62.05587	873.94992	179.54454	2.53396	-2.63599	0.72960	0.99797	0.04634	0.04380	0.04595	-0.99889	0.00997	0.04421	-0.00794	-0.99899		501.44249	4.21156	39.14057	0.93650	-0.25329	0.65000	0.39269	0.99993	0.01127	0.00461	-0.01134	0.99980	0.01629	-0.00442	-0.01634	0.99986	
90	0.89000	-0.08650	2.17699	0.42724	0.28550	-0.03150	-0.28724	0.46608	0.99999	-0.00502	0.00053	0.00501	0.99998	0.00498	-0.00055	-0.00498	0.99999		-6.84432	62.02950	873.96605	179.55504	2.53882	-2.63614	0.73171	0.99796	0.04634	0.04389	0.04595	-0.99890	0.00980	0.04430	-0.00776	-0.99899		501.51061	3.77453	39.12666	0.59582	-0.32214	1.12247	0.29335	0.99979	0.01953	0.00582	-0.01959	0.99976	0.01029	-0.00562	-0.01040	0.99993	
91	0.90000	-0.11706	2.12404	0.61194	0.18171	0.06487	-0.27603	0.44188	0.99999	-0.00481	-0.00115	0.00482	0.99998	0.00317	0.00113	-0.00317	0.99999		-8.26044	60.50268	873.86640	179.67249	2.62290	-2.61651	0.72690	0.99791	0.04591	0.04545	0.04560	-0.99893	0.00780	0.04576	-0.00571	-0.99894		501.41786	4.03593	39.80234	1.03041	-0.35996	0.64580	0.39645	0.99992	0.01116	0.00648	-0.01127	0.99978	0.01791	-0.00628	-0.01798	0.99982	
92	0.91000	-0.08194	2.18441	0.44297	0.28262	-0.02653	-0.28949	0.47055	0.99999	-0.00505	0.00044	0.00505	0.99998	0.00493	-0.00046	-0.00493	0.99999		-6.89044	62.00036	873.94706	179.56714	2.53978	-2.63442	0.73294	0.99796	0.04630	0.04392	0.04592	-0.99890	0.00958	0.04431	-0.00755	-0.99899		501.44782	4.17050	39.17198	0.93260	-0.27014	0.65431	0.39348	0.99992	0.01134	0.00490	-0.01142	0.99980	0.01622	-0.00471	-0.01628	0.99986	
93	0.92000	-0.07905	2.19681	0.41601	0.28585	-0.03956	-0.29343	0.46689	0.99999	-0.00512	0.00067	0.00512	0.99997	0.00499	-0.00069	-0.00499	0.99999		-6.68464	62.04293	873.97089	179.56033	2.52393	-2.63859	0.73323	0.99797	0.04637	0.04364	0.04599	-0.99889	0.00969	0.04404	-0.00767	-0.99900		501.45134	4.20432	39.08724	0.94852	-0.25275	0.64707	0.39537	0.99993	0.01122	0.00460	-0.01129	0.99980	0.01650	-0.00441	-0.01655	0.99985	
94	0.93000	-0.11652	2.13946	0.62508	0.17808	0.06735	-0.28209	0.43833	0.99999	-0.00492	-0.00119	0.00492	0.99998	0.00310	0.00118	-0.00311	0.99999		-8.24616	60.46863	873.85757	179.66838	2.62629	-2.62927	0.73254	0.99790	0.04614	0.04551	0.04583	-0.99892	0.00788	0.04582	-0.00578	-0.99893		501.41382	4.08029	39.81633	1.04557	-0.35479	0.64737	0.39648	0.99992	0.01118	0.00640	-0.01130	0.99977	0.01818	-0.00619	-0.01825	0.99981	
