1	0.00000	0.02575	2.01110	0.54692	-0.05945	-0.13560	-0.23938	0.52844	0.99999	-0.00418	0.00237	0.00418	0.99999	-0.00103	-0.00237	0.00104	1.00000		-5.33019	56.65160	874.33570	179.90051	2.42252	-2.28012	0.58635	0.99832	0.03986	0.04217	0.03975	-0.99920	0.00342	0.04227	-0.00173	-0.99910		501.73564	3.87269	37.99782	1.25794	-0.43083	0.65341	0.36877	0.99991	0.01124	0.00777	-0.01140	0.99970	0.02187	-0.00752	-0.02195	0.99973	
2	0.01000	0.02279	2.02482	0.51705	-0.04504	-0.14887	-0.24137	0.53441	0.99999	-0.00421	0.00260	0.00421	0.99999	-0.00078	-0.00260	0.00079	1.00000		-5.12162	56.86548	874.36637	179.89272	2.43276	-2.28355	0.58294	0.99831	0.03992	0.04234	0.03981	-0.99920	0.00356	0.04245	-0.00187	-0.99910		501.74436	3.86566	37.90693	1.22411	-0.41709	0.67679	0.37036	0.99990	0.01165	0.00753	-0.01181	0.99970	0.02128	-0.00728	-0.02136	0.99975	
3	0.02000	0.03187	2.02138	0.54090	-0.05456	-0.13958	-0.24238	0.53191	0.99999	-0.00423	0.00244	0.00423	0.99999	-0.00094	-0.00244	0.00095	1.00000		-5.28921	56.72473	874.35152	179.88860	2.43656	-2.27894	0.58675	0.99831	0.03985	0.04240	0.03973	-0.99920	0.00363	0.04251	-0.00194	-0.99909		501.73743	3.89856	37.96300	1.24845	-0.42561	0.65375	0.37382	0.99991	0.01125	0.00767	-0.01141	0.99970	0.02170	-0.00743	-0.02179	0.99974	
4	0.03000	-0.01030	2.12673	0.68881	0.06028	-0.03467	-0.26771	0.56048	0.99999	-0.00467	0.00060	0.00467	0.99999	0.00105	-0.00061	-0.00105	1.00000		-6.74998	58.58869	874.04841	179.82899	2.56061	-2.54915	0.68748	0.99801	0.04461	0.04450	0.04443	-0.99900	0.00497	0.04468	-0.00298	-0.99900		501.72724	3.80978	38.82784	0.85011	-0.30360	1.14407	0.26870	0.99979	0.01989	0.00559	-0.01997	0.99969	0.01473	-0.00530	-0.01484	0.99988	
5	0.04000	-0.01196	2.14287	0.72716	0.05466	-0.02089	-0.27704	0.56398	0.99999	-0.00484	0.00036	0.00484	0.99999	0.00096	-0.00036	-0.00095	1.00000		-6.95850	58.51006	874.00440	179.83807	2.56865	-2.56721	0.68891	0.99799	0.04492	0.04464	0.04475	-0.99899	0.00483	0.04482	-0.00282	-0.99899		501.64215	4.25756	38.95640	1.20065	-0.22837	0.68814	0.37002	0.99992	0.01192	0.00424	-0.01201	0.99971	0.02090	-0.00399	-0.02095	0.99977	
6	0.05000	0.21608	2.71725	0.06949	0.76999	-0.95738	-0.47976	0.64958	0.99983	-0.00860	0.01659	0.00837	0.99987	0.01358	-0.01671	-0.01344	0.99977		6.47894	68.92286	873.90189	179.23691	1.53283	-2.61667	0.59166	0.99860	0.04601	0.02611	0.04564	-0.99885	0.01453	0.02675	-0.01331	-0.99955		502.02683	5.58334	31.87385	0.04864	0.66957	1.44281	0.31935	0.99961	0.02519	-0.01166	-0.02518	0.99968	0.00114	0.01169	-0.00085	0.99993	
7	0.06000	-0.10366	2.22479	0.56530	0.28732	-0.03667	-0.30305	0.49874	0.99999	-0.00529	0.00061	0.00529	0.99997	0.00502	-0.00064	-0.00501	0.99999		-6.72564	62.00806	873.74906	179.53583	2.49516	-2.59467	0.72546	0.99803	0.04562	0.04312	0.04523	-0.99893	0.01006	0.04354	-0.00809	-0.99902		501.63327	4.45476	39.09922	0.85768	-0.32297	0.87020	0.45720	0.99987	0.01510	0.00586	-0.01519	0.99977	0.01488	-0.00564	-0.01497	0.99987	
8	0.07000	-0.10630	2.20278	0.57164	0.27754	-0.01770	-0.29441	0.48828	0.99999	-0.00514	0.00028	0.00514	0.99998	0.00484	-0.00031	-0.00484	0.99999		-6.98582	61.89332	873.73977	179.55336	2.50925	-2.58393	0.73600	0.99803	0.04542	0.04338	0.04504	-0.99894	0.00976	0.04378	-0.00779	-0.99901		501.58349	4.47001	39.18891	0.93182	-0.28782	0.74104	0.40242	0.99990	0.01285	0.00523	-0.01293	0.99979	0.01620	-0.00502	-0.01626	0.99986	
9	0.08000	-0.11345	2.21911	0.55100	0.28009	-0.01319	-0.30022	0.48074	0.99999	-0.00524	0.00021	0.00524	0.99997	0.00489	-0.00023	-0.00489	0.99999		-7.03970	61.92091	873.74976	179.54059	2.51160	-2.59324	0.73524	0.99802	0.04559	0.04341	0.04520	-0.99893	0.00999	0.04382	-0.00801	-0.99901		501.57404	4.48634	39.24426	0.91284	-0.27690	0.74969	0.40266	0.99990	0.01301	0.00504	-0.01308	0.99979	0.01587	-0.00483	-0.01593	0.99986	
10	0.09000	-0.11405	2.21403	0.53332	0.29229	-0.01133	-0.29675	0.47681	0.99999	-0.00518	0.00017	0.00518	0.99997	0.00510	-0.00020	-0.00510	0.99999		-7.05884	62.11192	873.77321	179.53723	2.52982	-2.58878	0.73076	0.99801	0.04552	0.04373	0.04512	-0.99893	0.01006	0.04414	-0.00807	-0.99899		501.62594	4.08463	39.25560	0.57840	-0.34489	1.22117	0.31036	0.99975	0.02125	0.00623	-0.02131	0.99972	0.00996	-0.00602	-0.01009	0.99993	
11	0.10000	-0.11574	2.21895	0.51838	0.28951	-0.01280	-0.29908	0.47570	0.99999	-0.00522	0.00020	0.00522	0.99997	0.00505	-0.00022	-0.00505	0.99999		-7.04934	62.05506	873.78378	179.53954	2.52037	-2.59469	0.73307	0.99801	0.04562	0.04356	0.04523	-0.99893	0.01002	0.04397	-0.00803	-0.99900		501.62698	4.10851	39.25085	0.59000	-0.33791	1.21492	0.30499	0.99976	0.02114	0.00611	-0.02120	0.99972	0.01017	-0.00590	-0.01030	0.99993	
12	0.11000	-0.11627	2.21796	0.51314	0.28865	-0.01167	-0.29717	0.47001	0.99999	-0.00519	0.00018	0.00519	0.99997	0.00504	-0.00020	-0.00504	0.99999		-7.08092	62.02436	873.79564	179.54788	2.53193	-2.57980	0.73730	0.99801	0.04536	0.04377	0.04497	-0.99894	0.00987	0.04418	-0.00788	-0.99899		501.56103	4.45553	39.28810	0.90699	-0.27444	0.74743	0.39963	0.99990	0.01297	0.00500	-0.01304	0.99979	0.01577	-0.00479	-0.01583	0.99986	
13	0.12000	-0.11061	2.21607	0.50505	0.28974	-0.01191	-0.29701	0.46910	0.99999	-0.00518	0.00018	0.00518	0.99997	0.00506	-0.00021	-0.00506	0.99999		-7.10260	62.05209	873.80633	179.54947	2.53509	-2.60433	0.73729	0.99799	0.04578	0.04383	0.04539	-0.99892	0.00986	0.04423	-0.00786	-0.99899		501.61670	4.09290	39.26186	0.60051	-0.34200	1.20798	0.30498	0.99976	0.02102	0.00619	-0.02108	0.99972	0.01035	-0.00597	-0.01048	0.99993	
14	0.13000	-0.11168	2.21021	0.48420	0.30100	-0.01613	-0.29210	0.46503	0.99999	-0.00510	0.00026	0.00510	0.99997	0.00525	-0.00028	-0.00525	0.99999		-7.05337	62.19290	873.82270	179.52950	2.53776	-2.58700	0.73622	0.99800	0.04550	0.04386	0.04509	-0.99893	0.01020	0.04428	-0.00820	-0.99899		501.55712	4.43860	39.25849	0.91118	-0.27537	0.73080	0.39729	0.99991	0.01268	0.00501	-0.01275	0.99979	0.01584	-0.00481	-0.01590	0.99986	
15	0.14000	-0.11708	2.21887	0.49018	0.28533	-0.01317	-0.29810	0.46732	0.99999	-0.00520	0.00020	0.00520	0.99997	0.00498	-0.00023	-0.00498	0.99999		-7.11098	61.94056	873.84969	179.55679	2.54838	-2.60069	0.73139	0.99798	0.04572	0.04406	0.04533	-0.99892	0.00974	0.04446	-0.00773	-0.99898		501.55914	4.46114	39.27439	0.91607	-0.28303	0.73994	0.40153	0.99990	0.01283	0.00515	-0.01291	0.99979	0.01592	-0.00494	-0.01599	0.99986	
16	0.15000	-0.11941	2.21471	0.47053	0.29294	-0.02116	-0.29527	0.46980	0.99999	-0.00515	0.00034	0.00515	0.99997	0.00511	-0.00037	-0.00511	0.99999		-6.99617	62.04786	873.84952	179.54456	2.53322	-2.59889	0.73924	0.99800	0.04569	0.04379	0.04530	-0.99892	0.00994	0.04420	-0.00794	-0.99899		501.57009	4.48602	39.21198	0.94412	-0.28580	0.70278	0.40213	0.99991	0.01218	0.00519	-0.01227	0.99979	0.01641	-0.00499	-0.01648	0.99985	
17	0.16000	-0.15388	2.15686	0.64597	0.19167	0.07242	-0.28545	0.44251	0.99999	-0.00498	-0.00128	0.00498	0.99998	0.00334	0.00126	-0.00335	0.99999		-8.36163	60.54424	873.77743	179.64912	2.63349	-2.58703	0.73578	0.99793	0.04542	0.04562	0.04509	-0.99895	0.00819	0.04595	-0.00612	-0.99893		501.53336	4.33640	39.87478	1.00915	-0.36033	0.73739	0.40259	0.99990	0.01276	0.00651	-0.01287	0.99976	0.01753	-0.00629	-0.01761	0.99983	
18	0.17000	-0.12078	2.21210	0.47824	0.29144	-0.01466	-0.29585	0.46884	0.99999	-0.00516	0.00023	0.00516	0.99997	0.00509	-0.00026	-0.00509	0.99999		-7.08504	62.01223	873.84649	179.55499	2.54130	-2.60057	0.73716	0.99799	0.04572	0.04394	0.04533	-0.99892	0.00977	0.04434	-0.00776	-0.99899		501.61905	4.06721	39.24883	0.58712	-0.34404	1.21468	0.30530	0.99976	0.02114	0.00622	-0.02120	0.99972	0.01012	-0.00600	-0.01025	0.99993	
19	0.18000	-0.14599	2.17282	0.62720	0.18949	0.06679	-0.29185	0.44199	0.99999	-0.00509	-0.00118	0.00509	0.99998	0.00330	0.00117	-0.00331	0.99999		-8.27382	60.49883	873.78576	179.66258	2.61755	-2.60248	0.73790	0.99793	0.04567	0.04535	0.04536	-0.99894	0.00796	0.04567	-0.00588	-0.99894		501.52433	4.39703	39.83649	1.03654	-0.35468	0.73625	0.39805	0.99990	0.01274	0.00642	-0.01285	0.99976	0.01801	-0.00619	-0.01809	0.99982	
20	0.19000	-0.11445	2.21750	0.46722	0.28838	-0.01667	-0.29844	0.46239	0.99999	-0.00521	0.00027	0.00521	0.99997	0.00503	-0.00029	-0.00503	0.99999		-7.02500	61.96897	873.86711	179.55296	2.54361	-2.60122	0.73690	0.99799	0.04573	0.04398	0.04534	-0.99892	0.00981	0.04438	-0.00779	-0.99898		501.55896	4.46786	39.25607	0.92618	-0.27670	0.73683	0.40006	0.99991	0.01278	0.00504	-0.01286	0.99979	0.01610	-0.00483	-0.01616	0.99986	
21	0.20000	-0.14270	2.16884	0.65253	0.18157	0.07974	-0.28700	0.44193	0.99999	-0.00500	-0.00141	0.00501	0.99998	0.00316	0.00139	-0.00317	0.99999		-8.43768	60.38502	873.76697	179.65903	2.62651	-2.58660	0.73595	0.99793	0.04540	0.04551	0.04508	-0.99895	0.00801	0.04583	-0.00594	-0.99893		501.58749	3.97988	39.88309	0.70879	-0.44174	1.19390	0.30086	0.99975	0.02074	0.00797	-0.02084	0.99971	0.01221	-0.00771	-0.01237	0.99989	
22	0.21000	-0.14811	2.17313	0.66178	0.18401	0.08426	-0.28992	0.44055	0.99999	-0.00506	-0.00149	0.00506	0.99998	0.00320	0.00147	-0.00321	0.99999		-8.48112	60.43443	873.74650	179.65822	2.63056	-2.58980	0.73277	0.99793	0.04546	0.04558	0.04514	-0.99895	0.00803	0.04590	-0.00596	-0.99893		501.58973	3.99003	39.92824	0.70106	-0.42961	1.20680	0.29643	0.99975	0.02097	0.00775	-0.02106	0.99971	0.01207	-0.00750	-0.01224	0.99990	
23	0.22000	-0.12030	2.21076	0.46196	0.29368	-0.01519	-0.29274	0.46216	0.99999	-0.00511	0.00024	0.00511	0.99997	0.00513	-0.00027	-0.00513	0.99999		-7.00678	62.10673	873.82494	179.54832	2.52021	-2.58961	0.73456	0.99801	0.04553	0.04357	0.04514	-0.99893	0.00986	0.04397	-0.00788	-0.99900		501.57098	4.44711	39.26700	0.92242	-0.28220	0.71934	0.39775	0.99991	0.01247	0.00513	-0.01255	0.99979	0.01604	-0.00493	-0.01610	0.99986	
24	0.23000	-0.14640	2.16741	0.63004	0.18760	0.07243	-0.28638	0.44159	0.99999	-0.00499	-0.00128	0.00500	0.99998	0.00327	0.00126	-0.00327	0.99999		-8.30098	60.53272	873.76325	179.64882	2.60182	-2.59299	0.73620	0.99795	0.04552	0.04507	0.04519	-0.99894	0.00818	0.04539	-0.00612	-0.99895		501.53018	4.36753	39.87129	1.03152	-0.36186	0.70339	0.39898	0.99990	0.01216	0.00654	-0.01228	0.99976	0.01792	-0.00632	-0.01800	0.99982	
25	0.24000	-0.14524	2.18665	0.60675	0.19931	0.06378	-0.29358	0.43967	0.99999	-0.00512	-0.00113	0.00512	0.99998	0.00347	0.00111	-0.00348	0.99999		-8.18798	60.68777	873.77826	179.63420	2.59715	-2.59004	0.73920	0.99795	0.04548	0.04498	0.04514	-0.99894	0.00843	0.04531	-0.00638	-0.99895		501.53571	4.40993	39.80856	1.01069	-0.36033	0.71958	0.40489	0.99990	0.01245	0.00651	-0.01256	0.99977	0.01756	-0.00629	-0.01764	0.99982	
26	0.25000	-0.15109	2.17819	0.63413	0.18492	0.07621	-0.29258	0.43916	0.99999	-0.00510	-0.00135	0.00511	0.99998	0.00322	0.00133	-0.00323	0.99999		-8.38575	60.49372	873.76410	179.64662	2.61894	-2.59818	0.73660	0.99793	0.04561	0.04537	0.04528	-0.99894	0.00823	0.04569	-0.00616	-0.99894		501.52861	4.41716	39.89536	1.05316	-0.37354	0.70738	0.40164	0.99990	0.01222	0.00674	-0.01235	0.99976	0.01830	-0.00652	-0.01838	0.99981	
27	0.26000	-0.15071	2.18042	0.61259	0.18610	0.06867	-0.29272	0.44150	0.99999	-0.00510	-0.00121	0.00511	0.99998	0.00324	0.00120	-0.00325	0.99999		-8.30061	60.52625	873.77698	179.65515	2.61238	-2.59089	0.73264	0.99794	0.04548	0.04526	0.04516	-0.99895	0.00807	0.04558	-0.00601	-0.99894		501.53915	4.43836	39.84852	1.07045	-0.36208	0.68962	0.39912	0.99991	0.01192	0.00654	-0.01204	0.99975	0.01860	-0.00632	-0.01868	0.99981	
28	0.27000	-0.14767	2.17827	0.62309	0.18576	0.07136	-0.29075	0.43579	0.99999	-0.00507	-0.00126	0.00507	0.99998	0.00323	0.00125	-0.00324	0.99999		-8.36157	60.51846	873.77604	179.65579	2.62208	-2.58613	0.72786	0.99794	0.04539	0.04543	0.04507	-0.99895	0.00807	0.04575	-0.00600	-0.99893		501.59691	4.01508	39.83999	0.71620	-0.42855	1.18971	0.30360	0.99976	0.02067	0.00774	-0.02076	0.99971	0.01234	-0.00748	-0.01250	0.99989	
29	0.28000	-0.11878	2.21504	0.44687	0.29400	-0.01815	-0.29457	0.46718	0.99999	-0.00514	0.00029	0.00514	0.99997	0.00513	-0.00032	-0.00513	0.99999		-7.04606	62.13116	873.85181	179.53915	2.53646	-2.59976	0.73661	0.99799	0.04571	0.04384	0.04531	-0.99892	0.01004	0.04426	-0.00804	-0.99899		501.57954	4.48253	39.23257	0.93495	-0.29399	0.70935	0.39604	0.99991	0.01229	0.00533	-0.01238	0.99979	0.01625	-0.00513	-0.01632	0.99985	
30	0.29000	-0.11401	2.22078	0.43480	0.28500	-0.02382	-0.29811	0.46393	0.99999	-0.00520	0.00039	0.00520	0.99997	0.00498	-0.00042	-0.00497	0.99999		-6.97657	61.96665	873.88358	179.54880	2.53202	-2.58675	0.73258	0.99801	0.04548	0.04378	0.04509	-0.99893	0.00986	0.04418	-0.00787	-0.99899		501.57469	4.49528	39.20331	0.95358	-0.27994	0.71707	0.40009	0.99991	0.01243	0.00509	-0.01251	0.99978	0.01658	-0.00489	-0.01664	0.99985	
31	0.30000	-0.14835	2.17355	0.62818	0.17714	0.07508	-0.29013	0.43894	0.99999	-0.00506	-0.00133	0.00506	0.99998	0.00308	0.00131	-0.00309	0.99999		-8.42785	60.36232	873.80241	179.66385	2.63780	-2.59077	0.73752	0.99792	0.04547	0.04571	0.04515	-0.99895	0.00794	0.04602	-0.00586	-0.99892		501.53258	4.38578	39.89252	1.05206	-0.36045	0.71743	0.40419	0.99990	0.01240	0.00652	-0.01252	0.99975	0.01828	-0.00629	-0.01836	0.99981	
32	0.31000	-0.12206	2.22394	0.44345	0.29837	-0.01860	-0.29655	0.46574	0.99999	-0.00518	0.00030	0.00518	0.99997	0.00521	-0.00032	-0.00521	0.99999		-7.03411	62.17123	873.85763	179.54263	2.53245	-2.61028	0.73250	0.99799	0.04589	0.04377	0.04550	-0.99891	0.00999	0.04419	-0.00797	-0.99899		501.57957	4.49700	39.23946	0.93484	-0.28491	0.70211	0.40319	0.99991	0.01217	0.00517	-0.01225	0.99979	0.01625	-0.00497	-0.01632	0.99985	
33	0.32000	-0.14737	2.16066	0.62472	0.17841	0.07375	-0.28598	0.43782	0.99999	-0.00499	-0.00130	0.00499	0.99998	0.00311	0.00129	-0.00311	0.99999		-8.37397	60.37039	873.79217	179.65640	2.62400	-2.58773	0.73979	0.99793	0.04542	0.04546	0.04510	-0.99895	0.00806	0.04578	-0.00599	-0.99893		501.59865	3.98797	39.85322	0.72373	-0.44137	1.17829	0.30344	0.99976	0.02046	0.00796	-0.02056	0.99971	0.01247	-0.00770	-0.01263	0.99989	
34	0.33000	-0.15358	2.16974	0.63023	0.17589	0.07727	-0.29028	0.44329	0.99999	-0.00506	-0.00136	0.00507	0.99998	0.00306	0.00135	-0.00307	0.99999		-8.42161	60.34009	873.75568	179.67511	2.60564	-2.60278	0.72984	0.99794	0.04567	0.04516	0.04536	-0.99894	0.00773	0.04546	-0.00566	-0.99895		501.53787	4.38044	39.88971	1.04840	-0.38347	0.72459	0.39942	0.99990	0.01252	0.00692	-0.01265	0.99975	0.01821	-0.00669	-0.01830	0.99981	
35	0.34000	-0.14761	2.19688	0.60606	0.19069	0.06866	-0.29689	0.43639	0.99999	-0.00518	-0.00121	0.00518	0.99998	0.00332	0.00120	-0.00333	0.99999		-8.27782	60.51086	873.78650	179.65392	2.61134	-2.59271	0.73468	0.99794	0.04551	0.04524	0.04519	-0.99895	0.00809	0.04556	-0.00603	-0.99894		501.53117	4.42197	39.85279	1.03232	-0.35644	0.72414	0.39927	0.99990	0.01252	0.00645	-0.01264	0.99976	0.01794	-0.00622	-0.01802	0.99982	
36	0.35000	-0.14869	2.19099	0.63766	0.18059	0.08137	-0.29718	0.43787	0.99999	-0.00518	-0.00144	0.00519	0.99998	0.00314	0.00142	-0.00315	0.99999		-8.44839	60.35319	873.78006	179.65939	2.62890	-2.60006	0.73276	0.99792	0.04564	0.04555	0.04532	-0.99894	0.00802	0.04587	-0.00594	-0.99893		501.58968	4.02439	39.92093	0.69336	-0.42584	1.21201	0.29871	0.99975	0.02106	0.00769	-0.02115	0.99970	0.01194	-0.00743	-0.01210	0.99990	
37	0.36000	-0.14449	2.18610	0.62489	0.19109	0.07621	-0.29320	0.44099	0.99999	-0.00511	-0.00135	0.00512	0.99998	0.00333	0.00133	-0.00334	0.99999		-8.36386	60.51561	873.78514	179.65352	2.62728	-2.59383	0.73907	0.99793	0.04553	0.04552	0.04521	-0.99894	0.00812	0.04584	-0.00604	-0.99893		501.54087	4.42111	39.88190	1.05007	-0.38910	0.70485	0.39837	0.99990	0.01218	0.00701	-0.01230	0.99976	0.01824	-0.00679	-0.01833	0.99981	
38	0.37000	-0.14673	2.18529	0.63323	0.17699	0.08013	-0.29474	0.43901	0.99999	-0.00514	-0.00141	0.00514	0.99998	0.00308	0.00140	-0.00309	0.99999		-8.43098	60.31314	873.78256	179.67226	2.62519	-2.59746	0.73364	0.99792	0.04558	0.04550	0.04527	-0.99894	0.00779	0.04580	-0.00571	-0.99893		501.53242	4.42026	39.92126	1.04925	-0.37841	0.70901	0.40027	0.99990	0.01225	0.00683	-0.01237	0.99976	0.01823	-0.00660	-0.01831	0.99981	
39	0.38000	-0.14432	2.17966	0.63601	0.18059	0.08115	-0.29229	0.43801	0.99999	-0.00510	-0.00143	0.00510	0.99998	0.00314	0.00142	-0.00315	0.99999		-8.44783	60.37445	873.77967	179.65926	2.62916	-2.60449	0.73795	0.99792	0.04571	0.04555	0.04539	-0.99894	0.00803	0.04587	-0.00594	-0.99893		501.53046	4.40062	39.91410	1.04359	-0.38954	0.71232	0.40142	0.99990	0.01231	0.00702	-0.01243	0.99976	0.01813	-0.00680	-0.01821	0.99981	
40	0.39000	-0.15315	2.18735	0.62969	0.17032	0.08075	-0.29633	0.43611	0.99999	-0.00517	-0.00142	0.00517	0.99998	0.00296	0.00141	-0.00297	0.99999		-8.45541	60.20744	873.78598	179.68034	2.62328	-2.59573	0.73886	0.99793	0.04554	0.04547	0.04524	-0.99895	0.00765	0.04577	-0.00557	-0.99894		501.53356	4.42253	39.92656	1.06232	-0.37868	0.71346	0.40116	0.99990	0.01233	0.00684	-0.01245	0.99975	0.01846	-0.00661	-0.01854	0.99981	
41	0.40000	-0.15428	2.18271	0.62267	0.18025	0.07666	-0.29374	0.43435	0.99999	-0.00512	-0.00135	0.00513	0.99998	0.00314	0.00134	-0.00315	0.99999		-8.41112	60.36440	873.78536	179.65395	2.62361	-2.58649	0.73803	0.99793	0.04540	0.04545	0.04508	-0.99895	0.00810	0.04577	-0.00603	-0.99893		501.58937	4.00794	39.88336	0.71131	-0.42153	1.20877	0.29675	0.99975	0.02100	0.00762	-0.02109	0.99970	0.01226	-0.00736	-0.01241	0.99990	
42	0.41000	-0.15125	2.17939	0.60796	0.18194	0.07040	-0.29119	0.43402	0.99999	-0.00508	-0.00124	0.00508	0.99998	0.00317	0.00123	-0.00318	0.99999		-8.33392	60.41974	873.79280	179.65991	2.61680	-2.59915	0.73838	0.99793	0.04562	0.04534	0.04530	-0.99894	0.00800	0.04566	-0.00593	-0.99894		501.53338	4.38875	39.85862	1.04376	-0.36321	0.70728	0.39463	0.99990	0.01223	0.00656	-0.01234	0.99976	0.01814	-0.00634	-0.01822	0.99981	
43	0.42000	-0.14515	2.17646	0.62565	0.17949	0.07542	-0.29213	0.43731	0.99999	-0.00509	-0.00133	0.00510	0.99998	0.00313	0.00132	-0.00313	0.99999		-8.43369	60.40941	873.76870	179.66716	2.62286	-2.59545	0.73021	0.99793	0.04555	0.04545	0.04524	-0.99895	0.00788	0.04576	-0.00580	-0.99894		501.51755	4.40045	39.88118	1.05720	-0.36678	0.70003	0.40040	0.99990	0.01210	0.00663	-0.01222	0.99976	0.01837	-0.00640	-0.01845	0.99981	
44	0.43000	-0.14674	2.18236	0.61558	0.18073	0.07259	-0.29098	0.43691	0.99999	-0.00507	-0.00128	0.00508	0.99998	0.00315	0.00127	-0.00315	0.99999		-8.41031	60.43028	873.78020	179.67334	2.61915	-2.59384	0.72755	0.99793	0.04552	0.04539	0.04521	-0.99895	0.00776	0.04570	-0.00570	-0.99894		501.52895	4.39059	39.86232	1.05660	-0.37476	0.70212	0.39944	0.99990	0.01213	0.00677	-0.01225	0.99976	0.01836	-0.00654	-0.01844	0.99981	
45	0.44000	-0.14858	2.17474	0.63023	0.18060	0.07989	-0.28935	0.43664	0.99999	-0.00505	-0.00141	0.00505	0.99998	0.00314	0.00139	-0.00315	0.99999		-8.49816	60.42459	873.77814	179.65393	2.63718	-2.58916	0.73685	0.99792	0.04545	0.04569	0.04513	-0.99895	0.00811	0.04601	-0.00603	-0.99892		501.52708	4.38254	39.92360	1.05922	-0.37460	0.69732	0.39997	0.99990	0.01205	0.00676	-0.01217	0.99976	0.01840	-0.00654	-0.01849	0.99981	
46	0.45000	-0.14578	2.18951	0.62822	0.17264	0.07773	-0.29621	0.43574	0.99999	-0.00517	-0.00137	0.00517	0.99998	0.00301	0.00136	-0.00301	0.99999		-8.46951	60.29522	873.79345	179.66147	2.63080	-2.60022	0.74186	0.99792	0.04564	0.04558	0.04532	-0.99894	0.00798	0.04590	-0.00590	-0.99893		501.52101	4.41589	39.90843	1.05499	-0.37245	0.71280	0.40106	0.99990	0.01232	0.00673	-0.01244	0.99975	0.01833	-0.00650	-0.01841	0.99981	
47	0.46000	-0.15154	2.18702	0.63796	0.16958	0.08427	-0.29628	0.43815	0.99999	-0.00517	-0.00149	0.00517	0.99998	0.00295	0.00147	-0.00296	0.99999		-8.56178	60.27061	873.74937	179.67406	2.62207	-2.60274	0.73334	0.99792	0.04567	0.04544	0.04536	-0.99894	0.00776	0.04575	-0.00568	-0.99894		501.52835	4.43634	39.95764	1.07598	-0.38426	0.69906	0.40623	0.99990	0.01207	0.00693	-0.01220	0.99975	0.01870	-0.00671	-0.01878	0.99980	
48	0.47000	-0.14913	2.17527	0.62992	0.17591	0.08083	-0.29174	0.43257	0.99999	-0.00509	-0.00143	0.00509	0.99998	0.00306	0.00141	-0.00307	0.99999		-8.47605	60.37275	873.78006	179.66464	2.62981	-2.60404	0.74078	0.99792	0.04570	0.04557	0.04539	-0.99894	0.00793	0.04588	-0.00585	-0.99893		501.53528	4.39087	39.92594	1.05482	-0.38579	0.70801	0.40197	0.99990	0.01223	0.00696	-0.01236	0.99976	0.01832	-0.00673	-0.01841	0.99981	
49	0.48000	-0.15035	2.16989	0.63119	0.17275	0.08123	-0.29040	0.44017	0.99999	-0.00506	-0.00143	0.00507	0.99998	0.00301	0.00142	-0.00301	0.99999		-8.46253	60.31315	873.78792	179.66267	2.63215	-2.59113	0.73379	0.99792	0.04548	0.04561	0.04516	-0.99895	0.00796	0.04592	-0.00588	-0.99893		501.58933	4.01886	39.91697	0.73755	-0.43813	1.16668	0.30017	0.99976	0.02026	0.00791	-0.02036	0.99971	0.01271	-0.00765	-0.01287	0.99989	
50	0.49000	-0.15046	2.16839	0.63106	0.15797	0.08327	-0.29015	0.43859	0.99999	-0.00506	-0.00147	0.00506	0.99998	0.00275	0.00145	-0.00276	0.99999		-8.47808	60.07575	873.80509	179.67482	2.63168	-2.58782	0.74330	0.99793	0.04541	0.04561	0.04510	-0.99895	0.00774	0.04592	-0.00567	-0.99893		501.59218	3.97531	39.92874	0.72737	-0.44971	1.20331	0.29908	0.99975	0.02090	0.00811	-0.02100	0.99970	0.01253	-0.00785	-0.01269	0.99989	
51	0.50000	-0.15037	2.19037	0.62807	0.17777	0.08339	-0.29476	0.43803	0.99999	-0.00514	-0.00147	0.00514	0.99998	0.00309	0.00146	-0.00310	0.99999		-8.48623	60.34892	873.78332	179.66457	2.62882	-2.59746	0.73858	0.99792	0.04559	0.04555	0.04527	-0.99894	0.00793	0.04587	-0.00585	-0.99893		501.53685	4.39873	39.94608	1.03578	-0.38752	0.72113	0.39701	0.99990	0.01246	0.00699	-0.01259	0.99976	0.01799	-0.00676	-0.01808	0.99981	
52	0.51000	-0.14438	2.18200	0.61322	0.16535	0.07515	-0.29421	0.43761	0.99999	-0.00513	-0.00133	0.00513	0.99998	0.00288	0.00131	-0.00289	0.99999		-8.36131	60.14784	873.81418	179.66783	2.62379	-2.59304	0.73746	0.99793	0.04551	0.04547	0.04519	-0.99895	0.00786	0.04578	-0.00579	-0.99893		501.49274	4.36946	39.97857	1.05980	-0.28301	0.75983	0.38925	0.99990	0.01317	0.00518	-0.01326	0.99974	0.01843	-0.00494	-0.01850	0.99982	
53	0.52000	-0.14629	2.17372	0.62916	0.16764	0.08127	-0.29205	0.43726	0.99999	-0.00509	-0.00143	0.00510	0.99998	0.00292	0.00142	-0.00293	0.99999		-8.46450	60.19767	873.80178	179.68007	2.63272	-2.59863	0.74017	0.99792	0.04559	0.04563	0.04529	-0.99894	0.00766	0.04593	-0.00558	-0.99893		501.59074	3.99350	39.91797	0.71526	-0.42781	1.20594	0.29750	0.99975	0.02095	0.00773	-0.02105	0.99970	0.01232	-0.00747	-0.01248	0.99989	
54	0.53000	-0.14830	2.16056	0.63122	0.17536	0.08248	-0.28561	0.43886	0.99999	-0.00498	-0.00145	0.00498	0.99998	0.00305	0.00144	-0.00306	0.99999		-8.49302	60.30982	873.78644	179.66457	2.62863	-2.58812	0.74194	0.99793	0.04542	0.04555	0.04511	-0.99895	0.00792	0.04586	-0.00585	-0.99893		501.53064	4.35730	39.93964	1.05289	-0.36969	0.70437	0.39656	0.99990	0.01217	0.00668	-0.01229	0.99976	0.01829	-0.00645	-0.01837	0.99981	
55	0.54000	-0.14805	2.17168	0.60343	0.17955	0.07093	-0.28703	0.43942	0.99999	-0.00501	-0.00125	0.00501	0.99998	0.00313	0.00124	-0.00313	0.99999		-8.32454	60.36109	873.80503	179.65984	2.61625	-2.59498	0.74098	0.99793	0.04555	0.04533	0.04523	-0.99894	0.00800	0.04565	-0.00593	-0.99894		501.53836	4.36015	39.86124	1.04491	-0.36629	0.71190	0.40151	0.99990	0.01231	0.00662	-0.01242	0.99976	0.01816	-0.00639	-0.01824	0.99981	
56	0.55000	-0.15089	2.17720	0.60822	0.17899	0.07125	-0.29011	0.43611	0.99999	-0.00506	-0.00126	0.00506	0.99998	0.00312	0.00124	-0.00312	0.99999		-8.34954	60.33443	873.81855	179.66695	2.62620	-2.58778	0.73902	0.99793	0.04542	0.04551	0.04510	-0.99895	0.00788	0.04582	-0.00581	-0.99893		501.53584	4.37371	39.86075	1.03741	-0.36549	0.71743	0.39957	0.99990	0.01240	0.00660	-0.01252	0.99976	0.01802	-0.00638	-0.01810	0.99982	
57	0.56000	-0.15500	2.17441	0.60045	0.18001	0.06921	-0.29016	0.43956	0.99999	-0.00506	-0.00122	0.00506	0.99998	0.00313	0.00121	-0.00314	0.99999		-8.31923	60.36173	873.82520	179.66179	2.63140	-2.59451	0.74034	0.99792	0.04554	0.04560	0.04522	-0.99895	0.00798	0.04591	-0.00590	-0.99893		501.53478	4.38951	39.84825	1.05161	-0.36614	0.70260	0.40120	0.99990	0.01214	0.00661	-0.01226	0.99976	0.01827	-0.00639	-0.01835	0.99981	
58	0.57000	-0.15372	2.16079	0.62779	0.17152	0.08087	-0.28830	0.44109	0.99999	-0.00503	-0.00143	0.00503	0.99998	0.00299	0.00141	-0.00299	0.99999		-8.50270	60.26432	873.80018	179.68060	2.63765	-2.60339	0.73718	0.99791	0.04568	0.04572	0.04537	-0.99894	0.00766	0.04602	-0.00557	-0.99892		501.52460	4.36691	39.92862	1.04912	-0.36890	0.71368	0.40131	0.99990	0.01234	0.00666	-0.01246	0.99976	0.01823	-0.00644	-0.01831	0.99981	
59	0.58000	-0.14743	2.17151	0.60175	0.17263	0.06992	-0.29076	0.43613	0.99999	-0.00507	-0.00124	0.00507	0.99998	0.00301	0.00122	-0.00301	0.99999		-8.34953	60.26070	873.82468	179.67509	2.62563	-2.59274	0.74150	0.99793	0.04550	0.04551	0.04519	-0.99895	0.00774	0.04581	-0.00566	-0.99893		501.53496	4.40875	39.84877	1.06376	-0.36774	0.68966	0.40487	0.99991	0.01192	0.00664	-0.01204	0.99976	0.01849	-0.00642	-0.01856	0.99981	
60	0.59000	-0.14853	2.17532	0.60543	0.17232	0.07171	-0.29182	0.43410	0.99999	-0.00509	-0.00127	0.00509	0.99998	0.00300	0.00125	-0.00301	0.99999		-8.36999	60.27152	873.81860	179.67722	2.62805	-2.59764	0.73877	0.99792	0.04558	0.04555	0.04527	-0.99894	0.00771	0.04585	-0.00563	-0.99893		501.53521	4.39338	39.86480	1.04355	-0.36119	0.71528	0.40049	0.99990	0.01237	0.00653	-0.01248	0.99976	0.01813	-0.00630	-0.01821	0.99981	
61	0.60000	-0.15066	2.18419	0.61758	0.16627	0.07882	-0.29373	0.43580	0.99999	-0.00512	-0.00139	0.00513	0.99998	0.00289	0.00138	-0.00290	0.99999		-8.46356	60.17357	873.80416	179.67139	2.63445	-2.59650	0.73639	0.99792	0.04556	0.04566	0.04525	-0.99894	0.00781	0.04596	-0.00573	-0.99893		501.53012	4.41243	39.91960	1.06817	-0.36964	0.70807	0.40112	0.99990	0.01224	0.00668	-0.01236	0.99975	0.01856	-0.00645	-0.01864	0.99981	
62	0.61000	-0.14518	2.18573	0.59780	0.18174	0.07089	-0.29490	0.43831	0.99999	-0.00514	-0.00125	0.00515	0.99998	0.00316	0.00124	-0.00317	0.99999		-8.33503	60.40865	873.81509	179.65671	2.62962	-2.59180	0.73880	0.99793	0.04549	0.04556	0.04517	-0.99895	0.00806	0.04588	-0.00599	-0.99893		501.53298	4.43169	39.86800	1.05990	-0.36231	0.71139	0.39607	0.99990	0.01230	0.00655	-0.01242	0.99975	0.01842	-0.00632	-0.01850	0.99981	
63	0.62000	-0.14734	2.18182	0.60803	0.17990	0.07511	-0.29213	0.43431	0.99999	-0.00509	-0.00133	0.00510	0.99998	0.00313	0.00131	-0.00314	0.99999		-8.38387	60.41147	873.79067	179.65665	2.62119	-2.60510	0.73776	0.99792	0.04572	0.04541	0.04540	-0.99894	0.00806	0.04573	-0.00599	-0.99894		501.59888	4.00362	39.86569	0.69749	-0.43123	1.20701	0.29491	0.99975	0.02097	0.00778	-0.02106	0.99971	0.01201	-0.00753	-0.01217	0.99990	
64	0.63000	-0.14874	2.18171	0.59873	0.18358	0.07012	-0.29265	0.43787	0.99999	-0.00510	-0.00124	0.00511	0.99998	0.00320	0.00122	-0.00320	0.99999		-8.29901	60.46348	873.80036	179.65131	2.61516	-2.59722	0.73917	0.99793	0.04559	0.04530	0.04527	-0.99894	0.00815	0.04563	-0.00608	-0.99894		501.60918	3.99954	39.82044	0.68870	-0.43430	1.22825	0.29416	0.99974	0.02134	0.00784	-0.02143	0.99970	0.01185	-0.00758	-0.01202	0.99990	
65	0.64000	-0.14761	2.17592	0.61954	0.17642	0.07696	-0.29112	0.43818	0.99999	-0.00508	-0.00136	0.00508	0.99998	0.00307	0.00134	-0.00308	0.99999		-8.38405	60.37045	873.79227	179.67215	2.63306	-2.58936	0.74200	0.99792	0.04544	0.04563	0.04513	-0.99895	0.00779	0.04594	-0.00572	-0.99893		501.53747	4.40739	39.89185	1.06000	-0.37401	0.71804	0.39424	0.99990	0.01241	0.00676	-0.01253	0.99975	0.01842	-0.00653	-0.01850	0.99981	
66	0.65000	-0.14928	2.18379	0.60658	0.18508	0.07389	-0.29258	0.43512	0.99999	-0.00510	-0.00131	0.00511	0.99998	0.00322	0.00129	-0.00323	0.99999		-8.35164	60.50196	873.78298	179.65169	2.61762	-2.60867	0.73857	0.99792	0.04579	0.04535	0.04547	-0.99893	0.00815	0.04567	-0.00607	-0.99894		501.54164	4.40850	39.88437	1.03811	-0.36860	0.72119	0.39979	0.99990	0.01247	0.00666	-0.01259	0.99976	0.01803	-0.00643	-0.01812	0.99982	
67	0.66000	-0.12011	2.23476	0.44632	0.29430	-0.00906	-0.30176	0.46333	0.99999	-0.00527	0.00013	0.00527	0.99997	0.00514	-0.00016	-0.00514	0.99999		-7.13401	62.12118	873.84351	179.54762	2.54234	-2.61867	0.73817	0.99797	0.04604	0.04395	0.04564	-0.99891	0.00991	0.04436	-0.00789	-0.99898		501.63170	4.12023	39.28558	0.60147	-0.35393	1.20474	0.29761	0.99976	0.02096	0.00640	-0.02102	0.99973	0.01037	-0.00618	-0.01050	0.99993	
68	0.67000	-0.14605	2.18022	0.60997	0.18587	0.07451	-0.29112	0.43734	0.99999	-0.00508	-0.00132	0.00508	0.99998	0.00324	0.00130	-0.00324	0.99999		-8.38106	60.49759	873.78241	179.64998	2.62378	-2.60198	0.74159	0.99792	0.04568	0.04545	0.04535	-0.99894	0.00818	0.04578	-0.00610	-0.99893		501.53557	4.39894	39.87807	1.04849	-0.37597	0.71150	0.39919	0.99990	0.01230	0.00679	-0.01242	0.99976	0.01822	-0.00656	-0.01830	0.99981	
69	0.68000	-0.14411	2.18059	0.59552	0.18259	0.06773	-0.29084	0.43688	0.99999	-0.00507	-0.00120	0.00508	0.99998	0.00318	0.00118	-0.00319	0.99999		-8.29354	60.43893	873.81566	179.66125	2.62942	-2.60303	0.73960	0.99792	0.04569	0.04556	0.04537	-0.99894	0.00799	0.04588	-0.00591	-0.99893		501.54013	4.38778	39.83303	1.04110	-0.37168	0.70533	0.39873	0.99990	0.01219	0.00671	-0.01231	0.99976	0.01809	-0.00649	-0.01817	0.99981	
70	0.69000	-0.14436	2.18664	0.60990	0.18042	0.07525	-0.29353	0.43770	0.99999	-0.00512	-0.00133	0.00512	0.99998	0.00314	0.00131	-0.00315	0.99999		-8.42165	60.39505	873.79928	179.65787	2.63021	-2.60650	0.73896	0.99791	0.04575	0.04557	0.04543	-0.99894	0.00805	0.04589	-0.00597	-0.99893		501.53323	4.39669	39.88434	1.04131	-0.37653	0.71004	0.40378	0.99990	0.01227	0.00680	-0.01239	0.99976	0.01809	-0.00657	-0.01817	0.99981	
71	0.70000	-0.14161	2.18609	0.58865	0.18780	0.06574	-0.29198	0.43337	0.99999	-0.00509	-0.00116	0.00510	0.99998	0.00327	0.00115	-0.00328	0.99999		-8.28797	60.49120	873.81772	179.65816	2.62488	-2.59954	0.73859	0.99792	0.04563	0.04548	0.04531	-0.99894	0.00804	0.04580	-0.00596	-0.99893		501.58835	3.99068	39.81809	0.69797	-0.42245	1.20418	0.29864	0.99975	0.02092	0.00763	-0.02101	0.99971	0.01202	-0.00737	-0.01218	0.99990	
72	0.71000	-0.12017	2.22922	0.43014	0.28282	-0.01665	-0.30041	0.45993	0.99999	-0.00524	0.00027	0.00524	0.99997	0.00494	-0.00029	-0.00494	0.99999		-7.06413	61.88715	873.89145	179.55865	2.54396	-2.60661	0.73663	0.99798	0.04582	0.04399	0.04543	-0.99892	0.00971	0.04439	-0.00770	-0.99898		501.61822	4.06676	39.25122	0.58248	-0.33810	1.23320	0.29489	0.99975	0.02146	0.00612	-0.02152	0.99972	0.01004	-0.00590	-0.01017	0.99993	
73	0.72000	-0.14654	2.17174	0.61042	0.17899	0.07613	-0.28879	0.43702	0.99999	-0.00504	-0.00134	0.00504	0.99998	0.00312	0.00133	-0.00312	0.99999		-8.42691	60.35444	873.80725	179.66447	2.63654	-2.59180	0.73506	0.99792	0.04549	0.04569	0.04517	-0.99895	0.00793	0.04600	-0.00585	-0.99892		501.52380	4.35607	39.89546	1.04454	-0.37754	0.71920	0.39040	0.99990	0.01243	0.00682	-0.01255	0.99976	0.01815	-0.00659	-0.01823	0.99981	
74	0.73000	-0.15435	2.19126	0.60272	0.17466	0.07186	-0.29884	0.43894	0.99999	-0.00521	-0.00127	0.00522	0.99998	0.00304	0.00125	-0.00305	0.99999		-8.36191	60.27004	873.82128	179.67213	2.62808	-2.60762	0.73762	0.99791	0.04576	0.04554	0.04545	-0.99894	0.00780	0.04585	-0.00572	-0.99893		501.53907	4.43963	39.86765	1.05265	-0.37292	0.70357	0.39747	0.99990	0.01216	0.00673	-0.01228	0.99976	0.01829	-0.00651	-0.01837	0.99981	
75	0.74000	-0.14471	2.17778	0.59776	0.18534	0.07150	-0.28945	0.43413	0.99999	-0.00505	-0.00126	0.00505	0.99998	0.00323	0.00125	-0.00323	0.99999		-8.35693	60.45777	873.78973	179.66470	2.61494	-2.59855	0.73195	0.99793	0.04560	0.04531	0.04529	-0.99894	0.00791	0.04562	-0.00585	-0.99894		501.59123	3.99678	39.84428	0.71801	-0.43289	1.17402	0.29873	0.99976	0.02039	0.00781	-0.02049	0.99971	0.01237	-0.00756	-0.01253	0.99989	
76	0.75000	-0.15018	2.17806	0.61707	0.16864	0.07797	-0.29316	0.43266	0.99999	-0.00511	-0.00138	0.00512	0.99998	0.00294	0.00136	-0.00294	0.99999		-8.42915	60.20093	873.81440	179.68962	2.63441	-2.60359	0.73778	0.99791	0.04567	0.04567	0.04538	-0.99894	0.00750	0.04596	-0.00541	-0.99893		501.52968	4.39689	39.91288	1.06512	-0.36475	0.71025	0.39307	0.99990	0.01228	0.00659	-0.01240	0.99975	0.01851	-0.00637	-0.01859	0.99981	
77	0.76000	-0.14866	2.17456	0.61971	0.17480	0.08004	-0.29022	0.43655	0.99999	-0.00506	-0.00141	0.00507	0.99998	0.00304	0.00140	-0.00305	0.99999		-8.44964	60.30293	873.79897	179.66975	2.62993	-2.60861	0.73659	0.99791	0.04578	0.04557	0.04547	-0.99894	0.00785	0.04588	-0.00576	-0.99893		501.51593	4.36202	39.92928	1.04187	-0.36429	0.72667	0.40190	0.99990	0.01256	0.00659	-0.01268	0.99976	0.01810	-0.00636	-0.01818	0.99981	
78	0.77000	-0.14692	2.16857	0.62340	0.16537	0.07948	-0.28974	0.43544	0.99999	-0.00505	-0.00140	0.00506	0.99998	0.00288	0.00139	-0.00289	0.99999		-8.43560	60.16819	873.82062	179.67706	2.63780	-2.59410	0.73609	0.99792	0.04552	0.04572	0.04521	-0.99895	0.00771	0.04602	-0.00563	-0.99892		501.52524	4.36453	39.89873	1.05207	-0.38434	0.71497	0.39926	0.99990	0.01235	0.00694	-0.01248	0.99976	0.01828	-0.00671	-0.01836	0.99981	
79	0.78000	-0.14592	2.16453	0.60591	0.17136	0.07352	-0.28573	0.43510	0.99999	-0.00498	-0.00130	0.00499	0.99998	0.00298	0.00128	-0.00299	0.99999		-8.35608	60.29658	873.78761	179.68300	2.60754	-2.59639	0.73026	0.99794	0.04555	0.04520	0.04525	-0.99895	0.00759	0.04549	-0.00553	-0.99895		501.58994	3.94777	39.85569	0.71262	-0.42911	1.19731	0.30100	0.99975	0.02080	0.00775	-0.02089	0.99971	0.01228	-0.00749	-0.01244	0.99989	
80	0.79000	-0.15028	2.16266	0.62262	0.17063	0.08071	-0.28689	0.43265	0.99999	-0.00500	-0.00142	0.00501	0.99998	0.00297	0.00141	-0.00298	0.99999		-8.46205	60.30360	873.77118	179.67844	2.61471	-2.60949	0.72877	0.99792	0.04578	0.04532	0.04548	-0.99894	0.00768	0.04562	-0.00561	-0.99894		501.60193	3.94567	39.90117	0.69256	-0.44744	1.20741	0.29326	0.99975	0.02098	0.00806	-0.02107	0.99971	0.01192	-0.00781	-0.01209	0.99990	
81	0.80000	-0.15021	2.17158	0.62012	0.17165	0.08052	-0.29214	0.43349	0.99999	-0.00509	-0.00142	0.00510	0.99998	0.00299	0.00141	-0.00300	0.99999		-8.47263	60.29788	873.79135	179.66669	2.62372	-2.61205	0.73484	0.99791	0.04584	0.04546	0.04553	-0.99893	0.00790	0.04578	-0.00581	-0.99893		501.52986	4.38361	39.92796	1.03877	-0.37427	0.73095	0.40227	0.99990	0.01264	0.00676	-0.01276	0.99976	0.01804	-0.00653	-0.01813	0.99981	
82	0.81000	-0.15334	2.15612	0.61992	0.16967	0.08056	-0.28524	0.43251	0.99999	-0.00497	-0.00142	0.00498	0.99998	0.00295	0.00141	-0.00296	0.99999		-8.46542	60.27678	873.80197	179.66646	2.63424	-2.58817	0.73891	0.99792	0.04542	0.04565	0.04511	-0.99895	0.00789	0.04596	-0.00582	-0.99893		501.53871	4.34401	39.92020	1.05324	-0.38853	0.70992	0.40074	0.99990	0.01226	0.00701	-0.01239	0.99976	0.01830	-0.00678	-0.01838	0.99981	
83	0.82000	-0.14950	2.17245	0.61122	0.18050	0.07769	-0.29029	0.43695	0.99999	-0.00506	-0.00137	0.00507	0.99998	0.00314	0.00136	-0.00315	0.99999		-8.46728	60.43763	873.78158	179.66716	2.61737	-2.59260	0.72772	0.99793	0.04550	0.04536	0.04519	-0.99895	0.00787	0.04567	-0.00580	-0.99894		501.53427	4.37634	39.90107	1.03483	-0.38011	0.72626	0.40188	0.99990	0.01255	0.00686	-0.01267	0.99976	0.01797	-0.00663	-0.01806	0.99981	
84	0.83000	-0.15058	2.17508	0.60757	0.17760	0.07765	-0.28988	0.43278	0.99999	-0.00505	-0.00137	0.00506	0.99998	0.00309	0.00136	-0.00310	0.99999		-8.47170	60.39419	873.78746	179.66623	2.61984	-2.60014	0.72699	0.99793	0.04563	0.04540	0.04532	-0.99894	0.00789	0.04571	-0.00582	-0.99894		501.53367	4.38101	39.92435	1.04338	-0.36154	0.71239	0.40120	0.99990	0.01232	0.00653	-0.01243	0.99976	0.01813	-0.00631	-0.01821	0.99981	
85	0.84000	-0.14824	2.17201	0.62434	0.16888	0.08164	-0.28843	0.43500	0.99999	-0.00503	-0.00144	0.00503	0.99998	0.00294	0.00142	-0.00295	0.99999		-8.53199	60.25907	873.79737	179.67401	2.63795	-2.60130	0.73253	0.99791	0.04565	0.04572	0.04534	-0.99894	0.00777	0.04602	-0.00568	-0.99892		501.53762	4.36553	39.92733	1.06673	-0.38461	0.71814	0.39578	0.99990	0.01241	0.00694	-0.01253	0.99975	0.01853	-0.00671	-0.01862	0.99980	
86	0.85000	-0.14751	2.16910	0.60351	0.17358	0.07240	-0.28936	0.43463	0.99999	-0.00505	-0.00128	0.00505	0.99998	0.00302	0.00126	-0.00303	0.99999		-8.38846	60.32735	873.81802	179.66510	2.63151	-2.60203	0.73190	0.99792	0.04567	0.04560	0.04535	-0.99894	0.00792	0.04591	-0.00584	-0.99893		501.53698	4.38106	39.87181	1.04435	-0.37264	0.71777	0.39907	0.99990	0.01241	0.00673	-0.01253	0.99976	0.01814	-0.00650	-0.01823	0.99981	
87	0.86000	-0.15272	2.17965	0.61321	0.16766	0.07840	-0.29308	0.43740	0.99999	-0.00511	-0.00138	0.00512	0.99998	0.00292	0.00137	-0.00293	0.99999		-8.47861	60.20260	873.81625	179.66878	2.63214	-2.59268	0.73873	0.99792	0.04550	0.04561	0.04519	-0.99895	0.00785	0.04592	-0.00577	-0.99893		501.54668	4.40856	39.90371	1.06146	-0.38594	0.71555	0.40144	0.99990	0.01236	0.00697	-0.01249	0.99975	0.01844	-0.00674	-0.01852	0.99981	
88	0.87000	-0.14781	2.15509	0.62366	0.16677	0.08231	-0.28399	0.43504	0.99999	-0.00495	-0.00145	0.00496	0.99998	0.00290	0.00144	-0.00291	0.99999		-8.51706	60.21739	873.79965	179.67352	2.63499	-2.59193	0.73401	0.99792	0.04548	0.04567	0.04517	-0.99895	0.00777	0.04597	-0.00569	-0.99893		501.59349	3.96472	39.91195	0.73802	-0.44393	1.18356	0.29723	0.99976	0.02055	0.00801	-0.02065	0.99971	0.01272	-0.00775	-0.01288	0.99989	
89	0.88000	-0.14846	2.17809	0.59859	0.18231	0.07419	-0.29174	0.43233	0.99999	-0.00509	-0.00131	0.00509	0.99998	0.00317	0.00129	-0.00318	0.99999		-8.39252	60.41533	873.80443	179.65306	2.61926	-2.59626	0.73690	0.99793	0.04557	0.04538	0.04525	-0.99894	0.00812	0.04570	-0.00605	-0.99894		501.53359	4.39490	39.89312	1.04886	-0.36925	0.72417	0.39720	0.99990	0.01252	0.00667	-0.01264	0.99975	0.01822	-0.00644	-0.01830	0.99981	
90	0.89000	-0.15026	2.16698	0.60377	0.17151	0.07486	-0.28885	0.43405	0.99999	-0.00504	-0.00132	0.00504	0.99998	0.00299	0.00131	-0.00299	0.99999		-8.38576	60.28007	873.79372	179.67397	2.61230	-2.60172	0.73258	0.99793	0.04565	0.04527	0.04535	-0.99894	0.00775	0.04558	-0.00568	-0.99894		501.53807	4.38209	39.89551	1.05991	-0.37113	0.70110	0.40030	0.99990	0.01211	0.00670	-0.01224	0.99976	0.01842	-0.00648	-0.01850	0.99981	
91	0.90000	-0.14920	2.16511	0.60753	0.17506	0.07587	-0.28558	0.43576	0.99999	-0.00498	-0.00134	0.00498	0.99998	0.00305	0.00132	-0.00306	0.99999		-8.39752	60.33620	873.78205	179.67586	2.60980	-2.59993	0.73276	0.99793	0.04562	0.04523	0.04531	-0.99894	0.00772	0.04553	-0.00565	-0.99895		501.52635	4.33006	39.89792	1.02958	-0.35910	0.72345	0.40341	0.99990	0.01251	0.00649	-0.01263	0.99976	0.01789	-0.00627	-0.01797	0.99982	
92	0.91000	-0.14551	2.19450	0.59728	0.17087	0.07279	-0.29741	0.43523	0.99999	-0.00519	-0.00129	0.00519	0.99998	0.00297	0.00127	-0.00298	0.99999		-8.33928	60.21683	873.81611	179.67323	2.61859	-2.60495	0.74158	0.99792	0.04571	0.04538	0.04540	-0.99894	0.00777	0.04569	-0.00570	-0.99894		501.52312	4.40139	39.88189	1.02746	-0.35032	0.74091	0.40665	0.99990	0.01282	0.00634	-0.01293	0.99976	0.01785	-0.00611	-0.01793	0.99982	
93	0.92000	-0.14443	2.18613	0.60549	0.18171	0.07347	-0.29113	0.44070	0.99999	-0.00508	-0.00130	0.00508	0.99998	0.00316	0.00128	-0.00317	0.99999		-8.35838	60.38811	873.79796	179.66956	2.61590	-2.59997	0.73461	0.99793	0.04562	0.04533	0.04532	-0.99894	0.00783	0.04564	-0.00576	-0.99894		501.58837	3.98701	39.84855	0.69337	-0.43362	1.19882	0.30490	0.99975	0.02083	0.00782	-0.02092	0.99971	0.01194	-0.00757	-0.01210	0.99990	
94	0.93000	-0.14772	2.18212	0.62386	0.16567	0.07890	-0.29423	0.43669	0.99999	-0.00513	-0.00139	0.00514	0.99998	0.00288	0.00138	-0.00289	0.99999		-8.42893	60.15638	873.80783	179.68437	2.63597	-2.61134	0.73390	0.99790	0.04581	0.04569	0.04551	-0.99893	0.00760	0.04599	-0.00550	-0.99893		501.53210	4.42292	39.90968	1.08189	-0.38088	0.69933	0.40038	0.99990	0.01208	0.00688	-0.01221	0.99975	0.01880	-0.00665	-0.01888	0.99980	
