1	0.00000	0.05708	1.97140	0.52014	-0.06644	-0.16293	-0.23610	0.53604	0.99999	-0.00412	0.00285	0.00412	0.99999	-0.00115	-0.00284	0.00116	0.99999		-4.88875	56.62691	874.44179	179.89819	2.39881	-2.28671	0.59841	0.99833	0.03997	0.04175	0.03986	-0.99920	0.00345	0.04185	-0.00178	-0.99912		501.58063	3.64515	37.79547	1.29118	-0.40433	0.65715	0.35820	0.99991	0.01131	0.00731	-0.01147	0.99968	0.02245	-0.00706	-0.02253	0.99972	
2	0.01000	0.05720	1.96088	0.55092	-0.06955	-0.14838	-0.22718	0.53445	0.99999	-0.00396	0.00260	0.00396	0.99999	-0.00120	-0.00259	0.00121	1.00000		-5.12321	56.58310	874.41003	179.89273	2.41931	-2.26453	0.59288	0.99833	0.03959	0.04211	0.03948	-0.99921	0.00354	0.04221	-0.00187	-0.99911		501.57830	3.57091	37.88603	1.27261	-0.42340	0.64666	0.36139	0.99991	0.01112	0.00764	-0.01129	0.99969	0.02212	-0.00739	-0.02221	0.99973	
3	0.02000	0.06013	1.97816	0.54755	-0.06030	-0.14934	-0.23285	0.53190	0.99999	-0.00406	0.00261	0.00406	0.99999	-0.00104	-0.00261	0.00105	1.00000		-5.12338	56.74166	874.39237	179.89105	2.42233	-2.29103	0.57736	0.99831	0.04006	0.04216	0.03994	-0.99920	0.00359	0.04227	-0.00190	-0.99910		501.57352	3.61947	37.88280	1.27105	-0.41516	0.65715	0.36327	0.99991	0.01131	0.00750	-0.01147	0.99969	0.02210	-0.00725	-0.02218	0.99973	
4	0.03000	0.01503	2.08630	0.69939	0.03051	-0.04481	-0.26386	0.55704	0.99999	-0.00461	0.00078	0.00461	0.99999	0.00054	-0.00078	-0.00053	1.00000		-6.58865	58.24259	874.08685	179.87057	2.52606	-2.54947	0.67975	0.99804	0.04458	0.04393	0.04444	-0.99900	0.00422	0.04407	-0.00226	-0.99903		501.49302	3.94028	38.75473	1.23202	-0.23873	0.69011	0.37132	0.99992	0.01195	0.00442	-0.01204	0.99970	0.02145	-0.00417	-0.02150	0.99976	
5	0.04000	0.01814	2.09190	0.70589	0.04607	-0.04359	-0.26597	0.56069	0.99999	-0.00464	0.00076	0.00464	0.99999	0.00081	-0.00076	-0.00080	1.00000		-6.55158	58.41448	874.10365	179.82349	2.54852	-2.54912	0.68700	0.99802	0.04461	0.04428	0.04443	-0.99900	0.00506	0.04447	-0.00308	-0.99901		501.49175	3.97613	38.76884	1.23234	-0.22880	0.68457	0.36950	0.99992	0.01186	0.00425	-0.01195	0.99970	0.02146	-0.00399	-0.02151	0.99976	
6	0.05000	0.25950	2.67209	0.08386	0.74972	-0.96791	-0.47381	0.64738	0.99982	-0.00849	0.01678	0.00827	0.99988	0.01322	-0.01689	-0.01308	0.99977		6.78675	68.52718	874.12124	179.18925	1.59380	-2.62067	0.63127	0.99857	0.04611	0.02713	0.04571	-0.99884	0.01541	0.02781	-0.01414	-0.99951		501.78975	5.57462	31.78671	0.26425	0.73741	1.11861	0.36884	0.99973	0.01958	-0.01278	-0.01952	0.99980	0.00486	0.01287	-0.00461	0.99991	
7	0.06000	-0.06046	2.14898	0.63276	0.26062	-0.03074	-0.28824	0.49815	0.99999	-0.00503	0.00051	0.00503	0.99998	0.00455	-0.00054	-0.00455	0.99999		-6.70155	61.59703	873.80901	179.56764	2.51110	-2.57567	0.72864	0.99803	0.04527	0.04343	0.04490	-0.99895	0.00951	0.04381	-0.00754	-0.99901		501.41200	4.12033	39.13367	0.89277	-0.26862	0.91676	0.44374	0.99986	0.01592	0.00494	-0.01600	0.99975	0.01550	-0.00469	-0.01558	0.99987	
8	0.07000	-0.06115	2.14128	0.59948	0.26388	-0.03053	-0.28454	0.49326	0.99999	-0.00497	0.00051	0.00497	0.99998	0.00461	-0.00053	-0.00461	0.99999		-6.66447	61.66389	873.83976	179.57710	2.50146	-2.59154	0.73364	0.99803	0.04554	0.04327	0.04517	-0.99894	0.00935	0.04364	-0.00737	-0.99902		501.40960	4.17886	39.09299	0.95363	-0.24482	0.76835	0.39238	0.99990	0.01334	0.00450	-0.01341	0.99977	0.01658	-0.00427	-0.01664	0.99985	
9	0.08000	-0.06097	2.15520	0.59402	0.25946	-0.02240	-0.28839	0.48300	0.99999	-0.00503	0.00037	0.00503	0.99998	0.00453	-0.00039	-0.00453	0.99999		-6.75416	61.55745	873.86036	179.58258	2.51958	-2.59341	0.73239	0.99801	0.04557	0.04358	0.04520	-0.99893	0.00927	0.04396	-0.00728	-0.99901		501.39899	4.17567	39.16230	0.94018	-0.24292	0.77776	0.39589	0.99990	0.01350	0.00446	-0.01357	0.99977	0.01635	-0.00424	-0.01641	0.99986	
10	0.09000	-0.06039	2.15377	0.56681	0.26706	-0.02404	-0.28722	0.48295	0.99999	-0.00501	0.00040	0.00501	0.99998	0.00466	-0.00042	-0.00466	0.99999		-6.72895	61.66295	873.88315	179.58565	2.51884	-2.59740	0.73841	0.99801	0.04563	0.04357	0.04527	-0.99893	0.00922	0.04395	-0.00722	-0.99901		501.39178	4.18178	39.15539	0.94393	-0.23736	0.76764	0.39431	0.99990	0.01333	0.00436	-0.01340	0.99978	0.01642	-0.00414	-0.01647	0.99986	
11	0.10000	-0.05713	2.15352	0.54606	0.26582	-0.02772	-0.28627	0.47849	0.99999	-0.00500	0.00046	0.00500	0.99998	0.00464	-0.00048	-0.00464	0.99999		-6.70399	61.64903	873.87756	179.59052	2.50556	-2.61230	0.72562	0.99801	0.04589	0.04334	0.04553	-0.99892	0.00913	0.04372	-0.00714	-0.99902		501.39488	4.17372	39.12417	0.94657	-0.24433	0.74938	0.39366	0.99991	0.01301	0.00448	-0.01308	0.99978	0.01646	-0.00426	-0.01652	0.99985	
12	0.11000	-0.05391	2.15136	0.54529	0.27119	-0.02485	-0.28266	0.47968	0.99999	-0.00493	0.00041	0.00493	0.99998	0.00473	-0.00043	-0.00473	0.99999		-6.77204	61.70976	873.89041	179.59961	2.52401	-2.59829	0.73021	0.99800	0.04564	0.04367	0.04529	-0.99893	0.00898	0.04404	-0.00698	-0.99901		501.38755	4.13164	39.15613	0.92485	-0.24452	0.76895	0.39105	0.99990	0.01335	0.00448	-0.01342	0.99978	0.01608	-0.00427	-0.01614	0.99986	
13	0.12000	-0.05522	2.15150	0.53072	0.27219	-0.02627	-0.28434	0.47290	0.99999	-0.00496	0.00044	0.00496	0.99998	0.00475	-0.00046	-0.00475	0.99999		-6.79901	61.71246	873.91908	179.58827	2.52457	-2.60711	0.73213	0.99800	0.04580	0.04367	0.04544	-0.99892	0.00918	0.04405	-0.00718	-0.99900		501.38544	4.16271	39.15179	0.94888	-0.24199	0.75057	0.39277	0.99991	0.01303	0.00444	-0.01310	0.99978	0.01650	-0.00422	-0.01656	0.99985	
14	0.13000	-0.05790	2.14730	0.52242	0.27459	-0.02640	-0.28384	0.47678	0.99999	-0.00496	0.00044	0.00495	0.99998	0.00479	-0.00046	-0.00479	0.99999		-6.84347	61.76685	873.89945	179.59773	2.51405	-2.60733	0.72743	0.99800	0.04580	0.04350	0.04545	-0.99893	0.00901	0.04386	-0.00701	-0.99901		501.37944	4.14069	39.15371	0.91907	-0.24323	0.76712	0.39434	0.99990	0.01332	0.00446	-0.01339	0.99978	0.01598	-0.00425	-0.01604	0.99986	
15	0.14000	-0.06327	2.14651	0.52420	0.26916	-0.02532	-0.28441	0.47220	0.99999	-0.00497	0.00042	0.00496	0.99998	0.00470	-0.00044	-0.00470	0.99999		-6.86485	61.69108	873.93086	179.59016	2.53690	-2.61531	0.73466	0.99798	0.04595	0.04389	0.04559	-0.99892	0.00917	0.04426	-0.00715	-0.99899		501.37662	4.14110	39.16919	0.93683	-0.23844	0.75848	0.39406	0.99990	0.01317	0.00438	-0.01324	0.99978	0.01629	-0.00416	-0.01635	0.99986	
16	0.15000	-0.06709	2.14551	0.52456	0.26486	-0.02141	-0.28253	0.46707	0.99999	-0.00493	0.00035	0.00493	0.99998	0.00462	-0.00037	-0.00462	0.99999		-6.95296	61.64405	873.90348	179.59810	2.53178	-2.60232	0.72535	0.99799	0.04571	0.04381	0.04536	-0.99893	0.00901	0.04417	-0.00701	-0.99900		501.37471	4.12027	39.20358	0.94519	-0.24345	0.76793	0.38927	0.99990	0.01333	0.00447	-0.01340	0.99978	0.01644	-0.00425	-0.01650	0.99985	
17	0.16000	-0.06594	2.16220	0.51503	0.26931	-0.02542	-0.28977	0.47406	0.99999	-0.00506	0.00042	0.00506	0.99998	0.00470	-0.00044	-0.00470	0.99999		-6.90336	61.71066	873.92908	179.58844	2.53571	-2.61402	0.73384	0.99798	0.04592	0.04387	0.04556	-0.99892	0.00919	0.04424	-0.00718	-0.99900		501.37680	4.18124	39.17159	0.93071	-0.23903	0.75292	0.39061	0.99990	0.01307	0.00438	-0.01314	0.99978	0.01619	-0.00417	-0.01624	0.99986	
18	0.17000	-0.06674	2.14332	0.52375	0.25444	-0.02071	-0.28197	0.47159	0.99999	-0.00492	0.00034	0.00492	0.99998	0.00444	-0.00036	-0.00444	0.99999		-6.94236	61.51570	873.93827	179.58827	2.54961	-2.59791	0.73524	0.99798	0.04564	0.04411	0.04528	-0.99893	0.00919	0.04448	-0.00718	-0.99898		501.37802	4.12090	39.19469	0.95432	-0.24885	0.75653	0.39418	0.99990	0.01313	0.00456	-0.01320	0.99978	0.01660	-0.00434	-0.01666	0.99985	
19	0.18000	-0.05595	2.14413	0.50473	0.27262	-0.02792	-0.27756	0.46884	0.99999	-0.00485	0.00046	0.00484	0.99998	0.00476	-0.00049	-0.00476	0.99999		-6.81897	61.83571	873.93426	179.57562	2.53885	-2.60178	0.73974	0.99799	0.04572	0.04391	0.04535	-0.99893	0.00941	0.04430	-0.00740	-0.99899		501.37598	4.07668	39.15646	0.91928	-0.22989	0.76613	0.39161	0.99990	0.01331	0.00423	-0.01337	0.99978	0.01599	-0.00401	-0.01604	0.99986	
20	0.19000	-0.06110	2.15578	0.52645	0.25962	-0.01759	-0.28250	0.46858	0.99999	-0.00493	0.00029	0.00493	0.99998	0.00453	-0.00031	-0.00453	0.99999		-6.94660	61.61894	873.92024	179.57880	2.54308	-2.59507	0.73940	0.99799	0.04560	0.04399	0.04523	-0.99893	0.00935	0.04437	-0.00734	-0.99899		501.37678	4.10408	39.21759	0.93565	-0.25222	0.75669	0.38973	0.99990	0.01313	0.00462	-0.01321	0.99978	0.01627	-0.00440	-0.01633	0.99986	
21	0.20000	-0.06200	2.16433	0.52072	0.27128	-0.01875	-0.28742	0.47028	0.99999	-0.00502	0.00030	0.00502	0.99998	0.00474	-0.00033	-0.00473	0.99999		-6.89165	61.82176	873.90543	179.56888	2.53249	-2.60856	0.73855	0.99799	0.04584	0.04380	0.04547	-0.99892	0.00953	0.04419	-0.00752	-0.99900		501.36696	4.14355	39.22234	0.93337	-0.23595	0.76760	0.38841	0.99990	0.01333	0.00434	-0.01340	0.99978	0.01623	-0.00412	-0.01629	0.99986	
22	0.21000	-0.05666	2.16863	0.51508	0.27182	-0.02027	-0.28768	0.46928	0.99999	-0.00502	0.00033	0.00502	0.99998	0.00475	-0.00035	-0.00474	0.99999		-6.85014	61.84404	873.89497	179.57137	2.52131	-2.59812	0.73835	0.99801	0.04566	0.04361	0.04529	-0.99893	0.00947	0.04399	-0.00747	-0.99900		501.36580	4.14666	39.21029	0.92182	-0.24011	0.75671	0.39115	0.99990	0.01314	0.00440	-0.01321	0.99978	0.01603	-0.00419	-0.01609	0.99986	
23	0.22000	-0.05975	2.18326	0.49360	0.28437	-0.02720	-0.29280	0.46723	0.99999	-0.00511	0.00045	0.00511	0.99997	0.00496	-0.00047	-0.00496	0.99999		-6.71117	62.01496	873.92511	179.55205	2.52598	-2.61001	0.73779	0.99799	0.04588	0.04367	0.04549	-0.99892	0.00982	0.04407	-0.00781	-0.99900		501.36980	4.19127	39.16546	0.92310	-0.23392	0.76673	0.39250	0.99990	0.01331	0.00430	-0.01338	0.99978	0.01605	-0.00408	-0.01611	0.99986	
24	0.23000	-0.06627	2.17305	0.52190	0.26083	-0.01496	-0.29053	0.46853	0.99999	-0.00507	0.00024	0.00507	0.99998	0.00455	-0.00026	-0.00455	0.99999		-6.88346	61.66572	873.91718	179.58058	2.53225	-2.61709	0.74525	0.99798	0.04598	0.04380	0.04562	-0.99892	0.00933	0.04418	-0.00731	-0.99900		501.37230	4.16871	39.23852	0.93928	-0.25761	0.75295	0.38895	0.99990	0.01307	0.00471	-0.01314	0.99978	0.01633	-0.00450	-0.01639	0.99986	
25	0.24000	-0.05845	2.16368	0.48884	0.27126	-0.02929	-0.28423	0.47050	0.99999	-0.00496	0.00049	0.00496	0.99998	0.00474	-0.00051	-0.00473	0.99999		-6.69006	61.81174	873.93662	179.57408	2.51277	-2.60548	0.74179	0.99801	0.04578	0.04346	0.04541	-0.99892	0.00942	0.04384	-0.00743	-0.99901		501.37151	4.14894	39.15083	0.95991	-0.24002	0.73570	0.39132	0.99991	0.01277	0.00440	-0.01284	0.99978	0.01670	-0.00419	-0.01675	0.99985	
26	0.25000	-0.05630	2.15092	0.49599	0.27540	-0.02523	-0.28037	0.46592	0.99999	-0.00490	0.00042	0.00489	0.99998	0.00481	-0.00044	-0.00481	0.99999		-6.77258	61.85718	873.93472	179.57510	2.53374	-2.59680	0.73939	0.99800	0.04563	0.04383	0.04526	-0.99893	0.00941	0.04421	-0.00741	-0.99899		501.36406	4.10648	39.18445	0.94230	-0.23343	0.75577	0.39183	0.99990	0.01312	0.00429	-0.01319	0.99978	0.01639	-0.00407	-0.01645	0.99986	
27	0.26000	-0.05968	2.16893	0.49197	0.27148	-0.02585	-0.28642	0.46820	0.99999	-0.00500	0.00043	0.00500	0.99998	0.00474	-0.00045	-0.00474	0.99999		-6.82243	61.78115	873.92530	179.58968	2.51829	-2.61284	0.73587	0.99800	0.04590	0.04356	0.04554	-0.99892	0.00916	0.04394	-0.00715	-0.99901		501.37317	4.14925	39.17618	0.93882	-0.23612	0.75488	0.38966	0.99990	0.01311	0.00434	-0.01317	0.99978	0.01633	-0.00412	-0.01638	0.99986	
28	0.27000	-0.04934	2.16522	0.47909	0.28245	-0.03223	-0.28420	0.46666	0.99999	-0.00496	0.00054	0.00496	0.99998	0.00493	-0.00056	-0.00493	0.99999		-6.75256	61.89814	873.95393	179.57646	2.52828	-2.60134	0.73850	0.99800	0.04571	0.04373	0.04534	-0.99893	0.00939	0.04411	-0.00738	-0.99900		501.37599	4.12342	39.11916	0.90979	-0.25345	0.76263	0.39223	0.99990	0.01324	0.00463	-0.01331	0.99979	0.01582	-0.00442	-0.01588	0.99986	
29	0.28000	-0.05752	2.14869	0.49400	0.27092	-0.02575	-0.28049	0.46498	0.99999	-0.00490	0.00043	0.00490	0.99998	0.00473	-0.00045	-0.00473	0.99999		-6.87089	61.74892	873.93501	179.59677	2.53150	-2.61093	0.72845	0.99799	0.04586	0.04380	0.04551	-0.99892	0.00904	0.04417	-0.00703	-0.99900		501.37147	4.12217	39.17433	0.94114	-0.24661	0.74052	0.38851	0.99991	0.01285	0.00452	-0.01292	0.99978	0.01637	-0.00430	-0.01643	0.99986	
30	0.29000	-0.06442	2.17587	0.48749	0.27884	-0.02706	-0.29055	0.46636	0.99999	-0.00507	0.00045	0.00507	0.99998	0.00487	-0.00047	-0.00487	0.99999		-6.86457	61.80342	873.95075	179.58551	2.53837	-2.62021	0.73084	0.99797	0.04603	0.04391	0.04567	-0.99891	0.00925	0.04429	-0.00723	-0.99899		501.38134	4.19189	39.16583	0.93976	-0.23560	0.74509	0.38816	0.99991	0.01293	0.00432	-0.01300	0.99978	0.01635	-0.00411	-0.01640	0.99986	
31	0.30000	-0.06915	2.16116	0.49466	0.26881	-0.02301	-0.28563	0.46579	0.99999	-0.00499	0.00038	0.00499	0.99998	0.00469	-0.00040	-0.00469	0.99999		-6.90508	61.67612	873.95877	179.59943	2.54455	-2.62524	0.74095	0.99797	0.04611	0.04403	0.04576	-0.99891	0.00902	0.04440	-0.00698	-0.99899		501.37569	4.13402	39.19199	0.92901	-0.24414	0.75438	0.38612	0.99990	0.01310	0.00447	-0.01317	0.99978	0.01616	-0.00426	-0.01621	0.99986	
32	0.31000	-0.06508	2.17060	0.48549	0.26940	-0.02634	-0.28919	0.46737	0.99999	-0.00505	0.00044	0.00505	0.99998	0.00470	-0.00046	-0.00470	0.99999		-6.85132	61.67300	873.95832	179.60135	2.53057	-2.62716	0.73724	0.99797	0.04614	0.04379	0.04579	-0.99891	0.00897	0.04415	-0.00695	-0.99900		501.37606	4.17063	39.18290	0.94280	-0.23426	0.74094	0.38565	0.99991	0.01286	0.00430	-0.01293	0.99978	0.01640	-0.00409	-0.01645	0.99986	
33	0.32000	-0.06376	2.17121	0.47252	0.27340	-0.02885	-0.28820	0.46659	0.99999	-0.00503	0.00048	0.00503	0.99998	0.00477	-0.00050	-0.00477	0.99999		-6.78299	61.73590	873.97102	179.58945	2.53348	-2.61766	0.74304	0.99798	0.04599	0.04383	0.04563	-0.99892	0.00918	0.04420	-0.00716	-0.99900		501.37756	4.14974	39.15734	0.91813	-0.24578	0.75853	0.38958	0.99990	0.01317	0.00450	-0.01324	0.99978	0.01597	-0.00429	-0.01602	0.99986	
34	0.33000	-0.05833	2.17142	0.48413	0.27755	-0.02615	-0.28701	0.46938	0.99999	-0.00501	0.00043	0.00501	0.99998	0.00485	-0.00046	-0.00484	0.99999		-6.81070	61.81001	873.94589	179.57785	2.52741	-2.61907	0.73129	0.99798	0.04602	0.04371	0.04565	-0.99891	0.00938	0.04410	-0.00736	-0.99900		501.37634	4.15789	39.16878	0.92444	-0.24662	0.74204	0.39139	0.99991	0.01288	0.00451	-0.01295	0.99979	0.01608	-0.00430	-0.01613	0.99986	
35	0.34000	-0.05620	2.17640	0.47462	0.27275	-0.02817	-0.28806	0.46999	0.99999	-0.00503	0.00047	0.00503	0.99998	0.00476	-0.00049	-0.00476	0.99999		-6.74103	61.74815	873.97767	179.59178	2.53710	-2.61041	0.74301	0.99798	0.04586	0.04389	0.04550	-0.99892	0.00913	0.04427	-0.00712	-0.99899		501.38183	4.15434	39.15196	0.91927	-0.25023	0.74293	0.38936	0.99991	0.01289	0.00457	-0.01297	0.99979	0.01599	-0.00437	-0.01604	0.99986	
36	0.35000	-0.05193	2.17503	0.48670	0.26794	-0.02298	-0.28785	0.46699	0.99999	-0.00503	0.00038	0.00502	0.99998	0.00468	-0.00040	-0.00468	0.99999		-6.80794	61.69727	873.95595	179.58412	2.53082	-2.60989	0.74337	0.99799	0.04585	0.04378	0.04549	-0.99892	0.00926	0.04416	-0.00725	-0.99900		501.37487	4.14313	39.18366	0.92535	-0.25165	0.75554	0.39555	0.99990	0.01311	0.00460	-0.01319	0.99978	0.01609	-0.00439	-0.01615	0.99986	
37	0.36000	-0.05118	2.17095	0.47539	0.27194	-0.02933	-0.28595	0.46730	0.99999	-0.00499	0.00049	0.00499	0.99998	0.00475	-0.00051	-0.00475	0.99999		-6.70351	61.78964	873.95879	179.58054	2.52065	-2.61186	0.74125	0.99799	0.04589	0.04360	0.04553	-0.99892	0.00932	0.04398	-0.00731	-0.99901		501.37824	4.15281	39.14604	0.93868	-0.24646	0.73336	0.39528	0.99991	0.01273	0.00451	-0.01280	0.99978	0.01633	-0.00430	-0.01638	0.99986	
38	0.37000	-0.05801	2.16785	0.48906	0.26196	-0.02159	-0.28412	0.46609	0.99999	-0.00496	0.00035	0.00496	0.99998	0.00457	-0.00038	-0.00457	0.99999		-6.81321	61.65784	873.93172	179.58615	2.52000	-2.60881	0.74249	0.99800	0.04583	0.04359	0.04547	-0.99892	0.00922	0.04397	-0.00722	-0.99901		501.37751	4.13114	39.19771	0.95215	-0.25741	0.73559	0.38845	0.99991	0.01276	0.00470	-0.01284	0.99978	0.01656	-0.00449	-0.01662	0.99985	
39	0.38000	-0.05823	2.17522	0.47428	0.27245	-0.02806	-0.28668	0.46899	0.99999	-0.00501	0.00047	0.00500	0.99998	0.00476	-0.00049	-0.00476	0.99999		-6.72958	61.83038	873.94412	179.56819	2.51588	-2.61220	0.74187	0.99800	0.04590	0.04351	0.04553	-0.99892	0.00953	0.04390	-0.00753	-0.99901		501.38067	4.15108	39.15293	0.94046	-0.25462	0.74043	0.38964	0.99991	0.01285	0.00466	-0.01292	0.99978	0.01635	-0.00444	-0.01641	0.99986	
40	0.39000	-0.05784	2.16085	0.46641	0.27468	-0.03106	-0.28213	0.46706	0.99999	-0.00493	0.00052	0.00492	0.99998	0.00480	-0.00054	-0.00479	0.99999		-6.70372	61.87727	873.95585	179.56947	2.52235	-2.60268	0.74254	0.99800	0.04574	0.04362	0.04537	-0.99893	0.00950	0.04401	-0.00751	-0.99900		501.37364	4.11626	39.14590	0.93211	-0.24172	0.74431	0.39342	0.99991	0.01292	0.00443	-0.01299	0.99978	0.01621	-0.00422	-0.01627	0.99986	
41	0.40000	-0.06206	2.16201	0.46760	0.27062	-0.03138	-0.28260	0.46692	0.99999	-0.00493	0.00052	0.00493	0.99998	0.00473	-0.00055	-0.00472	0.99999		-6.73738	61.82079	873.96406	179.57225	2.52184	-2.61047	0.74567	0.99799	0.04587	0.04361	0.04550	-0.99892	0.00946	0.04400	-0.00746	-0.99900		501.37680	4.12769	39.13865	0.95205	-0.24354	0.74139	0.39378	0.99991	0.01287	0.00446	-0.01294	0.99978	0.01656	-0.00425	-0.01662	0.99985	
42	0.41000	-0.13886	2.14872	1.05607	0.08429	0.17700	-0.29974	0.53115	0.99998	-0.00523	-0.00310	0.00523	0.99999	0.00145	0.00309	-0.00147	0.99999		-9.87798	58.97400	873.53294	179.77167	2.73365	-2.62071	0.73963	0.99782	0.04591	0.04746	0.04567	-0.99894	0.00616	0.04769	-0.00398	-0.99885		501.31620	4.15921	40.37812	1.13883	-0.45343	0.76628	0.38987	0.99988	0.01321	0.00818	-0.01337	0.99972	0.01977	-0.00791	-0.01987	0.99977	
43	0.42000	-0.08821	2.14628	0.66390	0.16672	0.06643	-0.28989	0.44380	0.99999	-0.00506	-0.00117	0.00506	0.99998	0.00290	0.00116	-0.00291	0.99999		-8.24965	60.22153	873.88251	179.67633	2.64063	-2.62022	0.74493	0.99789	0.04597	0.04576	0.04567	-0.99893	0.00775	0.04607	-0.00564	-0.99892		501.33851	4.12531	39.80490	1.04177	-0.33380	0.75450	0.39368	0.99990	0.01306	0.00606	-0.01317	0.99975	0.01810	-0.00583	-0.01818	0.99982	
44	0.43000	-0.08914	2.12214	0.67530	0.16674	0.07102	-0.27900	0.43934	0.99999	-0.00487	-0.00125	0.00487	0.99998	0.00290	0.00124	-0.00291	0.99999		-8.33512	60.25374	873.83961	179.69240	2.62805	-2.60777	0.72606	0.99791	0.04574	0.04556	0.04545	-0.99894	0.00745	0.04585	-0.00536	-0.99893		501.33811	4.05669	39.82978	1.05015	-0.34153	0.74707	0.39343	0.99990	0.01293	0.00620	-0.01304	0.99975	0.01825	-0.00596	-0.01833	0.99981	
45	0.44000	-0.06160	2.17591	0.48488	0.27240	-0.02372	-0.28858	0.46548	0.99999	-0.00504	0.00039	0.00504	0.99998	0.00476	-0.00041	-0.00475	0.99999		-6.91281	61.79025	873.94651	179.57507	2.54484	-2.62670	0.73934	0.99796	0.04616	0.04401	0.04578	-0.99891	0.00944	0.04440	-0.00741	-0.99899		501.38060	4.16149	39.17859	0.92955	-0.25388	0.74475	0.39288	0.99991	0.01292	0.00464	-0.01300	0.99978	0.01616	-0.00443	-0.01622	0.99986	
46	0.45000	-0.05752	2.17545	0.48245	0.27887	-0.02385	-0.28850	0.46417	0.99999	-0.00504	0.00039	0.00504	0.99998	0.00487	-0.00042	-0.00487	0.99999		-6.89913	61.85463	873.94503	179.57449	2.53773	-2.61195	0.73513	0.99798	0.04590	0.04389	0.04553	-0.99892	0.00944	0.04428	-0.00742	-0.99899		501.37568	4.17191	39.18530	0.93702	-0.24823	0.74132	0.39114	0.99991	0.01287	0.00454	-0.01294	0.99978	0.01630	-0.00433	-0.01635	0.99986	
47	0.46000	-0.06092	2.18327	0.47918	0.27542	-0.02405	-0.29077	0.46661	0.99999	-0.00508	0.00040	0.00507	0.99998	0.00481	-0.00042	-0.00481	0.99999		-6.86331	61.80598	873.95420	179.58592	2.52967	-2.63557	0.74256	0.99797	0.04630	0.04376	0.04594	-0.99890	0.00925	0.04414	-0.00722	-0.99900		501.37322	4.18016	39.18014	0.93372	-0.25308	0.74521	0.39274	0.99991	0.01293	0.00463	-0.01301	0.99978	0.01624	-0.00442	-0.01630	0.99986	
48	0.47000	-0.06513	2.17255	0.48660	0.27266	-0.01994	-0.28892	0.47016	0.99999	-0.00504	0.00032	0.00504	0.99998	0.00476	-0.00035	-0.00476	0.99999		-6.88963	61.74254	873.95052	179.58391	2.53461	-2.62146	0.73552	0.99798	0.04606	0.04384	0.04569	-0.99891	0.00928	0.04422	-0.00726	-0.99900		501.37101	4.15661	39.21738	0.93494	-0.24752	0.76000	0.39008	0.99990	0.01319	0.00454	-0.01326	0.99978	0.01626	-0.00432	-0.01632	0.99986	
49	0.48000	-0.05446	2.17562	0.45951	0.28720	-0.03384	-0.28683	0.46554	0.99999	-0.00501	0.00057	0.00501	0.99998	0.00501	-0.00059	-0.00501	0.99999		-6.65055	61.94829	873.96511	179.57799	2.52362	-2.60778	0.74115	0.99800	0.04582	0.04365	0.04545	-0.99892	0.00936	0.04403	-0.00736	-0.99900		501.37071	4.14706	39.11219	0.91548	-0.23972	0.75410	0.38988	0.99990	0.01309	0.00439	-0.01316	0.99979	0.01592	-0.00418	-0.01598	0.99986	
50	0.49000	-0.05500	2.17660	0.48430	0.26695	-0.02173	-0.29070	0.46710	0.99999	-0.00508	0.00036	0.00507	0.99998	0.00466	-0.00038	-0.00466	0.99999		-6.81873	61.63993	873.95633	179.59319	2.52860	-2.62179	0.74361	0.99798	0.04605	0.04375	0.04570	-0.99891	0.00911	0.04412	-0.00709	-0.99900		501.36777	4.17011	39.20607	0.93691	-0.24202	0.75296	0.39012	0.99990	0.01307	0.00444	-0.01314	0.99978	0.01629	-0.00422	-0.01635	0.99986	
51	0.50000	-0.05077	2.17295	0.48839	0.26918	-0.02119	-0.28793	0.46596	0.99999	-0.00503	0.00035	0.00503	0.99998	0.00470	-0.00037	-0.00470	0.99999		-6.82152	61.67597	873.93987	179.59300	2.52507	-2.61302	0.74053	0.99799	0.04590	0.04369	0.04555	-0.99892	0.00910	0.04406	-0.00710	-0.99900		501.36451	4.14944	39.20425	0.94020	-0.24338	0.75353	0.38736	0.99990	0.01308	0.00446	-0.01315	0.99978	0.01635	-0.00425	-0.01641	0.99986	
52	0.51000	-0.05103	2.17405	0.49184	0.27289	-0.01773	-0.28506	0.46375	0.99999	-0.00498	0.00029	0.00498	0.99998	0.00476	-0.00031	-0.00476	0.99999		-6.86899	61.74585	873.94226	179.59264	2.53664	-2.61569	0.74052	0.99798	0.04595	0.04389	0.04559	-0.99892	0.00912	0.04426	-0.00710	-0.99899		501.36132	4.14200	39.22059	0.95085	-0.25535	0.73687	0.39362	0.99991	0.01278	0.00467	-0.01286	0.99978	0.01654	-0.00446	-0.01659	0.99985	
53	0.52000	-0.04825	2.16302	0.47145	0.28215	-0.02747	-0.28289	0.46563	0.99999	-0.00494	0.00046	0.00494	0.99998	0.00493	-0.00048	-0.00492	0.99999		-6.74319	61.91708	873.93778	179.58252	2.51683	-2.62041	0.74275	0.99799	0.04604	0.04353	0.04567	-0.99891	0.00929	0.04391	-0.00728	-0.99901		501.37533	4.13631	39.15813	0.93302	-0.25369	0.73586	0.39457	0.99991	0.01277	0.00464	-0.01284	0.99979	0.01623	-0.00443	-0.01628	0.99986	
54	0.53000	-0.05423	2.18059	0.45929	0.27693	-0.03158	-0.29203	0.46800	0.99999	-0.00510	0.00053	0.00510	0.99998	0.00484	-0.00055	-0.00483	0.99999		-6.70057	61.82352	873.95944	179.58162	2.52379	-2.61962	0.74685	0.99799	0.04603	0.04365	0.04566	-0.99891	0.00931	0.04403	-0.00730	-0.99900		501.37597	4.19045	39.13420	0.93443	-0.24166	0.75293	0.38953	0.99990	0.01307	0.00443	-0.01314	0.99978	0.01625	-0.00422	-0.01631	0.99986	
55	0.54000	-0.05954	2.18484	0.46801	0.27819	-0.02762	-0.29247	0.46623	0.99999	-0.00511	0.00046	0.00510	0.99998	0.00486	-0.00048	-0.00486	0.99999		-6.79368	61.86594	873.94052	179.57935	2.52301	-2.62378	0.74016	0.99798	0.04610	0.04364	0.04573	-0.99891	0.00935	0.04402	-0.00733	-0.99900		501.38157	4.20526	39.15404	0.93813	-0.25516	0.73321	0.39188	0.99991	0.01272	0.00466	-0.01280	0.99979	0.01631	-0.00445	-0.01637	0.99986	
56	0.55000	-0.05564	2.18387	0.46969	0.28039	-0.02538	-0.29140	0.46379	0.99999	-0.00509	0.00042	0.00509	0.99998	0.00490	-0.00044	-0.00489	0.99999		-6.85314	61.90596	873.94253	179.57172	2.53187	-2.62373	0.74452	0.99798	0.04611	0.04379	0.04573	-0.99891	0.00949	0.04418	-0.00747	-0.99900		501.36239	4.19497	39.18334	0.95104	-0.24911	0.74567	0.39137	0.99991	0.01294	0.00456	-0.01301	0.99978	0.01654	-0.00435	-0.01660	0.99985	
57	0.56000	-0.05631	2.16144	0.46048	0.27818	-0.03120	-0.28397	0.46508	0.99999	-0.00496	0.00052	0.00496	0.99998	0.00486	-0.00054	-0.00486	0.99999		-6.77394	61.91668	873.95888	179.56781	2.53775	-2.62138	0.74142	0.99797	0.04607	0.04389	0.04569	-0.99891	0.00956	0.04428	-0.00754	-0.99899		501.37045	4.14293	39.13658	0.94021	-0.24343	0.74490	0.39086	0.99991	0.01293	0.00446	-0.01300	0.99978	0.01635	-0.00425	-0.01641	0.99986	
58	0.57000	-0.05265	2.17656	0.46777	0.28115	-0.02793	-0.28602	0.46791	0.99999	-0.00499	0.00046	0.00499	0.99998	0.00491	-0.00049	-0.00491	0.99999		-6.84863	61.95183	873.95394	179.57211	2.54166	-2.61953	0.74357	0.99797	0.04603	0.04396	0.04566	-0.99891	0.00949	0.04435	-0.00746	-0.99899		501.36933	4.13753	39.15382	0.92973	-0.25713	0.75427	0.39289	0.99990	0.01309	0.00470	-0.01316	0.99978	0.01617	-0.00449	-0.01623	0.99986	
59	0.58000	-0.05216	2.18150	0.46945	0.27685	-0.02610	-0.28776	0.46828	0.99999	-0.00502	0.00043	0.00502	0.99998	0.00483	-0.00046	-0.00483	0.99999		-6.87687	61.87940	873.95794	179.56831	2.54927	-2.61576	0.74115	0.99797	0.04597	0.04409	0.04559	-0.99891	0.00956	0.04448	-0.00753	-0.99898		501.37257	4.15212	39.17359	0.93428	-0.24779	0.75308	0.38726	0.99990	0.01307	0.00454	-0.01314	0.99978	0.01625	-0.00432	-0.01631	0.99986	
60	0.59000	-0.04965	2.18638	0.45684	0.28221	-0.03182	-0.29097	0.46557	0.99999	-0.00508	0.00053	0.00508	0.99998	0.00493	-0.00056	-0.00493	0.99999		-6.78527	61.96053	873.96946	179.56384	2.54055	-2.61398	0.74436	0.99798	0.04594	0.04393	0.04556	-0.99892	0.00963	0.04433	-0.00760	-0.99899		501.36162	4.17449	39.13869	0.93620	-0.23261	0.75410	0.38962	0.99991	0.01309	0.00427	-0.01316	0.99978	0.01628	-0.00406	-0.01634	0.99986	
61	0.60000	-0.05370	2.17991	0.47088	0.27298	-0.02620	-0.28943	0.46477	0.99999	-0.00505	0.00043	0.00505	0.99998	0.00477	-0.00046	-0.00476	0.99999		-6.84871	61.82877	873.94487	179.56972	2.53261	-2.62101	0.73647	0.99798	0.04606	0.04380	0.04568	-0.99891	0.00952	0.04419	-0.00750	-0.99900		501.36899	4.16984	39.17498	0.94176	-0.24323	0.75020	0.39123	0.99991	0.01302	0.00446	-0.01309	0.99978	0.01638	-0.00425	-0.01644	0.99986	
62	0.61000	-0.05837	2.17481	0.47881	0.27428	-0.02153	-0.28814	0.46791	0.99999	-0.00503	0.00035	0.00503	0.99998	0.00479	-0.00038	-0.00479	0.99999		-6.87738	61.83978	873.94414	179.56656	2.54048	-2.61085	0.73799	0.99798	0.04589	0.04393	0.04551	-0.99892	0.00958	0.04433	-0.00756	-0.99899		501.37183	4.16443	39.20630	0.94115	-0.24825	0.74660	0.38528	0.99991	0.01296	0.00455	-0.01303	0.99978	0.01637	-0.00433	-0.01643	0.99986	
63	0.62000	-0.05977	2.17476	0.47416	0.26963	-0.02461	-0.28969	0.46690	0.99999	-0.00506	0.00041	0.00506	0.99998	0.00471	-0.00043	-0.00471	0.99999		-6.80279	61.76483	873.96564	179.58121	2.53828	-2.62005	0.73778	0.99797	0.04603	0.04391	0.04567	-0.99891	0.00933	0.04429	-0.00730	-0.99899		501.37424	4.18209	39.17504	0.93857	-0.25181	0.74187	0.39001	0.99991	0.01287	0.00461	-0.01295	0.99978	0.01632	-0.00439	-0.01638	0.99986	
64	0.63000	-0.06459	2.16872	0.47804	0.26955	-0.02103	-0.28808	0.46411	0.99999	-0.00503	0.00034	0.00503	0.99998	0.00471	-0.00037	-0.00470	0.99999		-6.83829	61.76363	873.93789	179.59084	2.52638	-2.61481	0.73938	0.99799	0.04593	0.04371	0.04558	-0.99892	0.00914	0.04408	-0.00713	-0.99900		501.38330	4.16542	39.19972	0.93621	-0.26084	0.74647	0.38757	0.99990	0.01295	0.00476	-0.01303	0.99978	0.01628	-0.00455	-0.01634	0.99986	
65	0.64000	-0.05576	2.17278	0.45770	0.26894	-0.03151	-0.28874	0.46587	0.99999	-0.00504	0.00053	0.00504	0.99998	0.00470	-0.00055	-0.00469	0.99999		-6.67743	61.70828	873.98135	179.59105	2.52300	-2.60255	0.74715	0.99800	0.04572	0.04365	0.04536	-0.99893	0.00913	0.04402	-0.00713	-0.99901		501.37893	4.17842	39.13470	0.95161	-0.24045	0.73704	0.38728	0.99991	0.01279	0.00441	-0.01286	0.99978	0.01655	-0.00420	-0.01661	0.99985	
66	0.65000	-0.05821	2.17976	0.48065	0.26815	-0.02125	-0.29263	0.46340	0.99999	-0.00511	0.00035	0.00511	0.99998	0.00468	-0.00037	-0.00468	0.99999		-6.83240	61.68260	873.96197	179.58505	2.54133	-2.61862	0.74099	0.99797	0.04601	0.04396	0.04564	-0.99891	0.00926	0.04434	-0.00723	-0.99899		501.36895	4.19840	39.20721	0.95026	-0.24535	0.73395	0.39122	0.99991	0.01274	0.00449	-0.01281	0.99978	0.01653	-0.00428	-0.01658	0.99985	
67	0.66000	-0.08645	2.13167	0.64800	0.17342	0.06646	-0.28425	0.43662	0.99999	-0.00496	-0.00117	0.00496	0.99998	0.00302	0.00116	-0.00303	0.99999		-8.14550	60.26513	873.87074	179.68221	2.61545	-2.61519	0.74389	0.99792	0.04588	0.04533	0.04558	-0.99893	0.00762	0.04563	-0.00554	-0.99894		501.33892	4.10840	39.80739	1.05707	-0.33196	0.74128	0.38793	0.99990	0.01283	0.00603	-0.01294	0.99975	0.01837	-0.00579	-0.01845	0.99981	
68	0.67000	-0.05431	2.16975	0.45090	0.28817	-0.03767	-0.28683	0.46272	0.99999	-0.00501	0.00063	0.00501	0.99997	0.00503	-0.00066	-0.00503	0.99999		-6.62136	61.97352	873.98286	179.57097	2.52608	-2.61351	0.73309	0.99799	0.04593	0.04369	0.04555	-0.99892	0.00949	0.04407	-0.00748	-0.99900		501.38115	4.17618	39.10080	0.93112	-0.22712	0.73761	0.38982	0.99991	0.01281	0.00417	-0.01287	0.99979	0.01620	-0.00396	-0.01625	0.99986	
69	0.68000	-0.06037	2.17524	0.49714	0.27114	-0.01604	-0.28909	0.46539	0.99999	-0.00505	0.00026	0.00505	0.99998	0.00473	-0.00028	-0.00473	0.99999		-6.97305	61.70500	873.95113	179.58040	2.54653	-2.62151	0.73427	0.99797	0.04606	0.04405	0.04569	-0.99891	0.00935	0.04443	-0.00732	-0.99899		501.37399	4.19496	39.23197	0.96552	-0.25681	0.72429	0.38762	0.99991	0.01256	0.00469	-0.01264	0.99978	0.01679	-0.00448	-0.01685	0.99985	
70	0.69000	-0.06201	2.17801	0.46648	0.28021	-0.02896	-0.29141	0.46334	0.99999	-0.00509	0.00048	0.00509	0.99998	0.00489	-0.00051	-0.00489	0.99999		-6.80456	61.84422	873.96244	179.57971	2.53063	-2.63085	0.73854	0.99797	0.04622	0.04377	0.04586	-0.99890	0.00935	0.04415	-0.00733	-0.99900		501.38405	4.19408	39.14655	0.92825	-0.24666	0.74367	0.39078	0.99991	0.01291	0.00451	-0.01298	0.99979	0.01614	-0.00431	-0.01620	0.99986	
71	0.70000	-0.06241	2.16573	0.46686	0.27489	-0.02578	-0.28547	0.46758	0.99999	-0.00498	0.00043	0.00498	0.99998	0.00480	-0.00045	-0.00480	0.99999		-6.86157	61.79325	873.96605	179.59509	2.53900	-2.61543	0.73643	0.99798	0.04594	0.04393	0.04559	-0.99892	0.00908	0.04430	-0.00706	-0.99899		501.37286	4.16383	39.18882	0.95247	-0.23377	0.72824	0.39287	0.99991	0.01264	0.00429	-0.01271	0.99978	0.01657	-0.00408	-0.01662	0.99985	
72	0.71000	-0.06781	2.18178	0.47525	0.27236	-0.02401	-0.29380	0.46638	0.99999	-0.00513	0.00040	0.00513	0.99998	0.00475	-0.00042	-0.00475	0.99999		-6.89675	61.74494	873.96584	179.58636	2.54170	-2.63710	0.74222	0.99796	0.04633	0.04397	0.04596	-0.99890	0.00925	0.04435	-0.00721	-0.99899		501.37840	4.21435	39.18894	0.94550	-0.24707	0.73551	0.38736	0.99991	0.01276	0.00452	-0.01284	0.99978	0.01644	-0.00431	-0.01650	0.99985	
73	0.72000	-0.06124	2.17983	0.46565	0.28276	-0.02888	-0.29125	0.46372	0.99999	-0.00509	0.00048	0.00508	0.99998	0.00494	-0.00050	-0.00494	0.99999		-6.81934	61.89837	873.96256	179.57198	2.53771	-2.61797	0.74307	0.99798	0.04601	0.04389	0.04563	-0.99891	0.00949	0.04428	-0.00746	-0.99899		501.37738	4.19028	39.15650	0.93477	-0.24163	0.74843	0.38994	0.99991	0.01299	0.00443	-0.01306	0.99978	0.01626	-0.00422	-0.01631	0.99986	
74	0.73000	-0.09250	2.14171	0.64530	0.16862	0.06246	-0.28703	0.44161	0.99999	-0.00501	-0.00110	0.00501	0.99998	0.00294	0.00109	-0.00294	0.99999		-8.16341	60.21769	873.88502	179.67989	2.62449	-2.62661	0.74298	0.99790	0.04608	0.04549	0.04578	-0.99892	0.00768	0.04579	-0.00558	-0.99894		501.35527	4.12364	39.76575	1.04713	-0.34601	0.73236	0.38907	0.99990	0.01267	0.00627	-0.01278	0.99975	0.01820	-0.00604	-0.01827	0.99981	
75	0.74000	-0.08703	2.12725	0.64042	0.16759	0.06440	-0.28176	0.43776	0.99999	-0.00491	-0.00114	0.00492	0.99998	0.00292	0.00112	-0.00293	0.99999		-8.17038	60.23623	873.88594	179.68117	2.62633	-2.61783	0.74462	0.99791	0.04593	0.04552	0.04563	-0.99893	0.00765	0.04582	-0.00556	-0.99893		501.34329	4.08588	39.80440	1.04952	-0.33285	0.73202	0.39089	0.99990	0.01267	0.00604	-0.01278	0.99975	0.01824	-0.00581	-0.01832	0.99982	
76	0.75000	-0.05569	2.18962	0.46792	0.27615	-0.02495	-0.29495	0.46093	0.99999	-0.00515	0.00041	0.00515	0.99998	0.00482	-0.00044	-0.00482	0.99999		-6.84424	61.85590	873.95214	179.57462	2.53010	-2.64212	0.73841	0.99796	0.04642	0.04375	0.04605	-0.99889	0.00945	0.04414	-0.00742	-0.99900		501.37575	4.21040	39.18825	0.92843	-0.24704	0.74629	0.38789	0.99991	0.01295	0.00452	-0.01302	0.99978	0.01615	-0.00431	-0.01620	0.99986	
77	0.76000	-0.08266	2.13039	0.63502	0.16809	0.06168	-0.28113	0.43971	0.99999	-0.00490	-0.00109	0.00491	0.99998	0.00293	0.00108	-0.00293	0.99999		-8.09272	60.25616	873.89421	179.67413	2.62106	-2.61118	0.73701	0.99792	0.04582	0.04542	0.04551	-0.99893	0.00776	0.04573	-0.00568	-0.99894		501.34447	4.07930	39.78545	1.05484	-0.32733	0.73636	0.38729	0.99990	0.01274	0.00595	-0.01285	0.99975	0.01833	-0.00571	-0.01841	0.99981	
78	0.77000	-0.08596	2.13286	0.63766	0.16634	0.06285	-0.28355	0.43808	0.99999	-0.00495	-0.00111	0.00495	0.99998	0.00290	0.00110	-0.00290	0.99999		-8.10127	60.24543	873.88121	179.67812	2.60814	-2.61748	0.74379	0.99792	0.04592	0.04520	0.04562	-0.99893	0.00769	0.04550	-0.00561	-0.99895		501.34262	4.08072	39.79850	1.03918	-0.32957	0.75390	0.38902	0.99990	0.01305	0.00599	-0.01316	0.99975	0.01806	-0.00575	-0.01814	0.99982	
79	0.78000	-0.08529	2.12648	0.64890	0.16450	0.06528	-0.28097	0.43751	0.99999	-0.00490	-0.00115	0.00490	0.99998	0.00286	0.00114	-0.00287	0.99999		-8.12750	60.21447	873.87926	179.67242	2.61542	-2.61016	0.74454	0.99792	0.04580	0.04532	0.04549	-0.99893	0.00779	0.04563	-0.00571	-0.99894		501.34658	4.08582	39.79216	1.06053	-0.34827	0.73066	0.38833	0.99990	0.01264	0.00631	-0.01275	0.99975	0.01843	-0.00608	-0.01851	0.99981	
80	0.79000	-0.08941	2.12743	0.63932	0.16468	0.06273	-0.28227	0.43560	0.99999	-0.00492	-0.00111	0.00493	0.99998	0.00287	0.00109	-0.00287	0.99999		-8.09077	60.21801	873.87828	179.69168	2.61186	-2.60361	0.74412	0.99793	0.04567	0.04528	0.04538	-0.99894	0.00745	0.04557	-0.00538	-0.99895		501.35117	4.10064	39.78776	1.06274	-0.33985	0.71972	0.39151	0.99990	0.01245	0.00616	-0.01256	0.99975	0.01847	-0.00593	-0.01855	0.99981	
81	0.80000	-0.08669	2.12616	0.62655	0.17191	0.05825	-0.27954	0.43812	0.99999	-0.00488	-0.00103	0.00488	0.99998	0.00299	0.00102	-0.00300	0.99999		-8.02037	60.31759	873.89833	179.68301	2.61761	-2.60965	0.74155	0.99792	0.04578	0.04537	0.04548	-0.99894	0.00761	0.04567	-0.00553	-0.99894		501.35413	4.07855	39.74790	1.05186	-0.34605	0.72231	0.38954	0.99990	0.01249	0.00627	-0.01261	0.99975	0.01828	-0.00604	-0.01836	0.99981	
82	0.81000	-0.08744	2.12547	0.63595	0.17123	0.06056	-0.27985	0.43704	0.99999	-0.00488	-0.00107	0.00488	0.99998	0.00298	0.00106	-0.00299	0.99999		-8.07619	60.29436	873.89667	179.68137	2.62404	-2.61617	0.74071	0.99791	0.04590	0.04548	0.04560	-0.99893	0.00765	0.04578	-0.00556	-0.99894		501.35764	4.10092	39.76265	1.07381	-0.34634	0.70383	0.38721	0.99991	0.01217	0.00627	-0.01228	0.99975	0.01866	-0.00604	-0.01874	0.99981	
83	0.82000	-0.08615	2.12349	0.64573	0.15959	0.06506	-0.28007	0.44193	0.99999	-0.00488	-0.00115	0.00489	0.99998	0.00278	0.00114	-0.00279	0.99999		-8.17407	60.10337	873.90059	179.70212	2.63111	-2.61263	0.74525	0.99791	0.04582	0.04562	0.04554	-0.99894	0.00729	0.04591	-0.00519	-0.99893		501.34838	4.06597	39.80995	1.05269	-0.33239	0.72998	0.39272	0.99990	0.01263	0.00603	-0.01274	0.99975	0.01830	-0.00580	-0.01837	0.99981	
84	0.83000	-0.08644	2.12804	0.64326	0.15639	0.06448	-0.28122	0.43876	0.99999	-0.00490	-0.00114	0.00491	0.99998	0.00272	0.00113	-0.00273	1.00000		-8.18118	60.02843	873.91985	179.70692	2.64125	-2.61321	0.73908	0.99790	0.04583	0.04580	0.04554	-0.99894	0.00721	0.04608	-0.00511	-0.99892		501.35364	4.06946	39.79988	1.04555	-0.33831	0.73739	0.38792	0.99990	0.01276	0.00614	-0.01287	0.99975	0.01817	-0.00590	-0.01825	0.99982	
85	0.84000	-0.08489	2.12552	0.64595	0.16603	0.06502	-0.28221	0.43759	0.99999	-0.00492	-0.00115	0.00493	0.99998	0.00289	0.00113	-0.00290	0.99999		-8.21585	60.17206	873.87378	179.68921	2.62478	-2.61618	0.73126	0.99791	0.04589	0.04550	0.04560	-0.99893	0.00751	0.04579	-0.00542	-0.99894		501.35500	4.09694	39.78704	1.05221	-0.35449	0.72731	0.39238	0.99990	0.01258	0.00642	-0.01269	0.99975	0.01828	-0.00619	-0.01836	0.99981	
86	0.85000	-0.09153	2.12432	0.65117	0.16074	0.06919	-0.28183	0.43469	0.99999	-0.00492	-0.00122	0.00492	0.99998	0.00280	0.00121	-0.00281	0.99999		-8.26490	60.08788	873.90943	179.69786	2.64533	-2.62859	0.74041	0.99788	0.04610	0.04586	0.04581	-0.99892	0.00738	0.04615	-0.00527	-0.99892		501.35278	4.10281	39.83014	1.06970	-0.35389	0.71909	0.38797	0.99990	0.01243	0.00641	-0.01255	0.99975	0.01859	-0.00618	-0.01867	0.99981	
87	0.86000	-0.09029	2.11269	0.65418	0.15983	0.07012	-0.27657	0.43804	0.99999	-0.00482	-0.00124	0.00483	0.99998	0.00278	0.00122	-0.00279	0.99999		-8.26724	60.07013	873.90513	179.70497	2.64355	-2.61397	0.74334	0.99790	0.04584	0.04584	0.04556	-0.99894	0.00725	0.04612	-0.00514	-0.99892		501.35523	4.07411	39.82637	1.07356	-0.35219	0.70304	0.38847	0.99991	0.01215	0.00638	-0.01227	0.99975	0.01866	-0.00615	-0.01874	0.99981	
88	0.87000	-0.05515	2.16840	0.46542	0.27735	-0.02786	-0.28629	0.46422	0.99999	-0.00500	0.00046	0.00500	0.99998	0.00484	-0.00049	-0.00484	0.99999		-6.82328	61.81657	873.97626	179.58725	2.53782	-2.62626	0.73799	0.99797	0.04614	0.04390	0.04578	-0.99891	0.00923	0.04428	-0.00720	-0.99899		501.38546	4.17833	39.15910	0.96177	-0.25391	0.73066	0.38655	0.99991	0.01268	0.00464	-0.01275	0.99978	0.01673	-0.00443	-0.01679	0.99985	
89	0.88000	-0.08849	2.11077	0.64464	0.15887	0.06412	-0.27743	0.43586	0.99999	-0.00484	-0.00113	0.00484	0.99998	0.00277	0.00112	-0.00277	1.00000		-8.15616	60.06942	873.91320	179.70847	2.63580	-2.61819	0.73923	0.99790	0.04591	0.04571	0.04563	-0.99893	0.00718	0.04599	-0.00508	-0.99893		501.35527	4.06024	39.78449	1.05688	-0.34700	0.73783	0.39317	0.99990	0.01276	0.00629	-0.01288	0.99975	0.01837	-0.00606	-0.01844	0.99981	
90	0.89000	-0.08476	2.11924	0.66074	0.16244	0.07219	-0.27840	0.43646	0.99999	-0.00486	-0.00127	0.00486	0.99998	0.00283	0.00126	-0.00284	0.99999		-8.27041	60.09925	873.88948	179.69124	2.63663	-2.60044	0.74114	0.99791	0.04562	0.04571	0.04532	-0.99894	0.00747	0.04600	-0.00538	-0.99893		501.35527	4.09317	39.83887	1.08113	-0.36164	0.71223	0.39133	0.99990	0.01231	0.00654	-0.01243	0.99975	0.01879	-0.00631	-0.01887	0.99980	
91	0.90000	-0.08538	2.11355	0.65451	0.15723	0.06806	-0.28156	0.43719	0.99999	-0.00491	-0.00120	0.00491	0.99998	0.00274	0.00119	-0.00274	1.00000		-8.20421	60.06805	873.87970	179.70671	2.62275	-2.61363	0.73218	0.99791	0.04583	0.04548	0.04555	-0.99894	0.00720	0.04576	-0.00511	-0.99894		501.34871	4.10214	39.81784	1.06936	-0.34285	0.73392	0.38770	0.99990	0.01270	0.00622	-0.01281	0.99975	0.01858	-0.00598	-0.01866	0.99981	
92	0.91000	-0.08443	2.12114	0.66112	0.16236	0.07307	-0.27837	0.43648	0.99999	-0.00485	-0.00129	0.00486	0.99998	0.00283	0.00128	-0.00283	0.99999		-8.25533	60.13210	873.87558	179.69302	2.62936	-2.60763	0.73905	0.99791	0.04574	0.04558	0.04545	-0.99894	0.00744	0.04587	-0.00535	-0.99893		501.34641	4.07705	39.83974	1.07030	-0.35195	0.72167	0.38880	0.99990	0.01248	0.00638	-0.01259	0.99975	0.01860	-0.00614	-0.01868	0.99981	
93	0.92000	-0.05154	2.15570	0.47615	0.26658	-0.02176	-0.28125	0.46407	0.99999	-0.00491	0.00036	0.00491	0.99998	0.00465	-0.00038	-0.00465	0.99999		-6.85290	61.70902	873.96656	179.59074	2.53690	-2.60270	0.74262	0.99799	0.04572	0.04389	0.04537	-0.99893	0.00915	0.04426	-0.00714	-0.99899		501.37672	4.13855	39.20261	0.96414	-0.24890	0.72900	0.38817	0.99991	0.01265	0.00456	-0.01272	0.99978	0.01677	-0.00434	-0.01683	0.99985	
94	0.93000	-0.08674	2.13429	0.63746	0.18218	0.06170	-0.28210	0.43889	0.99999	-0.00492	-0.00109	0.00492	0.99998	0.00317	0.00108	-0.00318	0.99999		-8.08024	60.43151	873.88977	179.66515	2.63094	-2.59744	0.74319	0.99792	0.04559	0.04559	0.04527	-0.99894	0.00792	0.04590	-0.00584	-0.99893		501.35916	4.10103	39.76741	1.04859	-0.34621	0.73201	0.38983	0.99990	0.01266	0.00627	-0.01278	0.99975	0.01822	-0.00604	-0.01830	0.99981	
