1	0.00000	0.04221	2.00963	0.48860	-0.04002	-0.15316	-0.24502	0.53631	0.99999	-0.00427	0.00268	0.00428	0.99999	-0.00069	-0.00267	0.00070	1.00000		-4.83049	57.15596	874.32787	179.85855	2.37285	-2.27454	0.59451	0.99836	0.03979	0.04127	0.03965	-0.99920	0.00411	0.04140	-0.00247	-0.99914		501.81393	3.90169	37.89052	1.24789	-0.39894	0.51531	0.37096	0.99994	0.00884	0.00716	-0.00899	0.99972	0.02171	-0.00696	-0.02178	0.99974	
2	0.01000	0.03055	1.99044	0.54090	-0.07105	-0.13031	-0.23959	0.52366	0.99999	-0.00418	0.00228	0.00418	0.99999	-0.00123	-0.00227	0.00124	1.00000		-5.20359	56.71704	874.26199	179.90608	2.34657	-2.27952	0.59703	0.99837	0.03984	0.04085	0.03974	-0.99920	0.00327	0.04094	-0.00164	-0.99916		501.81552	3.85225	38.02658	1.28882	-0.43366	0.51708	0.37136	0.99993	0.00885	0.00777	-0.00902	0.99971	0.02242	-0.00757	-0.02249	0.99972	
3	0.02000	0.03156	1.99942	0.51145	-0.05408	-0.14369	-0.24187	0.53148	0.99999	-0.00422	0.00251	0.00422	0.99999	-0.00093	-0.00251	0.00094	1.00000		-5.03195	56.94208	874.28808	179.89006	2.34202	-2.29771	0.59478	0.99836	0.04017	0.04075	0.04006	-0.99919	0.00356	0.04086	-0.00192	-0.99916		501.81968	3.87997	37.94999	1.27431	-0.41184	0.50794	0.37080	0.99993	0.00870	0.00738	-0.00886	0.99971	0.02217	-0.00719	-0.02224	0.99973	
4	0.03000	0.00337	2.12034	0.64326	0.07294	-0.04975	-0.27439	0.56489	0.99999	-0.00479	0.00086	0.00479	0.99999	0.00128	-0.00087	-0.00127	1.00000		-6.36523	58.84813	874.05720	179.81065	2.52378	-2.55009	0.69996	0.99804	0.04464	0.04384	0.04445	-0.99900	0.00526	0.04403	-0.00330	-0.99902		501.73701	4.21763	38.74583	1.19441	-0.22997	0.54095	0.36963	0.99995	0.00936	0.00421	-0.00944	0.99974	0.02081	-0.00401	-0.02084	0.99977	
5	0.04000	0.00043	2.10446	0.67178	0.06609	-0.03592	-0.26862	0.55908	0.99999	-0.00469	0.00062	0.00469	0.99999	0.00116	-0.00063	-0.00115	1.00000		-6.62247	58.72185	874.05333	179.83371	2.55980	-2.54537	0.69887	0.99802	0.04454	0.04449	0.04437	-0.99900	0.00488	0.04466	-0.00290	-0.99900		501.73624	4.20471	38.85835	1.21971	-0.23964	0.51348	0.37056	0.99995	0.00887	0.00437	-0.00896	0.99973	0.02125	-0.00418	-0.02129	0.99976	
6	0.05000	0.22013	2.67641	0.04300	0.76006	-0.95834	-0.47254	0.64951	0.99983	-0.00847	0.01661	0.00825	0.99988	0.01340	-0.01673	-0.01326	0.99977		6.55864	68.65407	874.06187	179.18520	1.59527	-2.61728	0.62672	0.99857	0.04606	0.02716	0.04565	-0.99884	0.01548	0.02784	-0.01422	-0.99951		502.03633	5.73439	31.89640	0.25812	0.73250	0.97334	0.37078	0.99977	0.01704	-0.01271	-0.01699	0.99984	0.00472	0.01278	-0.00450	0.99991	
7	0.06000	-0.09618	2.16862	0.55824	0.28565	-0.03208	-0.29608	0.49435	0.99999	-0.00517	0.00053	0.00517	0.99997	0.00499	-0.00056	-0.00499	0.99999		-6.86569	61.93894	873.80193	179.56589	2.53138	-2.60151	0.72936	0.99799	0.04572	0.04378	0.04534	-0.99893	0.00957	0.04417	-0.00757	-0.99900		501.70276	4.34952	39.13089	0.83272	-0.32848	0.77098	0.45137	0.99989	0.01337	0.00593	-0.01346	0.99980	0.01445	-0.00573	-0.01453	0.99988	
8	0.07000	-0.10836	2.16009	0.54890	0.27148	-0.01845	-0.29388	0.48665	0.99999	-0.00513	0.00030	0.00513	0.99998	0.00474	-0.00032	-0.00474	0.99999		-7.08983	61.72320	873.82975	179.58891	2.55361	-2.61078	0.73500	0.99797	0.04587	0.04418	0.04551	-0.99892	0.00920	0.04455	-0.00717	-0.99898		501.65275	4.42145	39.20439	0.93115	-0.26741	0.63192	0.39516	0.99993	0.01095	0.00485	-0.01103	0.99981	0.01620	-0.00467	-0.01625	0.99986	
9	0.08000	-0.11467	2.16581	0.52145	0.28834	-0.01731	-0.29584	0.47846	0.99999	-0.00516	0.00028	0.00516	0.99997	0.00503	-0.00030	-0.00503	0.99999		-7.09957	61.94820	873.82698	179.55743	2.54864	-2.60627	0.73482	0.99798	0.04581	0.04407	0.04543	-0.99892	0.00974	0.04447	-0.00772	-0.99898		501.65611	4.45494	39.21984	0.93564	-0.28060	0.62118	0.40280	0.99993	0.01076	0.00507	-0.01084	0.99981	0.01628	-0.00490	-0.01633	0.99985	
10	0.09000	-0.11250	2.15634	0.49817	0.28860	-0.02062	-0.29070	0.47352	0.99999	-0.00508	0.00033	0.00507	0.99997	0.00504	-0.00036	-0.00504	0.99999		-7.03119	61.99688	873.83397	179.57802	2.53548	-2.61042	0.73020	0.99798	0.04587	0.04386	0.04550	-0.99892	0.00937	0.04424	-0.00736	-0.99899		501.64647	4.41238	39.21332	0.92907	-0.26302	0.61622	0.39285	0.99993	0.01068	0.00476	-0.01075	0.99981	0.01616	-0.00459	-0.01621	0.99986	
11	0.10000	-0.10613	2.16814	0.48457	0.28313	-0.02143	-0.29605	0.47278	0.99999	-0.00517	0.00035	0.00517	0.99997	0.00494	-0.00037	-0.00494	0.99999		-6.97282	61.89761	873.85865	179.56229	2.53799	-2.61053	0.74017	0.99798	0.04588	0.04389	0.04550	-0.99892	0.00965	0.04428	-0.00763	-0.99899		501.64327	4.45172	39.20068	0.94448	-0.27549	0.60555	0.39845	0.99993	0.01049	0.00498	-0.01057	0.99981	0.01643	-0.00481	-0.01648	0.99985	
12	0.11000	-0.10425	2.17257	0.48594	0.28434	-0.01725	-0.29585	0.47093	0.99999	-0.00516	0.00028	0.00516	0.99997	0.00496	-0.00030	-0.00496	0.99999		-7.00103	61.98036	873.81834	179.58424	2.51820	-2.61865	0.73244	0.99799	0.04601	0.04356	0.04564	-0.99891	0.00926	0.04394	-0.00725	-0.99901		501.63552	4.43911	39.24140	0.94297	-0.25944	0.61759	0.39760	0.99993	0.01070	0.00470	-0.01078	0.99981	0.01641	-0.00453	-0.01646	0.99985	
13	0.12000	-0.09404	2.17146	0.48121	0.28096	-0.01644	-0.29291	0.47095	0.99999	-0.00511	0.00026	0.00511	0.99998	0.00490	-0.00029	-0.00490	0.99999		-6.94618	61.94098	873.85138	179.56578	2.52987	-2.60647	0.74156	0.99799	0.04581	0.04375	0.04543	-0.99892	0.00958	0.04414	-0.00757	-0.99900		501.63558	4.42701	39.24446	0.95170	-0.26897	0.60296	0.39663	0.99993	0.01044	0.00487	-0.01052	0.99981	0.01656	-0.00469	-0.01661	0.99985	
14	0.13000	-0.09539	2.16646	0.45777	0.29061	-0.02192	-0.28895	0.46955	0.99999	-0.00504	0.00036	0.00504	0.99997	0.00507	-0.00038	-0.00507	0.99999		-6.80862	62.13432	873.83845	179.54976	2.51046	-2.60673	0.74367	0.99801	0.04582	0.04340	0.04544	-0.99892	0.00984	0.04380	-0.00785	-0.99901		501.64775	4.39703	39.20254	0.92829	-0.27872	0.59773	0.39640	0.99993	0.01035	0.00503	-0.01043	0.99982	0.01615	-0.00486	-0.01620	0.99986	
15	0.14000	-0.09449	2.16634	0.46230	0.28428	-0.01758	-0.28680	0.46847	0.99999	-0.00501	0.00028	0.00501	0.99998	0.00496	-0.00031	-0.00496	0.99999		-6.84907	62.07782	873.84865	179.54874	2.52004	-2.60518	0.74471	0.99800	0.04580	0.04356	0.04541	-0.99892	0.00987	0.04397	-0.00787	-0.99900		501.64624	4.38640	39.23316	0.93871	-0.28009	0.58918	0.39829	0.99994	0.01020	0.00506	-0.01028	0.99981	0.01633	-0.00489	-0.01638	0.99985	
16	0.15000	-0.10073	2.17502	0.43399	0.28988	-0.02761	-0.29233	0.46822	0.99999	-0.00510	0.00046	0.00510	0.99997	0.00506	-0.00048	-0.00506	0.99999		-6.69026	62.18852	873.85423	179.54596	2.50106	-2.60655	0.74292	0.99801	0.04582	0.04323	0.04543	-0.99892	0.00990	0.04364	-0.00792	-0.99902		501.64228	4.41559	39.18622	0.93106	-0.25703	0.60545	0.39619	0.99993	0.01049	0.00466	-0.01057	0.99981	0.01620	-0.00449	-0.01625	0.99986	
17	0.16000	-0.10463	2.18106	0.45510	0.29293	-0.01676	-0.29303	0.46758	0.99999	-0.00512	0.00027	0.00511	0.99997	0.00511	-0.00029	-0.00511	0.99999		-6.88437	62.24463	873.83009	179.53786	2.50864	-2.60885	0.74023	0.99801	0.04587	0.04336	0.04547	-0.99892	0.01005	0.04377	-0.00806	-0.99901		501.63970	4.42068	39.24652	0.93700	-0.28348	0.60250	0.39932	0.99993	0.01043	0.00512	-0.01052	0.99981	0.01630	-0.00495	-0.01635	0.99985	
18	0.17000	-0.10781	2.18087	0.45004	0.28966	-0.01994	-0.29450	0.46716	0.99999	-0.00514	0.00032	0.00514	0.99997	0.00506	-0.00035	-0.00506	0.99999		-6.87490	62.20194	873.84291	179.53383	2.52231	-2.60199	0.74862	0.99800	0.04575	0.04359	0.04535	-0.99892	0.01013	0.04401	-0.00813	-0.99900		501.63166	4.44699	39.23484	0.95709	-0.25874	0.59822	0.39899	0.99994	0.01036	0.00469	-0.01044	0.99981	0.01666	-0.00452	-0.01670	0.99985	
19	0.18000	-0.13758	2.13395	0.61271	0.17804	0.06622	-0.28602	0.44361	0.99999	-0.00499	-0.00117	0.00499	0.99998	0.00310	0.00116	-0.00311	0.99999		-8.20522	60.53915	873.80150	179.66028	2.62312	-2.59658	0.74294	0.99793	0.04557	0.04545	0.04526	-0.99894	0.00800	0.04577	-0.00592	-0.99893		501.61209	4.33797	39.81277	1.05670	-0.35786	0.58938	0.39544	0.99993	0.01017	0.00643	-0.01029	0.99978	0.01838	-0.00625	-0.01844	0.99981	
20	0.19000	-0.10683	2.19482	0.40850	0.29383	-0.03442	-0.29798	0.46476	0.99999	-0.00520	0.00057	0.00520	0.99997	0.00513	-0.00060	-0.00513	0.99999		-6.79997	62.25197	873.86824	179.54352	2.50871	-2.61731	0.73634	0.99800	0.04601	0.04336	0.04562	-0.99891	0.00996	0.04377	-0.00796	-0.99901		501.65111	4.45033	39.12798	0.92673	-0.25905	0.61018	0.40057	0.99993	0.01057	0.00469	-0.01065	0.99981	0.01612	-0.00452	-0.01617	0.99986	
21	0.20000	-0.13679	2.14143	0.61641	0.18613	0.07029	-0.28822	0.44204	0.99999	-0.00503	-0.00124	0.00503	0.99998	0.00324	0.00123	-0.00325	0.99999		-8.38422	60.60520	873.78295	179.63858	2.63310	-2.60369	0.73700	0.99791	0.04572	0.04561	0.04538	-0.99893	0.00839	0.04594	-0.00630	-0.99892		501.61390	4.35470	39.84111	1.05332	-0.36744	0.59431	0.40050	0.99993	0.01025	0.00660	-0.01037	0.99978	0.01832	-0.00641	-0.01838	0.99981	
22	0.21000	-0.10618	2.18223	0.43442	0.29171	-0.02114	-0.29286	0.46702	0.99999	-0.00511	0.00034	0.00511	0.99997	0.00509	-0.00037	-0.00509	0.99999		-7.04879	62.17204	873.89139	179.54967	2.56615	-2.62178	0.74218	0.99795	0.04609	0.04437	0.04570	-0.99891	0.00990	0.04477	-0.00785	-0.99897		501.64194	4.41890	39.22147	0.94564	-0.27252	0.60014	0.39879	0.99993	0.01039	0.00493	-0.01047	0.99981	0.01645	-0.00476	-0.01650	0.99985	
23	0.22000	-0.10659	2.18162	0.42760	0.29699	-0.02561	-0.29299	0.46733	0.99999	-0.00512	0.00042	0.00511	0.99997	0.00518	-0.00045	-0.00518	0.99999		-6.99426	62.23834	873.88199	179.55821	2.54870	-2.61697	0.73746	0.99797	0.04600	0.04407	0.04561	-0.99891	0.00973	0.04447	-0.00770	-0.99898		501.64413	4.42065	39.18626	0.93186	-0.26694	0.61121	0.39808	0.99993	0.01059	0.00483	-0.01067	0.99981	0.01621	-0.00466	-0.01626	0.99986	
24	0.23000	-0.14495	2.14351	0.60704	0.18073	0.06837	-0.29208	0.44191	0.99999	-0.00509	-0.00121	0.00510	0.99998	0.00315	0.00119	-0.00315	0.99999		-8.34175	60.44842	873.82297	179.66237	2.63867	-2.62204	0.73761	0.99789	0.04602	0.04572	0.04570	-0.99892	0.00799	0.04604	-0.00589	-0.99892		501.61532	4.37583	39.83182	1.05233	-0.36201	0.60328	0.40066	0.99992	0.01041	0.00651	-0.01053	0.99978	0.01830	-0.00632	-0.01837	0.99981	
25	0.24000	-0.14516	2.13885	0.59464	0.19066	0.06551	-0.28861	0.44071	0.99999	-0.00503	-0.00116	0.00504	0.99998	0.00332	0.00114	-0.00333	0.99999		-8.24914	60.56702	873.81785	179.65509	2.62385	-2.61125	0.74849	0.99791	0.04583	0.04546	0.04551	-0.99893	0.00810	0.04578	-0.00601	-0.99893		501.61808	4.34872	39.82139	1.03594	-0.36287	0.59765	0.39718	0.99993	0.01031	0.00652	-0.01043	0.99978	0.01801	-0.00633	-0.01808	0.99982	
26	0.25000	-0.11473	2.17353	0.43475	0.29155	-0.01646	-0.29139	0.46008	0.99999	-0.00509	0.00026	0.00509	0.99997	0.00509	-0.00029	-0.00509	0.99999		-6.98962	62.07943	873.88108	179.56288	2.53425	-2.62643	0.74704	0.99797	0.04616	0.04382	0.04578	-0.99891	0.00965	0.04422	-0.00762	-0.99899		501.64715	4.43327	39.24954	0.95471	-0.29060	0.57453	0.39864	0.99994	0.00994	0.00524	-0.01003	0.99981	0.01661	-0.00507	-0.01666	0.99985	
27	0.26000	-0.10760	2.18573	0.41450	0.29275	-0.02478	-0.29567	0.46324	0.99999	-0.00516	0.00041	0.00516	0.99997	0.00511	-0.00043	-0.00511	0.99999		-6.82198	62.05117	873.89423	179.56073	2.51633	-2.61497	0.74591	0.99800	0.04596	0.04351	0.04558	-0.99891	0.00966	0.04390	-0.00766	-0.99901		501.64196	4.46818	39.20489	0.96695	-0.26678	0.58113	0.39813	0.99994	0.01006	0.00483	-0.01014	0.99981	0.01683	-0.00466	-0.01688	0.99985	
28	0.27000	-0.10479	2.17884	0.41773	0.29918	-0.02454	-0.29142	0.46592	0.99999	-0.00509	0.00040	0.00509	0.99997	0.00522	-0.00043	-0.00522	0.99999		-6.78914	62.16571	873.88687	179.55234	2.51143	-2.61981	0.74127	0.99800	0.04605	0.04341	0.04566	-0.99891	0.00981	0.04382	-0.00781	-0.99901		501.64971	4.40898	39.19443	0.92458	-0.26829	0.60755	0.39407	0.99993	0.01053	0.00485	-0.01060	0.99981	0.01609	-0.00468	-0.01614	0.99986	
29	0.28000	-0.09990	2.18445	0.41538	0.29786	-0.02590	-0.29231	0.46691	0.99999	-0.00510	0.00043	0.00510	0.99997	0.00520	-0.00045	-0.00520	0.99999		-6.74689	62.14316	873.89416	179.56737	2.51501	-2.61045	0.74662	0.99800	0.04587	0.04349	0.04550	-0.99892	0.00954	0.04388	-0.00754	-0.99901		501.65088	4.41991	39.17745	0.93729	-0.27814	0.60504	0.39807	0.99993	0.01048	0.00503	-0.01056	0.99981	0.01631	-0.00485	-0.01636	0.99985	
30	0.29000	-0.10024	2.18490	0.42406	0.29535	-0.02109	-0.29279	0.46335	0.99999	-0.00511	0.00034	0.00511	0.99997	0.00516	-0.00037	-0.00515	0.99999		-6.81847	62.12527	873.87916	179.55800	2.51359	-2.62217	0.74952	0.99799	0.04609	0.04346	0.04571	-0.99891	0.00971	0.04386	-0.00771	-0.99901		501.63930	4.41458	39.22246	0.93519	-0.26551	0.60423	0.39803	0.99993	0.01047	0.00481	-0.01055	0.99981	0.01627	-0.00463	-0.01632	0.99986	
31	0.30000	-0.10118	2.18498	0.43020	0.27859	-0.01691	-0.29475	0.46318	0.99999	-0.00515	0.00027	0.00514	0.99998	0.00486	-0.00030	-0.00486	0.99999		-6.91683	61.90662	873.86795	179.57565	2.50944	-2.62379	0.73095	0.99799	0.04610	0.04340	0.04573	-0.99891	0.00940	0.04378	-0.00740	-0.99901		501.64308	4.43117	39.24125	0.95336	-0.28402	0.59554	0.39986	0.99993	0.01031	0.00513	-0.01039	0.99981	0.01659	-0.00496	-0.01664	0.99985	
32	0.31000	-0.13503	2.14605	0.59515	0.19183	0.06841	-0.29091	0.43805	0.99999	-0.00507	-0.00121	0.00508	0.99998	0.00334	0.00119	-0.00335	0.99999		-8.20030	60.63163	873.80167	179.65297	2.61057	-2.62038	0.74210	0.99792	0.04599	0.04522	0.04567	-0.99892	0.00813	0.04555	-0.00605	-0.99894		501.61028	4.35581	39.83307	1.03247	-0.36464	0.61030	0.39899	0.99992	0.01054	0.00655	-0.01065	0.99978	0.01795	-0.00636	-0.01802	0.99982	
33	0.32000	-0.11090	2.17711	0.42035	0.28912	-0.02190	-0.29268	0.46066	0.99999	-0.00511	0.00036	0.00511	0.99997	0.00505	-0.00038	-0.00505	0.99999		-6.89992	62.11379	873.88948	179.55690	2.53562	-2.61924	0.74695	0.99798	0.04604	0.04384	0.04565	-0.99891	0.00975	0.04424	-0.00773	-0.99899		501.64659	4.40421	39.21397	0.92548	-0.27554	0.61769	0.39627	0.99993	0.01070	0.00498	-0.01078	0.99981	0.01610	-0.00481	-0.01615	0.99986	
34	0.33000	-0.11354	2.18263	0.41158	0.29203	-0.02459	-0.29261	0.45868	0.99999	-0.00511	0.00040	0.00511	0.99997	0.00510	-0.00043	-0.00510	0.99999		-6.91312	62.17347	873.88428	179.55251	2.53146	-2.61357	0.75264	0.99798	0.04594	0.04376	0.04556	-0.99891	0.00982	0.04417	-0.00780	-0.99899		501.61021	4.39838	39.28883	0.96500	-0.19390	0.62790	0.38850	0.99993	0.01090	0.00357	-0.01096	0.99980	0.01680	-0.00338	-0.01684	0.99985	
35	0.34000	-0.14578	2.11874	0.61106	0.17924	0.07627	-0.28393	0.43809	0.99999	-0.00495	-0.00135	0.00496	0.99998	0.00312	0.00133	-0.00313	0.99999		-8.44651	60.51877	873.81224	179.65247	2.64735	-2.60004	0.73940	0.99790	0.04564	0.04586	0.04532	-0.99894	0.00815	0.04619	-0.00606	-0.99891		501.60455	4.31833	39.89026	1.05080	-0.36820	0.59022	0.39961	0.99993	0.01018	0.00661	-0.01030	0.99978	0.01827	-0.00643	-0.01834	0.99981	
36	0.35000	-0.13927	2.13755	0.60306	0.18925	0.07395	-0.28690	0.43657	0.99999	-0.00500	-0.00131	0.00501	0.99998	0.00330	0.00129	-0.00330	0.99999		-8.45523	60.67119	873.80085	179.64505	2.64513	-2.60738	0.74071	0.99790	0.04578	0.04582	0.04544	-0.99893	0.00829	0.04615	-0.00619	-0.99892		501.60518	4.33230	39.87220	1.04037	-0.37186	0.59829	0.39764	0.99992	0.01032	0.00668	-0.01044	0.99978	0.01809	-0.00649	-0.01816	0.99981	
37	0.36000	-0.11099	2.18487	0.42270	0.28853	-0.01831	-0.29497	0.46305	0.99999	-0.00515	0.00029	0.00515	0.99997	0.00504	-0.00032	-0.00504	0.99999		-7.10395	62.17323	873.87028	179.55359	2.55136	-2.62257	0.73835	0.99796	0.04610	0.04411	0.04571	-0.99891	0.00982	0.04451	-0.00778	-0.99898		501.63999	4.45268	39.24979	0.96227	-0.27076	0.57540	0.40105	0.99994	0.00996	0.00489	-0.01004	0.99981	0.01675	-0.00473	-0.01679	0.99985	
38	0.37000	-0.10817	2.18278	0.40659	0.29000	-0.02516	-0.29550	0.45870	0.99999	-0.00516	0.00041	0.00516	0.99997	0.00506	-0.00044	-0.00506	0.99999		-6.96909	62.18351	873.90848	179.54695	2.55844	-2.61842	0.74156	0.99796	0.04604	0.04423	0.04564	-0.99891	0.00994	0.04464	-0.00790	-0.99897		501.65116	4.43873	39.19373	0.94387	-0.27741	0.59206	0.39808	0.99993	0.01025	0.00501	-0.01033	0.99981	0.01642	-0.00484	-0.01647	0.99985	
39	0.38000	-0.14050	2.11739	0.59509	0.18416	0.06982	-0.28146	0.43974	0.99999	-0.00491	-0.00123	0.00491	0.99998	0.00321	0.00122	-0.00321	0.99999		-8.34702	60.63932	873.79484	179.66141	2.62813	-2.60859	0.73432	0.99791	0.04578	0.04554	0.04546	-0.99893	0.00799	0.04585	-0.00590	-0.99893		501.62498	4.31475	39.82659	1.04821	-0.38071	0.57606	0.39786	0.99993	0.00993	0.00683	-0.01005	0.99978	0.01823	-0.00664	-0.01829	0.99981	
40	0.39000	-0.14332	2.13272	0.59689	0.17819	0.07333	-0.28955	0.44009	0.99999	-0.00505	-0.00129	0.00505	0.99998	0.00310	0.00128	-0.00311	0.99999		-8.34833	60.51066	873.81853	179.65945	2.62955	-2.61872	0.74315	0.99790	0.04596	0.04556	0.04564	-0.99893	0.00803	0.04588	-0.00594	-0.99893		501.61410	4.36542	39.87397	1.05926	-0.36868	0.59196	0.39589	0.99993	0.01021	0.00662	-0.01033	0.99978	0.01842	-0.00643	-0.01849	0.99981	
41	0.40000	-0.14389	2.14868	0.57972	0.19043	0.06647	-0.29507	0.43792	0.99999	-0.00515	-0.00118	0.00515	0.99998	0.00332	0.00116	-0.00332	0.99999		-8.19637	60.65243	873.81785	179.63748	2.61279	-2.62253	0.74609	0.99791	0.04604	0.04525	0.04571	-0.99892	0.00841	0.04559	-0.00632	-0.99894		501.61553	4.40937	39.83925	1.05478	-0.35278	0.59182	0.39631	0.99993	0.01021	0.00635	-0.01033	0.99978	0.01834	-0.00616	-0.01841	0.99981	
42	0.41000	-0.14102	2.13939	0.58862	0.17984	0.06792	-0.29152	0.43667	0.99999	-0.00508	-0.00120	0.00509	0.99998	0.00313	0.00119	-0.00314	0.99999		-8.17323	60.49194	873.81983	179.66209	2.60889	-2.62677	0.74951	0.99791	0.04610	0.04520	0.04578	-0.99892	0.00798	0.04552	-0.00589	-0.99895		501.61722	4.36367	39.83429	1.04373	-0.36046	0.59598	0.39482	0.99993	0.01029	0.00648	-0.01040	0.99978	0.01815	-0.00629	-0.01822	0.99981	
43	0.42000	-0.13916	2.12823	0.58266	0.19305	0.06830	-0.28613	0.43590	0.99999	-0.00499	-0.00121	0.00499	0.99998	0.00336	0.00119	-0.00337	0.99999		-8.14598	60.66357	873.81413	179.64836	2.61412	-2.60751	0.75108	0.99793	0.04577	0.04528	0.04545	-0.99893	0.00821	0.04561	-0.00613	-0.99894		501.60952	4.33742	39.84630	1.04071	-0.35596	0.59855	0.39211	0.99993	0.01033	0.00640	-0.01045	0.99978	0.01810	-0.00621	-0.01816	0.99982	
44	0.43000	-0.13498	2.13003	0.60573	0.17994	0.07650	-0.28551	0.43728	0.99999	-0.00498	-0.00135	0.00498	0.99998	0.00313	0.00134	-0.00314	0.99999		-8.28263	60.43158	873.80218	179.66464	2.61617	-2.61326	0.74250	0.99792	0.04586	0.04533	0.04555	-0.99893	0.00793	0.04564	-0.00585	-0.99894		501.60617	4.32652	39.89328	1.05635	-0.36365	0.59577	0.39761	0.99993	0.01028	0.00654	-0.01040	0.99978	0.01837	-0.00635	-0.01844	0.99981	
45	0.44000	-0.10294	2.16677	0.42421	0.28674	-0.01447	-0.29054	0.46232	0.99999	-0.00507	0.00023	0.00507	0.99997	0.00501	-0.00025	-0.00500	0.99999		-6.95605	62.00517	873.89055	179.56676	2.52962	-2.61124	0.73950	0.99799	0.04589	0.04374	0.04551	-0.99892	0.00956	0.04414	-0.00755	-0.99900		501.63482	4.40846	39.27044	0.94836	-0.27767	0.59224	0.39747	0.99993	0.01025	0.00502	-0.01034	0.99981	0.01650	-0.00485	-0.01655	0.99985	
46	0.45000	-0.13304	2.13806	0.58352	0.18606	0.06641	-0.28795	0.44047	0.99999	-0.00502	-0.00117	0.00503	0.99998	0.00324	0.00116	-0.00325	0.99999		-8.17638	60.47785	873.84249	179.66740	2.62477	-2.60976	0.74830	0.99791	0.04580	0.04548	0.04549	-0.99893	0.00788	0.04579	-0.00580	-0.99893		501.61283	4.33849	39.81920	1.04525	-0.36250	0.58793	0.39713	0.99993	0.01014	0.00651	-0.01026	0.99978	0.01818	-0.00633	-0.01824	0.99981	
47	0.46000	-0.13313	2.12956	0.56122	0.19778	0.05992	-0.28687	0.43811	0.99999	-0.00500	-0.00106	0.00501	0.99998	0.00345	0.00105	-0.00345	0.99999		-8.12964	60.66926	873.84131	179.65462	2.60936	-2.62553	0.74495	0.99791	0.04608	0.04520	0.04576	-0.99892	0.00811	0.04553	-0.00602	-0.99894		501.61163	4.34492	39.79001	1.02846	-0.35542	0.58589	0.39773	0.99993	0.01011	0.00639	-0.01023	0.99979	0.01788	-0.00620	-0.01795	0.99982	
48	0.47000	-0.14407	2.12773	0.59143	0.18010	0.06977	-0.28728	0.43691	0.99999	-0.00501	-0.00123	0.00501	0.99998	0.00314	0.00122	-0.00314	0.99999		-8.30768	60.39794	873.83125	179.67882	2.62731	-2.61504	0.73962	0.99791	0.04588	0.04553	0.04558	-0.99893	0.00769	0.04584	-0.00560	-0.99893		501.60059	4.33691	39.84685	1.06159	-0.35698	0.59142	0.39681	0.99993	0.01020	0.00642	-0.01032	0.99978	0.01846	-0.00623	-0.01853	0.99981	
49	0.48000	-0.14361	2.13035	0.58678	0.18040	0.06830	-0.28863	0.43866	0.99999	-0.00503	-0.00121	0.00504	0.99998	0.00314	0.00119	-0.00315	0.99999		-8.32271	60.42832	873.81571	179.68195	2.62071	-2.61858	0.73958	0.99791	0.04594	0.04542	0.04564	-0.99893	0.00763	0.04572	-0.00555	-0.99894		501.60623	4.37545	39.82859	1.08590	-0.37015	0.56343	0.39731	0.99993	0.00971	0.00665	-0.00983	0.99977	0.01889	-0.00646	-0.01895	0.99980	
50	0.49000	-0.14599	2.12460	0.57925	0.18298	0.06803	-0.28604	0.43475	0.99999	-0.00499	-0.00120	0.00499	0.99998	0.00319	0.00119	-0.00319	0.99999		-8.33587	60.49240	873.83157	179.67245	2.63475	-2.61525	0.73094	0.99790	0.04589	0.04566	0.04558	-0.99893	0.00781	0.04597	-0.00571	-0.99893		501.60974	4.33591	39.83671	1.04720	-0.36387	0.58634	0.39903	0.99993	0.01012	0.00654	-0.01023	0.99978	0.01821	-0.00635	-0.01828	0.99981	
51	0.50000	-0.14621	2.12493	0.58918	0.17710	0.07070	-0.28830	0.43488	0.99999	-0.00503	-0.00125	0.00503	0.99998	0.00308	0.00123	-0.00309	0.99999		-8.37512	60.42153	873.84365	179.67586	2.64311	-2.62397	0.74566	0.99789	0.04604	0.04581	0.04573	-0.99892	0.00776	0.04611	-0.00565	-0.99892		501.60679	4.34887	39.85677	1.05739	-0.36129	0.59480	0.39640	0.99993	0.01026	0.00650	-0.01038	0.99978	0.01839	-0.00631	-0.01845	0.99981	
52	0.51000	-0.14099	2.13778	0.58052	0.18771	0.06641	-0.29081	0.43527	0.99999	-0.00507	-0.00118	0.00508	0.99998	0.00327	0.00116	-0.00328	0.99999		-8.30678	60.59300	873.81768	179.65453	2.62957	-2.62486	0.74535	0.99790	0.04607	0.04555	0.04575	-0.99892	0.00812	0.04588	-0.00602	-0.99893		501.61042	4.37984	39.82595	1.05616	-0.36424	0.58504	0.39359	0.99993	0.01009	0.00654	-0.01021	0.99978	0.01837	-0.00636	-0.01843	0.99981	
53	0.52000	-0.14156	2.14502	0.59803	0.17748	0.07382	-0.29180	0.43569	0.99999	-0.00509	-0.00130	0.00509	0.99998	0.00309	0.00129	-0.00310	0.99999		-8.39906	60.47171	873.80263	179.66315	2.62953	-2.63600	0.74359	0.99789	0.04626	0.04556	0.04594	-0.99891	0.00798	0.04588	-0.00587	-0.99893		501.61030	4.37063	39.87104	1.06145	-0.37295	0.58482	0.39628	0.99993	0.01008	0.00670	-0.01021	0.99978	0.01846	-0.00651	-0.01852	0.99981	
54	0.53000	-0.13510	2.15830	0.57329	0.18335	0.06482	-0.29438	0.43825	0.99999	-0.00513	-0.00115	0.00514	0.99998	0.00319	0.00113	-0.00320	0.99999		-8.23069	60.55561	873.83287	179.65321	2.62661	-2.62607	0.74654	0.99790	0.04609	0.04550	0.04577	-0.99892	0.00815	0.04583	-0.00605	-0.99893		501.62017	4.40607	39.80402	1.06893	-0.36729	0.56453	0.39723	0.99993	0.00973	0.00659	-0.00985	0.99978	0.01859	-0.00641	-0.01865	0.99981	
55	0.54000	-0.13809	2.13980	0.58253	0.18261	0.06840	-0.28939	0.43848	0.99999	-0.00505	-0.00121	0.00505	0.99998	0.00318	0.00119	-0.00319	0.99999		-8.23775	60.57222	873.81485	179.65152	2.61988	-2.60938	0.75029	0.99792	0.04580	0.04538	0.04548	-0.99893	0.00816	0.04571	-0.00608	-0.99894		501.61141	4.35247	39.83047	1.05208	-0.36875	0.59187	0.39748	0.99993	0.01021	0.00662	-0.01033	0.99978	0.01829	-0.00644	-0.01836	0.99981	
56	0.55000	-0.14114	2.13760	0.60142	0.17990	0.07646	-0.28938	0.43689	0.99999	-0.00505	-0.00135	0.00505	0.99998	0.00313	0.00133	-0.00314	0.99999		-8.32578	60.54941	873.79156	179.65018	2.62226	-2.60954	0.74631	0.99792	0.04581	0.04542	0.04548	-0.99893	0.00818	0.04575	-0.00610	-0.99893		501.60566	4.35138	39.88648	1.06347	-0.37172	0.58859	0.39923	0.99993	0.01015	0.00668	-0.01027	0.99978	0.01849	-0.00649	-0.01856	0.99981	
57	0.56000	-0.14474	2.13861	0.60140	0.17422	0.07797	-0.29142	0.43692	0.99999	-0.00508	-0.00138	0.00509	0.99998	0.00303	0.00136	-0.00304	0.99999		-8.33136	60.46576	873.78558	179.65649	2.61215	-2.62215	0.74585	0.99792	0.04602	0.04525	0.04570	-0.99892	0.00807	0.04557	-0.00599	-0.99894		501.60896	4.36833	39.89905	1.06324	-0.37163	0.58603	0.39989	0.99993	0.01011	0.00667	-0.01023	0.99978	0.01849	-0.00649	-0.01856	0.99981	
58	0.57000	-0.13792	2.12798	0.58084	0.18026	0.06915	-0.28582	0.43695	0.99999	-0.00498	-0.00122	0.00499	0.99998	0.00314	0.00121	-0.00315	0.99999		-8.20231	60.56163	873.80199	179.66182	2.60158	-2.61605	0.74258	0.99793	0.04591	0.04507	0.04560	-0.99893	0.00797	0.04539	-0.00590	-0.99895		501.61468	4.34789	39.83165	1.06495	-0.36925	0.56546	0.39535	0.99993	0.00975	0.00663	-0.00987	0.99978	0.01852	-0.00644	-0.01859	0.99981	
59	0.58000	-0.13493	2.13217	0.58724	0.18674	0.07106	-0.28561	0.43294	0.99999	-0.00498	-0.00126	0.00498	0.99998	0.00325	0.00124	-0.00326	0.99999		-8.24284	60.63210	873.80989	179.65260	2.62328	-2.61395	0.74998	0.99791	0.04588	0.04544	0.04556	-0.99893	0.00814	0.04577	-0.00606	-0.99893		501.60057	4.32988	39.85239	1.03998	-0.36115	0.58903	0.39690	0.99993	0.01016	0.00649	-0.01028	0.99978	0.01808	-0.00630	-0.01815	0.99982	
60	0.59000	-0.14287	2.13130	0.58644	0.17685	0.07346	-0.28694	0.43782	0.99999	-0.00500	-0.00130	0.00501	0.99998	0.00308	0.00128	-0.00309	0.99999		-8.30291	60.46062	873.81833	179.66644	2.62410	-2.61714	0.74687	0.99791	0.04593	0.04547	0.04561	-0.99893	0.00791	0.04578	-0.00582	-0.99893		501.61488	4.34600	39.87412	1.07047	-0.36700	0.58421	0.39596	0.99993	0.01007	0.00659	-0.01020	0.99977	0.01862	-0.00641	-0.01868	0.99980	
61	0.60000	-0.13856	2.13968	0.59994	0.17166	0.07694	-0.28883	0.43477	0.99999	-0.00504	-0.00136	0.00504	0.99998	0.00299	0.00134	-0.00300	0.99999		-8.40277	60.32317	873.81790	179.66173	2.63033	-2.61355	0.74361	0.99791	0.04587	0.04557	0.04555	-0.99893	0.00799	0.04589	-0.00590	-0.99893		501.60991	4.34364	39.88651	1.06239	-0.37431	0.59181	0.39918	0.99993	0.01021	0.00672	-0.01033	0.99978	0.01847	-0.00653	-0.01854	0.99981	
62	0.61000	-0.13840	2.13799	0.58018	0.17877	0.07028	-0.28966	0.43532	0.99999	-0.00505	-0.00124	0.00506	0.99998	0.00311	0.00123	-0.00312	0.99999		-8.33185	60.41209	873.84056	179.66783	2.63659	-2.61582	0.74177	0.99790	0.04590	0.04569	0.04559	-0.99893	0.00789	0.04600	-0.00579	-0.99892		501.61648	4.34996	39.84318	1.04917	-0.37339	0.59146	0.39487	0.99993	0.01020	0.00670	-0.01032	0.99978	0.01824	-0.00652	-0.01831	0.99981	
63	0.62000	-0.13988	2.13705	0.57894	0.17986	0.06908	-0.28990	0.43714	0.99999	-0.00506	-0.00122	0.00506	0.99998	0.00313	0.00121	-0.00314	0.99999		-8.33974	60.42183	873.82826	179.66930	2.62556	-2.63132	0.74173	0.99790	0.04617	0.04549	0.04586	-0.99892	0.00787	0.04581	-0.00577	-0.99893		501.61272	4.35837	39.84260	1.04887	-0.36556	0.59426	0.39821	0.99993	0.01025	0.00657	-0.01037	0.99978	0.01824	-0.00638	-0.01830	0.99981	
64	0.63000	-0.14067	2.13357	0.57116	0.18013	0.06666	-0.28942	0.43604	0.99999	-0.00505	-0.00118	0.00505	0.99998	0.00314	0.00116	-0.00314	0.99999		-8.30216	60.40393	873.84174	179.67284	2.63209	-2.62657	0.74236	0.99790	0.04609	0.04561	0.04578	-0.99892	0.00781	0.04592	-0.00570	-0.99893		501.60800	4.35710	39.82388	1.04186	-0.35813	0.58581	0.39692	0.99993	0.01011	0.00643	-0.01022	0.99978	0.01812	-0.00625	-0.01818	0.99982	
65	0.64000	-0.11301	2.18958	0.38394	0.28968	-0.02932	-0.29815	0.45949	0.99999	-0.00521	0.00049	0.00520	0.99997	0.00506	-0.00051	-0.00506	0.99999		-6.88665	62.01181	873.94013	179.56506	2.53855	-2.62557	0.74457	0.99797	0.04614	0.04390	0.04576	-0.99891	0.00961	0.04429	-0.00758	-0.99899		501.64906	4.45483	39.16006	0.94378	-0.26907	0.59808	0.39511	0.99993	0.01036	0.00487	-0.01044	0.99981	0.01642	-0.00470	-0.01647	0.99985	
66	0.65000	-0.11661	2.17537	0.38935	0.29644	-0.02772	-0.29334	0.46006	0.99999	-0.00512	0.00046	0.00512	0.99997	0.00518	-0.00048	-0.00517	0.99999		-6.88066	62.13914	873.92315	179.55957	2.54143	-2.62899	0.74538	0.99796	0.04621	0.04394	0.04582	-0.99890	0.00971	0.04434	-0.00768	-0.99899		501.64951	4.42632	39.17376	0.93515	-0.26643	0.59365	0.39703	0.99994	0.01028	0.00482	-0.01036	0.99981	0.01627	-0.00465	-0.01632	0.99986	
67	0.66000	-0.10937	2.19274	0.40389	0.29062	-0.02232	-0.29800	0.45955	0.99999	-0.00520	0.00036	0.00520	0.99997	0.00507	-0.00039	-0.00507	0.99999		-6.95388	62.03239	873.90681	179.56003	2.53790	-2.62476	0.74526	0.99797	0.04613	0.04388	0.04575	-0.99891	0.00970	0.04428	-0.00767	-0.99899		501.65048	4.45816	39.19573	0.94605	-0.28253	0.58620	0.39608	0.99994	0.01015	0.00510	-0.01023	0.99981	0.01646	-0.00493	-0.01651	0.99985	
68	0.67000	-0.13872	2.13550	0.59620	0.17545	0.07517	-0.28903	0.43673	0.99999	-0.00504	-0.00133	0.00504	0.99998	0.00305	0.00131	-0.00306	0.99999		-8.36188	60.35790	873.82953	179.68082	2.63559	-2.62669	0.74251	0.99789	0.04608	0.04568	0.04578	-0.99892	0.00767	0.04598	-0.00556	-0.99893		501.60286	4.34735	39.87936	1.05985	-0.36290	0.59024	0.39863	0.99993	0.01018	0.00652	-0.01030	0.99978	0.01843	-0.00633	-0.01850	0.99981	
69	0.68000	-0.13602	2.15626	0.57568	0.18370	0.06753	-0.29405	0.43658	0.99999	-0.00513	-0.00119	0.00513	0.99998	0.00320	0.00118	-0.00321	0.99999		-8.23060	60.48442	873.82761	179.65309	2.61326	-2.63652	0.74395	0.99790	0.04627	0.04527	0.04595	-0.99891	0.00815	0.04559	-0.00605	-0.99894		501.61629	4.37934	39.80870	1.05026	-0.37642	0.59399	0.39392	0.99992	0.01024	0.00676	-0.01037	0.99978	0.01826	-0.00657	-0.01833	0.99981	
70	0.69000	-0.13517	2.14021	0.59140	0.17154	0.07437	-0.28821	0.43489	0.99999	-0.00503	-0.00131	0.00503	0.99998	0.00299	0.00130	-0.00299	0.99999		-8.30404	60.34129	873.81374	179.67125	2.61831	-2.62565	0.74939	0.99791	0.04607	0.04537	0.04576	-0.99892	0.00782	0.04568	-0.00573	-0.99894		501.60893	4.33452	39.87155	1.05830	-0.37046	0.59468	0.39465	0.99993	0.01026	0.00666	-0.01038	0.99978	0.01840	-0.00647	-0.01847	0.99981	
71	0.70000	-0.13544	2.13491	0.60801	0.17608	0.07994	-0.28677	0.43584	0.99999	-0.00500	-0.00141	0.00501	0.99998	0.00307	0.00140	-0.00307	0.99999		-8.38958	60.46040	873.77217	179.67317	2.61114	-2.62429	0.74010	0.99791	0.04605	0.04525	0.04574	-0.99892	0.00778	0.04556	-0.00570	-0.99895		501.60677	4.32126	39.90257	1.04259	-0.37395	0.59301	0.39260	0.99993	0.01023	0.00671	-0.01035	0.99978	0.01813	-0.00653	-0.01820	0.99981	
72	0.71000	-0.14096	2.13524	0.59818	0.18264	0.07733	-0.28675	0.43743	0.99999	-0.00500	-0.00137	0.00500	0.99998	0.00318	0.00135	-0.00319	0.99999		-8.32963	60.56264	873.80389	179.65742	2.62730	-2.61545	0.74789	0.99791	0.04591	0.04552	0.04558	-0.99893	0.00806	0.04584	-0.00597	-0.99893		501.61244	4.33308	39.88529	1.05009	-0.37549	0.57985	0.39985	0.99993	0.01000	0.00674	-0.01012	0.99978	0.01826	-0.00655	-0.01833	0.99981	
73	0.72000	-0.13947	2.11312	0.59571	0.17206	0.07656	-0.27813	0.43234	0.99999	-0.00485	-0.00135	0.00485	0.99998	0.00300	0.00134	-0.00300	0.99999		-8.32894	60.42694	873.81418	179.65990	2.62540	-2.59907	0.74668	0.99792	0.04562	0.04549	0.04530	-0.99894	0.00801	0.04581	-0.00593	-0.99893		501.61077	4.28356	39.87921	1.07131	-0.38002	0.56102	0.39209	0.99993	0.00967	0.00681	-0.00979	0.99978	0.01863	-0.00663	-0.01870	0.99980	
74	0.73000	-0.14025	2.12716	0.58806	0.17709	0.07349	-0.28522	0.43572	0.99999	-0.00497	-0.00130	0.00498	0.99998	0.00308	0.00128	-0.00309	0.99999		-8.31735	60.50857	873.81301	179.65630	2.62097	-2.61871	0.75083	0.99791	0.04596	0.04541	0.04564	-0.99893	0.00808	0.04573	-0.00599	-0.99894		501.60983	4.35441	39.87086	1.09192	-0.36654	0.55985	0.39653	0.99993	0.00965	0.00658	-0.00977	0.99977	0.01899	-0.00640	-0.01906	0.99980	
75	0.74000	-0.14253	2.14430	0.55447	0.18691	0.06089	-0.28959	0.43761	0.99999	-0.00505	-0.00108	0.00505	0.99998	0.00326	0.00106	-0.00326	0.99999		-8.16166	60.64309	873.84444	179.65924	2.62292	-2.62458	0.74921	0.99790	0.04606	0.04544	0.04574	-0.99892	0.00804	0.04576	-0.00594	-0.99893		501.61998	4.34842	39.78949	1.04372	-0.35439	0.58900	0.39670	0.99993	0.01017	0.00637	-0.01028	0.99978	0.01815	-0.00619	-0.01821	0.99981	
76	0.75000	-0.14036	2.13375	0.58118	0.17337	0.07146	-0.28763	0.43744	0.99999	-0.00502	-0.00126	0.00502	0.99998	0.00302	0.00125	-0.00303	0.99999		-8.35724	60.43784	873.82825	179.66150	2.63329	-2.62703	0.74945	0.99789	0.04610	0.04562	0.04579	-0.99892	0.00801	0.04594	-0.00590	-0.99893		501.61570	4.32701	39.86224	1.05106	-0.36653	0.59685	0.39806	0.99993	0.01030	0.00659	-0.01042	0.99978	0.01828	-0.00640	-0.01834	0.99981	
77	0.76000	-0.14488	2.14789	0.59034	0.17627	0.07393	-0.29357	0.43852	0.99999	-0.00512	-0.00131	0.00512	0.99998	0.00307	0.00129	-0.00308	0.99999		-8.42420	60.44525	873.81640	179.65477	2.64172	-2.62894	0.74492	0.99789	0.04614	0.04576	0.04582	-0.99892	0.00813	0.04609	-0.00602	-0.99892		501.61668	4.38997	39.87161	1.07099	-0.36358	0.57872	0.39537	0.99993	0.00998	0.00653	-0.01010	0.99978	0.01863	-0.00635	-0.01869	0.99981	
78	0.77000	-0.13858	2.14375	0.58697	0.18487	0.07309	-0.29060	0.43521	0.99999	-0.00507	-0.00129	0.00507	0.99998	0.00322	0.00128	-0.00323	0.99999		-8.43286	60.57550	873.79501	179.66200	2.62770	-2.62128	0.73930	0.99790	0.04600	0.04553	0.04569	-0.99892	0.00799	0.04585	-0.00589	-0.99893		501.60504	4.34276	39.85732	1.04087	-0.37060	0.60988	0.39958	0.99992	0.01052	0.00666	-0.01064	0.99978	0.01810	-0.00647	-0.01817	0.99981	
79	0.78000	-0.14490	2.12871	0.57800	0.16943	0.06891	-0.28818	0.43762	0.99999	-0.00503	-0.00122	0.00503	0.99998	0.00295	0.00120	-0.00296	0.99999		-8.34445	60.31951	873.84776	179.66711	2.63732	-2.61353	0.74519	0.99790	0.04587	0.04570	0.04555	-0.99893	0.00790	0.04601	-0.00580	-0.99892		501.61605	4.34456	39.83175	1.06045	-0.36822	0.58608	0.39604	0.99993	0.01011	0.00661	-0.01023	0.99978	0.01844	-0.00643	-0.01851	0.99981	
80	0.79000	-0.14446	2.11981	0.58250	0.17669	0.07245	-0.28563	0.43533	0.99999	-0.00498	-0.00128	0.00499	0.99998	0.00308	0.00126	-0.00308	0.99999		-8.37016	60.43650	873.84127	179.66367	2.64403	-2.62285	0.74279	0.99789	0.04603	0.04581	0.04571	-0.99892	0.00797	0.04613	-0.00586	-0.99892		501.61064	4.34400	39.86370	1.06817	-0.36623	0.57116	0.39831	0.99993	0.00985	0.00658	-0.00997	0.99978	0.01858	-0.00639	-0.01864	0.99981	
81	0.80000	-0.14333	2.12921	0.58338	0.17986	0.07250	-0.28612	0.43489	0.99999	-0.00499	-0.00128	0.00499	0.99998	0.00313	0.00127	-0.00314	0.99999		-8.34983	60.44268	873.81365	179.65756	2.62090	-2.61623	0.74592	0.99791	0.04592	0.04541	0.04560	-0.99893	0.00806	0.04573	-0.00597	-0.99894		501.60536	4.34462	39.86257	1.07859	-0.36407	0.56981	0.39509	0.99993	0.00982	0.00654	-0.00994	0.99977	0.01876	-0.00635	-0.01882	0.99980	
82	0.81000	-0.14232	2.13108	0.59408	0.17345	0.07607	-0.28740	0.43667	0.99999	-0.00501	-0.00134	0.00502	0.99998	0.00302	0.00133	-0.00303	0.99999		-8.37263	60.33360	873.82123	179.67654	2.62949	-2.62102	0.74815	0.99790	0.04599	0.04557	0.04568	-0.99893	0.00774	0.04588	-0.00564	-0.99893		501.60406	4.33609	39.87699	1.06387	-0.37560	0.58417	0.40009	0.99993	0.01007	0.00674	-0.01020	0.99978	0.01850	-0.00656	-0.01857	0.99981	
83	0.82000	-0.14400	2.13474	0.58410	0.17872	0.07233	-0.28881	0.43603	0.99999	-0.00504	-0.00128	0.00504	0.99998	0.00311	0.00126	-0.00312	0.99999		-8.28297	60.39846	873.83371	179.67082	2.62640	-2.61970	0.74532	0.99791	0.04597	0.04551	0.04566	-0.99893	0.00783	0.04582	-0.00574	-0.99893		501.57315	4.32796	39.94912	1.07362	-0.27918	0.61510	0.39329	0.99993	0.01064	0.00507	-0.01074	0.99977	0.01868	-0.00487	-0.01874	0.99981	
84	0.83000	-0.13644	2.13493	0.56796	0.17415	0.06723	-0.28771	0.43605	0.99999	-0.00502	-0.00119	0.00502	0.99998	0.00303	0.00117	-0.00304	0.99999		-8.20401	60.32636	873.84113	179.68384	2.60986	-2.62367	0.74503	0.99792	0.04603	0.04523	0.04573	-0.99893	0.00760	0.04553	-0.00551	-0.99895		501.60847	4.33755	39.82976	1.06175	-0.35982	0.57499	0.39868	0.99993	0.00992	0.00646	-0.01004	0.99978	0.01847	-0.00628	-0.01853	0.99981	
85	0.84000	-0.13584	2.12696	0.58299	0.18118	0.07378	-0.28453	0.43513	0.99999	-0.00496	-0.00130	0.00497	0.99998	0.00316	0.00129	-0.00316	0.99999		-8.29113	60.44410	873.81396	179.66376	2.61259	-2.61670	0.74270	0.99792	0.04592	0.04527	0.04561	-0.99893	0.00794	0.04558	-0.00586	-0.99894		501.60520	4.31050	39.87271	1.03970	-0.36650	0.58931	0.39932	0.99993	0.01017	0.00658	-0.01028	0.99978	0.01808	-0.00640	-0.01814	0.99981	
86	0.85000	-0.13536	2.14571	0.56486	0.19010	0.06567	-0.29224	0.43869	0.99999	-0.00510	-0.00116	0.00510	0.99998	0.00331	0.00115	-0.00332	0.99999		-8.17950	60.57982	873.81636	179.67047	2.60835	-2.61811	0.73929	0.99792	0.04594	0.04520	0.04563	-0.99893	0.00782	0.04551	-0.00575	-0.99895		501.62284	4.38806	39.81268	1.05100	-0.37286	0.57472	0.39741	0.99993	0.00991	0.00669	-0.01003	0.99978	0.01828	-0.00651	-0.01834	0.99981	
87	0.86000	-0.14394	2.13532	0.59948	0.17187	0.08028	-0.28922	0.43303	0.99999	-0.00504	-0.00142	0.00505	0.99998	0.00299	0.00140	-0.00300	0.99999		-8.40577	60.31630	873.79679	179.66699	2.61983	-2.62578	0.74653	0.99791	0.04608	0.04539	0.04576	-0.99892	0.00790	0.04571	-0.00581	-0.99894		501.61238	4.36286	39.90981	1.07155	-0.37583	0.57039	0.39827	0.99993	0.00983	0.00674	-0.00995	0.99978	0.01863	-0.00656	-0.01870	0.99980	
88	0.87000	-0.14245	2.13283	0.59192	0.17328	0.07555	-0.28863	0.43615	0.99999	-0.00503	-0.00133	0.00504	0.99998	0.00302	0.00132	-0.00302	0.99999		-8.35659	60.35475	873.81907	179.67435	2.62348	-2.62002	0.74819	0.99791	0.04597	0.04546	0.04566	-0.99893	0.00777	0.04577	-0.00568	-0.99894		501.61028	4.34784	39.87092	1.05285	-0.37805	0.57421	0.39475	0.99993	0.00990	0.00678	-0.01002	0.99978	0.01831	-0.00660	-0.01837	0.99981	
89	0.88000	-0.14139	2.12475	0.56332	0.18542	0.06621	-0.28569	0.43426	0.99999	-0.00498	-0.00117	0.00499	0.99998	0.00323	0.00116	-0.00324	0.99999		-8.24443	60.56823	873.82580	179.65819	2.61489	-2.62115	0.74805	0.99791	0.04600	0.04530	0.04568	-0.99892	0.00805	0.04562	-0.00596	-0.99894		501.61070	4.34882	39.83095	1.05830	-0.35770	0.56905	0.39304	0.99993	0.00981	0.00642	-0.00993	0.99978	0.01841	-0.00624	-0.01847	0.99981	
90	0.89000	-0.14894	2.12692	0.58388	0.18305	0.07322	-0.28557	0.43415	0.99999	-0.00498	-0.00129	0.00498	0.99998	0.00319	0.00128	-0.00319	0.99999		-8.37935	60.54647	873.81758	179.66138	2.63407	-2.61670	0.74736	0.99790	0.04592	0.04564	0.04561	-0.99893	0.00800	0.04596	-0.00590	-0.99893		501.61500	4.33825	39.86258	1.05407	-0.37338	0.57464	0.39955	0.99993	0.00991	0.00670	-0.01003	0.99978	0.01833	-0.00652	-0.01840	0.99981	
91	0.90000	-0.14555	2.11357	0.57849	0.17021	0.07036	-0.28229	0.43346	0.99999	-0.00492	-0.00124	0.00493	0.99998	0.00296	0.00123	-0.00297	0.99999		-8.35661	60.38473	873.82747	179.66751	2.62618	-2.62208	0.74574	0.99790	0.04601	0.04551	0.04570	-0.99892	0.00789	0.04582	-0.00580	-0.99893		501.60929	4.31719	39.85493	1.08427	-0.36004	0.56441	0.39791	0.99993	0.00973	0.00647	-0.00985	0.99977	0.01886	-0.00628	-0.01892	0.99980	
92	0.91000	-0.14029	2.13716	0.57559	0.18005	0.06914	-0.28728	0.43324	0.99999	-0.00501	-0.00122	0.00501	0.99998	0.00314	0.00121	-0.00314	0.99999		-8.35649	60.50799	873.83554	179.65788	2.64072	-2.61421	0.74733	0.99790	0.04588	0.04575	0.04556	-0.99893	0.00807	0.04607	-0.00596	-0.99892		501.61605	4.33974	39.83100	1.06002	-0.37958	0.57741	0.39485	0.99993	0.00995	0.00681	-0.01008	0.99978	0.01843	-0.00662	-0.01850	0.99981	
93	0.92000	-0.14480	2.13361	0.58020	0.18158	0.07218	-0.28615	0.43423	0.99999	-0.00499	-0.00128	0.00499	0.99998	0.00316	0.00126	-0.00317	0.99999		-8.39522	60.54220	873.84105	179.65628	2.65048	-2.60774	0.74767	0.99790	0.04577	0.04592	0.04545	-0.99893	0.00810	0.04624	-0.00599	-0.99891		501.62076	4.33991	39.84587	1.06659	-0.38861	0.57555	0.39926	0.99993	0.00992	0.00697	-0.01004	0.99978	0.01855	-0.00678	-0.01861	0.99980	
94	0.93000	-0.13911	2.13826	0.56597	0.18229	0.06772	-0.28834	0.43344	0.99999	-0.00503	-0.00120	0.00503	0.99998	0.00317	0.00118	-0.00318	0.99999		-8.32339	60.55031	873.83584	179.65395	2.63406	-2.61781	0.74656	0.99790	0.04595	0.04563	0.04563	-0.99893	0.00813	0.04596	-0.00603	-0.99893		501.61548	4.35551	39.83027	1.07269	-0.37643	0.57871	0.39487	0.99993	0.00998	0.00676	-0.01010	0.99977	0.01865	-0.00657	-0.01872	0.99980	
