1	0.00000	0.04282	1.96794	0.54349	-0.06814	-0.14741	-0.22896	0.53160	0.99999	-0.00399	0.00258	0.00400	0.99999	-0.00118	-0.00257	0.00119	1.00000		-5.23548	56.70764	874.39591	179.87651	2.43802	-2.26876	0.60432	0.99831	0.03968	0.04242	0.03955	-0.99921	0.00384	0.04254	-0.00215	-0.99909		501.66807	3.56532	37.89405	1.28473	-0.42394	0.42087	0.36503	0.99995	0.00718	0.00756	-0.00735	0.99972	0.02237	-0.00740	-0.02242	0.99972	
2	0.01000	0.04912	1.97898	0.52602	-0.06111	-0.15517	-0.22940	0.53238	0.99999	-0.00400	0.00271	0.00400	0.99999	-0.00106	-0.00271	0.00107	1.00000		-5.13538	56.81832	874.39885	179.87025	2.42070	-2.27081	0.60014	0.99832	0.03972	0.04211	0.03959	-0.99921	0.00394	0.04224	-0.00226	-0.99911		501.65162	3.54179	37.89102	1.24623	-0.43227	0.56504	0.38135	0.99992	0.00970	0.00776	-0.00986	0.99972	0.02167	-0.00754	-0.02175	0.99973	
3	0.02000	0.05728	1.97488	0.50107	-0.05195	-0.16740	-0.22843	0.53489	0.99999	-0.00398	0.00293	0.00399	0.99999	-0.00090	-0.00292	0.00091	0.99999		-4.92993	56.96476	874.40607	179.86533	2.41048	-2.27347	0.59211	0.99833	0.03977	0.04193	0.03963	-0.99921	0.00402	0.04206	-0.00235	-0.99911		501.67286	3.56144	37.76327	1.27258	-0.41629	0.44255	0.36636	0.99994	0.00756	0.00744	-0.00772	0.99972	0.02215	-0.00727	-0.02221	0.99973	
4	0.03000	0.01203	2.10743	0.66824	0.06385	-0.05625	-0.26798	0.56744	0.99999	-0.00468	0.00098	0.00468	0.99999	0.00112	-0.00098	-0.00111	1.00000		-6.45837	58.76534	874.08741	179.79897	2.54405	-2.54214	0.69067	0.99803	0.04451	0.04419	0.04431	-0.99900	0.00547	0.04439	-0.00351	-0.99901		501.58903	3.97039	38.67780	1.22417	-0.23371	0.44775	0.37121	0.99996	0.00773	0.00424	-0.00781	0.99974	0.02133	-0.00408	-0.02136	0.99976	
5	0.04000	0.00935	2.10634	0.65441	0.06730	-0.06299	-0.26779	0.56742	0.99999	-0.00467	0.00109	0.00467	0.99999	0.00118	-0.00110	-0.00117	1.00000		-6.30213	58.81883	874.10152	179.80388	2.53347	-2.54767	0.69573	0.99804	0.04460	0.04401	0.04441	-0.99900	0.00538	0.04420	-0.00342	-0.99902		501.59436	3.94804	38.63856	1.20199	-0.22119	0.47400	0.36708	0.99996	0.00819	0.00403	-0.00827	0.99975	0.02094	-0.00386	-0.02098	0.99977	
6	0.05000	0.24868	2.57456	0.43113	0.63215	-0.84986	-0.46010	0.66253	0.99986	-0.00819	0.01474	0.00803	0.99991	0.01115	-0.01483	-0.01103	0.99983		4.96430	66.87054	873.87788	179.28329	1.69235	-2.60597	0.62074	0.99853	0.04583	0.02893	0.04545	-0.99887	0.01384	0.02953	-0.01250	-0.99949		501.86630	5.20299	32.44532	0.21209	0.54706	1.19364	0.31860	0.99974	0.02087	-0.00947	-0.02083	0.99978	0.00390	0.00955	-0.00370	0.99995	
7	0.06000	-0.10144	2.18217	0.61659	0.27136	-0.03527	-0.29701	0.49954	0.99999	-0.00519	0.00059	0.00518	0.99998	0.00474	-0.00062	-0.00474	0.99999		-6.66371	61.81834	873.79055	179.55533	2.50296	-2.59624	0.71933	0.99802	0.04563	0.04327	0.04525	-0.99893	0.00973	0.04367	-0.00775	-0.99902		501.54574	4.10763	39.06611	0.88895	-0.31373	0.72002	0.45178	0.99991	0.01248	0.00567	-0.01257	0.99980	0.01544	-0.00548	-0.01551	0.99986	
8	0.07000	-0.10835	2.16349	0.61446	0.26370	-0.01873	-0.28964	0.49101	0.99999	-0.00506	0.00030	0.00506	0.99998	0.00460	-0.00033	-0.00460	0.99999		-6.89152	61.69067	873.79457	179.56136	2.51620	-2.58656	0.72597	0.99802	0.04546	0.04351	0.04509	-0.99894	0.00963	0.04390	-0.00765	-0.99901		501.51062	4.14121	39.17882	0.94162	-0.26154	0.57702	0.39957	0.99994	0.00999	0.00473	-0.01007	0.99981	0.01639	-0.00456	-0.01643	0.99985	
9	0.08000	-0.10142	2.18095	0.57257	0.28480	-0.02464	-0.29227	0.48880	0.99999	-0.00510	0.00041	0.00510	0.99997	0.00497	-0.00043	-0.00497	0.99999		-6.81462	61.98868	873.82431	179.55342	2.51651	-2.60191	0.73098	0.99801	0.04574	0.04351	0.04535	-0.99892	0.00978	0.04391	-0.00779	-0.99901		501.50659	4.18597	39.15605	0.93436	-0.25325	0.55051	0.39610	0.99994	0.00953	0.00458	-0.00961	0.99982	0.01626	-0.00442	-0.01631	0.99986	
10	0.09000	-0.09851	2.17061	0.55289	0.27338	-0.02737	-0.28869	0.48350	0.99999	-0.00504	0.00045	0.00504	0.99998	0.00477	-0.00048	-0.00477	0.99999		-6.78362	61.80043	873.85500	179.56790	2.51779	-2.58747	0.73041	0.99802	0.04547	0.04354	0.04510	-0.99894	0.00952	0.04393	-0.00753	-0.99901		501.50498	4.14436	39.14296	0.94356	-0.25080	0.55796	0.39684	0.99994	0.00966	0.00454	-0.00974	0.99982	0.01642	-0.00438	-0.01647	0.99985	
11	0.10000	-0.10001	2.17521	0.51882	0.28747	-0.03540	-0.28815	0.48284	0.99999	-0.00503	0.00059	0.00503	0.99997	0.00502	-0.00062	-0.00502	0.99999		-6.69992	61.99682	873.86467	179.56157	2.51507	-2.58651	0.71881	0.99802	0.04546	0.04349	0.04508	-0.99894	0.00962	0.04388	-0.00764	-0.99901		501.50919	4.14848	39.09464	0.92695	-0.24276	0.54293	0.39460	0.99995	0.00941	0.00439	-0.00948	0.99982	0.01614	-0.00424	-0.01618	0.99986	
12	0.11000	-0.10435	2.18014	0.52670	0.28368	-0.02966	-0.29212	0.47731	0.99999	-0.00510	0.00049	0.00510	0.99997	0.00495	-0.00052	-0.00495	0.99999		-6.82678	61.92068	873.87816	179.55812	2.52760	-2.60000	0.73039	0.99800	0.04570	0.04370	0.04532	-0.99893	0.00970	0.04410	-0.00770	-0.99900		501.44994	4.13028	39.16202	0.90699	-0.19430	0.61676	0.38541	0.99994	0.01071	0.00356	-0.01076	0.99982	0.01579	-0.00339	-0.01583	0.99987	
13	0.12000	-0.11058	2.17959	0.51039	0.28430	-0.03298	-0.29251	0.47778	0.99999	-0.00511	0.00055	0.00511	0.99997	0.00496	-0.00058	-0.00496	0.99999		-6.81714	61.96565	873.87384	179.56967	2.51780	-2.60889	0.72281	0.99800	0.04585	0.04354	0.04547	-0.99892	0.00950	0.04393	-0.00750	-0.99901		501.50760	4.17979	39.10563	0.93056	-0.25751	0.53913	0.39526	0.99995	0.00934	0.00465	-0.00941	0.99982	0.01620	-0.00449	-0.01624	0.99986	
14	0.13000	-0.11997	2.17582	0.52441	0.27756	-0.02392	-0.29250	0.47619	0.99999	-0.00511	0.00039	0.00511	0.99998	0.00485	-0.00042	-0.00484	0.99999		-6.96762	61.83762	873.89041	179.55962	2.54985	-2.59428	0.72898	0.99799	0.04560	0.04409	0.04522	-0.99893	0.00969	0.04449	-0.00768	-0.99898		501.50365	4.16722	39.17504	0.94397	-0.26616	0.55266	0.40270	0.99994	0.00957	0.00480	-0.00965	0.99982	0.01643	-0.00465	-0.01647	0.99985	
15	0.14000	-0.12017	2.17964	0.51255	0.28434	-0.02606	-0.29106	0.47316	0.99999	-0.00508	0.00043	0.00508	0.99997	0.00496	-0.00045	-0.00496	0.99999		-6.95083	61.96091	873.89976	179.55168	2.55229	-2.59614	0.73294	0.99798	0.04564	0.04413	0.04525	-0.99893	0.00983	0.04453	-0.00782	-0.99898		501.50167	4.15271	39.17127	0.92547	-0.24815	0.54874	0.39770	0.99994	0.00951	0.00448	-0.00958	0.99982	0.01611	-0.00433	-0.01615	0.99986	
16	0.15000	-0.11718	2.16708	0.51456	0.27581	-0.02364	-0.28712	0.47592	0.99999	-0.00501	0.00039	0.00501	0.99998	0.00482	-0.00041	-0.00481	0.99999		-7.00056	61.88461	873.88463	179.56226	2.53893	-2.60545	0.73656	0.99799	0.04579	0.04390	0.04541	-0.99892	0.00965	0.04430	-0.00763	-0.99899		501.50006	4.11916	39.18363	0.93101	-0.25312	0.54971	0.39719	0.99994	0.00952	0.00457	-0.00959	0.99982	0.01621	-0.00442	-0.01625	0.99986	
17	0.16000	-0.11204	2.17932	0.49976	0.28188	-0.03069	-0.29059	0.47905	0.99999	-0.00507	0.00051	0.00507	0.99998	0.00492	-0.00054	-0.00492	0.99999		-6.88312	61.98299	873.89860	179.55179	2.53677	-2.60189	0.73202	0.99799	0.04574	0.04386	0.04535	-0.99892	0.00982	0.04426	-0.00782	-0.99899		501.49485	4.14720	39.13645	0.94305	-0.24900	0.55491	0.39653	0.99994	0.00961	0.00450	-0.00968	0.99982	0.01642	-0.00435	-0.01646	0.99986	
18	0.17000	-0.11224	2.18110	0.51616	0.28432	-0.02007	-0.29073	0.47421	0.99999	-0.00508	0.00033	0.00507	0.99997	0.00496	-0.00035	-0.00496	0.99999		-7.02023	62.04548	873.87234	179.55153	2.54968	-2.59615	0.73060	0.99798	0.04564	0.04408	0.04525	-0.99893	0.00983	0.04449	-0.00782	-0.99898		501.49348	4.15746	39.21472	0.93898	-0.25247	0.54291	0.39516	0.99995	0.00940	0.00456	-0.00948	0.99982	0.01635	-0.00441	-0.01639	0.99986	
19	0.18000	-0.10668	2.18670	0.50270	0.28837	-0.02493	-0.29251	0.47122	0.99999	-0.00511	0.00041	0.00511	0.99997	0.00503	-0.00044	-0.00503	0.99999		-6.91838	62.12796	873.88145	179.54253	2.54217	-2.61631	0.73351	0.99797	0.04600	0.04394	0.04560	-0.99891	0.01000	0.04435	-0.00798	-0.99898		501.43839	4.13400	39.20430	0.89826	-0.19794	0.61331	0.38329	0.99994	0.01065	0.00362	-0.01070	0.99982	0.01564	-0.00345	-0.01568	0.99987	
20	0.19000	-0.10542	2.18761	0.51200	0.28485	-0.02180	-0.29463	0.47565	0.99999	-0.00514	0.00036	0.00514	0.99997	0.00497	-0.00038	-0.00497	0.99999		-6.92730	62.09602	873.87522	179.55338	2.54001	-2.61092	0.73364	0.99798	0.04590	0.04391	0.04551	-0.99892	0.00981	0.04432	-0.00779	-0.99899		501.49545	4.16527	39.18984	0.90533	-0.26807	0.55823	0.39358	0.99994	0.00967	0.00483	-0.00974	0.99983	0.01575	-0.00468	-0.01580	0.99986	
21	0.20000	-0.10838	2.19309	0.48550	0.28642	-0.03099	-0.29363	0.47136	0.99999	-0.00513	0.00052	0.00512	0.99997	0.00500	-0.00054	-0.00500	0.99999		-6.75077	62.12412	873.88372	179.54391	2.51841	-2.61203	0.73413	0.99800	0.04592	0.04353	0.04553	-0.99891	0.00995	0.04394	-0.00795	-0.99900		501.49646	4.16214	39.14627	0.92946	-0.24430	0.55133	0.39457	0.99994	0.00955	0.00442	-0.00962	0.99982	0.01618	-0.00426	-0.01622	0.99986	
22	0.21000	-0.10667	2.18603	0.48223	0.28607	-0.03291	-0.29305	0.47438	0.99999	-0.00512	0.00055	0.00511	0.99997	0.00499	-0.00057	-0.00499	0.99999		-6.70402	62.12602	873.89081	179.54564	2.51628	-2.61435	0.73098	0.99800	0.04596	0.04349	0.04557	-0.99891	0.00992	0.04390	-0.00792	-0.99900		501.50054	4.16997	39.12188	0.93315	-0.25980	0.53922	0.39748	0.99995	0.00934	0.00469	-0.00941	0.99982	0.01624	-0.00453	-0.01629	0.99986	
23	0.22000	-0.11005	2.18518	0.50177	0.27665	-0.02190	-0.29335	0.47325	0.99999	-0.00512	0.00036	0.00512	0.99998	0.00483	-0.00038	-0.00483	0.99999		-6.87193	61.97816	873.87178	179.55234	2.52222	-2.61763	0.73783	0.99799	0.04601	0.04360	0.04563	-0.99891	0.00981	0.04401	-0.00781	-0.99900		501.48374	4.15289	39.21169	0.94287	-0.25137	0.55907	0.39647	0.99994	0.00968	0.00455	-0.00976	0.99982	0.01641	-0.00439	-0.01646	0.99985	
24	0.23000	-0.10691	2.18618	0.47938	0.29247	-0.03266	-0.28932	0.47257	0.99999	-0.00505	0.00054	0.00505	0.99997	0.00511	-0.00057	-0.00510	0.99999		-6.72400	62.18528	873.89861	179.53851	2.52225	-2.60292	0.73491	0.99800	0.04577	0.04359	0.04537	-0.99892	0.01004	0.04401	-0.00805	-0.99900		501.50467	4.15824	39.11960	0.93090	-0.26429	0.51432	0.39527	0.99995	0.00890	0.00476	-0.00898	0.99983	0.01620	-0.00461	-0.01625	0.99986	
25	0.24000	-0.10616	2.18835	0.48654	0.29104	-0.02696	-0.29126	0.46824	0.99999	-0.00509	0.00045	0.00508	0.99997	0.00508	-0.00047	-0.00508	0.99999		-6.84226	62.13988	873.89283	179.54854	2.53216	-2.60738	0.73348	0.99799	0.04584	0.04377	0.04545	-0.99892	0.00988	0.04418	-0.00787	-0.99899		501.50013	4.17238	39.15998	0.93970	-0.26777	0.52382	0.39672	0.99995	0.00906	0.00482	-0.00914	0.99982	0.01636	-0.00467	-0.01640	0.99985	
26	0.25000	-0.10441	2.18177	0.47511	0.28354	-0.03202	-0.29079	0.46984	0.99999	-0.00508	0.00053	0.00508	0.99997	0.00495	-0.00056	-0.00495	0.99999		-6.80688	62.00779	873.91606	179.55083	2.52773	-2.61027	0.73495	0.99799	0.04589	0.04370	0.04550	-0.99892	0.00984	0.04410	-0.00783	-0.99900		501.50181	4.17516	39.13399	0.94951	-0.25922	0.52060	0.39369	0.99995	0.00901	0.00467	-0.00909	0.99982	0.01653	-0.00452	-0.01657	0.99985	
27	0.26000	-0.10733	2.19358	0.47846	0.28828	-0.02973	-0.29514	0.47004	0.99999	-0.00515	0.00049	0.00515	0.99997	0.00503	-0.00052	-0.00503	0.99999		-6.88015	62.03520	873.89900	179.55376	2.53012	-2.60856	0.73191	0.99799	0.04585	0.04374	0.04547	-0.99892	0.00979	0.04414	-0.00778	-0.99899		501.50059	4.20170	39.15191	0.93846	-0.26112	0.52216	0.39753	0.99995	0.00904	0.00471	-0.00911	0.99983	0.01634	-0.00456	-0.01638	0.99986	
28	0.27000	-0.10761	2.17936	0.49384	0.27743	-0.02120	-0.28860	0.47092	0.99999	-0.00504	0.00035	0.00504	0.99998	0.00484	-0.00037	-0.00484	0.99999		-7.01699	61.86781	873.92046	179.56523	2.55723	-2.61116	0.72887	0.99797	0.04589	0.04422	0.04551	-0.99892	0.00961	0.04462	-0.00758	-0.99898		501.49447	4.13441	39.21776	0.95485	-0.26259	0.53704	0.39479	0.99995	0.00930	0.00474	-0.00937	0.99982	0.01662	-0.00458	-0.01666	0.99985	
29	0.28000	-0.11561	2.18707	0.49882	0.28758	-0.01838	-0.28993	0.47167	0.99999	-0.00506	0.00030	0.00506	0.99997	0.00502	-0.00032	-0.00502	0.99999		-7.07008	62.00354	873.89063	179.56071	2.54835	-2.61574	0.73312	0.99797	0.04598	0.04406	0.04559	-0.99891	0.00969	0.04446	-0.00766	-0.99898		501.49218	4.15212	39.22461	0.93434	-0.27054	0.52777	0.39224	0.99995	0.00913	0.00487	-0.00921	0.99983	0.01626	-0.00472	-0.01631	0.99986	
30	0.29000	-0.12084	2.19632	0.49650	0.28805	-0.01841	-0.29540	0.46590	0.99999	-0.00516	0.00030	0.00516	0.99997	0.00503	-0.00032	-0.00503	0.99999		-7.07075	61.97858	873.88780	179.56201	2.54336	-2.61140	0.73215	0.99798	0.04590	0.04398	0.04552	-0.99892	0.00966	0.04438	-0.00764	-0.99899		501.48915	4.16731	39.23728	0.91733	-0.26217	0.55047	0.39438	0.99994	0.00953	0.00473	-0.00961	0.99983	0.01597	-0.00458	-0.01601	0.99986	
31	0.30000	-0.11805	2.18428	0.48353	0.29071	-0.02577	-0.29114	0.47113	0.99999	-0.00508	0.00042	0.00508	0.99997	0.00508	-0.00045	-0.00507	0.99999		-6.93472	62.04403	873.90366	179.55089	2.54169	-2.61264	0.72830	0.99798	0.04593	0.04394	0.04554	-0.99891	0.00985	0.04435	-0.00783	-0.99899		501.56402	3.79621	39.16049	0.62044	-0.32702	1.00210	0.29676	0.99983	0.01743	0.00590	-0.01749	0.99979	0.01073	-0.00571	-0.01083	0.99993	
32	0.31000	-0.11724	2.18159	0.48818	0.28165	-0.01916	-0.29212	0.46568	0.99999	-0.00510	0.00031	0.00510	0.99998	0.00492	-0.00033	-0.00492	0.99999		-7.02347	61.88781	873.88445	179.55009	2.53836	-2.61442	0.72881	0.99798	0.04596	0.04388	0.04557	-0.99891	0.00986	0.04429	-0.00784	-0.99899		501.50327	4.17410	39.22896	0.94595	-0.27443	0.53977	0.39444	0.99994	0.00934	0.00494	-0.00942	0.99982	0.01646	-0.00479	-0.01651	0.99985	
33	0.32000	-0.10750	2.17361	0.49350	0.27806	-0.02112	-0.28634	0.46909	0.99999	-0.00500	0.00034	0.00500	0.99998	0.00485	-0.00037	-0.00485	0.99999		-6.95816	61.88294	873.89041	179.57053	2.53408	-2.60236	0.73217	0.99799	0.04573	0.04383	0.04536	-0.99893	0.00950	0.04421	-0.00749	-0.99899		501.49318	4.11084	39.21544	0.93855	-0.25986	0.54765	0.39687	0.99994	0.00948	0.00469	-0.00956	0.99982	0.01634	-0.00454	-0.01638	0.99986	
34	0.33000	-0.10416	2.17658	0.46721	0.28624	-0.03142	-0.28636	0.47189	0.99999	-0.00500	0.00052	0.00500	0.99998	0.00500	-0.00055	-0.00500	0.99999		-6.77698	62.03955	873.91022	179.55597	2.52149	-2.60852	0.73147	0.99800	0.04585	0.04359	0.04547	-0.99892	0.00974	0.04399	-0.00774	-0.99900		501.50403	4.11746	39.13965	0.93150	-0.25580	0.54409	0.39535	0.99994	0.00942	0.00462	-0.00950	0.99982	0.01621	-0.00446	-0.01626	0.99986	
35	0.34000	-0.10786	2.17903	0.49621	0.27836	-0.01703	-0.28867	0.46795	0.99999	-0.00504	0.00027	0.00504	0.99998	0.00486	-0.00030	-0.00486	0.99999		-6.96785	61.93591	873.88261	179.55948	2.52901	-2.60594	0.73053	0.99799	0.04580	0.04373	0.04542	-0.99892	0.00969	0.04413	-0.00768	-0.99900		501.49848	4.13587	39.24475	0.94148	-0.26601	0.54074	0.39271	0.99994	0.00936	0.00480	-0.00944	0.99982	0.01639	-0.00464	-0.01643	0.99985	
36	0.35000	-0.11283	2.18849	0.50159	0.28127	-0.01571	-0.29301	0.46777	0.99999	-0.00511	0.00025	0.00511	0.99997	0.00491	-0.00027	-0.00491	0.99999		-6.98246	61.99848	873.86845	179.55428	2.52824	-2.62017	0.73764	0.99798	0.04606	0.04371	0.04567	-0.99891	0.00979	0.04411	-0.00777	-0.99900		501.50159	4.17377	39.24800	0.93661	-0.26914	0.53920	0.39030	0.99994	0.00933	0.00485	-0.00941	0.99982	0.01630	-0.00470	-0.01635	0.99986	
37	0.36000	-0.11330	2.19092	0.46116	0.29688	-0.03147	-0.29218	0.47167	0.99999	-0.00510	0.00052	0.00510	0.99997	0.00518	-0.00055	-0.00518	0.99999		-6.74568	62.24935	873.90136	179.53732	2.51332	-2.60970	0.73355	0.99800	0.04588	0.04344	0.04549	-0.99891	0.01006	0.04385	-0.00807	-0.99901		501.51531	4.18850	39.13769	0.93093	-0.26463	0.51971	0.39426	0.99995	0.00899	0.00477	-0.00907	0.99983	0.01620	-0.00462	-0.01625	0.99986	
38	0.37000	-0.11559	2.19348	0.46671	0.28906	-0.02908	-0.29484	0.47010	0.99999	-0.00515	0.00048	0.00515	0.99997	0.00505	-0.00051	-0.00504	0.99999		-6.79384	62.14281	873.89183	179.54507	2.51649	-2.61568	0.72837	0.99799	0.04598	0.04350	0.04559	-0.99891	0.00994	0.04391	-0.00793	-0.99900		501.50408	4.17489	39.15490	0.91715	-0.25528	0.55677	0.39402	0.99994	0.00964	0.00461	-0.00972	0.99983	0.01596	-0.00446	-0.01601	0.99986	
39	0.38000	-0.11478	2.16549	0.46587	0.29018	-0.02945	-0.28450	0.47388	0.99999	-0.00497	0.00049	0.00497	0.99997	0.00507	-0.00051	-0.00506	0.99999		-6.80087	62.18261	873.91353	179.53723	2.53727	-2.59825	0.73894	0.99799	0.04569	0.04386	0.04529	-0.99892	0.01008	0.04427	-0.00807	-0.99899		501.57313	3.75880	39.12576	0.61448	-0.33343	0.99155	0.29553	0.99983	0.01724	0.00600	-0.01730	0.99979	0.01062	-0.00582	-0.01072	0.99993	
40	0.39000	-0.11864	2.17202	0.47741	0.29503	-0.02318	-0.28701	0.46941	0.99999	-0.00501	0.00038	0.00501	0.99997	0.00515	-0.00040	-0.00515	0.99999		-6.93948	62.24966	873.88825	179.53784	2.54274	-2.59517	0.73167	0.99799	0.04563	0.04395	0.04523	-0.99893	0.01007	0.04436	-0.00806	-0.99898		501.50319	4.13735	39.19398	0.92892	-0.25835	0.54971	0.39255	0.99994	0.00952	0.00466	-0.00959	0.99982	0.01617	-0.00451	-0.01621	0.99986	
41	0.40000	-0.11168	2.19603	0.45521	0.28951	-0.03543	-0.29441	0.47304	0.99999	-0.00514	0.00059	0.00514	0.99997	0.00506	-0.00062	-0.00505	0.99999		-6.79585	62.13001	873.92804	179.53419	2.54255	-2.60708	0.73281	0.99798	0.04585	0.04394	0.04544	-0.99892	0.01014	0.04436	-0.00812	-0.99898		501.56959	3.81473	39.09734	0.62419	-0.30813	1.01555	0.29540	0.99983	0.01766	0.00557	-0.01772	0.99978	0.01080	-0.00538	-0.01089	0.99993	
42	0.41000	-0.11113	2.17925	0.47462	0.28456	-0.02517	-0.28885	0.46934	0.99999	-0.00504	0.00041	0.00504	0.99998	0.00497	-0.00044	-0.00497	0.99999		-6.96794	62.07171	873.90853	179.55424	2.55086	-2.60838	0.72847	0.99797	0.04585	0.04410	0.04546	-0.99892	0.00980	0.04451	-0.00777	-0.99898		501.50173	4.14741	39.18084	0.94676	-0.26258	0.54229	0.39053	0.99994	0.00939	0.00474	-0.00946	0.99982	0.01648	-0.00458	-0.01652	0.99985	
43	0.42000	-0.11752	2.17520	0.48385	0.27480	-0.02123	-0.28745	0.46515	0.99999	-0.00502	0.00035	0.00502	0.99998	0.00480	-0.00037	-0.00480	0.99999		-7.04025	61.90697	873.89853	179.55701	2.54356	-2.60792	0.72790	0.99798	0.04584	0.04398	0.04546	-0.99892	0.00974	0.04438	-0.00772	-0.99898		501.50572	4.12344	39.20965	0.94148	-0.26002	0.54545	0.39045	0.99994	0.00944	0.00469	-0.00952	0.99982	0.01639	-0.00454	-0.01643	0.99985	
44	0.43000	-0.11635	2.16844	0.49116	0.27612	-0.01722	-0.28608	0.46725	0.99999	-0.00499	0.00028	0.00499	0.99998	0.00482	-0.00030	-0.00482	0.99999		-7.09065	61.91611	873.90863	179.56938	2.55750	-2.60517	0.73029	0.99797	0.04579	0.04423	0.04541	-0.99892	0.00954	0.04462	-0.00751	-0.99898		501.49226	4.11598	39.23019	0.94675	-0.25977	0.54157	0.39371	0.99995	0.00938	0.00469	-0.00945	0.99982	0.01648	-0.00453	-0.01652	0.99985	
45	0.44000	-0.12151	2.18649	0.48649	0.27735	-0.01832	-0.29190	0.46731	0.99999	-0.00510	0.00030	0.00509	0.99998	0.00484	-0.00032	-0.00484	0.99999		-7.05525	61.88679	873.90448	179.55916	2.55117	-2.60607	0.73245	0.99798	0.04581	0.04411	0.04542	-0.99892	0.00971	0.04451	-0.00769	-0.99898		501.55846	3.79942	39.21005	0.64243	-0.32943	0.98937	0.29699	0.99983	0.01720	0.00594	-0.01727	0.99979	0.01111	-0.00575	-0.01121	0.99992	
46	0.45000	-0.11979	2.18488	0.46693	0.27903	-0.02616	-0.29227	0.46742	0.99999	-0.00510	0.00043	0.00510	0.99998	0.00487	-0.00046	-0.00487	0.99999		-6.90738	61.90562	873.93033	179.56453	2.53719	-2.60377	0.73388	0.99799	0.04576	0.04388	0.04538	-0.99892	0.00960	0.04427	-0.00759	-0.99899		501.55887	3.78930	39.15436	0.62705	-0.32296	1.00291	0.29156	0.99983	0.01744	0.00583	-0.01750	0.99979	0.01084	-0.00564	-0.01094	0.99992	
47	0.46000	-0.11662	2.18691	0.46421	0.28380	-0.02895	-0.29300	0.46886	0.99999	-0.00512	0.00048	0.00511	0.99997	0.00496	-0.00051	-0.00495	0.99999		-6.84133	61.96857	873.91607	179.55479	2.52179	-2.61143	0.73187	0.99799	0.04590	0.04360	0.04552	-0.99892	0.00977	0.04400	-0.00776	-0.99900		501.50186	4.15829	39.15706	0.93515	-0.25930	0.54387	0.38853	0.99994	0.00942	0.00468	-0.00949	0.99982	0.01628	-0.00453	-0.01632	0.99986	
48	0.47000	-0.11492	2.19238	0.47521	0.28190	-0.02312	-0.29407	0.47027	0.99999	-0.00513	0.00038	0.00513	0.99997	0.00492	-0.00040	-0.00492	0.99999		-6.90198	61.91901	873.90699	179.55136	2.52406	-2.61481	0.72868	0.99799	0.04596	0.04363	0.04558	-0.99891	0.00983	0.04404	-0.00782	-0.99900		501.49576	4.16876	39.19602	0.94375	-0.26600	0.54096	0.39014	0.99994	0.00936	0.00480	-0.00944	0.99982	0.01643	-0.00464	-0.01647	0.99985	
49	0.48000	-0.11177	2.18353	0.46258	0.29147	-0.02871	-0.29038	0.47122	0.99999	-0.00507	0.00048	0.00507	0.99997	0.00509	-0.00050	-0.00509	0.99999		-6.79498	62.07281	873.91266	179.54904	2.51548	-2.60459	0.73302	0.99800	0.04579	0.04348	0.04540	-0.99892	0.00986	0.04389	-0.00786	-0.99901		501.55199	3.79848	39.13460	0.61905	-0.31960	0.99152	0.29797	0.99983	0.01724	0.00576	-0.01730	0.99979	0.01071	-0.00558	-0.01080	0.99993	
50	0.49000	-0.10894	2.19178	0.45104	0.29089	-0.03178	-0.29226	0.46829	0.99999	-0.00510	0.00053	0.00510	0.99997	0.00508	-0.00055	-0.00508	0.99999		-6.75101	62.04367	873.92545	179.55748	2.51395	-2.60168	0.73810	0.99801	0.04573	0.04347	0.04535	-0.99892	0.00971	0.04386	-0.00772	-0.99901		501.50589	4.16353	39.14782	0.93463	-0.25727	0.53706	0.39432	0.99995	0.00930	0.00464	-0.00937	0.99982	0.01627	-0.00449	-0.01631	0.99986	
51	0.50000	-0.10861	2.18813	0.45812	0.28043	-0.03123	-0.29267	0.46920	0.99999	-0.00511	0.00052	0.00511	0.99998	0.00490	-0.00054	-0.00489	0.99999		-6.76007	61.90781	873.93139	179.56891	2.51919	-2.60930	0.73148	0.99800	0.04585	0.04356	0.04548	-0.99892	0.00952	0.04395	-0.00752	-0.99901		501.50557	4.18636	39.13631	0.96597	-0.25782	0.51970	0.39424	0.99995	0.00899	0.00465	-0.00907	0.99982	0.01682	-0.00450	-0.01686	0.99985	
52	0.51000	-0.10642	2.20533	0.43910	0.30197	-0.03723	-0.29757	0.46894	0.99999	-0.00520	0.00062	0.00519	0.99997	0.00527	-0.00065	-0.00527	0.99999		-6.69300	62.23611	873.91855	179.53941	2.50615	-2.61675	0.73230	0.99800	0.04600	0.04331	0.04561	-0.99891	0.01003	0.04373	-0.00803	-0.99901		501.50814	4.22808	39.09002	0.94003	-0.26484	0.51921	0.39710	0.99995	0.00898	0.00477	-0.00906	0.99983	0.01636	-0.00462	-0.01641	0.99985	
53	0.52000	-0.11511	2.19307	0.45536	0.29588	-0.03090	-0.29345	0.46952	0.99999	-0.00512	0.00051	0.00512	0.99997	0.00517	-0.00054	-0.00516	0.99999		-6.79706	62.16109	873.91525	179.54341	2.52679	-2.60534	0.73714	0.99800	0.04581	0.04368	0.04541	-0.99892	0.00996	0.04409	-0.00796	-0.99900		501.50802	4.20363	39.14176	0.94208	-0.26261	0.50470	0.39660	0.99995	0.00873	0.00473	-0.00881	0.99983	0.01640	-0.00458	-0.01644	0.99985	
54	0.53000	-0.11498	2.18658	0.47245	0.28325	-0.02558	-0.29266	0.46747	0.99999	-0.00511	0.00042	0.00511	0.99997	0.00495	-0.00045	-0.00494	0.99999		-6.91313	61.98463	873.90232	179.55344	2.52587	-2.60522	0.73193	0.99800	0.04580	0.04367	0.04541	-0.99892	0.00979	0.04407	-0.00779	-0.99900		501.50137	4.16960	39.17713	0.94427	-0.26581	0.53254	0.39508	0.99995	0.00922	0.00479	-0.00929	0.99982	0.01644	-0.00464	-0.01648	0.99985	
55	0.54000	-0.12337	2.18873	0.47393	0.28583	-0.02267	-0.29134	0.46855	0.99999	-0.00509	0.00037	0.00508	0.99997	0.00499	-0.00040	-0.00499	0.99999		-6.97506	62.05314	873.89465	179.54735	2.53310	-2.61108	0.72796	0.99799	0.04590	0.04379	0.04551	-0.99891	0.00991	0.04420	-0.00789	-0.99899		501.49562	4.15803	39.20844	0.93968	-0.25513	0.53157	0.39282	0.99995	0.00920	0.00460	-0.00928	0.99982	0.01636	-0.00445	-0.01640	0.99986	
56	0.55000	-0.11677	2.19092	0.44721	0.29587	-0.03458	-0.29183	0.47081	0.99999	-0.00510	0.00058	0.00509	0.99997	0.00517	-0.00060	-0.00516	0.99999		-6.81836	62.21425	873.92731	179.53201	2.53777	-2.61241	0.73235	0.99798	0.04594	0.04386	0.04553	-0.99891	0.01018	0.04428	-0.00816	-0.99899		501.50980	4.18388	39.11808	0.94319	-0.26097	0.50853	0.39575	0.99995	0.00880	0.00470	-0.00888	0.99983	0.01642	-0.00455	-0.01646	0.99985	
57	0.56000	-0.11358	2.17419	0.46259	0.28366	-0.02610	-0.28598	0.46891	0.99999	-0.00499	0.00043	0.00499	0.99998	0.00495	-0.00046	-0.00495	0.99999		-6.95544	62.05418	873.92838	179.54768	2.55016	-2.60099	0.73081	0.99798	0.04573	0.04409	0.04534	-0.99892	0.00991	0.04449	-0.00789	-0.99898		501.55225	3.76160	39.15594	0.63391	-0.33071	0.98539	0.30172	0.99984	0.01713	0.00596	-0.01720	0.99979	0.01096	-0.00577	-0.01106	0.99992	
58	0.57000	-0.11218	2.18971	0.46071	0.29029	-0.02789	-0.29171	0.46747	0.99999	-0.00509	0.00046	0.00509	0.99997	0.00507	-0.00049	-0.00507	0.99999		-6.93754	62.13939	873.91338	179.53900	2.54353	-2.60129	0.73454	0.99799	0.04574	0.04397	0.04534	-0.99892	0.01005	0.04438	-0.00804	-0.99898		501.50505	4.16625	39.15566	0.93507	-0.27603	0.53411	0.39512	0.99994	0.00924	0.00497	-0.00932	0.99982	0.01627	-0.00482	-0.01632	0.99986	
59	0.58000	-0.10785	2.18381	0.44124	0.28354	-0.03664	-0.29020	0.47011	0.99999	-0.00507	0.00061	0.00506	0.99998	0.00495	-0.00064	-0.00495	0.99999		-6.79124	62.05463	873.94042	179.55121	2.53603	-2.60520	0.72947	0.99799	0.04580	0.04384	0.04541	-0.99892	0.00984	0.04425	-0.00783	-0.99899		501.49770	4.17066	39.11370	0.96030	-0.24393	0.50928	0.39334	0.99995	0.00882	0.00441	-0.00889	0.99982	0.01672	-0.00426	-0.01676	0.99985	
60	0.59000	-0.11259	2.18430	0.46164	0.28699	-0.02827	-0.29067	0.46657	0.99999	-0.00508	0.00047	0.00507	0.99997	0.00501	-0.00049	-0.00501	0.99999		-6.89931	62.11564	873.89745	179.55438	2.53021	-2.60985	0.72850	0.99799	0.04588	0.04374	0.04549	-0.99892	0.00978	0.04415	-0.00777	-0.99899		501.44321	4.13276	39.18949	0.90775	-0.19657	0.57692	0.38424	0.99994	0.01001	0.00359	-0.01007	0.99982	0.01581	-0.00343	-0.01584	0.99987	
61	0.60000	-0.10934	2.19621	0.45373	0.29606	-0.03122	-0.29252	0.47201	0.99999	-0.00511	0.00052	0.00511	0.99997	0.00517	-0.00054	-0.00517	0.99999		-6.81983	62.21745	873.90787	179.53758	2.52639	-2.61049	0.72779	0.99799	0.04590	0.04366	0.04550	-0.99891	0.01007	0.04408	-0.00806	-0.99900		501.49371	4.16617	39.14192	0.91913	-0.25472	0.52661	0.39426	0.99995	0.00912	0.00459	-0.00919	0.99983	0.01600	-0.00445	-0.01604	0.99986	
62	0.61000	-0.11723	2.18595	0.45961	0.29659	-0.02853	-0.29045	0.47043	0.99999	-0.00507	0.00047	0.00507	0.99997	0.00518	-0.00050	-0.00518	0.99999		-6.82546	62.24429	873.88884	179.54150	2.51956	-2.61788	0.73068	0.99799	0.04602	0.04355	0.04563	-0.99891	0.01000	0.04396	-0.00799	-0.99900		501.56204	3.80333	39.14577	0.62245	-0.32996	0.97442	0.29840	0.99984	0.01694	0.00594	-0.01701	0.99980	0.01076	-0.00576	-0.01086	0.99992	
63	0.62000	-0.11835	2.19069	0.48442	0.27580	-0.01731	-0.29444	0.46935	0.99999	-0.00514	0.00028	0.00514	0.99998	0.00481	-0.00030	-0.00481	0.99999		-6.98908	61.91161	873.87396	179.56834	2.51984	-2.61697	0.72567	0.99799	0.04599	0.04357	0.04561	-0.99891	0.00953	0.04397	-0.00753	-0.99900		501.49946	4.16049	39.22373	0.93228	-0.28877	0.54741	0.39255	0.99994	0.00947	0.00519	-0.00955	0.99982	0.01622	-0.00504	-0.01627	0.99985	
64	0.63000	-0.11616	2.18233	0.47123	0.28199	-0.02323	-0.29065	0.46754	0.99999	-0.00507	0.00038	0.00507	0.99998	0.00492	-0.00041	-0.00492	0.99999		-6.88046	61.97889	873.90704	179.56746	2.52473	-2.60623	0.73533	0.99800	0.04580	0.04366	0.04543	-0.99892	0.00954	0.04405	-0.00754	-0.99900		501.50202	4.15263	39.20512	0.93926	-0.26079	0.52754	0.39511	0.99995	0.00913	0.00470	-0.00921	0.99982	0.01635	-0.00455	-0.01639	0.99986	
65	0.64000	-0.11165	2.19821	0.46244	0.29219	-0.02340	-0.29434	0.46593	0.99999	-0.00514	0.00038	0.00514	0.99997	0.00510	-0.00041	-0.00510	0.99999		-6.89140	62.09583	873.90031	179.55702	2.52165	-2.60693	0.73896	0.99800	0.04582	0.04360	0.04544	-0.99892	0.00972	0.04400	-0.00772	-0.99900		501.49889	4.18774	39.20291	0.93578	-0.26625	0.52290	0.39315	0.99995	0.00905	0.00480	-0.00913	0.99983	0.01629	-0.00465	-0.01633	0.99986	
66	0.65000	-0.10518	2.18734	0.43102	0.30544	-0.03890	-0.28758	0.46703	0.99999	-0.00502	0.00065	0.00502	0.99997	0.00533	-0.00068	-0.00533	0.99999		-6.67330	62.29755	873.92242	179.53683	2.50752	-2.60426	0.73081	0.99801	0.04579	0.04334	0.04539	-0.99892	0.01006	0.04375	-0.00808	-0.99901		501.50557	4.14777	39.09645	0.92529	-0.25166	0.51854	0.39409	0.99995	0.00898	0.00454	-0.00905	0.99983	0.01611	-0.00439	-0.01615	0.99986	
67	0.66000	-0.10584	2.20160	0.44011	0.29476	-0.03367	-0.29522	0.46521	0.99999	-0.00516	0.00056	0.00515	0.99997	0.00515	-0.00059	-0.00514	0.99999		-6.78019	62.11381	873.92616	179.54532	2.51641	-2.61935	0.72951	0.99799	0.04605	0.04350	0.04566	-0.99891	0.00993	0.04391	-0.00793	-0.99900		501.49839	4.18696	39.13724	0.92711	-0.24953	0.52922	0.39145	0.99995	0.00916	0.00450	-0.00924	0.99983	0.01614	-0.00436	-0.01618	0.99986	
68	0.67000	-0.11240	2.18449	0.46557	0.28416	-0.02286	-0.28969	0.47129	0.99999	-0.00506	0.00037	0.00506	0.99998	0.00496	-0.00040	-0.00496	0.99999		-6.95701	61.96221	873.91604	179.56419	2.53032	-2.61282	0.73530	0.99799	0.04592	0.04375	0.04554	-0.99892	0.00961	0.04415	-0.00760	-0.99900		501.49635	4.13508	39.20496	0.93201	-0.26184	0.53412	0.39651	0.99995	0.00925	0.00472	-0.00932	0.99982	0.01622	-0.00457	-0.01627	0.99986	
69	0.68000	-0.11455	2.18288	0.45737	0.29481	-0.02919	-0.28873	0.46874	0.99999	-0.00504	0.00048	0.00504	0.99997	0.00515	-0.00051	-0.00515	0.99999		-6.88035	62.13040	873.91638	179.54901	2.53008	-2.61169	0.72834	0.99799	0.04591	0.04374	0.04552	-0.99891	0.00987	0.04414	-0.00786	-0.99899		501.50024	4.13535	39.15842	0.92135	-0.25419	0.53579	0.39476	0.99995	0.00928	0.00459	-0.00935	0.99983	0.01604	-0.00444	-0.01608	0.99986	
70	0.69000	-0.11572	2.19102	0.44523	0.29724	-0.03400	-0.29053	0.46901	0.99999	-0.00507	0.00057	0.00507	0.99997	0.00519	-0.00059	-0.00519	0.99999		-6.82380	62.16962	873.92019	179.55083	2.52276	-2.61440	0.73076	0.99799	0.04596	0.04361	0.04557	-0.99891	0.00984	0.04402	-0.00783	-0.99900		501.50045	4.16496	39.13054	0.93295	-0.24476	0.51895	0.39405	0.99995	0.00899	0.00442	-0.00906	0.99983	0.01624	-0.00427	-0.01628	0.99986	
71	0.70000	-0.12059	2.18333	0.46391	0.27537	-0.02449	-0.29084	0.46609	0.99999	-0.00508	0.00040	0.00508	0.99998	0.00481	-0.00043	-0.00481	0.99999		-6.96283	61.85454	873.93135	179.57520	2.54449	-2.60909	0.73343	0.99798	0.04585	0.04401	0.04548	-0.99892	0.00943	0.04440	-0.00741	-0.99899		501.49565	4.15157	39.19235	0.95007	-0.26079	0.52454	0.39470	0.99995	0.00908	0.00470	-0.00915	0.99982	0.01654	-0.00455	-0.01658	0.99985	
72	0.71000	-0.12013	2.18806	0.47665	0.27718	-0.01999	-0.29320	0.46703	0.99999	-0.00512	0.00032	0.00512	0.99998	0.00484	-0.00035	-0.00484	0.99999		-7.04112	61.88580	873.91343	179.56638	2.54291	-2.61273	0.73094	0.99798	0.04592	0.04398	0.04554	-0.99892	0.00958	0.04437	-0.00756	-0.99899		501.49871	4.17782	39.21799	0.95595	-0.27105	0.51506	0.40028	0.99995	0.00891	0.00488	-0.00899	0.99982	0.01664	-0.00473	-0.01668	0.99985	
73	0.72000	-0.11977	2.18894	0.47149	0.28337	-0.02216	-0.29248	0.46839	0.99999	-0.00511	0.00036	0.00510	0.99997	0.00495	-0.00039	-0.00495	0.99999		-6.99099	62.00840	873.91369	179.55716	2.54732	-2.62085	0.72901	0.99797	0.04607	0.04404	0.04568	-0.99891	0.00975	0.04444	-0.00772	-0.99898		501.50143	4.16671	39.19571	0.93436	-0.27146	0.52016	0.39383	0.99995	0.00900	0.00488	-0.00908	0.99983	0.01626	-0.00474	-0.01631	0.99986	
74	0.73000	-0.11093	2.18319	0.44993	0.28552	-0.03021	-0.28930	0.46542	0.99999	-0.00505	0.00050	0.00505	0.99997	0.00499	-0.00053	-0.00498	0.99999		-6.86012	62.04335	873.92832	179.54808	2.53217	-2.60348	0.73378	0.99799	0.04577	0.04378	0.04538	-0.99892	0.00989	0.04418	-0.00788	-0.99899		501.55993	3.78105	39.12891	0.62619	-0.32938	0.98192	0.29696	0.99984	0.01707	0.00593	-0.01714	0.99979	0.01083	-0.00575	-0.01093	0.99992	
75	0.74000	-0.10979	2.18843	0.46218	0.28765	-0.02788	-0.28961	0.46652	0.99999	-0.00506	0.00046	0.00505	0.99997	0.00502	-0.00049	-0.00502	0.99999		-6.88081	62.09309	873.90392	179.55054	2.52697	-2.61143	0.73351	0.99799	0.04591	0.04369	0.04552	-0.99892	0.00985	0.04409	-0.00784	-0.99900		501.44500	4.11466	39.18059	0.91036	-0.20113	0.58726	0.37757	0.99994	0.01019	0.00367	-0.01025	0.99982	0.01585	-0.00351	-0.01589	0.99987	
76	0.75000	-0.10815	2.19153	0.45356	0.28965	-0.02789	-0.28975	0.46643	0.99999	-0.00506	0.00046	0.00506	0.99997	0.00506	-0.00049	-0.00506	0.99999		-6.85544	62.12661	873.91181	179.53923	2.52806	-2.60951	0.73340	0.99799	0.04588	0.04370	0.04548	-0.99891	0.01004	0.04411	-0.00803	-0.99899		501.49987	4.14676	39.16035	0.93743	-0.26835	0.52356	0.39618	0.99995	0.00906	0.00483	-0.00914	0.99983	0.01632	-0.00468	-0.01636	0.99986	
77	0.76000	-0.12252	2.19857	0.46700	0.28395	-0.02301	-0.29608	0.46641	0.99999	-0.00517	0.00038	0.00517	0.99997	0.00496	-0.00040	-0.00496	0.99999		-6.90103	62.04137	873.90430	179.55385	2.53974	-2.61019	0.73003	0.99798	0.04588	0.04391	0.04550	-0.99892	0.00980	0.04431	-0.00778	-0.99899		501.50273	4.19220	39.20588	0.94286	-0.25864	0.52663	0.39152	0.99995	0.00912	0.00466	-0.00919	0.99982	0.01641	-0.00451	-0.01646	0.99985	
78	0.77000	-0.11778	2.19166	0.46586	0.28492	-0.02465	-0.29218	0.46602	0.99999	-0.00510	0.00041	0.00510	0.99997	0.00497	-0.00043	-0.00497	0.99999		-6.86963	62.07769	873.91101	179.55295	2.53541	-2.61305	0.73586	0.99798	0.04593	0.04383	0.04555	-0.99891	0.00981	0.04424	-0.00779	-0.99899		501.50001	4.15260	39.18786	0.93181	-0.25844	0.53845	0.39577	0.99995	0.00932	0.00466	-0.00940	0.99982	0.01622	-0.00451	-0.01626	0.99986	
79	0.78000	-0.11631	2.19516	0.45753	0.28408	-0.02962	-0.29383	0.46703	0.99999	-0.00513	0.00049	0.00513	0.99997	0.00496	-0.00052	-0.00496	0.99999		-6.80573	62.03059	873.91339	179.54955	2.52392	-2.60191	0.73343	0.99800	0.04574	0.04363	0.04535	-0.99892	0.00985	0.04404	-0.00785	-0.99900		501.50066	4.18574	39.14309	0.94522	-0.26111	0.51572	0.39360	0.99995	0.00892	0.00470	-0.00900	0.99982	0.01645	-0.00456	-0.01650	0.99985	
80	0.79000	-0.11125	2.20172	0.42291	0.29410	-0.04091	-0.29258	0.46880	0.99999	-0.00511	0.00069	0.00511	0.99997	0.00514	-0.00071	-0.00513	0.99999		-6.65325	62.17677	873.93342	179.53854	2.51010	-2.60849	0.73198	0.99801	0.04586	0.04338	0.04547	-0.99892	0.01004	0.04380	-0.00805	-0.99901		501.56750	3.80599	39.06482	0.62200	-0.31425	0.97686	0.29453	0.99984	0.01699	0.00567	-0.01705	0.99980	0.01076	-0.00548	-0.01086	0.99993	
81	0.80000	-0.14040	2.14450	0.62216	0.19161	0.05797	-0.28307	0.44329	0.99999	-0.00494	-0.00103	0.00494	0.99998	0.00334	0.00101	-0.00334	0.99999		-8.13386	60.64749	873.84143	179.64821	2.61839	-2.59725	0.73492	0.99793	0.04559	0.04536	0.04527	-0.99894	0.00820	0.04568	-0.00613	-0.99894		501.45923	4.04136	39.76165	1.01906	-0.33516	0.54965	0.39398	0.99994	0.00949	0.00602	-0.00959	0.99980	0.01773	-0.00585	-0.01778	0.99982	
82	0.81000	-0.11304	2.21000	0.45877	0.28689	-0.02548	-0.29873	0.46260	0.99999	-0.00522	0.00042	0.00521	0.99997	0.00501	-0.00044	-0.00501	0.99999		-6.94038	62.01599	873.90102	179.54799	2.52937	-2.61097	0.72792	0.99799	0.04590	0.04372	0.04551	-0.99891	0.00989	0.04413	-0.00788	-0.99899		501.49594	4.20392	39.18434	0.94059	-0.26087	0.53485	0.39409	0.99995	0.00926	0.00471	-0.00933	0.99982	0.01637	-0.00455	-0.01642	0.99985	
83	0.82000	-0.11473	2.20146	0.47071	0.27547	-0.02434	-0.29571	0.47014	0.99999	-0.00516	0.00040	0.00516	0.99998	0.00481	-0.00042	-0.00481	0.99999		-6.97837	61.86050	873.89605	179.57489	2.52577	-2.61576	0.72329	0.99799	0.04596	0.04368	0.04559	-0.99892	0.00942	0.04407	-0.00741	-0.99900		501.55430	3.80699	39.15809	0.62002	-0.32967	0.99449	0.29527	0.99983	0.01729	0.00594	-0.01736	0.99979	0.01072	-0.00575	-0.01082	0.99992	
84	0.83000	-0.11849	2.20165	0.46331	0.29105	-0.02473	-0.29587	0.46655	0.99999	-0.00517	0.00041	0.00516	0.99997	0.00508	-0.00043	-0.00508	0.99999		-6.97678	62.06132	873.90419	179.54347	2.53608	-2.61703	0.73110	0.99798	0.04601	0.04384	0.04562	-0.99891	0.00998	0.04425	-0.00796	-0.99899		501.49453	4.20598	39.18671	0.95516	-0.25860	0.51955	0.39048	0.99995	0.00899	0.00466	-0.00907	0.99982	0.01663	-0.00451	-0.01667	0.99985	
85	0.84000	-0.12010	2.18997	0.46052	0.29068	-0.02733	-0.29183	0.46507	0.99999	-0.00510	0.00045	0.00509	0.99997	0.00507	-0.00048	-0.00507	0.99999		-6.92240	62.06763	873.91522	179.55301	2.53602	-2.61367	0.72820	0.99798	0.04594	0.04384	0.04556	-0.99891	0.00981	0.04425	-0.00779	-0.99899		501.44682	4.12634	39.18800	0.89612	-0.20940	0.59467	0.38045	0.99994	0.01032	0.00382	-0.01038	0.99982	0.01560	-0.00365	-0.01564	0.99987	
86	0.85000	-0.12041	2.18701	0.47161	0.28090	-0.02084	-0.28959	0.46645	0.99999	-0.00506	0.00034	0.00505	0.99998	0.00490	-0.00036	-0.00490	0.99999		-7.01671	61.91307	873.91476	179.56726	2.53917	-2.60856	0.73529	0.99798	0.04585	0.04391	0.04547	-0.99892	0.00956	0.04430	-0.00755	-0.99899		501.49325	4.14333	39.20673	0.94712	-0.27168	0.52023	0.39461	0.99995	0.00900	0.00489	-0.00908	0.99982	0.01649	-0.00474	-0.01653	0.99985	
87	0.86000	-0.12035	2.19437	0.45980	0.29304	-0.02642	-0.29211	0.46910	0.99999	-0.00510	0.00044	0.00510	0.99997	0.00512	-0.00046	-0.00511	0.99999		-6.92993	62.09716	873.90148	179.54840	2.52900	-2.60789	0.72909	0.99799	0.04585	0.04372	0.04546	-0.99892	0.00988	0.04412	-0.00787	-0.99900		501.49837	4.15750	39.17680	0.92554	-0.25888	0.53467	0.39672	0.99995	0.00926	0.00467	-0.00933	0.99983	0.01611	-0.00452	-0.01615	0.99986	
88	0.87000	-0.11598	2.20311	0.45737	0.28974	-0.02896	-0.29730	0.46882	0.99999	-0.00519	0.00048	0.00519	0.99997	0.00506	-0.00051	-0.00506	0.99999		-6.88371	62.05972	873.89505	179.56075	2.51762	-2.62555	0.71725	0.99799	0.04614	0.04353	0.04576	-0.99891	0.00967	0.04393	-0.00766	-0.99901		501.49244	4.19558	39.15472	0.93053	-0.24953	0.53671	0.39577	0.99995	0.00930	0.00451	-0.00937	0.99982	0.01620	-0.00436	-0.01624	0.99986	
89	0.88000	-0.11162	2.20704	0.44075	0.29225	-0.03408	-0.29736	0.46959	0.99999	-0.00519	0.00057	0.00519	0.99997	0.00510	-0.00059	-0.00510	0.99999		-6.79313	62.11241	873.91358	179.56236	2.51226	-2.62744	0.72350	0.99799	0.04617	0.04344	0.04580	-0.99890	0.00964	0.04383	-0.00763	-0.99901		501.49372	4.20225	39.13416	0.93649	-0.24277	0.53464	0.39542	0.99995	0.00926	0.00439	-0.00933	0.99982	0.01630	-0.00424	-0.01634	0.99986	
90	0.89000	-0.10899	2.19542	0.44937	0.29797	-0.03115	-0.29169	0.46617	0.99999	-0.00509	0.00052	0.00509	0.99997	0.00520	-0.00054	-0.00520	0.99999		-6.80393	62.19801	873.91494	179.54314	2.52916	-2.61228	0.73031	0.99799	0.04593	0.04372	0.04553	-0.99891	0.00998	0.04413	-0.00797	-0.99899		501.49387	4.16607	39.14238	0.92934	-0.25568	0.53075	0.39729	0.99995	0.00919	0.00461	-0.00926	0.99983	0.01618	-0.00446	-0.01622	0.99986	
91	0.90000	-0.10456	2.20376	0.46105	0.29063	-0.02662	-0.29360	0.46510	0.99999	-0.00513	0.00044	0.00512	0.99997	0.00507	-0.00046	-0.00507	0.99999		-6.86403	62.08475	873.91801	179.55597	2.53880	-2.61023	0.73302	0.99798	0.04588	0.04390	0.04550	-0.99892	0.00976	0.04430	-0.00774	-0.99899		501.49220	4.18560	39.17194	0.94491	-0.25459	0.52111	0.39712	0.99995	0.00902	0.00459	-0.00909	0.99982	0.01645	-0.00444	-0.01649	0.99985	
92	0.91000	-0.10748	2.19135	0.43537	0.29238	-0.03592	-0.29005	0.47059	0.99999	-0.00507	0.00060	0.00506	0.99997	0.00511	-0.00063	-0.00510	0.99999		-6.72195	62.14582	873.92895	179.54500	2.51528	-2.60897	0.73108	0.99800	0.04587	0.04348	0.04548	-0.99892	0.00993	0.04389	-0.00793	-0.99901		501.49795	4.16815	39.11568	0.94549	-0.24332	0.51597	0.39682	0.99995	0.00893	0.00439	-0.00901	0.99982	0.01646	-0.00425	-0.01650	0.99985	
93	0.92000	-0.10636	2.18789	0.44730	0.29531	-0.03231	-0.28712	0.46574	0.99999	-0.00501	0.00054	0.00501	0.99997	0.00516	-0.00056	-0.00515	0.99999		-6.78581	62.19860	873.89803	179.53444	2.50866	-2.60786	0.72463	0.99801	0.04585	0.04335	0.04546	-0.99892	0.01011	0.04377	-0.00812	-0.99901		501.49349	4.15709	39.13539	0.94225	-0.24809	0.49867	0.39616	0.99995	0.00863	0.00447	-0.00870	0.99983	0.01641	-0.00433	-0.01644	0.99986	
94	0.93000	-0.11765	2.20185	0.46861	0.28972	-0.02309	-0.29466	0.46819	0.99999	-0.00514	0.00038	0.00514	0.99997	0.00506	-0.00040	-0.00506	0.99999		-6.93215	62.10056	873.89697	179.54321	2.53059	-2.60538	0.72750	0.99799	0.04581	0.04374	0.04541	-0.99892	0.00997	0.04415	-0.00796	-0.99899		501.50279	4.18545	39.19015	0.93713	-0.26681	0.52801	0.39590	0.99995	0.00914	0.00481	-0.00922	0.99982	0.01631	-0.00466	-0.01636	0.99986	
