1	0.00000	0.05703	1.97629	0.57441	-0.07901	-0.13584	-0.23608	0.53152	0.99999	-0.00412	0.00238	0.00412	0.99999	-0.00137	-0.00237	0.00138	1.00000		-5.32704	56.37922	874.38845	179.91887	2.42690	-2.28822	0.58470	0.99831	0.03999	0.04225	0.03989	-0.99920	0.00311	0.04234	-0.00141	-0.99910		501.75277	3.63309	37.98350	1.27548	-0.41788	0.53651	0.36532	0.99993	0.00920	0.00750	-0.00936	0.99971	0.02219	-0.00729	-0.02226	0.99973	
2	0.01000	0.06328	1.96843	0.56609	-0.08295	-0.13787	-0.23186	0.52965	0.99999	-0.00404	0.00241	0.00405	0.99999	-0.00144	-0.00241	0.00145	1.00000		-5.28552	56.33711	874.40203	179.91811	2.44746	-2.26764	0.57393	0.99831	0.03963	0.04261	0.03953	-0.99921	0.00312	0.04270	-0.00143	-0.99909		501.74815	3.61749	37.96415	1.28945	-0.42279	0.50869	0.35993	0.99993	0.00871	0.00758	-0.00888	0.99971	0.02244	-0.00738	-0.02250	0.99972	
3	0.02000	0.06774	1.96947	0.55352	-0.07443	-0.14662	-0.23192	0.53308	0.99999	-0.00404	0.00256	0.00405	0.99999	-0.00129	-0.00256	0.00130	1.00000		-5.16237	56.49440	874.40205	179.89856	2.42300	-2.26817	0.59194	0.99832	0.03965	0.04217	0.03954	-0.99921	0.00344	0.04228	-0.00177	-0.99910		501.75547	3.61862	37.89790	1.27966	-0.42042	0.51801	0.36538	0.99993	0.00887	0.00754	-0.00904	0.99971	0.02227	-0.00734	-0.02233	0.99972	
4	0.03000	0.02961	2.09780	0.68977	0.04379	-0.04928	-0.26773	0.56125	0.99999	-0.00467	0.00086	0.00467	0.99999	0.00077	-0.00086	-0.00076	1.00000		-6.49388	58.38981	874.12241	179.84653	2.55881	-2.54083	0.68999	0.99802	0.04445	0.04448	0.04429	-0.99901	0.00465	0.04464	-0.00268	-0.99900		501.66394	3.98808	38.73844	1.22428	-0.20683	0.54700	0.37279	0.99995	0.00947	0.00381	-0.00955	0.99973	0.02133	-0.00361	-0.02137	0.99977	
5	0.04000	0.03275	2.09992	0.68349	0.05055	-0.04907	-0.26749	0.56142	0.99999	-0.00467	0.00085	0.00467	0.99999	0.00089	-0.00086	-0.00088	1.00000		-6.46890	58.51141	874.11445	179.82809	2.54709	-2.54090	0.68949	0.99803	0.04447	0.04426	0.04429	-0.99901	0.00497	0.04444	-0.00300	-0.99901		501.66235	3.98704	38.75637	1.21970	-0.19277	0.55701	0.36854	0.99995	0.00965	0.00357	-0.00972	0.99973	0.02125	-0.00336	-0.02129	0.99977	
6	0.05000	0.27607	2.66128	0.07063	0.75973	-0.97069	-0.46951	0.65280	0.99982	-0.00842	0.01683	0.00819	0.99988	0.01340	-0.01694	-0.01326	0.99977		6.82304	68.74332	874.10152	179.16570	1.58921	-2.61232	0.62919	0.99858	0.04598	0.02704	0.04556	-0.99884	0.01581	0.02773	-0.01456	-0.99951		501.94800	5.54076	31.78879	0.23368	0.77491	0.98790	0.37214	0.99976	0.01730	-0.01345	-0.01724	0.99984	0.00431	0.01352	-0.00408	0.99990	
7	0.06000	-0.04943	2.15522	0.60016	0.25732	-0.03939	-0.28921	0.50020	0.99999	-0.00505	0.00067	0.00505	0.99998	0.00449	-0.00069	-0.00449	0.99999		-6.58691	61.65830	873.83959	179.56282	2.50748	-2.58718	0.72431	0.99802	0.04547	0.04336	0.04510	-0.99894	0.00960	0.04375	-0.00762	-0.99901		501.61335	4.09697	39.03713	0.85716	-0.29070	0.80084	0.44645	0.99989	0.01390	0.00528	-0.01398	0.99979	0.01489	-0.00507	-0.01496	0.99988	
8	0.07000	-0.05613	2.15526	0.57786	0.26421	-0.03256	-0.28762	0.49544	0.99999	-0.00502	0.00055	0.00502	0.99998	0.00461	-0.00057	-0.00461	0.99999		-6.65763	61.75515	873.84855	179.55237	2.51559	-2.57427	0.73324	0.99803	0.04526	0.04349	0.04487	-0.99894	0.00978	0.04389	-0.00781	-0.99901		501.58338	4.18407	39.07421	0.92818	-0.22329	0.64335	0.39077	0.99993	0.01116	0.00408	-0.01123	0.99981	0.01615	-0.00390	-0.01620	0.99986	
9	0.08000	-0.05776	2.14733	0.56115	0.27146	-0.03149	-0.28407	0.49058	0.99999	-0.00496	0.00053	0.00496	0.99998	0.00474	-0.00055	-0.00474	0.99999		-6.66709	61.88925	873.85099	179.55389	2.50902	-2.58628	0.73139	0.99802	0.04546	0.04338	0.04508	-0.99894	0.00975	0.04378	-0.00778	-0.99901		501.57347	4.16562	39.09313	0.91372	-0.22094	0.63500	0.38751	0.99993	0.01102	0.00403	-0.01108	0.99981	0.01590	-0.00386	-0.01595	0.99987	
10	0.09000	-0.05635	2.16697	0.52681	0.27987	-0.03458	-0.28941	0.47980	0.99999	-0.00505	0.00058	0.00505	0.99998	0.00489	-0.00060	-0.00488	0.99999		-6.65039	61.99114	873.85392	179.55089	2.49817	-2.59253	0.72537	0.99803	0.04557	0.04319	0.04519	-0.99893	0.00980	0.04359	-0.00783	-0.99902		501.56400	4.19420	39.09099	0.91080	-0.21113	0.64132	0.38758	0.99993	0.01113	0.00386	-0.01119	0.99981	0.01585	-0.00368	-0.01590	0.99987	
11	0.10000	-0.05845	2.15459	0.55195	0.27258	-0.02269	-0.28422	0.48327	0.99999	-0.00496	0.00037	0.00496	0.99998	0.00476	-0.00040	-0.00476	0.99999		-6.85239	61.87729	873.85337	179.56068	2.51968	-2.59292	0.72319	0.99801	0.04557	0.04357	0.04520	-0.99893	0.00965	0.04396	-0.00766	-0.99900		501.55656	4.15537	39.16645	0.92773	-0.21721	0.63530	0.38999	0.99993	0.01103	0.00397	-0.01109	0.99981	0.01615	-0.00379	-0.01619	0.99986	
12	0.11000	-0.05190	2.15234	0.51528	0.28011	-0.03147	-0.28160	0.48156	0.99999	-0.00492	0.00053	0.00491	0.99998	0.00489	-0.00055	-0.00489	0.99999		-6.75022	61.95122	873.90981	179.55061	2.53239	-2.59392	0.73562	0.99800	0.04560	0.04378	0.04521	-0.99893	0.00983	0.04418	-0.00784	-0.99899		501.56407	4.14714	39.11315	0.91777	-0.22223	0.62976	0.38867	0.99993	0.01093	0.00405	-0.01099	0.99981	0.01597	-0.00388	-0.01602	0.99986	
13	0.12000	-0.05519	2.14886	0.52333	0.26846	-0.02785	-0.28305	0.47686	0.99999	-0.00494	0.00046	0.00494	0.99998	0.00469	-0.00049	-0.00469	0.99999		-6.84560	61.73785	873.91880	179.57228	2.54244	-2.58361	0.73571	0.99800	0.04541	0.04398	0.04503	-0.99894	0.00946	0.04436	-0.00746	-0.99899		501.56103	4.14920	39.13682	0.93057	-0.22248	0.62071	0.38916	0.99993	0.01077	0.00406	-0.01083	0.99981	0.01620	-0.00388	-0.01624	0.99986	
14	0.13000	-0.05519	2.14166	0.50934	0.26151	-0.02848	-0.28220	0.47460	0.99999	-0.00493	0.00048	0.00493	0.99998	0.00457	-0.00050	-0.00456	0.99999		-6.85795	61.62752	873.94422	179.58923	2.54526	-2.59295	0.73849	0.99799	0.04556	0.04404	0.04520	-0.99894	0.00917	0.04441	-0.00716	-0.99899		501.55503	4.15662	39.14636	0.93601	-0.21984	0.61474	0.38873	0.99994	0.01066	0.00401	-0.01073	0.99981	0.01629	-0.00384	-0.01634	0.99986	
15	0.14000	-0.06408	2.15121	0.51767	0.27370	-0.02375	-0.28514	0.47477	0.99999	-0.00498	0.00039	0.00498	0.99998	0.00478	-0.00041	-0.00478	0.99999		-6.94060	61.79187	873.92079	179.57188	2.54082	-2.60891	0.73208	0.99798	0.04585	0.04394	0.04547	-0.99892	0.00948	0.04433	-0.00746	-0.99899		501.56315	4.17650	39.15648	0.93349	-0.24752	0.61550	0.39053	0.99993	0.01067	0.00449	-0.01074	0.99981	0.01624	-0.00432	-0.01629	0.99986	
16	0.15000	-0.06382	2.15271	0.51376	0.27851	-0.02373	-0.28438	0.47520	0.99999	-0.00496	0.00039	0.00496	0.99998	0.00486	-0.00041	-0.00486	0.99999		-6.93405	61.84831	873.92283	179.56760	2.54909	-2.59707	0.73465	0.99798	0.04565	0.04409	0.04527	-0.99893	0.00955	0.04448	-0.00754	-0.99898		501.55704	4.16080	39.17261	0.90861	-0.23193	0.61754	0.39440	0.99993	0.01071	0.00422	-0.01078	0.99982	0.01581	-0.00405	-0.01586	0.99987	
17	0.16000	-0.06195	2.15282	0.49598	0.28305	-0.02943	-0.28512	0.47640	0.99999	-0.00498	0.00049	0.00498	0.99998	0.00494	-0.00051	-0.00494	0.99999		-6.83062	61.91797	873.94964	179.56842	2.55300	-2.59826	0.73276	0.99798	0.04567	0.04416	0.04529	-0.99893	0.00954	0.04454	-0.00753	-0.99898		501.54957	4.18531	39.13654	0.93486	-0.22562	0.60230	0.39121	0.99994	0.01045	0.00411	-0.01051	0.99981	0.01627	-0.00394	-0.01632	0.99986	
18	0.17000	-0.06171	2.14953	0.50964	0.28204	-0.01990	-0.28304	0.47370	0.99999	-0.00494	0.00032	0.00494	0.99998	0.00492	-0.00035	-0.00492	0.99999		-6.96202	61.90845	873.92292	179.56685	2.54536	-2.59932	0.73364	0.99799	0.04569	0.04402	0.04531	-0.99893	0.00957	0.04441	-0.00755	-0.99898		501.53782	4.15439	39.21686	0.93150	-0.22407	0.61954	0.39266	0.99993	0.01075	0.00409	-0.01081	0.99981	0.01621	-0.00391	-0.01626	0.99986	
19	0.18000	-0.06566	2.15283	0.53384	0.25208	-0.00760	-0.28501	0.47494	0.99999	-0.00497	0.00011	0.00497	0.99998	0.00440	-0.00013	-0.00440	0.99999		-7.11029	61.45450	873.92691	179.60472	2.56003	-2.58955	0.73202	0.99798	0.04549	0.04431	0.04514	-0.99894	0.00891	0.04467	-0.00689	-0.99898		501.53948	4.13266	39.29398	0.93743	-0.24039	0.63154	0.39338	0.99993	0.01095	0.00438	-0.01102	0.99981	0.01631	-0.00420	-0.01636	0.99986	
20	0.19000	-0.05347	2.17158	0.48639	0.28137	-0.03055	-0.28829	0.47515	0.99999	-0.00503	0.00051	0.00503	0.99998	0.00491	-0.00053	-0.00491	0.99999		-6.74625	61.90748	873.94703	179.56169	2.53281	-2.60004	0.73442	0.99799	0.04570	0.04380	0.04532	-0.99893	0.00965	0.04419	-0.00764	-0.99899		501.54988	4.15251	39.12781	0.90467	-0.22681	0.64735	0.38849	0.99993	0.01123	0.00414	-0.01130	0.99981	0.01574	-0.00396	-0.01579	0.99987	
21	0.20000	-0.05092	2.16884	0.48364	0.27803	-0.02782	-0.28805	0.47211	0.99999	-0.00503	0.00046	0.00503	0.99998	0.00485	-0.00049	-0.00485	0.99999		-6.76663	61.87414	873.94635	179.56844	2.53448	-2.58597	0.73789	0.99800	0.04545	0.04383	0.04507	-0.99894	0.00952	0.04422	-0.00752	-0.99899		501.55111	4.19440	39.15574	0.94138	-0.22778	0.59502	0.39540	0.99994	0.01032	0.00415	-0.01038	0.99981	0.01639	-0.00398	-0.01643	0.99986	
22	0.21000	-0.04400	2.17742	0.47292	0.27727	-0.03437	-0.29131	0.47246	0.99999	-0.00509	0.00058	0.00508	0.99998	0.00484	-0.00060	-0.00484	0.99999		-6.66956	61.90426	873.92523	179.57780	2.51211	-2.60233	0.72697	0.99801	0.04573	0.04345	0.04536	-0.99893	0.00935	0.04383	-0.00736	-0.99901		501.53645	4.17718	39.11203	0.91074	-0.21141	0.64049	0.38748	0.99993	0.01112	0.00387	-0.01118	0.99981	0.01585	-0.00369	-0.01589	0.99987	
23	0.22000	-0.05119	2.15323	0.49330	0.26949	-0.02315	-0.28415	0.46924	0.99999	-0.00496	0.00038	0.00496	0.99998	0.00470	-0.00040	-0.00470	0.99999		-6.81502	61.82053	873.92949	179.57123	2.53147	-2.59035	0.73753	0.99800	0.04552	0.04378	0.04515	-0.99894	0.00947	0.04417	-0.00748	-0.99900		501.54649	4.16329	39.17022	0.94478	-0.25282	0.59862	0.38905	0.99994	0.01037	0.00458	-0.01045	0.99981	0.01644	-0.00441	-0.01649	0.99985	
24	0.23000	-0.05002	2.16437	0.46850	0.28391	-0.03363	-0.28615	0.47423	0.99999	-0.00500	0.00056	0.00499	0.99998	0.00496	-0.00059	-0.00496	0.99999		-6.67968	62.04287	873.92962	179.54745	2.51302	-2.59433	0.73189	0.99801	0.04561	0.04344	0.04522	-0.99893	0.00987	0.04385	-0.00789	-0.99901		501.54348	4.16457	39.12255	0.91629	-0.21543	0.61790	0.39219	0.99993	0.01072	0.00393	-0.01078	0.99981	0.01595	-0.00376	-0.01599	0.99987	
25	0.24000	-0.05487	2.15439	0.49233	0.27640	-0.02308	-0.28425	0.47282	0.99999	-0.00496	0.00038	0.00496	0.99998	0.00483	-0.00040	-0.00482	0.99999		-6.85918	61.94171	873.89960	179.55067	2.52064	-2.59197	0.73883	0.99801	0.04557	0.04358	0.04518	-0.99893	0.00982	0.04398	-0.00783	-0.99900		501.53282	4.14286	39.20179	0.91792	-0.21410	0.62342	0.39114	0.99993	0.01082	0.00391	-0.01088	0.99981	0.01598	-0.00374	-0.01602	0.99986	
26	0.25000	-0.05399	2.13992	0.48230	0.26984	-0.02997	-0.27619	0.47122	0.99999	-0.00482	0.00050	0.00482	0.99998	0.00471	-0.00052	-0.00471	0.99999		-6.77654	61.86165	873.92780	179.55299	2.52831	-2.58869	0.74023	0.99801	0.04551	0.04371	0.04512	-0.99893	0.00979	0.04411	-0.00779	-0.99900		501.53258	4.05872	39.14779	0.90865	-0.20575	0.63777	0.38804	0.99993	0.01107	0.00377	-0.01113	0.99981	0.01582	-0.00359	-0.01586	0.99987	
27	0.26000	-0.04954	2.16976	0.46786	0.28439	-0.03409	-0.28731	0.47110	0.99999	-0.00502	0.00057	0.00501	0.99998	0.00497	-0.00060	-0.00496	0.99999		-6.76797	62.07119	873.93256	179.54332	2.53112	-2.60746	0.73527	0.99799	0.04584	0.04375	0.04545	-0.99892	0.00997	0.04416	-0.00796	-0.99899		501.54416	4.16573	39.11053	0.91612	-0.22162	0.61706	0.38937	0.99993	0.01071	0.00404	-0.01077	0.99981	0.01595	-0.00387	-0.01599	0.99986	
28	0.27000	-0.05530	2.16360	0.47537	0.28014	-0.03020	-0.28501	0.46957	0.99999	-0.00498	0.00050	0.00497	0.99998	0.00489	-0.00053	-0.00489	0.99999		-6.85636	61.97325	873.93366	179.54872	2.53656	-2.59075	0.73777	0.99800	0.04555	0.04385	0.04516	-0.99893	0.00987	0.04426	-0.00787	-0.99899		501.54547	4.14532	39.14456	0.92238	-0.21818	0.61824	0.38722	0.99993	0.01073	0.00398	-0.01079	0.99981	0.01606	-0.00381	-0.01610	0.99986	
29	0.28000	-0.05120	2.15344	0.47461	0.28208	-0.02857	-0.28264	0.47155	0.99999	-0.00494	0.00047	0.00493	0.99998	0.00492	-0.00050	-0.00492	0.99999		-6.88638	62.00842	873.94384	179.55658	2.55222	-2.59356	0.73906	0.99798	0.04559	0.04413	0.04521	-0.99893	0.00975	0.04453	-0.00773	-0.99898		501.53862	4.13991	39.15966	0.92319	-0.21714	0.61533	0.39287	0.99994	0.01068	0.00396	-0.01074	0.99981	0.01607	-0.00379	-0.01611	0.99986	
30	0.29000	-0.05840	2.15041	0.48355	0.28182	-0.02331	-0.28016	0.47171	0.99999	-0.00489	0.00038	0.00489	0.99998	0.00492	-0.00041	-0.00492	0.99999		-6.94906	61.99628	873.93281	179.56387	2.55523	-2.59420	0.73488	0.99798	0.04560	0.04419	0.04522	-0.99893	0.00962	0.04458	-0.00760	-0.99898		501.55155	4.14451	39.18729	0.93652	-0.23182	0.58614	0.39526	0.99994	0.01016	0.00421	-0.01023	0.99981	0.01630	-0.00405	-0.01634	0.99986	
31	0.30000	-0.06186	2.15427	0.48083	0.27844	-0.02316	-0.28388	0.47143	0.99999	-0.00496	0.00038	0.00495	0.99998	0.00486	-0.00040	-0.00486	0.99999		-6.93430	61.92682	873.93491	179.56462	2.54543	-2.60254	0.73513	0.99798	0.04574	0.04402	0.04536	-0.99892	0.00961	0.04441	-0.00759	-0.99898		501.54686	4.14866	39.19872	0.93610	-0.22702	0.61995	0.39064	0.99993	0.01075	0.00414	-0.01082	0.99981	0.01629	-0.00396	-0.01634	0.99986	
32	0.31000	-0.05965	2.16462	0.46799	0.28097	-0.02880	-0.28854	0.46704	0.99999	-0.00504	0.00048	0.00504	0.99998	0.00491	-0.00050	-0.00490	0.99999		-6.83063	61.92489	873.94591	179.56519	2.53815	-2.60197	0.74048	0.99799	0.04573	0.04389	0.04535	-0.99893	0.00959	0.04428	-0.00758	-0.99899		501.53432	4.16809	39.15593	0.91334	-0.21991	0.62249	0.39518	0.99993	0.01080	0.00401	-0.01086	0.99981	0.01590	-0.00384	-0.01594	0.99987	
33	0.32000	-0.05945	2.15982	0.46651	0.28685	-0.03056	-0.28497	0.46893	0.99999	-0.00498	0.00051	0.00497	0.99998	0.00501	-0.00053	-0.00501	0.99999		-6.76324	62.00915	873.94432	179.56068	2.53139	-2.59738	0.73648	0.99800	0.04565	0.04377	0.04527	-0.99893	0.00966	0.04417	-0.00766	-0.99899		501.54127	4.15025	39.13698	0.91354	-0.22188	0.61783	0.39177	0.99993	0.01072	0.00404	-0.01078	0.99982	0.01590	-0.00387	-0.01594	0.99987	
34	0.33000	-0.06053	2.16851	0.45800	0.28415	-0.03248	-0.28848	0.47163	0.99999	-0.00504	0.00054	0.00503	0.99998	0.00496	-0.00057	-0.00496	0.99999		-6.70759	61.94512	873.94887	179.56589	2.52194	-2.60559	0.73289	0.99800	0.04579	0.04361	0.04542	-0.99892	0.00957	0.04400	-0.00757	-0.99900		501.54999	4.17347	39.13747	0.90742	-0.21282	0.61753	0.38903	0.99994	0.01072	0.00388	-0.01078	0.99982	0.01580	-0.00371	-0.01584	0.99987	
35	0.34000	-0.05360	2.15426	0.48244	0.27287	-0.02232	-0.28270	0.46789	0.99999	-0.00494	0.00037	0.00493	0.99998	0.00476	-0.00039	-0.00476	0.99999		-6.83187	61.77333	873.95845	179.57736	2.54322	-2.59044	0.74128	0.99799	0.04552	0.04399	0.04515	-0.99894	0.00937	0.04437	-0.00737	-0.99899		501.53496	4.12856	39.19726	0.92479	-0.23366	0.61470	0.39131	0.99993	0.01066	0.00425	-0.01073	0.99981	0.01610	-0.00408	-0.01614	0.99986	
36	0.35000	-0.05097	2.16322	0.48282	0.26728	-0.02202	-0.28828	0.47070	0.99999	-0.00503	0.00036	0.00503	0.99998	0.00467	-0.00038	-0.00466	0.99999		-6.83955	61.68013	873.94214	179.57774	2.52998	-2.60181	0.73094	0.99800	0.04572	0.04376	0.04535	-0.99893	0.00937	0.04414	-0.00736	-0.99900		501.53523	4.16197	39.21180	0.93128	-0.21515	0.61341	0.39182	0.99994	0.01064	0.00393	-0.01071	0.99981	0.01621	-0.00376	-0.01625	0.99986	
37	0.36000	-0.05289	2.15186	0.47718	0.27524	-0.02183	-0.28110	0.47082	0.99999	-0.00491	0.00036	0.00491	0.99998	0.00480	-0.00038	-0.00480	0.99999		-6.82877	61.83153	873.93935	179.57797	2.53356	-2.60405	0.73656	0.99799	0.04576	0.04382	0.04539	-0.99893	0.00937	0.04420	-0.00736	-0.99900		501.54318	4.11178	39.20507	0.91848	-0.23290	0.61811	0.38912	0.99993	0.01072	0.00424	-0.01079	0.99981	0.01599	-0.00406	-0.01603	0.99986	
38	0.37000	-0.05017	2.15434	0.46994	0.28262	-0.02567	-0.28408	0.47017	0.99999	-0.00496	0.00042	0.00496	0.99998	0.00493	-0.00045	-0.00493	0.99999		-6.79020	61.95321	873.94301	179.57150	2.53604	-2.60887	0.73990	0.99799	0.04585	0.04386	0.04547	-0.99892	0.00948	0.04425	-0.00747	-0.99899		501.54175	4.15178	39.18055	0.91207	-0.22155	0.60548	0.39072	0.99994	0.01050	0.00403	-0.01057	0.99982	0.01588	-0.00387	-0.01592	0.99987	
39	0.38000	-0.05478	2.15936	0.47733	0.27851	-0.02241	-0.28690	0.47266	0.99999	-0.00501	0.00037	0.00501	0.99998	0.00486	-0.00039	-0.00486	0.99999		-6.86910	61.89249	873.92735	179.57065	2.53182	-2.60770	0.73692	0.99799	0.04583	0.04379	0.04545	-0.99892	0.00950	0.04417	-0.00749	-0.99900		501.54671	4.16413	39.19445	0.90987	-0.23914	0.61536	0.39579	0.99993	0.01067	0.00434	-0.01074	0.99982	0.01583	-0.00417	-0.01588	0.99987	
40	0.39000	-0.05664	2.17089	0.45848	0.28695	-0.03069	-0.28948	0.46704	0.99999	-0.00505	0.00051	0.00505	0.99997	0.00501	-0.00054	-0.00501	0.99999		-6.77290	62.03109	873.93108	179.55486	2.52319	-2.61260	0.73956	0.99799	0.04592	0.04362	0.04554	-0.99891	0.00977	0.04402	-0.00776	-0.99900		501.54785	4.17633	39.14042	0.91075	-0.22846	0.62302	0.39034	0.99993	0.01081	0.00416	-0.01087	0.99982	0.01585	-0.00399	-0.01589	0.99987	
41	0.40000	-0.08918	2.12283	0.64313	0.17325	0.06390	-0.28152	0.44252	0.99999	-0.00491	-0.00113	0.00491	0.99998	0.00302	0.00112	-0.00302	0.99999		-8.19389	60.36797	873.86406	179.66707	2.62593	-2.61402	0.73207	0.99791	0.04587	0.04550	0.04556	-0.99893	0.00789	0.04582	-0.00580	-0.99893		501.51782	4.10659	39.79078	1.05452	-0.32261	0.59872	0.39093	0.99993	0.01034	0.00582	-0.01045	0.99978	0.01834	-0.00563	-0.01840	0.99981	
42	0.41000	-0.06275	2.17639	0.47388	0.26402	-0.02546	-0.29379	0.46631	0.99999	-0.00513	0.00042	0.00513	0.99998	0.00461	-0.00044	-0.00461	0.99999		-6.90449	61.70204	873.94999	179.57660	2.54663	-2.61482	0.73811	0.99797	0.04595	0.04405	0.04558	-0.99892	0.00941	0.04443	-0.00738	-0.99899		501.54413	4.17567	39.18151	0.91621	-0.22366	0.65530	0.38764	0.99993	0.01137	0.00409	-0.01144	0.99981	0.01594	-0.00390	-0.01599	0.99986	
43	0.42000	-0.05805	2.16549	0.47113	0.26851	-0.02701	-0.28777	0.46967	0.99999	-0.00502	0.00045	0.00502	0.99998	0.00469	-0.00047	-0.00469	0.99999		-6.89725	61.79470	873.95803	179.56859	2.54921	-2.60281	0.73860	0.99798	0.04575	0.04409	0.04537	-0.99892	0.00954	0.04448	-0.00752	-0.99898		501.56095	4.16558	39.16633	0.94129	-0.24088	0.62500	0.39198	0.99993	0.01084	0.00438	-0.01091	0.99981	0.01638	-0.00420	-0.01643	0.99986	
44	0.43000	-0.05688	2.16813	0.47559	0.28072	-0.02416	-0.28777	0.46666	0.99999	-0.00502	0.00040	0.00502	0.99998	0.00490	-0.00042	-0.00490	0.99999		-6.95015	61.99254	873.94260	179.55428	2.55578	-2.60954	0.73937	0.99797	0.04587	0.04419	0.04548	-0.99892	0.00980	0.04459	-0.00777	-0.99898		501.55484	4.17314	39.19527	0.92023	-0.23126	0.62398	0.39357	0.99993	0.01082	0.00421	-0.01089	0.99981	0.01602	-0.00404	-0.01606	0.99986	
45	0.44000	-0.05736	2.17043	0.47809	0.27139	-0.02201	-0.28832	0.46724	0.99999	-0.00503	0.00036	0.00503	0.99998	0.00474	-0.00038	-0.00474	0.99999		-6.96857	61.84795	873.94282	179.56778	2.55509	-2.60751	0.74160	0.99797	0.04583	0.04419	0.04545	-0.99892	0.00956	0.04458	-0.00754	-0.99898		501.55618	4.16998	39.20035	0.92070	-0.24074	0.62130	0.39262	0.99993	0.01077	0.00438	-0.01084	0.99981	0.01602	-0.00420	-0.01607	0.99986	
46	0.45000	-0.04982	2.17781	0.44583	0.28660	-0.03615	-0.28877	0.46582	0.99999	-0.00504	0.00061	0.00504	0.99997	0.00500	-0.00063	-0.00500	0.99999		-6.74839	62.08149	873.95527	179.54906	2.52860	-2.61447	0.74007	0.99799	0.04596	0.04371	0.04557	-0.99891	0.00987	0.04412	-0.00786	-0.99900		501.55666	4.17155	39.11592	0.89479	-0.21892	0.61968	0.38996	0.99993	0.01075	0.00399	-0.01082	0.99982	0.01557	-0.00382	-0.01562	0.99987	
47	0.46000	-0.09004	2.13093	0.66006	0.16852	0.07187	-0.28442	0.44358	0.99999	-0.00496	-0.00127	0.00496	0.99998	0.00293	0.00125	-0.00294	0.99999		-8.30624	60.31162	873.85334	179.66566	2.63150	-2.60368	0.73780	0.99791	0.04569	0.04560	0.04538	-0.99894	0.00791	0.04591	-0.00583	-0.99893		501.52708	4.09895	39.84309	1.02503	-0.33623	0.62560	0.38790	0.99992	0.01081	0.00606	-0.01092	0.99978	0.01782	-0.00587	-0.01789	0.99982	
48	0.47000	-0.09106	2.11705	0.65431	0.16812	0.06952	-0.28003	0.44480	0.99999	-0.00488	-0.00123	0.00489	0.99998	0.00293	0.00121	-0.00293	0.99999		-8.24248	60.30312	873.84879	179.66153	2.61459	-2.59243	0.73707	0.99794	0.04550	0.04530	0.04518	-0.99895	0.00796	0.04562	-0.00590	-0.99894		501.52511	4.09513	39.82856	1.04815	-0.33750	0.59500	0.39431	0.99993	0.01028	0.00608	-0.01038	0.99978	0.01823	-0.00589	-0.01829	0.99982	
49	0.48000	-0.05996	2.16228	0.49645	0.26419	-0.01383	-0.28693	0.46331	0.99999	-0.00501	0.00022	0.00501	0.99998	0.00461	-0.00024	-0.00461	0.99999		-6.98254	61.71233	873.92923	179.57634	2.54242	-2.59709	0.73880	0.99799	0.04564	0.04398	0.04527	-0.99893	0.00940	0.04436	-0.00739	-0.99899		501.54879	4.16882	39.24861	0.93946	-0.24822	0.61046	0.39166	0.99993	0.01058	0.00451	-0.01065	0.99981	0.01635	-0.00433	-0.01640	0.99986	
50	0.49000	-0.05742	2.17106	0.45907	0.28017	-0.02759	-0.28872	0.46641	0.99999	-0.00504	0.00046	0.00504	0.99998	0.00489	-0.00048	-0.00489	0.99999		-6.76314	61.93744	873.95714	179.55994	2.52954	-2.60164	0.74020	0.99800	0.04573	0.04374	0.04535	-0.99892	0.00968	0.04413	-0.00767	-0.99900		501.54691	4.17466	39.17745	0.92603	-0.22735	0.62352	0.39094	0.99993	0.01082	0.00414	-0.01088	0.99981	0.01612	-0.00397	-0.01616	0.99986	
51	0.50000	-0.05853	2.17081	0.47838	0.27868	-0.02126	-0.28922	0.46729	0.99999	-0.00505	0.00035	0.00505	0.99998	0.00487	-0.00037	-0.00486	0.99999		-6.87088	61.89269	873.93648	179.57455	2.53105	-2.60492	0.73808	0.99799	0.04578	0.04378	0.04540	-0.99892	0.00942	0.04416	-0.00742	-0.99900		501.54770	4.17954	39.20915	0.92541	-0.23569	0.61909	0.38958	0.99993	0.01074	0.00429	-0.01080	0.99981	0.01611	-0.00411	-0.01615	0.99986	
52	0.51000	-0.05530	2.16080	0.46302	0.28036	-0.02746	-0.28459	0.46920	0.99999	-0.00497	0.00046	0.00497	0.99998	0.00489	-0.00048	-0.00489	0.99999		-6.77696	61.92462	873.95830	179.57385	2.53652	-2.60836	0.73567	0.99799	0.04584	0.04387	0.04546	-0.99892	0.00944	0.04426	-0.00743	-0.99899		501.55912	4.18059	39.16806	0.94851	-0.22860	0.58990	0.38760	0.99994	0.01023	0.00416	-0.01030	0.99981	0.01651	-0.00399	-0.01655	0.99985	
53	0.52000	-0.05596	2.17701	0.46251	0.28202	-0.02733	-0.28891	0.46935	0.99999	-0.00504	0.00045	0.00504	0.99998	0.00492	-0.00048	-0.00492	0.99999		-6.80233	61.92782	873.94846	179.56554	2.52868	-2.61963	0.73824	0.99798	0.04604	0.04373	0.04566	-0.99891	0.00959	0.04412	-0.00758	-0.99900		501.55436	4.18267	39.16820	0.93137	-0.23771	0.60912	0.39312	0.99993	0.01056	0.00432	-0.01063	0.99981	0.01621	-0.00415	-0.01625	0.99986	
54	0.53000	-0.05758	2.15831	0.45186	0.27642	-0.03106	-0.28547	0.46730	0.99999	-0.00498	0.00052	0.00498	0.99998	0.00483	-0.00054	-0.00482	0.99999		-6.76458	61.84214	873.98070	179.57620	2.53968	-2.61060	0.73522	0.99798	0.04587	0.04393	0.04550	-0.99892	0.00941	0.04431	-0.00739	-0.99899		501.55621	4.16953	39.14087	0.92920	-0.22255	0.59853	0.38943	0.99994	0.01038	0.00405	-0.01045	0.99981	0.01618	-0.00388	-0.01622	0.99986	
55	0.54000	-0.08776	2.10828	0.63293	0.17523	0.06122	-0.27452	0.44295	0.99999	-0.00479	-0.00108	0.00479	0.99998	0.00305	0.00107	-0.00306	0.99999		-8.14871	60.34829	873.88363	179.68112	2.62467	-2.60152	0.73649	0.99792	0.04564	0.04549	0.04534	-0.99894	0.00764	0.04579	-0.00556	-0.99894		501.51815	4.04988	39.77357	1.02558	-0.31559	0.60138	0.39018	0.99993	0.01040	0.00569	-0.01050	0.99979	0.01784	-0.00551	-0.01790	0.99982	
56	0.55000	-0.06603	2.16735	0.45066	0.27952	-0.03214	-0.28689	0.47069	0.99999	-0.00501	0.00054	0.00501	0.99998	0.00488	-0.00056	-0.00488	0.99999		-6.78747	61.87541	873.97688	179.56747	2.53914	-2.61162	0.73460	0.99798	0.04590	0.04391	0.04552	-0.99892	0.00956	0.04430	-0.00754	-0.99899		501.55899	4.15229	39.13613	0.91123	-0.22754	0.62578	0.39344	0.99993	0.01086	0.00414	-0.01092	0.99981	0.01586	-0.00397	-0.01590	0.99987	
57	0.56000	-0.06002	2.14893	0.46804	0.27337	-0.02566	-0.27874	0.46716	0.99999	-0.00487	0.00043	0.00486	0.99998	0.00477	-0.00045	-0.00477	0.99999		-6.89317	61.82295	873.96823	179.58696	2.54789	-2.60121	0.73656	0.99798	0.04570	0.04408	0.04534	-0.99893	0.00922	0.04445	-0.00720	-0.99899		501.55242	4.10954	39.17274	0.93968	-0.24383	0.60853	0.39405	0.99993	0.01055	0.00443	-0.01062	0.99981	0.01635	-0.00426	-0.01640	0.99986	
58	0.57000	-0.06523	2.15497	0.45798	0.26897	-0.02653	-0.28251	0.46641	0.99999	-0.00493	0.00044	0.00493	0.99998	0.00470	-0.00046	-0.00469	0.99999		-6.88275	61.76011	873.98360	179.57454	2.54594	-2.61211	0.73632	0.99797	0.04590	0.04403	0.04553	-0.99892	0.00944	0.04442	-0.00742	-0.99899		501.55373	4.13994	39.18262	0.94551	-0.22526	0.59652	0.39053	0.99994	0.01034	0.00410	-0.01041	0.99981	0.01646	-0.00393	-0.01650	0.99986	
59	0.58000	-0.06226	2.17223	0.46068	0.27785	-0.02741	-0.28738	0.46389	0.99999	-0.00502	0.00045	0.00502	0.99998	0.00485	-0.00048	-0.00485	0.99999		-6.86908	61.88451	873.97547	179.56825	2.55302	-2.60943	0.73475	0.99797	0.04586	0.04415	0.04548	-0.99892	0.00956	0.04454	-0.00753	-0.99898		501.54440	4.14693	39.16924	0.91991	-0.22598	0.62374	0.38823	0.99993	0.01082	0.00412	-0.01089	0.99981	0.01601	-0.00394	-0.01605	0.99986	
60	0.59000	-0.05380	2.16225	0.45670	0.27569	-0.02732	-0.28344	0.46225	0.99999	-0.00495	0.00045	0.00495	0.99998	0.00481	-0.00048	-0.00481	0.99999		-6.85684	61.88555	873.96446	179.56201	2.54178	-2.60195	0.74173	0.99799	0.04573	0.04395	0.04535	-0.99892	0.00965	0.04435	-0.00764	-0.99899		501.55011	4.14827	39.16574	0.94513	-0.23741	0.60220	0.38787	0.99994	0.01044	0.00432	-0.01051	0.99981	0.01645	-0.00414	-0.01649	0.99986	
61	0.60000	-0.05753	2.16523	0.47942	0.27113	-0.01887	-0.28575	0.47046	0.99999	-0.00499	0.00031	0.00499	0.99998	0.00473	-0.00033	-0.00473	0.99999		-6.96848	61.82853	873.94545	179.57068	2.54998	-2.59883	0.74498	0.99798	0.04567	0.04410	0.04530	-0.99893	0.00950	0.04449	-0.00749	-0.99898		501.54672	4.15495	39.23377	0.93756	-0.23200	0.60863	0.38783	0.99994	0.01055	0.00422	-0.01062	0.99981	0.01632	-0.00405	-0.01636	0.99986	
62	0.61000	-0.05834	2.18332	0.47851	0.28108	-0.02091	-0.29287	0.46836	0.99999	-0.00511	0.00034	0.00511	0.99998	0.00491	-0.00036	-0.00491	0.99999		-6.90925	61.98823	873.93767	179.56367	2.54855	-2.61350	0.73767	0.99797	0.04594	0.04407	0.04555	-0.99892	0.00963	0.04447	-0.00761	-0.99898		501.54933	4.20550	39.20719	0.93096	-0.23511	0.61626	0.39095	0.99993	0.01069	0.00428	-0.01076	0.99981	0.01620	-0.00410	-0.01625	0.99986	
63	0.62000	-0.06122	2.17755	0.46640	0.28173	-0.02345	-0.28953	0.46533	0.99999	-0.00505	0.00039	0.00505	0.99998	0.00492	-0.00041	-0.00492	0.99999		-6.85126	61.99234	873.94260	179.55363	2.53986	-2.59551	0.74318	0.99799	0.04563	0.04391	0.04524	-0.99893	0.00979	0.04431	-0.00778	-0.99899		501.54535	4.16877	39.20230	0.91718	-0.22364	0.62598	0.38897	0.99993	0.01086	0.00408	-0.01093	0.99981	0.01596	-0.00390	-0.01601	0.99986	
64	0.63000	-0.08882	2.13114	0.65215	0.17554	0.06917	-0.28185	0.44209	0.99999	-0.00492	-0.00122	0.00492	0.99998	0.00306	0.00121	-0.00306	0.99999		-8.21010	60.42829	873.85251	179.66222	2.62783	-2.59677	0.73781	0.99792	0.04558	0.04553	0.04526	-0.99894	0.00797	0.04585	-0.00589	-0.99893		501.51181	4.09137	39.82575	1.04796	-0.32391	0.60230	0.38925	0.99993	0.01041	0.00584	-0.01051	0.99978	0.01823	-0.00565	-0.01829	0.99982	
65	0.64000	-0.06077	2.16952	0.48096	0.27521	-0.01898	-0.28813	0.46297	0.99999	-0.00503	0.00031	0.00503	0.99998	0.00480	-0.00033	-0.00480	0.99999		-6.91050	61.90871	873.94059	179.56464	2.54444	-2.59480	0.74231	0.99799	0.04561	0.04400	0.04523	-0.99893	0.00960	0.04439	-0.00759	-0.99899		501.54701	4.16489	39.21649	0.93544	-0.24230	0.62549	0.38684	0.99993	0.01085	0.00441	-0.01092	0.99981	0.01628	-0.00423	-0.01633	0.99986	
66	0.65000	-0.06089	2.16859	0.46360	0.28692	-0.02718	-0.28656	0.46805	0.99999	-0.00500	0.00045	0.00500	0.99998	0.00501	-0.00047	-0.00501	0.99999		-6.79767	62.07968	873.94557	179.54750	2.53660	-2.59844	0.74099	0.99799	0.04568	0.04385	0.04529	-0.99892	0.00990	0.04426	-0.00789	-0.99899		501.55061	4.16035	39.16117	0.91875	-0.23024	0.61588	0.39245	0.99993	0.01068	0.00419	-0.01075	0.99981	0.01599	-0.00402	-0.01603	0.99986	
67	0.66000	-0.05920	2.16340	0.45163	0.27584	-0.02989	-0.28386	0.46804	0.99999	-0.00496	0.00050	0.00495	0.99998	0.00482	-0.00052	-0.00481	0.99999		-6.77883	61.91826	873.95680	179.56805	2.52537	-2.61194	0.73389	0.99799	0.04590	0.04367	0.04553	-0.99892	0.00954	0.04406	-0.00753	-0.99900		501.54694	4.14939	39.15937	0.94612	-0.21335	0.60456	0.39390	0.99994	0.01049	0.00390	-0.01055	0.99981	0.01647	-0.00372	-0.01651	0.99986	
68	0.67000	-0.05349	2.16467	0.46000	0.28145	-0.02846	-0.28495	0.46841	0.99999	-0.00498	0.00047	0.00497	0.99998	0.00491	-0.00050	-0.00491	0.99999		-6.82602	61.97884	873.93849	179.55472	2.52955	-2.60776	0.74042	0.99799	0.04584	0.04373	0.04545	-0.99892	0.00977	0.04413	-0.00776	-0.99900		501.54879	4.14342	39.15287	0.92742	-0.23252	0.62601	0.39326	0.99993	0.01086	0.00423	-0.01093	0.99981	0.01614	-0.00406	-0.01619	0.99986	
69	0.68000	-0.06082	2.16942	0.48336	0.26875	-0.01840	-0.28784	0.46090	0.99999	-0.00502	0.00030	0.00502	0.99998	0.00469	-0.00032	-0.00469	0.99999		-6.99541	61.74959	873.94725	179.57318	2.55721	-2.60611	0.73575	0.99797	0.04580	0.04423	0.04542	-0.99892	0.00947	0.04462	-0.00744	-0.99898		501.54581	4.16429	39.21457	0.94213	-0.24258	0.61682	0.39207	0.99993	0.01069	0.00441	-0.01077	0.99981	0.01640	-0.00423	-0.01644	0.99986	
70	0.69000	-0.05992	2.16096	0.47051	0.27892	-0.02476	-0.28340	0.46851	0.99999	-0.00495	0.00041	0.00495	0.99998	0.00487	-0.00043	-0.00487	0.99999		-6.90380	61.91066	873.95759	179.56447	2.55433	-2.60759	0.73423	0.99797	0.04583	0.04417	0.04545	-0.99892	0.00962	0.04457	-0.00759	-0.99898		501.54788	4.16008	39.18232	0.94597	-0.22466	0.59578	0.38970	0.99994	0.01033	0.00409	-0.01040	0.99981	0.01647	-0.00392	-0.01651	0.99986	
71	0.70000	-0.06261	2.18492	0.46408	0.27791	-0.02521	-0.29226	0.46655	0.99999	-0.00510	0.00042	0.00510	0.99998	0.00485	-0.00044	-0.00485	0.99999		-6.91902	61.87607	873.93569	179.57893	2.53541	-2.62210	0.73341	0.99798	0.04607	0.04385	0.04570	-0.99891	0.00936	0.04424	-0.00734	-0.99899		501.54718	4.19136	39.18676	0.92730	-0.22504	0.62654	0.38700	0.99993	0.01087	0.00410	-0.01093	0.99981	0.01614	-0.00393	-0.01618	0.99986	
72	0.71000	-0.06518	2.17342	0.46846	0.28102	-0.02389	-0.28773	0.46843	0.99999	-0.00502	0.00039	0.00502	0.99998	0.00491	-0.00042	-0.00490	0.99999		-6.92208	61.91014	873.94607	179.57108	2.53974	-2.61527	0.73988	0.99798	0.04596	0.04392	0.04558	-0.99892	0.00950	0.04431	-0.00748	-0.99899		501.54678	4.15974	39.19000	0.91492	-0.23021	0.62004	0.39410	0.99993	0.01076	0.00419	-0.01082	0.99981	0.01592	-0.00402	-0.01597	0.99986	
73	0.72000	-0.06567	2.16106	0.46895	0.27480	-0.02316	-0.28407	0.46706	0.99999	-0.00496	0.00038	0.00496	0.99998	0.00480	-0.00040	-0.00480	0.99999		-6.90433	61.82508	873.97625	179.57376	2.55768	-2.60713	0.73720	0.99797	0.04582	0.04424	0.04544	-0.99892	0.00946	0.04463	-0.00743	-0.99898		501.55635	4.15220	39.19144	0.94592	-0.24426	0.61007	0.39248	0.99993	0.01058	0.00444	-0.01065	0.99981	0.01646	-0.00426	-0.01651	0.99985	
74	0.73000	-0.05910	2.16379	0.46591	0.27239	-0.02343	-0.28667	0.46429	0.99999	-0.00500	0.00039	0.00500	0.99998	0.00476	-0.00041	-0.00475	0.99999		-6.89771	61.78746	873.97059	179.57927	2.55029	-2.60984	0.74056	0.99797	0.04586	0.04411	0.04549	-0.99892	0.00936	0.04450	-0.00734	-0.99898		501.53987	4.16906	39.18744	0.94048	-0.23635	0.60581	0.39419	0.99994	0.01050	0.00430	-0.01057	0.99981	0.01637	-0.00413	-0.01641	0.99986	
75	0.74000	-0.06101	2.15498	0.48275	0.27854	-0.01705	-0.28222	0.46699	0.99999	-0.00493	0.00027	0.00493	0.99998	0.00486	-0.00030	-0.00486	0.99999		-6.97761	61.89374	873.93141	179.55920	2.54145	-2.60771	0.73996	0.99798	0.04584	0.04394	0.04545	-0.99892	0.00970	0.04434	-0.00769	-0.99899		501.54534	4.13695	39.23399	0.92696	-0.23554	0.61128	0.39034	0.99993	0.01060	0.00428	-0.01067	0.99981	0.01613	-0.00411	-0.01618	0.99986	
76	0.75000	-0.05177	2.17079	0.45075	0.28492	-0.02921	-0.28497	0.46864	0.99999	-0.00498	0.00049	0.00497	0.99998	0.00497	-0.00051	-0.00497	0.99999		-6.78209	61.97645	873.96934	179.56210	2.53985	-2.59642	0.74595	0.99799	0.04564	0.04392	0.04526	-0.99893	0.00964	0.04431	-0.00764	-0.99899		501.54597	4.15410	39.15276	0.93517	-0.22845	0.61312	0.39158	0.99993	0.01063	0.00416	-0.01070	0.99981	0.01628	-0.00399	-0.01632	0.99986	
77	0.76000	-0.05536	2.15830	0.46552	0.27336	-0.02428	-0.28404	0.46384	0.99999	-0.00496	0.00040	0.00496	0.99998	0.00477	-0.00042	-0.00477	0.99999		-6.84187	61.83098	873.94842	179.57332	2.53186	-2.60623	0.74021	0.99799	0.04580	0.04379	0.04543	-0.99892	0.00945	0.04417	-0.00744	-0.99900		501.55381	4.15706	39.18185	0.93490	-0.23466	0.60068	0.38829	0.99994	0.01042	0.00427	-0.01048	0.99981	0.01627	-0.00410	-0.01632	0.99986	
78	0.77000	-0.05035	2.15382	0.47331	0.27912	-0.02128	-0.27906	0.46703	0.99999	-0.00487	0.00035	0.00487	0.99998	0.00487	-0.00037	-0.00487	0.99999		-6.87673	61.94787	873.94112	179.56107	2.54375	-2.60271	0.74094	0.99798	0.04575	0.04399	0.04537	-0.99892	0.00967	0.04438	-0.00765	-0.99899		501.54494	4.12255	39.20309	0.93672	-0.23988	0.59339	0.39156	0.99994	0.01029	0.00436	-0.01036	0.99981	0.01630	-0.00419	-0.01635	0.99986	
79	0.78000	-0.05512	2.16204	0.46353	0.28373	-0.02475	-0.28227	0.46329	0.99999	-0.00493	0.00041	0.00493	0.99998	0.00495	-0.00043	-0.00495	0.99999		-6.82764	62.02666	873.93532	179.55368	2.52954	-2.61487	0.74390	0.99799	0.04596	0.04373	0.04558	-0.99891	0.00979	0.04413	-0.00778	-0.99900		501.54587	4.14794	39.18008	0.92763	-0.22737	0.60443	0.39293	0.99994	0.01048	0.00414	-0.01055	0.99981	0.01615	-0.00397	-0.01619	0.99986	
80	0.79000	-0.06110	2.15483	0.46495	0.28290	-0.02408	-0.27981	0.46627	0.99999	-0.00489	0.00040	0.00488	0.99998	0.00494	-0.00042	-0.00494	0.99999		-6.84281	62.02425	873.92552	179.56024	2.52921	-2.60260	0.74126	0.99800	0.04575	0.04373	0.04536	-0.99892	0.00967	0.04413	-0.00767	-0.99900		501.55141	4.13087	39.18168	0.92138	-0.23863	0.60237	0.39449	0.99994	0.01044	0.00433	-0.01051	0.99982	0.01604	-0.00416	-0.01608	0.99986	
81	0.80000	-0.05991	2.15426	0.46158	0.27217	-0.02720	-0.28363	0.46931	0.99999	-0.00495	0.00045	0.00495	0.99998	0.00475	-0.00047	-0.00475	0.99999		-6.81949	61.86123	873.94939	179.56152	2.53637	-2.59753	0.74622	0.99799	0.04566	0.04386	0.04528	-0.99893	0.00965	0.04425	-0.00765	-0.99899		501.54900	4.14749	39.16896	0.92857	-0.22549	0.61001	0.39235	0.99994	0.01058	0.00411	-0.01065	0.99981	0.01616	-0.00394	-0.01621	0.99986	
82	0.81000	-0.05811	2.16153	0.45513	0.27478	-0.02951	-0.28431	0.46914	0.99999	-0.00496	0.00049	0.00496	0.99998	0.00480	-0.00052	-0.00480	0.99999		-6.81213	61.90855	873.95505	179.56601	2.53133	-2.60781	0.73744	0.99799	0.04583	0.04377	0.04545	-0.99892	0.00958	0.04417	-0.00757	-0.99900		501.54948	4.14562	39.14381	0.92277	-0.23396	0.61238	0.38996	0.99993	0.01062	0.00425	-0.01069	0.99981	0.01606	-0.00408	-0.01610	0.99986	
83	0.82000	-0.05965	2.15788	0.47793	0.26590	-0.02050	-0.28289	0.46493	0.99999	-0.00494	0.00034	0.00494	0.99998	0.00464	-0.00036	-0.00464	0.99999		-6.97547	61.77317	873.93436	179.56508	2.53819	-2.61001	0.73834	0.99798	0.04587	0.04389	0.04549	-0.99892	0.00960	0.04429	-0.00758	-0.99899		501.54079	4.14585	39.20776	0.95725	-0.23789	0.60076	0.39061	0.99994	0.01041	0.00433	-0.01048	0.99981	0.01666	-0.00415	-0.01671	0.99985	
84	0.83000	-0.05515	2.17087	0.46372	0.27965	-0.02648	-0.28603	0.46849	0.99999	-0.00499	0.00044	0.00499	0.99998	0.00488	-0.00046	-0.00488	0.99999		-6.90007	61.97589	873.94105	179.56015	2.54654	-2.61554	0.74554	0.99797	0.04597	0.04403	0.04559	-0.99891	0.00970	0.04443	-0.00767	-0.99898		501.54404	4.15868	39.16788	0.92429	-0.22145	0.61016	0.38719	0.99994	0.01059	0.00404	-0.01065	0.99981	0.01609	-0.00387	-0.01613	0.99986	
85	0.84000	-0.05745	2.18312	0.46581	0.26841	-0.02391	-0.29243	0.46555	0.99999	-0.00511	0.00039	0.00510	0.99998	0.00469	-0.00042	-0.00468	0.99999		-6.94750	61.76294	873.95159	179.56842	2.54731	-2.61547	0.73609	0.99797	0.04597	0.04405	0.04559	-0.99891	0.00955	0.04444	-0.00753	-0.99898		501.54560	4.19165	39.18333	0.93357	-0.23518	0.62364	0.38833	0.99993	0.01082	0.00428	-0.01088	0.99981	0.01625	-0.00410	-0.01629	0.99986	
86	0.85000	-0.05564	2.17078	0.47208	0.27011	-0.02101	-0.28745	0.46856	0.99999	-0.00502	0.00034	0.00502	0.99998	0.00472	-0.00037	-0.00471	0.99999		-6.97934	61.79407	873.95253	179.57574	2.55486	-2.60506	0.73687	0.99797	0.04578	0.04419	0.04541	-0.99892	0.00942	0.04458	-0.00740	-0.99898		501.53742	4.16277	39.20925	0.93987	-0.22860	0.62372	0.39015	0.99993	0.01082	0.00417	-0.01089	0.99981	0.01636	-0.00399	-0.01640	0.99986	
87	0.86000	-0.05402	2.15867	0.44276	0.28120	-0.03263	-0.28250	0.46380	0.99999	-0.00493	0.00055	0.00493	0.99998	0.00491	-0.00057	-0.00491	0.99999		-6.78166	61.97488	873.97623	179.57137	2.54806	-2.60172	0.73980	0.99798	0.04572	0.04407	0.04535	-0.99893	0.00949	0.04446	-0.00747	-0.99898		501.54677	4.13074	39.12861	0.92101	-0.22931	0.61944	0.39256	0.99993	0.01075	0.00418	-0.01081	0.99981	0.01603	-0.00400	-0.01607	0.99986	
88	0.87000	-0.05793	2.16520	0.46002	0.28888	-0.02386	-0.28534	0.46370	0.99999	-0.00498	0.00039	0.00498	0.99998	0.00504	-0.00042	-0.00504	0.99999		-6.90359	62.07326	873.93237	179.56001	2.53369	-2.62040	0.73589	0.99798	0.04606	0.04381	0.04567	-0.99891	0.00969	0.04421	-0.00767	-0.99899		501.54675	4.18040	39.19714	0.93388	-0.23188	0.60151	0.38632	0.99994	0.01043	0.00422	-0.01050	0.99981	0.01626	-0.00405	-0.01630	0.99986	
89	0.88000	-0.06514	2.16023	0.47705	0.26668	-0.01815	-0.28490	0.46579	0.99999	-0.00497	0.00029	0.00497	0.99998	0.00466	-0.00032	-0.00465	0.99999		-6.96248	61.72398	873.93850	179.57146	2.53484	-2.60650	0.73302	0.99799	0.04581	0.04384	0.04543	-0.99892	0.00948	0.04423	-0.00747	-0.99899		501.55105	4.15459	39.22376	0.94365	-0.23721	0.60269	0.38578	0.99994	0.01045	0.00431	-0.01052	0.99981	0.01642	-0.00414	-0.01647	0.99986	
90	0.89000	-0.05586	2.16596	0.45324	0.28157	-0.02686	-0.28491	0.46547	0.99999	-0.00497	0.00044	0.00497	0.99998	0.00492	-0.00047	-0.00491	0.99999		-6.81423	61.93099	873.95256	179.56665	2.53176	-2.59822	0.73756	0.99800	0.04566	0.04378	0.04529	-0.99893	0.00956	0.04417	-0.00756	-0.99900		501.54741	4.14145	39.16538	0.90364	-0.23627	0.62152	0.38905	0.99993	0.01078	0.00429	-0.01085	0.99982	0.01573	-0.00412	-0.01577	0.99987	
91	0.90000	-0.05199	2.16598	0.45061	0.27577	-0.02935	-0.28391	0.46561	0.99999	-0.00496	0.00049	0.00496	0.99998	0.00481	-0.00051	-0.00481	0.99999		-6.77336	61.84300	873.95953	179.57646	2.52056	-2.60292	0.74150	0.99800	0.04574	0.04360	0.04537	-0.99893	0.00938	0.04398	-0.00738	-0.99901		501.54898	4.15335	39.15450	0.94100	-0.22834	0.59968	0.39261	0.99994	0.01040	0.00416	-0.01047	0.99981	0.01638	-0.00399	-0.01642	0.99986	
92	0.91000	-0.05324	2.15730	0.48085	0.26352	-0.01599	-0.28303	0.46357	0.99999	-0.00494	0.00026	0.00494	0.99998	0.00460	-0.00028	-0.00460	0.99999		-6.96763	61.66735	873.94627	179.58409	2.54113	-2.60924	0.73497	0.99798	0.04584	0.04396	0.04548	-0.99892	0.00927	0.04434	-0.00725	-0.99899		501.54304	4.14441	39.23605	0.94585	-0.25010	0.59704	0.39166	0.99994	0.01035	0.00454	-0.01042	0.99981	0.01646	-0.00437	-0.01651	0.99985	
93	0.92000	-0.05124	2.17411	0.46421	0.28161	-0.02227	-0.28710	0.46507	0.99999	-0.00501	0.00036	0.00501	0.99998	0.00492	-0.00039	-0.00491	0.99999		-6.88553	61.92798	873.93686	179.56532	2.53087	-2.61383	0.74026	0.99799	0.04594	0.04376	0.04556	-0.99892	0.00959	0.04416	-0.00758	-0.99900		501.53668	4.15844	39.21569	0.91525	-0.21623	0.61388	0.38695	0.99994	0.01065	0.00394	-0.01071	0.99982	0.01593	-0.00377	-0.01597	0.99987	
94	0.93000	-0.05648	2.17237	0.44808	0.28064	-0.02845	-0.28981	0.46771	0.99999	-0.00506	0.00047	0.00506	0.99998	0.00490	-0.00050	-0.00490	0.99999		-6.79988	61.91159	873.95692	179.57211	2.52834	-2.60768	0.74121	0.99799	0.04582	0.04373	0.04545	-0.99892	0.00947	0.04411	-0.00746	-0.99900		501.54098	4.16381	39.16358	0.89322	-0.22026	0.63824	0.39168	0.99993	0.01108	0.00402	-0.01114	0.99982	0.01555	-0.00384	-0.01559	0.99987	
