1	0.00000	0.05558	2.00508	0.55225	-0.03758	-0.16865	-0.23986	0.52628	0.99999	-0.00418	0.00295	0.00419	0.99999	-0.00064	-0.00294	0.00066	0.99999		-4.65370	57.43540	874.41915	179.99013	2.36845	-2.59661	0.71707	0.99812	0.04531	0.04128	0.04527	-0.99897	0.00204	0.04133	-0.00017	-0.99915		501.64761	3.92635	37.74832	1.26910	-0.41030	0.52785	0.36975	0.99993	0.00905	0.00736	-0.00921	0.99971	0.02208	-0.00716	-0.02215	0.99973	
2	0.01000	0.05350	1.99949	0.56522	-0.04593	-0.16244	-0.24056	0.52622	0.99999	-0.00420	0.00284	0.00420	0.99999	-0.00079	-0.00284	0.00080	1.00000		-4.68940	57.30259	874.43065	-179.99768	2.38468	-2.59869	0.71764	0.99811	0.04534	0.04157	0.04530	-0.99897	0.00185	0.04161	0.00004	-0.99913		501.63010	3.91903	37.80645	1.25972	-0.39416	0.54307	0.36580	0.99993	0.00932	0.00709	-0.00948	0.99971	0.02192	-0.00688	-0.02198	0.99973	
3	0.02000	0.04429	1.99473	0.57952	-0.04685	-0.15393	-0.23953	0.53041	0.99999	-0.00418	0.00269	0.00418	0.99999	-0.00081	-0.00269	0.00082	1.00000		-4.75996	57.28765	874.42276	-179.99336	2.38395	-2.60213	0.72014	0.99810	0.04540	0.04156	0.04536	-0.99897	0.00177	0.04160	0.00012	-0.99913		501.63727	3.91576	37.85823	1.25759	-0.41368	0.53837	0.36928	0.99993	0.00924	0.00742	-0.00940	0.99972	0.02188	-0.00722	-0.02195	0.99973	
4	0.03000	0.00655	2.10400	0.73826	0.05609	-0.05151	-0.27063	0.55685	0.99999	-0.00472	0.00089	0.00472	0.99999	0.00098	-0.00090	-0.00098	1.00000		-6.23402	58.52280	874.12249	179.84430	2.52528	-2.56231	0.68869	0.99803	0.04483	0.04389	0.04466	-0.99899	0.00468	0.04406	-0.00272	-0.99903		501.61702	3.88606	38.68047	0.90871	-0.29979	1.00263	0.27227	0.99983	0.01741	0.00551	-0.01750	0.99972	0.01577	-0.00523	-0.01586	0.99986	
5	0.04000	0.00314	2.12644	0.72796	0.06441	-0.04974	-0.27853	0.55728	0.99999	-0.00486	0.00086	0.00486	0.99999	0.00113	-0.00087	-0.00112	1.00000		-6.23881	58.60717	874.13560	179.84164	2.53212	-2.56696	0.68769	0.99802	0.04491	0.04401	0.04474	-0.99899	0.00474	0.04418	-0.00276	-0.99902		501.54991	4.31243	38.73710	1.23043	-0.22607	0.57062	0.37163	0.99994	0.00987	0.00416	-0.00996	0.99972	0.02143	-0.00395	-0.02147	0.99976	
6	0.05000	0.25725	2.70245	0.04926	0.78152	-0.99389	-0.48164	0.65139	0.99981	-0.00864	0.01723	0.00840	0.99987	0.01378	-0.01735	-0.01364	0.99976		7.32772	68.90312	874.13409	179.16032	1.53002	-2.65280	0.63285	0.99857	0.04667	0.02599	0.04627	-0.99880	0.01587	0.02670	-0.01465	-0.99954		501.81758	5.88289	31.61849	0.26150	0.76841	1.00048	0.37630	0.99976	0.01752	-0.01333	-0.01746	0.99984	0.00480	0.01341	-0.00456	0.99990	
7	0.06000	-0.06447	2.19812	0.67984	0.26427	-0.03407	-0.30121	0.49579	0.99999	-0.00526	0.00057	0.00526	0.99998	0.00461	-0.00059	-0.00461	0.99999		-6.57711	61.54065	873.83344	179.59454	2.48604	-2.61149	0.72519	0.99802	0.04587	0.04301	0.04552	-0.99892	0.00905	0.04338	-0.00707	-0.99903		501.47408	4.46105	39.08025	0.91781	-0.29627	0.77011	0.44825	0.99990	0.01336	0.00539	-0.01344	0.99978	0.01595	-0.00517	-0.01602	0.99986	
8	0.07000	-0.06102	2.17701	0.62592	0.27423	-0.03935	-0.29253	0.48921	0.99999	-0.00511	0.00066	0.00511	0.99998	0.00479	-0.00069	-0.00479	0.99999		-6.52132	61.68840	873.88201	179.58656	2.49068	-2.59966	0.72559	0.99803	0.04567	0.04308	0.04531	-0.99893	0.00918	0.04346	-0.00721	-0.99903		501.45826	4.47415	39.04945	0.95333	-0.21843	0.63833	0.39905	0.99993	0.01108	0.00400	-0.01114	0.99980	0.01659	-0.00381	-0.01664	0.99985	
9	0.08000	-0.07414	2.19036	0.62508	0.26915	-0.02845	-0.29608	0.48195	0.99999	-0.00517	0.00047	0.00517	0.99998	0.00470	-0.00050	-0.00470	0.99999		-6.71731	61.59371	873.89545	179.59959	2.51129	-2.61060	0.72903	0.99800	0.04585	0.04345	0.04550	-0.99892	0.00898	0.04382	-0.00698	-0.99902		501.51194	4.13505	39.10644	0.66695	-0.30197	1.06941	0.30742	0.99981	0.01860	0.00549	-0.01866	0.99976	0.01154	-0.00527	-0.01164	0.99992	
10	0.09000	-0.07923	2.18865	0.60158	0.26840	-0.02961	-0.29809	0.48125	0.99999	-0.00520	0.00049	0.00520	0.99998	0.00469	-0.00052	-0.00468	0.99999		-6.73343	61.56424	873.88947	179.58113	2.51041	-2.61954	0.73338	0.99800	0.04602	0.04342	0.04566	-0.99891	0.00930	0.04380	-0.00730	-0.99901		501.44291	4.49804	39.14033	0.96860	-0.22523	0.64071	0.39309	0.99993	0.01111	0.00412	-0.01118	0.99980	0.01686	-0.00393	-0.01690	0.99985	
11	0.10000	-0.08563	2.19518	0.60344	0.26435	-0.02508	-0.30067	0.47557	0.99999	-0.00525	0.00041	0.00525	0.99998	0.00462	-0.00044	-0.00461	0.99999		-6.82567	61.53772	873.91427	179.59187	2.52250	-2.62634	0.73030	0.99798	0.04613	0.04364	0.04578	-0.99891	0.00913	0.04401	-0.00712	-0.99901		501.45793	4.11089	39.23956	0.66597	-0.20450	1.13867	0.28428	0.99980	0.01983	0.00380	-0.01987	0.99974	0.01155	-0.00357	-0.01162	0.99993	
12	0.11000	-0.08749	2.19573	0.57295	0.27148	-0.03333	-0.29809	0.47410	0.99999	-0.00521	0.00056	0.00520	0.99998	0.00474	-0.00058	-0.00474	0.99999		-6.71587	61.64531	873.92856	179.58543	2.51425	-2.61451	0.73025	0.99800	0.04593	0.04349	0.04557	-0.99892	0.00923	0.04387	-0.00723	-0.99901		501.44849	4.47157	39.10986	0.93801	-0.23796	0.64143	0.39650	0.99993	0.01113	0.00434	-0.01119	0.99980	0.01632	-0.00415	-0.01637	0.99986	
13	0.12000	-0.08521	2.21034	0.56156	0.29226	-0.03716	-0.30001	0.47488	0.99999	-0.00524	0.00062	0.00524	0.99997	0.00510	-0.00065	-0.00510	0.99999		-6.67258	61.98972	873.92236	179.56180	2.51271	-2.63658	0.73573	0.99798	0.04633	0.04344	0.04596	-0.99890	0.00966	0.04384	-0.00764	-0.99901		501.44255	4.49178	39.08643	0.93909	-0.22674	0.63974	0.39462	0.99993	0.01110	0.00414	-0.01117	0.99980	0.01634	-0.00396	-0.01639	0.99986	
14	0.13000	-0.07753	2.20865	0.55554	0.28391	-0.03616	-0.29929	0.47721	0.99999	-0.00523	0.00061	0.00522	0.99997	0.00496	-0.00063	-0.00496	0.99999		-6.68973	61.88369	873.92981	179.57484	2.51281	-2.63132	0.73374	0.99799	0.04623	0.04345	0.04586	-0.99890	0.00943	0.04384	-0.00741	-0.99901		501.42976	4.48291	39.09691	0.94116	-0.21650	0.63225	0.39560	0.99993	0.01097	0.00396	-0.01103	0.99980	0.01638	-0.00378	-0.01643	0.99986	
15	0.14000	-0.07520	2.20934	0.56397	0.28878	-0.02989	-0.29723	0.47279	0.99999	-0.00519	0.00050	0.00519	0.99997	0.00504	-0.00052	-0.00504	0.99999		-6.77261	62.00568	873.89909	179.57149	2.51313	-2.63247	0.72789	0.99798	0.04626	0.04346	0.04588	-0.99890	0.00948	0.04385	-0.00747	-0.99901		501.43595	4.48191	39.12589	0.95087	-0.24365	0.61875	0.39901	0.99993	0.01073	0.00443	-0.01080	0.99980	0.01655	-0.00425	-0.01659	0.99985	
16	0.15000	-0.06884	2.20051	0.54552	0.28485	-0.03414	-0.29266	0.46857	0.99999	-0.00511	0.00057	0.00511	0.99997	0.00497	-0.00060	-0.00497	0.99999		-6.67005	61.95945	873.92288	179.57341	2.50709	-2.62031	0.73014	0.99800	0.04604	0.04336	0.04567	-0.99891	0.00944	0.04374	-0.00744	-0.99902		501.41878	4.43632	39.12629	0.94619	-0.20780	0.63789	0.39485	0.99993	0.01107	0.00381	-0.01113	0.99980	0.01647	-0.00363	-0.01651	0.99986	
17	0.16000	-0.07229	2.19873	0.57931	0.27928	-0.02022	-0.29415	0.46613	0.99999	-0.00514	0.00033	0.00513	0.99998	0.00488	-0.00035	-0.00487	0.99999		-6.83879	61.89866	873.90390	179.57149	2.52284	-2.61684	0.74035	0.99799	0.04598	0.04363	0.04561	-0.99891	0.00948	0.04402	-0.00747	-0.99900		501.41787	4.45569	39.19863	0.95719	-0.24092	0.61524	0.39395	0.99993	0.01067	0.00438	-0.01074	0.99980	0.01666	-0.00420	-0.01671	0.99985	
18	0.17000	-0.07536	2.19977	0.53979	0.28699	-0.03282	-0.29346	0.46702	0.99999	-0.00512	0.00055	0.00512	0.99997	0.00501	-0.00057	-0.00501	0.99999		-6.60422	62.03789	873.93292	179.56471	2.50754	-2.61556	0.73201	0.99800	0.04596	0.04336	0.04559	-0.99891	0.00959	0.04375	-0.00759	-0.99901		501.42975	4.45181	39.11738	0.94887	-0.23214	0.61661	0.40099	0.99993	0.01069	0.00423	-0.01076	0.99981	0.01652	-0.00405	-0.01656	0.99985	
19	0.18000	-0.07728	2.20437	0.55683	0.28416	-0.02678	-0.29815	0.46763	0.99999	-0.00521	0.00044	0.00520	0.99997	0.00496	-0.00047	-0.00496	0.99999		-6.67281	61.98627	873.91542	179.57120	2.51561	-2.61899	0.73972	0.99799	0.04602	0.04350	0.04565	-0.99891	0.00948	0.04389	-0.00748	-0.99901		501.42423	4.48834	39.14956	0.94481	-0.23351	0.60796	0.39810	0.99994	0.01054	0.00425	-0.01061	0.99981	0.01645	-0.00408	-0.01649	0.99986	
20	0.19000	-0.08287	2.19274	0.54270	0.28353	-0.02956	-0.29213	0.46717	0.99999	-0.00510	0.00049	0.00510	0.99997	0.00495	-0.00052	-0.00495	0.99999		-6.61556	61.98692	873.92066	179.56413	2.50040	-2.61859	0.73529	0.99800	0.04602	0.04323	0.04564	-0.99891	0.00959	0.04363	-0.00760	-0.99902		501.42926	4.43596	39.14214	0.94162	-0.22595	0.62194	0.39521	0.99993	0.01079	0.00412	-0.01085	0.99981	0.01639	-0.00394	-0.01643	0.99986	
21	0.20000	-0.08312	2.19104	0.56047	0.28990	-0.02285	-0.29004	0.46469	0.99999	-0.00506	0.00037	0.00506	0.99997	0.00506	-0.00040	-0.00506	0.99999		-6.78001	62.18659	873.83738	179.58530	2.44697	-2.70552	0.73982	0.99797	0.04751	0.04230	0.04716	-0.99884	0.00925	0.04269	-0.00723	-0.99906		501.42565	4.43363	39.18180	0.94799	-0.23283	0.61256	0.39533	0.99993	0.01062	0.00424	-0.01069	0.99981	0.01650	-0.00406	-0.01654	0.99985	
22	0.21000	-0.07394	2.20498	0.53308	0.28787	-0.03525	-0.29628	0.46644	0.99999	-0.00517	0.00059	0.00517	0.99997	0.00503	-0.00062	-0.00502	0.99999		-6.57836	61.99694	873.93648	179.56572	2.50535	-2.62230	0.73946	0.99800	0.04608	0.04332	0.04571	-0.99891	0.00957	0.04371	-0.00757	-0.99902		501.42773	4.48437	39.09432	0.94708	-0.22410	0.61143	0.39183	0.99994	0.01061	0.00409	-0.01067	0.99981	0.01649	-0.00391	-0.01653	0.99986	
23	0.22000	-0.07476	2.20920	0.53622	0.28277	-0.03273	-0.29698	0.46469	0.99999	-0.00519	0.00055	0.00518	0.99997	0.00494	-0.00057	-0.00494	0.99999		-6.67596	61.91684	873.91427	179.58838	2.49587	-2.63714	0.73351	0.99799	0.04632	0.04317	0.04597	-0.99890	0.00918	0.04355	-0.00718	-0.99903		501.43995	4.49040	39.11832	0.97008	-0.22781	0.61194	0.39718	0.99994	0.01061	0.00416	-0.01068	0.99980	0.01689	-0.00398	-0.01693	0.99985	
24	0.23000	-0.07009	2.22057	0.52548	0.28711	-0.03739	-0.30232	0.46928	0.99999	-0.00528	0.00063	0.00528	0.99997	0.00501	-0.00065	-0.00501	0.99999		-6.64948	61.94054	873.93437	179.58159	2.50530	-2.64716	0.72901	0.99798	0.04650	0.04333	0.04614	-0.99889	0.00931	0.04371	-0.00730	-0.99902		501.44500	4.53687	39.09254	0.95743	-0.22771	0.61129	0.39582	0.99994	0.01060	0.00415	-0.01067	0.99980	0.01667	-0.00397	-0.01671	0.99985	
25	0.24000	-0.07357	2.22424	0.51707	0.28643	-0.03949	-0.30432	0.47015	0.99999	-0.00531	0.00066	0.00531	0.99997	0.00500	-0.00069	-0.00500	0.99999		-6.63022	61.87298	873.97076	179.57408	2.51671	-2.63428	0.73628	0.99798	0.04629	0.04352	0.04592	-0.99890	0.00944	0.04391	-0.00743	-0.99901		501.45323	4.53923	39.08428	0.94687	-0.22693	0.62501	0.39239	0.99993	0.01084	0.00414	-0.01091	0.99980	0.01648	-0.00396	-0.01653	0.99986	
26	0.25000	-0.07724	2.20899	0.54273	0.28019	-0.02807	-0.29926	0.46762	0.99999	-0.00523	0.00046	0.00522	0.99997	0.00489	-0.00049	-0.00489	0.99999		-6.85584	61.88516	873.90121	179.61078	2.46968	-2.70723	0.73734	0.99796	0.04752	0.04272	0.04719	-0.99885	0.00882	0.04309	-0.00679	-0.99905		501.44292	4.50941	39.15456	0.95689	-0.23370	0.60842	0.39639	0.99994	0.01055	0.00426	-0.01062	0.99980	0.01666	-0.00408	-0.01670	0.99985	
27	0.26000	-0.08455	2.19736	0.53707	0.28555	-0.02671	-0.29584	0.46583	0.99999	-0.00517	0.00044	0.00516	0.99997	0.00499	-0.00047	-0.00498	0.99999		-6.81357	61.87848	873.96132	179.59578	2.53492	-2.63536	0.73213	0.99796	0.04629	0.04386	0.04593	-0.99890	0.00908	0.04423	-0.00705	-0.99900		501.49118	4.10113	39.14555	0.62557	-0.29792	1.07650	0.29699	0.99981	0.01873	0.00540	-0.01879	0.99976	0.01082	-0.00520	-0.01092	0.99993	
28	0.27000	-0.08227	2.19376	0.54543	0.28487	-0.02736	-0.29437	0.46988	0.99999	-0.00514	0.00045	0.00514	0.99997	0.00497	-0.00048	-0.00497	0.99999		-6.79980	61.88328	873.92243	179.60144	2.51338	-2.63344	0.73335	0.99798	0.04625	0.04349	0.04590	-0.99891	0.00896	0.04385	-0.00695	-0.99901		501.43556	4.45759	39.15793	0.94223	-0.23980	0.62793	0.38945	0.99993	0.01089	0.00436	-0.01096	0.99981	0.01640	-0.00419	-0.01644	0.99986	
29	0.28000	-0.08134	2.20385	0.53594	0.27872	-0.03231	-0.29860	0.46960	0.99999	-0.00521	0.00054	0.00521	0.99997	0.00487	-0.00056	-0.00486	0.99999		-6.70567	61.77252	873.94424	179.60445	2.50942	-2.63260	0.73121	0.99799	0.04623	0.04342	0.04589	-0.99891	0.00891	0.04378	-0.00690	-0.99902		501.43261	4.48082	39.13733	0.95280	-0.21855	0.62683	0.39711	0.99993	0.01088	0.00400	-0.01094	0.99980	0.01659	-0.00381	-0.01663	0.99985	
30	0.29000	-0.07749	2.20787	0.54778	0.29106	-0.02463	-0.29679	0.46822	0.99999	-0.00518	0.00040	0.00518	0.99997	0.00508	-0.00043	-0.00508	0.99999		-6.78459	61.95508	873.92385	179.57678	2.52150	-2.62974	0.73607	0.99798	0.04620	0.04361	0.04584	-0.99890	0.00940	0.04399	-0.00738	-0.99900		501.44788	4.47925	39.17897	0.94663	-0.25121	0.62526	0.39678	0.99993	0.01084	0.00456	-0.01091	0.99980	0.01647	-0.00438	-0.01652	0.99985	
31	0.30000	-0.07578	2.19751	0.54749	0.27542	-0.02428	-0.29398	0.46990	0.99999	-0.00513	0.00040	0.00513	0.99998	0.00481	-0.00042	-0.00481	0.99999		-6.76248	61.75676	873.94486	179.59325	2.51980	-2.62688	0.74017	0.99798	0.04614	0.04359	0.04579	-0.99891	0.00911	0.04396	-0.00709	-0.99901		501.45020	4.48296	39.18610	0.98373	-0.24364	0.59695	0.39385	0.99994	0.01034	0.00443	-0.01042	0.99980	0.01712	-0.00425	-0.01717	0.99984	
32	0.31000	-0.06527	2.20471	0.51089	0.28751	-0.03897	-0.29663	0.47158	0.99999	-0.00518	0.00065	0.00518	0.99997	0.00502	-0.00068	-0.00502	0.99999		-6.51755	61.97207	873.97892	179.58617	2.51318	-2.63794	0.73903	0.99798	0.04634	0.04347	0.04598	-0.99890	0.00923	0.04385	-0.00722	-0.99901		501.44871	4.49147	39.09168	0.95862	-0.23513	0.61472	0.40091	0.99993	0.01066	0.00428	-0.01073	0.99980	0.01669	-0.00410	-0.01673	0.99985	
33	0.32000	-0.06679	2.21519	0.53655	0.28722	-0.03239	-0.29971	0.46807	0.99999	-0.00523	0.00054	0.00523	0.99997	0.00502	-0.00057	-0.00501	0.99999		-6.61033	61.96509	873.92190	179.57414	2.50462	-2.63755	0.73717	0.99799	0.04634	0.04331	0.04597	-0.99890	0.00944	0.04370	-0.00743	-0.99902		501.44220	4.50031	39.12527	0.94309	-0.24277	0.61497	0.39429	0.99993	0.01066	0.00441	-0.01073	0.99981	0.01641	-0.00424	-0.01646	0.99986	
34	0.33000	-0.07386	2.20493	0.53299	0.28327	-0.02972	-0.29693	0.46726	0.99999	-0.00518	0.00049	0.00518	0.99997	0.00495	-0.00052	-0.00494	0.99999		-6.64794	61.94913	873.92812	179.57939	2.50614	-2.63049	0.72725	0.99799	0.04621	0.04334	0.04585	-0.99890	0.00934	0.04373	-0.00733	-0.99902		501.49523	4.11558	39.12740	0.63275	-0.29325	1.07561	0.29179	0.99981	0.01871	0.00532	-0.01877	0.99976	0.01095	-0.00512	-0.01104	0.99993	
35	0.34000	-0.08109	2.20249	0.53005	0.29369	-0.03175	-0.29272	0.46690	0.99999	-0.00511	0.00053	0.00511	0.99997	0.00513	-0.00055	-0.00513	0.99999		-6.61012	62.10359	873.93626	179.55682	2.51499	-2.61833	0.73541	0.99799	0.04602	0.04348	0.04564	-0.99891	0.00973	0.04388	-0.00773	-0.99901		501.49380	4.08517	39.12336	0.63205	-0.27698	1.07991	0.29422	0.99981	0.01879	0.00504	-0.01885	0.99976	0.01094	-0.00483	-0.01103	0.99993	
36	0.35000	-0.08372	2.19820	0.55838	0.27859	-0.01962	-0.29375	0.46427	0.99999	-0.00513	0.00032	0.00513	0.99998	0.00486	-0.00034	-0.00486	0.99999		-6.82205	61.88774	873.92252	179.57532	2.52709	-2.62200	0.73534	0.99798	0.04607	0.04371	0.04570	-0.99891	0.00942	0.04409	-0.00740	-0.99900		501.44197	4.47204	39.21134	0.97853	-0.25110	0.60471	0.39342	0.99993	0.01048	0.00456	-0.01055	0.99980	0.01703	-0.00438	-0.01708	0.99984	
37	0.36000	-0.08161	2.22413	0.52606	0.28959	-0.03215	-0.30151	0.46628	0.99999	-0.00526	0.00054	0.00526	0.99997	0.00506	-0.00056	-0.00505	0.99999		-6.67530	62.04311	873.93474	179.55751	2.51484	-2.63979	0.73257	0.99798	0.04639	0.04347	0.04601	-0.99889	0.00974	0.04388	-0.00772	-0.99901		501.44120	4.50225	39.13985	0.94705	-0.23124	0.62662	0.39339	0.99993	0.01087	0.00422	-0.01094	0.99980	0.01648	-0.00404	-0.01653	0.99986	
38	0.37000	-0.07886	2.22736	0.50947	0.30218	-0.03952	-0.30168	0.46847	0.99999	-0.00527	0.00066	0.00527	0.99997	0.00528	-0.00069	-0.00527	0.99999		-6.61357	62.24892	873.91946	179.55812	2.49909	-2.64427	0.72777	0.99799	0.04647	0.04320	0.04609	-0.99889	0.00972	0.04360	-0.00770	-0.99902		501.50635	4.14861	39.06690	0.62675	-0.29400	1.07647	0.29612	0.99981	0.01873	0.00534	-0.01879	0.99976	0.01084	-0.00513	-0.01094	0.99993	
39	0.38000	-0.07504	2.21358	0.51812	0.27827	-0.03672	-0.29841	0.46339	0.99999	-0.00521	0.00062	0.00521	0.99997	0.00486	-0.00064	-0.00486	0.99999		-6.67204	61.85340	873.96117	179.57497	2.52354	-2.62945	0.74226	0.99798	0.04620	0.04364	0.04583	-0.99890	0.00943	0.04403	-0.00741	-0.99900		501.44614	4.50006	39.09739	0.97046	-0.23328	0.60163	0.38793	0.99994	0.01043	0.00425	-0.01050	0.99980	0.01689	-0.00407	-0.01694	0.99985	
40	0.39000	-0.07514	2.21948	0.52589	0.29164	-0.03152	-0.30114	0.46853	0.99999	-0.00526	0.00052	0.00526	0.99997	0.00509	-0.00055	-0.00509	0.99999		-6.77916	62.05403	873.93245	179.56976	2.51415	-2.64150	0.73971	0.99798	0.04641	0.04347	0.04604	-0.99889	0.00952	0.04387	-0.00750	-0.99901		501.43667	4.49610	39.13691	0.91837	-0.23397	0.63101	0.39679	0.99993	0.01095	0.00426	-0.01101	0.99981	0.01598	-0.00408	-0.01603	0.99986	
41	0.40000	-0.07275	2.20035	0.51630	0.28265	-0.03719	-0.29420	0.46838	0.99999	-0.00514	0.00062	0.00513	0.99997	0.00494	-0.00065	-0.00493	0.99999		-6.68630	61.93334	873.94537	179.58653	2.50860	-2.63562	0.73868	0.99798	0.04630	0.04339	0.04594	-0.99890	0.00922	0.04377	-0.00721	-0.99902		501.44601	4.47936	39.09035	0.96676	-0.23851	0.59609	0.39424	0.99994	0.01033	0.00434	-0.01040	0.99980	0.01683	-0.00416	-0.01687	0.99985	
42	0.41000	-0.08110	2.20719	0.52020	0.28460	-0.03325	-0.29677	0.46695	0.99999	-0.00518	0.00056	0.00518	0.99997	0.00497	-0.00058	-0.00497	0.99999		-6.71401	61.91355	873.95914	179.57748	2.52043	-2.63394	0.73875	0.99798	0.04628	0.04359	0.04591	-0.99890	0.00939	0.04398	-0.00737	-0.99901		501.44760	4.48792	39.12567	0.96679	-0.24791	0.60224	0.39500	0.99994	0.01044	0.00450	-0.01051	0.99980	0.01683	-0.00433	-0.01687	0.99985	
43	0.42000	-0.08603	2.20876	0.53662	0.27751	-0.02728	-0.30030	0.46739	0.99999	-0.00524	0.00045	0.00524	0.99997	0.00485	-0.00048	-0.00484	0.99999		-6.77677	61.78653	873.95072	179.57784	2.52579	-2.63866	0.73596	0.99797	0.04636	0.04368	0.04599	-0.99890	0.00939	0.04407	-0.00736	-0.99900		501.45220	4.50979	39.15486	0.96200	-0.25582	0.60539	0.39741	0.99993	0.01049	0.00464	-0.01057	0.99980	0.01674	-0.00446	-0.01679	0.99985	
44	0.43000	-0.08244	2.21073	0.51040	0.29474	-0.03666	-0.29666	0.46629	0.99999	-0.00518	0.00061	0.00518	0.99997	0.00515	-0.00064	-0.00514	0.99999		-6.59828	62.04648	873.95816	179.56659	2.51061	-2.64371	0.73500	0.99798	0.04645	0.04341	0.04608	-0.99889	0.00958	0.04380	-0.00756	-0.99901		501.44379	4.48721	39.10447	0.95057	-0.23098	0.60276	0.39726	0.99994	0.01045	0.00421	-0.01052	0.99981	0.01655	-0.00403	-0.01659	0.99985	
45	0.44000	-0.08311	2.20892	0.53090	0.27629	-0.02831	-0.29993	0.46406	0.99999	-0.00524	0.00047	0.00523	0.99997	0.00482	-0.00049	-0.00482	0.99999		-6.69650	61.73071	873.96651	179.58633	2.52354	-2.63317	0.73716	0.99798	0.04626	0.04365	0.04590	-0.99890	0.00923	0.04403	-0.00721	-0.99900		501.43775	4.50356	39.15731	0.96218	-0.24118	0.60789	0.39164	0.99993	0.01054	0.00439	-0.01061	0.99980	0.01675	-0.00421	-0.01679	0.99985	
46	0.45000	-0.08030	2.22621	0.53938	0.28315	-0.02485	-0.30128	0.46583	0.99999	-0.00526	0.00041	0.00526	0.99997	0.00494	-0.00043	-0.00494	0.99999		-6.74418	61.84304	873.93239	179.59053	2.51038	-2.64353	0.73133	0.99798	0.04643	0.04342	0.04608	-0.99890	0.00916	0.04380	-0.00714	-0.99901		501.44040	4.50690	39.18242	0.96301	-0.24362	0.60439	0.39311	0.99994	0.01048	0.00443	-0.01055	0.99980	0.01676	-0.00425	-0.01681	0.99985	
47	0.46000	-0.07007	2.21553	0.51740	0.28902	-0.03430	-0.29863	0.46585	0.99999	-0.00521	0.00057	0.00521	0.99997	0.00505	-0.00060	-0.00504	0.99999		-6.59622	61.93968	873.95511	179.59174	2.50540	-2.63179	0.74138	0.99799	0.04623	0.04334	0.04587	-0.99891	0.00913	0.04371	-0.00712	-0.99902		501.49178	4.12858	39.10448	0.63586	-0.28620	1.06449	0.29615	0.99981	0.01852	0.00520	-0.01858	0.99977	0.01100	-0.00500	-0.01110	0.99993	
48	0.47000	-0.06716	2.20857	0.49832	0.28283	-0.04008	-0.29564	0.46866	0.99999	-0.00516	0.00067	0.00516	0.99997	0.00494	-0.00070	-0.00494	0.99999		-6.50053	61.83530	873.99997	179.58080	2.50686	-2.63204	0.74607	0.99799	0.04624	0.04336	0.04588	-0.99890	0.00932	0.04374	-0.00731	-0.99902		501.49773	4.08460	39.06295	0.62822	-0.28853	1.08277	0.29035	0.99981	0.01884	0.00524	-0.01890	0.99976	0.01087	-0.00504	-0.01096	0.99993	
49	0.48000	-0.06875	2.20225	0.52613	0.27882	-0.02896	-0.29416	0.46400	0.99999	-0.00514	0.00048	0.00513	0.99998	0.00487	-0.00051	-0.00487	0.99999		-6.67707	61.80154	873.97171	179.59096	2.52201	-2.63467	0.74403	0.99798	0.04628	0.04363	0.04592	-0.99890	0.00915	0.04400	-0.00713	-0.99901		501.47866	4.07467	39.13321	0.63365	-0.29141	1.08579	0.29104	0.99981	0.01889	0.00529	-0.01895	0.99976	0.01096	-0.00509	-0.01106	0.99993	
50	0.49000	-0.07330	2.21402	0.52156	0.29166	-0.03166	-0.29750	0.46638	0.99999	-0.00519	0.00053	0.00519	0.99997	0.00509	-0.00055	-0.00509	0.99999		-6.65722	61.98735	873.95994	179.57350	2.52114	-2.63542	0.74802	0.99798	0.04631	0.04360	0.04594	-0.99890	0.00946	0.04399	-0.00744	-0.99900		501.43552	4.47790	39.13286	0.94167	-0.23782	0.62135	0.39065	0.99993	0.01077	0.00433	-0.01084	0.99981	0.01639	-0.00415	-0.01643	0.99986	
51	0.50000	-0.08153	2.21157	0.51687	0.28237	-0.03339	-0.29840	0.46734	0.99999	-0.00521	0.00056	0.00521	0.99997	0.00493	-0.00058	-0.00493	0.99999		-6.65489	61.86728	873.95560	179.57968	2.50790	-2.63203	0.73847	0.99799	0.04624	0.04337	0.04588	-0.99890	0.00934	0.04376	-0.00733	-0.99902		501.44237	4.48986	39.12226	0.95422	-0.24099	0.60218	0.39346	0.99994	0.01044	0.00438	-0.01051	0.99981	0.01661	-0.00421	-0.01665	0.99985	
52	0.51000	-0.08715	2.22314	0.51615	0.29666	-0.03276	-0.29994	0.47020	0.99999	-0.00524	0.00055	0.00523	0.99997	0.00518	-0.00057	-0.00518	0.99999		-6.69523	62.08947	873.94884	179.56349	2.51331	-2.63312	0.73539	0.99798	0.04627	0.04345	0.04590	-0.99890	0.00962	0.04385	-0.00761	-0.99901		501.43784	4.49827	39.14553	0.95060	-0.22419	0.61849	0.39585	0.99993	0.01073	0.00409	-0.01079	0.99980	0.01655	-0.00391	-0.01659	0.99985	
53	0.52000	-0.08124	2.21470	0.52826	0.28820	-0.02848	-0.29899	0.46506	0.99999	-0.00522	0.00047	0.00522	0.99997	0.00503	-0.00050	-0.00503	0.99999		-6.78531	61.98817	873.93935	179.56230	2.52340	-2.63936	0.74292	0.99797	0.04638	0.04363	0.04600	-0.99889	0.00966	0.04403	-0.00763	-0.99900		501.48913	4.12184	39.13533	0.63203	-0.30448	1.07780	0.29463	0.99981	0.01875	0.00552	-0.01881	0.99976	0.01093	-0.00531	-0.01103	0.99993	
54	0.53000	-0.07599	2.20866	0.51573	0.28672	-0.03545	-0.29687	0.46585	0.99999	-0.00518	0.00059	0.00518	0.99997	0.00501	-0.00062	-0.00500	0.99999		-6.69708	61.99387	873.95660	179.57613	2.52184	-2.64240	0.73669	0.99797	0.04643	0.04361	0.04606	-0.99889	0.00942	0.04400	-0.00739	-0.99900		501.44368	4.48368	39.10606	0.94628	-0.23573	0.60868	0.39269	0.99994	0.01055	0.00429	-0.01062	0.99981	0.01647	-0.00411	-0.01651	0.99986	
55	0.54000	-0.07268	2.20660	0.51728	0.29152	-0.03384	-0.29524	0.46354	0.99999	-0.00516	0.00056	0.00515	0.99997	0.00509	-0.00059	-0.00509	0.99999		-6.74362	62.08923	873.92377	179.57043	2.50644	-2.63687	0.73287	0.99799	0.04633	0.04334	0.04596	-0.99890	0.00950	0.04373	-0.00749	-0.99902		501.40536	4.45076	39.21578	0.95866	-0.14486	0.63664	0.37839	0.99994	0.01107	0.00271	-0.01111	0.99980	0.01670	-0.00253	-0.01673	0.99986	
56	0.55000	-0.06823	2.22503	0.50084	0.28985	-0.03851	-0.30143	0.46156	0.99999	-0.00526	0.00065	0.00526	0.99997	0.00506	-0.00067	-0.00506	0.99999		-6.71498	62.14413	873.89858	179.58701	2.44820	-2.72617	0.74419	0.99796	0.04787	0.04232	0.04752	-0.99883	0.00923	0.04272	-0.00720	-0.99906		501.43929	4.50045	39.10744	0.92899	-0.22596	0.61667	0.39086	0.99993	0.01070	0.00412	-0.01076	0.99981	0.01617	-0.00394	-0.01621	0.99986	
57	0.56000	-0.07111	2.21987	0.52156	0.28342	-0.03236	-0.30027	0.46581	0.99999	-0.00524	0.00054	0.00524	0.99997	0.00495	-0.00056	-0.00495	0.99999		-6.73094	61.91973	873.91868	179.56053	2.50940	-2.64696	0.73776	0.99798	0.04652	0.04338	0.04614	-0.99889	0.00968	0.04378	-0.00766	-0.99901		501.49279	4.12723	39.11930	0.63483	-0.28944	1.08015	0.29463	0.99981	0.01879	0.00526	-0.01885	0.99976	0.01098	-0.00505	-0.01108	0.99993	
58	0.57000	-0.07893	2.21276	0.50692	0.28690	-0.03594	-0.29674	0.46542	0.99999	-0.00518	0.00060	0.00518	0.99997	0.00501	-0.00063	-0.00501	0.99999		-6.68801	62.10064	873.88839	179.57994	2.44028	-2.71942	0.74436	0.99797	0.04776	0.04218	0.04740	-0.99883	0.00934	0.04258	-0.00732	-0.99907		501.45182	4.47599	39.11245	0.95636	-0.24224	0.61719	0.39240	0.99993	0.01070	0.00441	-0.01077	0.99980	0.01664	-0.00423	-0.01669	0.99985	
59	0.58000	-0.08290	2.21311	0.52370	0.28446	-0.02638	-0.29771	0.46126	0.99999	-0.00520	0.00044	0.00520	0.99997	0.00497	-0.00046	-0.00496	0.99999		-6.73796	61.94313	873.95667	179.57147	2.52742	-2.62517	0.74187	0.99798	0.04613	0.04371	0.04576	-0.99891	0.00949	0.04410	-0.00747	-0.99900		501.43921	4.48874	39.18495	0.95287	-0.24202	0.60417	0.39451	0.99994	0.01047	0.00440	-0.01054	0.99981	0.01658	-0.00422	-0.01663	0.99985	
60	0.59000	-0.08128	2.21355	0.52916	0.28341	-0.02736	-0.30125	0.46666	0.99999	-0.00526	0.00045	0.00526	0.99997	0.00495	-0.00048	-0.00495	0.99999		-6.70193	61.90886	873.94210	179.57495	2.51549	-2.63139	0.73792	0.99798	0.04623	0.04350	0.04587	-0.99890	0.00943	0.04389	-0.00741	-0.99901		501.44173	4.52759	39.16510	0.96103	-0.23932	0.60346	0.39765	0.99994	0.01046	0.00435	-0.01053	0.99980	0.01673	-0.00418	-0.01677	0.99985	
61	0.60000	-0.07199	2.20662	0.51896	0.28177	-0.03104	-0.29698	0.46446	0.99999	-0.00519	0.00052	0.00518	0.99997	0.00492	-0.00054	-0.00492	0.99999		-6.64020	61.87685	873.96947	179.58260	2.51773	-2.62958	0.74040	0.99798	0.04620	0.04355	0.04583	-0.99891	0.00929	0.04393	-0.00728	-0.99901		501.48713	4.12317	39.12477	0.64550	-0.28962	1.06293	0.29413	0.99982	0.01849	0.00526	-0.01855	0.99977	0.01117	-0.00505	-0.01127	0.99992	
62	0.61000	-0.07299	2.21805	0.53200	0.28509	-0.02723	-0.29809	0.46621	0.99999	-0.00520	0.00045	0.00520	0.99997	0.00498	-0.00048	-0.00498	0.99999		-6.69693	61.90112	873.94944	179.58516	2.52223	-2.63057	0.74731	0.99798	0.04621	0.04363	0.04585	-0.99891	0.00925	0.04401	-0.00723	-0.99901		501.44399	4.47836	39.15590	0.94544	-0.24871	0.61855	0.39183	0.99993	0.01072	0.00452	-0.01080	0.99981	0.01645	-0.00434	-0.01650	0.99985	
63	0.62000	-0.07141	2.21716	0.54527	0.27887	-0.02064	-0.29991	0.46328	0.99999	-0.00524	0.00034	0.00523	0.99997	0.00487	-0.00036	-0.00487	0.99999		-6.87022	61.88930	873.88528	179.60306	2.46492	-2.71648	0.74335	0.99795	0.04769	0.04263	0.04735	-0.99884	0.00896	0.04301	-0.00692	-0.99905		501.43417	4.49868	39.20221	0.96920	-0.24724	0.61613	0.39178	0.99993	0.01068	0.00450	-0.01075	0.99980	0.01687	-0.00432	-0.01691	0.99985	
64	0.63000	-0.07016	2.22601	0.51132	0.27919	-0.03480	-0.30151	0.46271	0.99999	-0.00526	0.00058	0.00526	0.99997	0.00488	-0.00061	-0.00487	0.99999		-6.63235	61.77457	873.97490	179.58342	2.51081	-2.64351	0.74017	0.99798	0.04644	0.04342	0.04608	-0.99889	0.00928	0.04381	-0.00726	-0.99901		501.44014	4.49236	39.12203	0.94241	-0.22621	0.62055	0.39157	0.99993	0.01076	0.00413	-0.01083	0.99981	0.01640	-0.00395	-0.01645	0.99986	
65	0.64000	-0.06840	2.20949	0.50950	0.29106	-0.03502	-0.29533	0.46853	0.99999	-0.00516	0.00059	0.00515	0.99997	0.00508	-0.00061	-0.00508	0.99999		-6.63875	61.95490	873.97880	179.57816	2.52391	-2.63056	0.74108	0.99798	0.04622	0.04365	0.04585	-0.99890	0.00938	0.04404	-0.00736	-0.99900		501.43919	4.46348	39.11163	0.93978	-0.24111	0.61198	0.39636	0.99993	0.01061	0.00438	-0.01068	0.99981	0.01636	-0.00421	-0.01640	0.99986	
66	0.65000	-0.07638	2.21370	0.51004	0.28299	-0.03571	-0.29845	0.46563	0.99999	-0.00521	0.00060	0.00521	0.99997	0.00494	-0.00062	-0.00494	0.99999		-6.66216	61.85513	873.96396	179.59061	2.50890	-2.64723	0.73384	0.99798	0.04650	0.04340	0.04614	-0.99889	0.00916	0.04377	-0.00714	-0.99902		501.43700	4.47756	39.11549	0.94846	-0.22747	0.61252	0.39499	0.99994	0.01062	0.00415	-0.01069	0.99981	0.01651	-0.00397	-0.01655	0.99986	
67	0.66000	-0.07507	2.21228	0.52992	0.29114	-0.02821	-0.29709	0.46620	0.99999	-0.00519	0.00047	0.00519	0.99997	0.00508	-0.00049	-0.00508	0.99999		-6.77914	61.96331	873.95235	179.57468	2.52941	-2.63856	0.74091	0.99797	0.04636	0.04374	0.04599	-0.99890	0.00945	0.04413	-0.00742	-0.99900		501.43112	4.46553	39.15446	0.93600	-0.25073	0.61377	0.39764	0.99993	0.01064	0.00455	-0.01071	0.99981	0.01629	-0.00438	-0.01634	0.99986	
68	0.67000	-0.07284	2.22131	0.49645	0.30368	-0.04231	-0.29670	0.46589	0.99999	-0.00518	0.00071	0.00518	0.99997	0.00530	-0.00074	-0.00530	0.99999		-6.58145	62.16242	873.96988	179.56549	2.51527	-2.64351	0.74112	0.99797	0.04645	0.04349	0.04608	-0.99889	0.00960	0.04389	-0.00758	-0.99901		501.42983	4.45365	39.08324	0.91858	-0.21638	0.62220	0.39440	0.99993	0.01080	0.00395	-0.01086	0.99981	0.01599	-0.00378	-0.01603	0.99986	
69	0.68000	-0.07866	2.22795	0.51040	0.29579	-0.03503	-0.30147	0.46466	0.99999	-0.00526	0.00058	0.00526	0.99997	0.00516	-0.00061	-0.00516	0.99999		-6.69032	62.05654	873.95990	179.57156	2.52071	-2.64935	0.73948	0.99796	0.04655	0.04359	0.04618	-0.99889	0.00950	0.04398	-0.00747	-0.99900		501.49259	4.13315	39.09678	0.63349	-0.29560	1.07445	0.29622	0.99981	0.01869	0.00537	-0.01875	0.99976	0.01096	-0.00516	-0.01106	0.99993	
70	0.69000	-0.07452	2.22333	0.53266	0.27862	-0.02505	-0.30217	0.46242	0.99999	-0.00528	0.00041	0.00527	0.99997	0.00486	-0.00044	-0.00486	0.99999		-6.83846	61.79096	873.95648	179.58046	2.53324	-2.63581	0.73592	0.99797	0.04631	0.04381	0.04594	-0.99890	0.00935	0.04420	-0.00732	-0.99900		501.43294	4.50248	39.18502	0.95940	-0.25160	0.60665	0.39764	0.99993	0.01051	0.00457	-0.01059	0.99980	0.01670	-0.00439	-0.01674	0.99985	
71	0.70000	-0.07458	2.22844	0.54170	0.28811	-0.02090	-0.30145	0.46108	0.99999	-0.00526	0.00034	0.00526	0.99997	0.00503	-0.00036	-0.00503	0.99999		-6.89286	61.95922	873.93608	179.57300	2.53624	-2.64330	0.74564	0.99796	0.04645	0.04386	0.04607	-0.99889	0.00949	0.04425	-0.00745	-0.99899		501.49342	4.12705	39.19053	0.62641	-0.31116	1.07339	0.29420	0.99981	0.01867	0.00563	-0.01873	0.99977	0.01083	-0.00543	-0.01093	0.99993	
72	0.71000	-0.07003	2.21998	0.52116	0.28401	-0.02971	-0.29892	0.46365	0.99999	-0.00522	0.00049	0.00522	0.99997	0.00496	-0.00052	-0.00496	0.99999		-6.72717	61.92221	873.95886	179.57426	2.52485	-2.63924	0.74166	0.99797	0.04637	0.04366	0.04600	-0.99890	0.00945	0.04405	-0.00742	-0.99900		501.43516	4.47533	39.16401	0.95993	-0.23780	0.61900	0.39231	0.99993	0.01073	0.00433	-0.01080	0.99980	0.01671	-0.00415	-0.01675	0.99985	
73	0.72000	-0.06853	2.22592	0.51249	0.29441	-0.03328	-0.30182	0.46557	0.99999	-0.00527	0.00055	0.00527	0.99997	0.00514	-0.00058	-0.00514	0.99999		-6.71237	62.18939	873.89201	179.58936	2.46337	-2.71202	0.74636	0.99796	0.04762	0.04259	0.04727	-0.99884	0.00919	0.04298	-0.00716	-0.99905		501.43471	4.50320	39.13446	0.93644	-0.23545	0.61400	0.39244	0.99993	0.01065	0.00428	-0.01072	0.99981	0.01630	-0.00411	-0.01634	0.99986	
74	0.73000	-0.07295	2.23300	0.53502	0.29577	-0.02646	-0.30121	0.46211	0.99999	-0.00526	0.00044	0.00526	0.99997	0.00516	-0.00046	-0.00516	0.99999		-6.74005	62.10879	873.91746	179.55865	2.51876	-2.63628	0.74324	0.99798	0.04633	0.04354	0.04595	-0.99890	0.00972	0.04395	-0.00770	-0.99900		501.48656	4.11028	39.15286	0.60867	-0.30419	1.08642	0.29645	0.99981	0.01890	0.00551	-0.01896	0.99976	0.01052	-0.00531	-0.01062	0.99993	
75	0.74000	-0.07336	2.21962	0.53722	0.27973	-0.02185	-0.29963	0.46010	0.99999	-0.00523	0.00036	0.00523	0.99997	0.00488	-0.00038	-0.00488	0.99999		-6.80391	61.89981	873.91898	179.59741	2.51878	-2.63828	0.73518	0.99797	0.04634	0.04358	0.04599	-0.99890	0.00904	0.04395	-0.00702	-0.99901		501.48954	4.10452	39.18343	0.62859	-0.31420	1.08497	0.29628	0.99981	0.01887	0.00569	-0.01893	0.99976	0.01086	-0.00548	-0.01097	0.99992	
76	0.75000	-0.15412	2.18696	1.12700	0.08224	0.18515	-0.31064	0.52109	0.99998	-0.00542	-0.00324	0.00542	0.99998	0.00142	0.00323	-0.00144	0.99999		-9.87846	58.89110	873.51271	179.78444	2.72608	-2.64238	0.73447	0.99781	0.04628	0.04734	0.04605	-0.99892	0.00595	0.04756	-0.00376	-0.99886		501.36782	4.47852	40.43613	1.16248	-0.46679	0.63094	0.39297	0.99991	0.01084	0.00837	-0.01101	0.99974	0.02020	-0.00815	-0.02029	0.99976	
77	0.76000	-0.08016	2.22263	0.53213	0.29301	-0.02236	-0.29812	0.46435	0.99999	-0.00520	0.00036	0.00520	0.99997	0.00512	-0.00039	-0.00511	0.99999		-6.79727	62.08163	873.92234	179.57053	2.52289	-2.64695	0.74235	0.99796	0.04651	0.04362	0.04614	-0.99889	0.00952	0.04402	-0.00749	-0.99900		501.43979	4.47680	39.21345	0.95111	-0.24944	0.60741	0.39280	0.99993	0.01053	0.00453	-0.01060	0.99981	0.01655	-0.00435	-0.01660	0.99985	
78	0.77000	-0.06978	2.23475	0.52561	0.29494	-0.02903	-0.30320	0.46554	0.99999	-0.00529	0.00048	0.00529	0.99997	0.00515	-0.00051	-0.00515	0.99999		-6.74150	62.10066	873.91079	179.57437	2.50779	-2.64933	0.73517	0.99797	0.04655	0.04336	0.04618	-0.99889	0.00944	0.04376	-0.00742	-0.99901		501.43572	4.52674	39.15772	0.94527	-0.24806	0.59463	0.39618	0.99994	0.01031	0.00450	-0.01038	0.99981	0.01645	-0.00433	-0.01650	0.99985	
79	0.78000	-0.07553	2.22353	0.53029	0.27864	-0.02377	-0.30213	0.46364	0.99999	-0.00527	0.00039	0.00527	0.99997	0.00486	-0.00041	-0.00486	0.99999		-6.83216	61.82384	873.94442	179.57866	2.52420	-2.64992	0.74449	0.99796	0.04656	0.04365	0.04619	-0.99889	0.00938	0.04404	-0.00735	-0.99900		501.44458	4.51047	39.19619	0.97102	-0.26033	0.60651	0.39287	0.99993	0.01051	0.00472	-0.01059	0.99980	0.01690	-0.00454	-0.01695	0.99985	
80	0.79000	-0.07234	2.22169	0.53151	0.28289	-0.02448	-0.30077	0.46354	0.99999	-0.00525	0.00040	0.00525	0.99997	0.00494	-0.00043	-0.00494	0.99999		-6.84096	61.87124	873.94908	179.58136	2.52963	-2.64514	0.74666	0.99796	0.04647	0.04375	0.04611	-0.99889	0.00934	0.04414	-0.00730	-0.99900		501.43148	4.49884	39.18674	0.96200	-0.25283	0.61181	0.39692	0.99993	0.01060	0.00459	-0.01068	0.99980	0.01674	-0.00441	-0.01679	0.99985	
81	0.80000	-0.07261	2.23161	0.51566	0.29771	-0.03092	-0.30274	0.46240	0.99999	-0.00529	0.00051	0.00528	0.99997	0.00520	-0.00054	-0.00520	0.99999		-6.75787	62.08500	873.95012	179.57605	2.52112	-2.65104	0.74171	0.99796	0.04658	0.04360	0.04621	-0.99889	0.00943	0.04399	-0.00739	-0.99900		501.43622	4.51608	39.15552	0.95210	-0.23797	0.60184	0.39184	0.99994	0.01043	0.00433	-0.01050	0.99981	0.01657	-0.00415	-0.01662	0.99985	
82	0.81000	-0.07804	2.24684	0.52131	0.29707	-0.03078	-0.30942	0.46427	0.99999	-0.00540	0.00051	0.00540	0.99997	0.00519	-0.00054	-0.00518	0.99999		-6.76132	62.03045	873.94725	179.56532	2.52634	-2.65496	0.74152	0.99796	0.04665	0.04368	0.04628	-0.99888	0.00962	0.04408	-0.00758	-0.99900		501.48414	4.16349	39.12495	0.60266	-0.29051	1.10447	0.29796	0.99980	0.01922	0.00527	-0.01928	0.99976	0.01042	-0.00507	-0.01052	0.99993	
83	0.82000	-0.07814	2.22420	0.52397	0.28402	-0.02791	-0.30132	0.46467	0.99999	-0.00526	0.00046	0.00526	0.99997	0.00496	-0.00049	-0.00496	0.99999		-6.78576	61.85680	873.96606	179.59177	2.52973	-2.64688	0.73902	0.99796	0.04649	0.04376	0.04614	-0.99889	0.00916	0.04414	-0.00712	-0.99900		501.43352	4.51210	39.17048	0.97627	-0.24333	0.59982	0.39097	0.99994	0.01039	0.00442	-0.01047	0.99980	0.01699	-0.00425	-0.01704	0.99985	
84	0.83000	-0.07423	2.21822	0.51805	0.28423	-0.03283	-0.29893	0.46456	0.99999	-0.00522	0.00055	0.00522	0.99997	0.00496	-0.00057	-0.00496	0.99999		-6.70280	61.84640	873.96875	179.58403	2.52231	-2.63239	0.74432	0.99798	0.04625	0.04363	0.04588	-0.99890	0.00927	0.04401	-0.00725	-0.99900		501.43672	4.49472	39.11875	0.96657	-0.25043	0.59869	0.39806	0.99994	0.01037	0.00455	-0.01045	0.99980	0.01682	-0.00437	-0.01687	0.99985	
85	0.84000	-0.08026	2.22706	0.51601	0.27770	-0.03095	-0.30196	0.46275	0.99999	-0.00527	0.00052	0.00527	0.99997	0.00485	-0.00054	-0.00485	0.99999		-6.71922	61.76574	873.96244	179.59467	2.51446	-2.64779	0.73513	0.99797	0.04651	0.04350	0.04615	-0.99889	0.00909	0.04387	-0.00707	-0.99901		501.43251	4.50545	39.14779	0.97222	-0.23190	0.61281	0.39507	0.99993	0.01063	0.00423	-0.01070	0.99980	0.01692	-0.00405	-0.01697	0.99985	
86	0.85000	-0.07231	2.22353	0.52208	0.29015	-0.02783	-0.30079	0.46172	0.99999	-0.00525	0.00046	0.00525	0.99997	0.00507	-0.00049	-0.00506	0.99999		-6.75844	61.97600	873.93991	179.57611	2.51312	-2.65640	0.72799	0.99796	0.04667	0.04346	0.04630	-0.99888	0.00942	0.04385	-0.00739	-0.99901		501.43765	4.50445	39.15685	0.93968	-0.24788	0.61149	0.39379	0.99993	0.01060	0.00450	-0.01067	0.99981	0.01635	-0.00433	-0.01640	0.99986	
87	0.86000	-0.06904	2.21846	0.52640	0.29046	-0.02880	-0.29903	0.45984	0.99999	-0.00522	0.00048	0.00522	0.99997	0.00507	-0.00050	-0.00507	0.99999		-6.72047	61.96201	873.95549	179.57539	2.52324	-2.63479	0.74452	0.99797	0.04629	0.04364	0.04592	-0.99890	0.00943	0.04402	-0.00740	-0.99900		501.49270	4.10561	39.13727	0.60839	-0.29466	1.08439	0.29205	0.99981	0.01887	0.00534	-0.01892	0.99977	0.01052	-0.00514	-0.01062	0.99993	
88	0.87000	-0.06368	2.23205	0.50219	0.30010	-0.03762	-0.30199	0.46519	0.99999	-0.00527	0.00063	0.00527	0.99997	0.00524	-0.00066	-0.00524	0.99999		-6.63989	62.23666	873.89294	179.59537	2.44606	-2.72369	0.75014	0.99796	0.04782	0.04229	0.04748	-0.99883	0.00908	0.04268	-0.00706	-0.99906		501.44213	4.49666	39.10693	0.92661	-0.22716	0.63303	0.39236	0.99993	0.01098	0.00414	-0.01105	0.99981	0.01613	-0.00396	-0.01617	0.99986	
89	0.88000	-0.07170	2.22553	0.51775	0.30411	-0.02980	-0.30101	0.45795	0.99999	-0.00526	0.00049	0.00525	0.99997	0.00531	-0.00052	-0.00531	0.99999		-6.69191	62.20731	873.93423	179.56587	2.51361	-2.64205	0.74265	0.99798	0.04643	0.04346	0.04605	-0.99889	0.00959	0.04386	-0.00757	-0.99901		501.44720	4.50585	39.15073	0.91872	-0.24675	0.62033	0.39361	0.99993	0.01076	0.00448	-0.01083	0.99981	0.01599	-0.00431	-0.01603	0.99986	
90	0.89000	-0.08113	2.22724	0.53200	0.28972	-0.02276	-0.30196	0.46432	0.99999	-0.00527	0.00037	0.00527	0.99997	0.00506	-0.00040	-0.00506	0.99999		-6.77346	61.99997	873.94922	179.57675	2.53483	-2.63341	0.74616	0.99797	0.04627	0.04384	0.04590	-0.99890	0.00941	0.04423	-0.00738	-0.99899		501.44636	4.52664	39.20201	0.96604	-0.25336	0.60046	0.39294	0.99994	0.01040	0.00460	-0.01048	0.99980	0.01681	-0.00442	-0.01686	0.99985	
91	0.90000	-0.07887	2.20603	0.52566	0.28193	-0.02846	-0.29475	0.46341	0.99999	-0.00515	0.00047	0.00514	0.99997	0.00492	-0.00050	-0.00492	0.99999		-6.72019	61.91345	873.92880	179.57831	2.50589	-2.62552	0.73579	0.99799	0.04613	0.04334	0.04576	-0.99891	0.00935	0.04372	-0.00735	-0.99902		501.44528	4.45666	39.15362	0.95325	-0.24204	0.61877	0.39683	0.99993	0.01073	0.00440	-0.01080	0.99980	0.01659	-0.00422	-0.01664	0.99985	
92	0.91000	-0.07996	2.22553	0.51886	0.28911	-0.03004	-0.30290	0.46469	0.99999	-0.00529	0.00050	0.00529	0.99997	0.00505	-0.00052	-0.00505	0.99999		-6.70688	62.00046	873.95380	179.57515	2.52408	-2.62624	0.74631	0.99798	0.04615	0.04365	0.04578	-0.99891	0.00943	0.04404	-0.00741	-0.99900		501.45210	4.54143	39.14315	0.96596	-0.24882	0.60497	0.39575	0.99993	0.01048	0.00452	-0.01056	0.99980	0.01681	-0.00434	-0.01686	0.99985	
93	0.92000	-0.08025	2.21758	0.50760	0.29522	-0.03435	-0.29959	0.46382	0.99999	-0.00523	0.00057	0.00523	0.99997	0.00515	-0.00060	-0.00515	0.99999		-6.72867	62.21034	873.87700	179.57083	2.43876	-2.71930	0.74465	0.99797	0.04776	0.04215	0.04740	-0.99883	0.00950	0.04255	-0.00748	-0.99907		501.45062	4.52936	39.11193	0.97541	-0.24541	0.58996	0.39619	0.99994	0.01022	0.00446	-0.01030	0.99980	0.01698	-0.00428	-0.01702	0.99985	
94	0.93000	-0.07466	2.21913	0.51198	0.28325	-0.03190	-0.30099	0.46675	0.99999	-0.00526	0.00053	0.00525	0.99997	0.00495	-0.00056	-0.00494	0.99999		-6.77757	62.04507	873.90356	179.60023	2.46137	-2.72280	0.74864	0.99795	0.04780	0.04256	0.04746	-0.99883	0.00901	0.04295	-0.00697	-0.99905		501.43982	4.52070	39.13688	0.96213	-0.23666	0.60451	0.39527	0.99994	0.01048	0.00431	-0.01055	0.99980	0.01675	-0.00413	-0.01679	0.99985	
