1	0.00000	0.05445	2.01431	0.51929	-0.04109	-0.15288	-0.24064	0.53366	0.99999	-0.00420	0.00267	0.00420	0.99999	-0.00071	-0.00267	0.00072	1.00000		-4.91609	56.87333	874.37243	179.87119	2.37511	-2.26162	0.59948	0.99836	0.03956	0.04132	0.03943	-0.99921	0.00388	0.04144	-0.00225	-0.99914		501.78665	3.81147	37.85748	1.22638	-0.40183	0.70238	0.37101	0.99990	0.01211	0.00727	-0.01226	0.99970	0.02132	-0.00701	-0.02140	0.99975	
2	0.01000	0.05292	2.00941	0.52188	-0.04789	-0.15123	-0.24026	0.53248	0.99999	-0.00419	0.00264	0.00419	0.99999	-0.00083	-0.00264	0.00084	1.00000		-5.00726	56.80608	874.31797	179.91446	2.34258	-2.25870	0.58577	0.99839	0.03947	0.04078	0.03938	-0.99922	0.00310	0.04087	-0.00149	-0.99916		501.78595	3.81678	37.86978	1.24624	-0.40586	0.70209	0.37470	0.99990	0.01210	0.00735	-0.01225	0.99969	0.02166	-0.00708	-0.02175	0.99974	
3	0.02000	0.04369	1.99888	0.54357	-0.06572	-0.14096	-0.23765	0.53302	0.99999	-0.00414	0.00247	0.00415	0.99999	-0.00114	-0.00246	0.00115	1.00000		-5.14590	56.49527	874.37477	179.89555	2.40253	-2.26748	0.58830	0.99834	0.03964	0.04181	0.03953	-0.99921	0.00348	0.04192	-0.00182	-0.99912		501.79225	3.80754	37.93604	1.28241	-0.42046	0.68433	0.37098	0.99990	0.01178	0.00760	-0.01194	0.99968	0.02229	-0.00734	-0.02238	0.99972	
4	0.03000	-0.00525	2.12284	0.70439	0.05194	-0.03200	-0.27138	0.56311	0.99999	-0.00474	0.00055	0.00474	0.99999	0.00091	-0.00056	-0.00091	1.00000		-6.69605	58.34536	874.05761	179.84686	2.54799	-2.52249	0.69515	0.99804	0.04413	0.04430	0.04397	-0.99902	0.00463	0.04446	-0.00267	-0.99901		501.70832	4.13457	38.86025	1.20175	-0.23856	0.73251	0.37263	0.99991	0.01269	0.00443	-0.01278	0.99970	0.02092	-0.00416	-0.02097	0.99977	
5	0.04000	-0.00627	2.10821	0.73512	0.05880	-0.02295	-0.26673	0.56163	0.99999	-0.00466	0.00040	0.00466	0.99999	0.00103	-0.00040	-0.00103	1.00000		-6.85096	58.48453	874.02005	179.83211	2.56280	-2.52665	0.68810	0.99803	0.04421	0.04454	0.04404	-0.99902	0.00490	0.04471	-0.00293	-0.99900		501.69276	4.13036	38.91695	1.22153	-0.23446	0.71545	0.37292	0.99991	0.01240	0.00436	-0.01249	0.99970	0.02127	-0.00409	-0.02132	0.99976	
6	0.05000	0.23227	2.70473	0.03744	0.76229	-0.97502	-0.48508	0.65246	0.99982	-0.00869	0.01690	0.00846	0.99987	0.01345	-0.01702	-0.01330	0.99977		6.81702	68.60370	874.09383	179.17720	1.56831	-2.61313	0.62678	0.99859	0.04598	0.02668	0.04557	-0.99884	0.01559	0.02737	-0.01435	-0.99952		501.98172	5.78120	31.77324	0.24721	0.78975	1.14444	0.37041	0.99971	0.02003	-0.01369	-0.01997	0.99979	0.00459	0.01378	-0.00431	0.99990	
7	0.06000	-0.09799	2.19280	0.61857	0.26614	-0.02283	-0.30113	0.49353	0.99999	-0.00526	0.00037	0.00526	0.99998	0.00465	-0.00040	-0.00465	0.99999		-6.92816	61.61369	873.77856	179.57607	2.53036	-2.57408	0.72437	0.99802	0.04524	0.04377	0.04487	-0.99895	0.00937	0.04415	-0.00739	-0.99900		501.65150	4.31463	39.16811	0.87934	-0.31300	0.96318	0.45077	0.99984	0.01672	0.00572	-0.01681	0.99974	0.01525	-0.00546	-0.01535	0.99987	
8	0.07000	-0.09424	2.18986	0.59420	0.26917	-0.01460	-0.29580	0.48799	0.99999	-0.00516	0.00023	0.00516	0.99998	0.00470	-0.00025	-0.00470	0.99999		-7.05635	61.69826	873.77207	179.57181	2.52238	-2.56720	0.73603	0.99803	0.04512	0.04363	0.04475	-0.99895	0.00944	0.04401	-0.00747	-0.99900		501.60957	4.34008	39.22210	0.91177	-0.25180	0.85166	0.40121	0.99988	0.01479	0.00463	-0.01486	0.99976	0.01585	-0.00439	-0.01591	0.99986	
9	0.08000	-0.09082	2.17506	0.60193	0.26382	-0.00097	-0.29100	0.48006	0.99999	-0.00508	-0.00001	0.00508	0.99998	0.00460	-0.00002	-0.00460	0.99999		-7.24401	61.65828	873.76424	179.56416	2.53785	-2.57167	0.72955	0.99801	0.04520	0.04389	0.04482	-0.99895	0.00959	0.04428	-0.00760	-0.99899		501.60292	4.34000	39.30850	0.94340	-0.28540	0.80949	0.39930	0.99989	0.01404	0.00521	-0.01413	0.99977	0.01639	-0.00498	-0.01646	0.99985	
10	0.09000	-0.08508	2.18842	0.54012	0.28232	-0.01811	-0.29389	0.47552	0.99999	-0.00513	0.00029	0.00513	0.99997	0.00493	-0.00032	-0.00493	0.99999		-6.95567	61.96770	873.80087	179.55386	2.51359	-2.57987	0.73773	0.99803	0.04535	0.04346	0.04497	-0.99894	0.00975	0.04386	-0.00778	-0.99901		501.61376	4.37424	39.20429	0.93367	-0.26971	0.79775	0.39600	0.99989	0.01384	0.00493	-0.01392	0.99977	0.01623	-0.00471	-0.01629	0.99986	
11	0.10000	-0.08725	2.19808	0.53867	0.28939	-0.01468	-0.29713	0.47450	0.99999	-0.00519	0.00023	0.00519	0.99997	0.00505	-0.00026	-0.00505	0.99999		-6.99060	62.07808	873.76745	179.54938	2.50250	-2.57435	0.73464	0.99804	0.04526	0.04326	0.04487	-0.99894	0.00982	0.04366	-0.00786	-0.99902		501.60896	4.40554	39.22043	0.93227	-0.28038	0.78747	0.39855	0.99989	0.01366	0.00512	-0.01374	0.99977	0.01620	-0.00489	-0.01627	0.99986	
12	0.11000	-0.09057	2.19222	0.52949	0.29226	-0.01305	-0.29272	0.47295	0.99999	-0.00511	0.00020	0.00511	0.99997	0.00510	-0.00023	-0.00510	0.99999		-6.96728	62.11673	873.79387	179.54131	2.51680	-2.56543	0.73944	0.99803	0.04511	0.04351	0.04472	-0.99895	0.00996	0.04391	-0.00800	-0.99900		501.59919	4.35646	39.25688	0.92267	-0.25799	0.80473	0.39943	0.99989	0.01397	0.00473	-0.01404	0.99977	0.01604	-0.00450	-0.01610	0.99986	
13	0.12000	-0.09500	2.19957	0.51693	0.28532	-0.01436	-0.29719	0.47508	0.99999	-0.00519	0.00023	0.00519	0.99997	0.00498	-0.00025	-0.00498	0.99999		-6.92419	62.01751	873.81367	179.54134	2.51108	-2.58737	0.73680	0.99802	0.04549	0.04341	0.04510	-0.99893	0.00997	0.04381	-0.00800	-0.99901		501.60354	4.38004	39.24864	0.92367	-0.26079	0.80574	0.39770	0.99989	0.01399	0.00478	-0.01406	0.99977	0.01605	-0.00455	-0.01612	0.99986	
14	0.13000	-0.09520	2.20420	0.51071	0.29032	-0.01680	-0.29729	0.47301	0.99999	-0.00519	0.00027	0.00519	0.99997	0.00507	-0.00029	-0.00507	0.99999		-6.88962	62.07408	873.79590	179.54294	2.49566	-2.58492	0.73485	0.99803	0.04545	0.04314	0.04506	-0.99894	0.00993	0.04354	-0.00797	-0.99902		501.59959	4.39078	39.23726	0.93204	-0.25387	0.78641	0.39703	0.99990	0.01365	0.00465	-0.01372	0.99977	0.01620	-0.00443	-0.01627	0.99986	
15	0.14000	-0.09605	2.19976	0.49039	0.27826	-0.02314	-0.29760	0.46917	0.99999	-0.00520	0.00038	0.00519	0.99997	0.00486	-0.00040	-0.00486	0.99999		-6.81895	61.88181	873.83159	179.56564	2.49313	-2.57369	0.73316	0.99805	0.04523	0.04311	0.04486	-0.99895	0.00953	0.04350	-0.00757	-0.99902		501.60446	4.38468	39.20079	0.93831	-0.24479	0.80299	0.39750	0.99989	0.01394	0.00450	-0.01401	0.99977	0.01631	-0.00427	-0.01638	0.99986	
16	0.15000	-0.08944	2.18661	0.47826	0.29309	-0.02442	-0.29061	0.47102	0.99999	-0.00507	0.00040	0.00507	0.99997	0.00512	-0.00043	-0.00512	0.99999		-6.82121	62.07899	873.84652	179.54149	2.50142	-2.56959	0.73877	0.99804	0.04518	0.04324	0.04479	-0.99895	0.00995	0.04364	-0.00799	-0.99902		501.60136	4.32752	39.19662	0.90668	-0.24929	0.80520	0.39935	0.99989	0.01398	0.00457	-0.01405	0.99978	0.01576	-0.00435	-0.01582	0.99987	
17	0.16000	-0.08750	2.19889	0.47419	0.28585	-0.02592	-0.29631	0.46604	0.99999	-0.00517	0.00043	0.00517	0.99997	0.00499	-0.00045	-0.00499	0.99999		-6.84080	61.93992	873.86981	179.55525	2.51022	-2.59195	0.73458	0.99802	0.04556	0.04340	0.04518	-0.99893	0.00973	0.04380	-0.00775	-0.99901		501.60632	4.36510	39.18680	0.91110	-0.24727	0.80628	0.39725	0.99989	0.01400	0.00454	-0.01407	0.99978	0.01584	-0.00432	-0.01590	0.99986	
18	0.17000	-0.08942	2.20526	0.47815	0.29767	-0.02204	-0.29594	0.46820	0.99999	-0.00517	0.00036	0.00517	0.99997	0.00520	-0.00038	-0.00520	0.99999		-6.92767	62.09329	873.85297	179.54665	2.51280	-2.58725	0.74046	0.99802	0.04549	0.04344	0.04510	-0.99893	0.00988	0.04384	-0.00790	-0.99901		501.60847	4.38496	39.20873	0.94146	-0.26497	0.78848	0.39602	0.99989	0.01368	0.00485	-0.01376	0.99977	0.01637	-0.00462	-0.01643	0.99985	
19	0.18000	-0.08981	2.19370	0.48958	0.28534	-0.01683	-0.29384	0.47027	0.99999	-0.00513	0.00027	0.00513	0.99997	0.00498	-0.00029	-0.00498	0.99999		-7.02857	61.88851	873.84935	179.56537	2.51731	-2.58487	0.73154	0.99802	0.04543	0.04353	0.04506	-0.99894	0.00956	0.04392	-0.00758	-0.99901		501.59204	4.35918	39.24750	0.92559	-0.25328	0.79143	0.39779	0.99989	0.01374	0.00464	-0.01381	0.99978	0.01609	-0.00442	-0.01615	0.99986	
20	0.19000	-0.09837	2.19749	0.48132	0.29855	-0.01894	-0.29509	0.46942	0.99999	-0.00515	0.00030	0.00515	0.99997	0.00521	-0.00033	-0.00521	0.99999		-6.99821	62.07890	873.84610	179.54842	2.51717	-2.59411	0.73798	0.99801	0.04560	0.04352	0.04522	-0.99893	0.00986	0.04392	-0.00787	-0.99900		501.60335	4.38788	39.23430	0.93398	-0.26021	0.78690	0.39943	0.99990	0.01366	0.00476	-0.01373	0.99977	0.01624	-0.00454	-0.01630	0.99986	
21	0.20000	-0.09936	2.18231	0.47382	0.28693	-0.02116	-0.28918	0.46841	0.99999	-0.00505	0.00034	0.00505	0.99997	0.00501	-0.00037	-0.00501	0.99999		-6.95125	61.91582	873.86963	179.56731	2.51330	-2.58786	0.73923	0.99802	0.04548	0.04346	0.04511	-0.99894	0.00952	0.04385	-0.00754	-0.99901		501.60481	4.33061	39.21675	0.93313	-0.26547	0.78518	0.40198	0.99990	0.01363	0.00486	-0.01370	0.99977	0.01622	-0.00463	-0.01629	0.99986	
22	0.21000	-0.10602	2.20147	0.48862	0.29462	-0.01505	-0.29772	0.46668	0.99999	-0.00520	0.00024	0.00520	0.99997	0.00514	-0.00026	-0.00514	0.99999		-7.03058	62.00712	873.85304	179.55496	2.52282	-2.59351	0.73846	0.99801	0.04559	0.04362	0.04521	-0.99893	0.00975	0.04402	-0.00776	-0.99900		501.59645	4.40727	39.26760	0.93495	-0.24954	0.78100	0.40034	0.99990	0.01356	0.00458	-0.01363	0.99977	0.01626	-0.00436	-0.01632	0.99986	
23	0.22000	-0.09760	2.19433	0.47923	0.28559	-0.01752	-0.29554	0.46659	0.99999	-0.00516	0.00028	0.00516	0.99997	0.00499	-0.00031	-0.00498	0.99999		-6.97694	61.88243	873.86682	179.56683	2.51476	-2.58390	0.73624	0.99802	0.04541	0.04349	0.04504	-0.99894	0.00953	0.04388	-0.00755	-0.99901		501.59207	4.39133	39.25007	0.94126	-0.25501	0.78385	0.39882	0.99990	0.01361	0.00467	-0.01368	0.99977	0.01636	-0.00445	-0.01643	0.99986	
24	0.23000	-0.09289	2.18855	0.46820	0.28578	-0.02286	-0.29107	0.46938	0.99999	-0.00508	0.00037	0.00508	0.99997	0.00499	-0.00040	-0.00499	0.99999		-6.87443	61.90819	873.86514	179.55930	2.49810	-2.58437	0.73573	0.99803	0.04542	0.04319	0.04505	-0.99894	0.00965	0.04359	-0.00768	-0.99902		501.60213	4.34822	39.20992	0.94765	-0.26050	0.78181	0.40000	0.99990	0.01357	0.00477	-0.01364	0.99977	0.01648	-0.00455	-0.01654	0.99985	
25	0.24000	-0.09262	2.19361	0.49735	0.29054	-0.00935	-0.29134	0.46575	0.99999	-0.00509	0.00014	0.00508	0.99997	0.00507	-0.00016	-0.00507	0.99999		-7.05565	62.01508	873.82849	179.55751	2.51036	-2.59357	0.73890	0.99802	0.04559	0.04340	0.04521	-0.99893	0.00970	0.04380	-0.00772	-0.99901		501.59082	4.34424	39.29484	0.93049	-0.26280	0.79055	0.39823	0.99989	0.01372	0.00481	-0.01380	0.99977	0.01617	-0.00459	-0.01624	0.99986	
26	0.25000	-0.08873	2.21033	0.46208	0.28787	-0.02289	-0.29823	0.46691	0.99999	-0.00521	0.00037	0.00520	0.99997	0.00503	-0.00040	-0.00502	0.99999		-6.84066	61.97140	873.86618	179.55450	2.50267	-2.59312	0.74044	0.99802	0.04558	0.04327	0.04520	-0.99893	0.00974	0.04367	-0.00777	-0.99902		501.59940	4.40624	39.20441	0.95572	-0.25876	0.77448	0.39790	0.99990	0.01344	0.00474	-0.01352	0.99977	0.01662	-0.00452	-0.01668	0.99985	
27	0.26000	-0.08928	2.19691	0.49510	0.29328	-0.00672	-0.29224	0.46670	0.99999	-0.00510	0.00009	0.00510	0.99997	0.00512	-0.00012	-0.00512	0.99999		-7.07155	62.11317	873.81312	179.55977	2.51185	-2.59110	0.73738	0.99802	0.04554	0.04343	0.04516	-0.99893	0.00966	0.04383	-0.00768	-0.99901		501.58225	4.35172	39.31723	0.92844	-0.26141	0.78831	0.39971	0.99989	0.01368	0.00478	-0.01376	0.99978	0.01614	-0.00456	-0.01620	0.99986	
28	0.27000	-0.09627	2.20018	0.48003	0.28691	-0.01436	-0.29481	0.46455	0.99999	-0.00515	0.00023	0.00515	0.99997	0.00501	-0.00025	-0.00501	0.99999		-6.94592	62.00402	873.83794	179.55151	2.50487	-2.58354	0.74304	0.99803	0.04542	0.04331	0.04503	-0.99894	0.00979	0.04370	-0.00782	-0.99901		501.59416	4.36294	39.26414	0.93542	-0.26084	0.79453	0.40171	0.99989	0.01379	0.00478	-0.01387	0.99977	0.01626	-0.00455	-0.01633	0.99986	
29	0.28000	-0.09749	2.18620	0.48611	0.28567	-0.01113	-0.28926	0.46355	0.99999	-0.00505	0.00017	0.00505	0.99997	0.00499	-0.00019	-0.00499	0.99999		-7.00732	62.02025	873.83753	179.55075	2.51003	-2.58520	0.74157	0.99802	0.04545	0.04339	0.04506	-0.99894	0.00981	0.04379	-0.00783	-0.99901		501.58797	4.32860	39.29304	0.92969	-0.25543	0.78852	0.40033	0.99990	0.01369	0.00468	-0.01376	0.99977	0.01616	-0.00446	-0.01623	0.99986	
30	0.29000	-0.13341	2.15434	0.66766	0.18323	0.08178	-0.28642	0.44151	0.99999	-0.00499	-0.00144	0.00500	0.99998	0.00319	0.00143	-0.00320	0.99999		-8.39813	60.47409	873.75360	179.65173	2.61083	-2.57092	0.74370	0.99796	0.04513	0.04523	0.04481	-0.99896	0.00812	0.04555	-0.00607	-0.99894		501.56641	4.28660	39.91594	1.04938	-0.35935	0.75994	0.39983	0.99989	0.01315	0.00651	-0.01326	0.99975	0.01823	-0.00627	-0.01831	0.99981	
31	0.30000	-0.10416	2.20929	0.47207	0.29307	-0.01580	-0.29717	0.46438	0.99999	-0.00519	0.00025	0.00519	0.99997	0.00512	-0.00028	-0.00512	0.99999		-6.98803	62.10985	873.84905	179.54633	2.52260	-2.58794	0.74350	0.99801	0.04550	0.04361	0.04511	-0.99893	0.00990	0.04401	-0.00791	-0.99900		501.59419	4.36787	39.26263	0.91576	-0.25984	0.80503	0.39901	0.99989	0.01398	0.00476	-0.01405	0.99977	0.01592	-0.00453	-0.01598	0.99986	
32	0.31000	-0.09718	2.21585	0.45103	0.29058	-0.02403	-0.30040	0.46375	0.99999	-0.00524	0.00039	0.00524	0.99997	0.00507	-0.00042	-0.00507	0.99999		-6.92111	62.06498	873.85989	179.54134	2.49820	-2.60668	0.74142	0.99802	0.04583	0.04318	0.04544	-0.99892	0.00998	0.04359	-0.00800	-0.99902		501.59667	4.42155	39.21344	0.94630	-0.24781	0.77864	0.40208	0.99990	0.01352	0.00455	-0.01359	0.99977	0.01646	-0.00433	-0.01652	0.99985	
33	0.32000	-0.09574	2.20568	0.47442	0.29081	-0.01468	-0.29624	0.46473	0.99999	-0.00517	0.00023	0.00517	0.99997	0.00508	-0.00026	-0.00508	0.99999		-7.07049	62.05833	873.85155	179.54033	2.52743	-2.59465	0.73861	0.99800	0.04562	0.04369	0.04523	-0.99893	0.01001	0.04410	-0.00801	-0.99900		501.59074	4.38414	39.26805	0.92420	-0.25845	0.78243	0.39920	0.99990	0.01358	0.00473	-0.01366	0.99978	0.01607	-0.00451	-0.01613	0.99986	
34	0.33000	-0.09798	2.20951	0.48760	0.28266	-0.00774	-0.29857	0.46284	0.99999	-0.00521	0.00011	0.00521	0.99997	0.00493	-0.00014	-0.00493	0.99999		-7.19217	61.92848	873.82328	179.55754	2.52507	-2.59483	0.73531	0.99800	0.04561	0.04366	0.04523	-0.99893	0.00971	0.04406	-0.00771	-0.99900		501.59145	4.38269	39.31264	0.93410	-0.27211	0.79345	0.39962	0.99989	0.01377	0.00497	-0.01385	0.99977	0.01624	-0.00475	-0.01630	0.99986	
35	0.34000	-0.09770	2.20103	0.45829	0.28557	-0.02245	-0.29721	0.46690	0.99999	-0.00519	0.00037	0.00519	0.99997	0.00499	-0.00039	-0.00498	0.99999		-6.95373	61.95227	873.88100	179.55264	2.52156	-2.59862	0.74114	0.99800	0.04568	0.04359	0.04529	-0.99893	0.00979	0.04400	-0.00780	-0.99900		501.59906	4.39146	39.21694	0.94278	-0.24867	0.78399	0.40192	0.99990	0.01361	0.00456	-0.01368	0.99977	0.01639	-0.00434	-0.01645	0.99986	
36	0.35000	-0.12614	2.16318	0.64353	0.18803	0.07290	-0.28866	0.43839	0.99999	-0.00503	-0.00129	0.00504	0.99998	0.00327	0.00127	-0.00328	0.99999		-8.35549	60.50287	873.75709	179.66273	2.59238	-2.59841	0.73465	0.99795	0.04560	0.04492	0.04529	-0.99894	0.00793	0.04523	-0.00588	-0.99896		501.56133	4.28262	39.87264	1.04589	-0.34512	0.78216	0.39575	0.99989	0.01354	0.00627	-0.01365	0.99974	0.01817	-0.00602	-0.01825	0.99982	
37	0.36000	-0.17597	2.16889	1.05387	0.08567	0.19109	-0.30893	0.52320	0.99998	-0.00539	-0.00334	0.00539	0.99998	0.00148	0.00334	-0.00150	0.99999		-10.07913	58.88969	873.45664	179.76620	2.72188	-2.61811	0.73610	0.99783	0.04587	0.04725	0.04563	-0.99894	0.00625	0.04749	-0.00408	-0.99886		501.52151	4.39824	40.50094	1.15662	-0.45504	0.79249	0.39612	0.99987	0.01367	0.00822	-0.01383	0.99970	0.02007	-0.00794	-0.02018	0.99976	
38	0.37000	-0.21089	2.12139	1.25134	-0.02870	0.28832	-0.30195	0.49656	0.99997	-0.00527	-0.00503	0.00527	0.99999	-0.00053	0.00503	0.00050	0.99999		-11.47857	57.16948	873.36085	179.88164	2.81184	-2.60106	0.74373	0.99777	0.04548	0.04891	0.04533	-0.99896	0.00429	0.04906	-0.00206	-0.99879		501.49198	4.29897	41.14919	1.25142	-0.56466	0.79707	0.40013	0.99985	0.01369	0.01016	-0.01391	0.99967	0.02170	-0.00985	-0.02184	0.99971	
39	0.38000	-0.17900	2.16611	1.08728	0.07276	0.20616	-0.30968	0.52412	0.99998	-0.00540	-0.00360	0.00540	0.99998	0.00125	0.00360	-0.00127	0.99999		-10.24570	58.65175	873.43796	179.77263	2.73317	-2.60332	0.73491	0.99783	0.04561	0.04745	0.04537	-0.99895	0.00613	0.04768	-0.00396	-0.99885		501.52242	4.39051	40.59793	1.14470	-0.47258	0.79831	0.39671	0.99987	0.01377	0.00852	-0.01393	0.99971	0.01986	-0.00825	-0.01998	0.99977	
40	0.39000	-0.10536	2.21446	0.50697	0.27643	0.00262	-0.30095	0.46066	0.99999	-0.00525	-0.00007	0.00525	0.99997	0.00482	0.00005	-0.00482	0.99999		-7.20825	61.72340	873.83525	179.57268	2.52655	-2.59286	0.73898	0.99801	0.04557	0.04370	0.04519	-0.99893	0.00944	0.04408	-0.00745	-0.99900		501.59965	4.40318	39.38150	0.94426	-0.28643	0.79603	0.39524	0.99989	0.01381	0.00523	-0.01389	0.99977	0.01641	-0.00500	-0.01648	0.99985	
41	0.40000	-0.08945	2.20460	0.47319	0.28350	-0.01500	-0.29599	0.46380	0.99999	-0.00517	0.00024	0.00517	0.99997	0.00495	-0.00026	-0.00495	0.99999		-6.94743	61.86539	873.86193	179.57787	2.50939	-2.60213	0.73182	0.99801	0.04572	0.04340	0.04536	-0.99893	0.00935	0.04378	-0.00736	-0.99901		501.58906	4.38401	39.27834	0.94362	-0.23869	0.78381	0.39298	0.99990	0.01361	0.00439	-0.01368	0.99977	0.01641	-0.00417	-0.01647	0.99986	
42	0.41000	-0.08966	2.20965	0.45885	0.29119	-0.01962	-0.29642	0.46671	0.99999	-0.00517	0.00032	0.00517	0.99997	0.00508	-0.00034	-0.00508	0.99999		-6.88398	61.98205	873.86313	179.55049	2.50076	-2.60450	0.74264	0.99802	0.04578	0.04323	0.04540	-0.99892	0.00982	0.04363	-0.00784	-0.99902		501.60219	4.38276	39.22950	0.93161	-0.25940	0.79144	0.39544	0.99989	0.01374	0.00475	-0.01381	0.99977	0.01619	-0.00453	-0.01626	0.99986	
43	0.42000	-0.08866	2.21712	0.46070	0.28925	-0.01865	-0.30040	0.46395	0.99999	-0.00524	0.00030	0.00524	0.99997	0.00505	-0.00033	-0.00505	0.99999		-6.91098	61.96289	873.86793	179.56743	2.51511	-2.60583	0.74341	0.99800	0.04579	0.04349	0.04542	-0.99892	0.00954	0.04388	-0.00754	-0.99901		501.60068	4.41880	39.23781	0.93154	-0.26056	0.78703	0.40080	0.99990	0.01366	0.00477	-0.01374	0.99977	0.01619	-0.00455	-0.01626	0.99986	
44	0.43000	-0.09548	2.20961	0.45545	0.28738	-0.01941	-0.29755	0.46360	0.99999	-0.00519	0.00031	0.00519	0.99997	0.00502	-0.00034	-0.00502	0.99999		-6.92831	61.95554	873.86363	179.56546	2.50801	-2.59146	0.73520	0.99802	0.04554	0.04337	0.04517	-0.99893	0.00955	0.04376	-0.00758	-0.99901		501.59299	4.38813	39.24097	0.94312	-0.25065	0.79764	0.39932	0.99989	0.01385	0.00460	-0.01392	0.99977	0.01640	-0.00437	-0.01646	0.99985	
45	0.44000	-0.12766	2.18514	0.62948	0.17935	0.06936	-0.29919	0.43721	0.99999	-0.00522	-0.00123	0.00522	0.99998	0.00312	0.00121	-0.00313	0.99999		-8.25900	60.33896	873.79479	179.67024	2.59686	-2.60040	0.74705	0.99794	0.04563	0.04500	0.04532	-0.99894	0.00780	0.04531	-0.00575	-0.99896		501.57082	4.35796	39.85556	1.04829	-0.33713	0.79513	0.39792	0.99989	0.01377	0.00614	-0.01388	0.99974	0.01821	-0.00588	-0.01829	0.99982	
46	0.45000	-0.10232	2.19816	0.46572	0.27982	-0.01645	-0.29409	0.46357	0.99999	-0.00513	0.00026	0.00513	0.99998	0.00488	-0.00029	-0.00488	0.99999		-7.00789	61.88498	873.86055	179.56425	2.51479	-2.59884	0.74234	0.99801	0.04567	0.04349	0.04530	-0.99893	0.00959	0.04388	-0.00760	-0.99901		501.60155	4.37736	39.26161	0.93926	-0.24907	0.77458	0.39862	0.99990	0.01345	0.00457	-0.01352	0.99978	0.01633	-0.00435	-0.01639	0.99986	
47	0.46000	-0.13258	2.17625	0.63568	0.18219	0.07436	-0.29510	0.43985	0.99999	-0.00515	-0.00131	0.00515	0.99998	0.00317	0.00130	-0.00318	0.99999		-8.37992	60.44546	873.75920	179.66995	2.59767	-2.60808	0.74086	0.99794	0.04576	0.04501	0.04546	-0.99894	0.00782	0.04532	-0.00575	-0.99896		501.57283	4.34133	39.88112	1.05678	-0.34351	0.78785	0.39779	0.99989	0.01364	0.00625	-0.01375	0.99974	0.01836	-0.00600	-0.01844	0.99981	
48	0.47000	-0.09960	2.21122	0.46483	0.28455	-0.01605	-0.29896	0.46203	0.99999	-0.00522	0.00025	0.00522	0.99997	0.00497	-0.00028	-0.00497	0.99999		-7.06888	61.97951	873.84003	179.56532	2.50846	-2.60054	0.74113	0.99801	0.04570	0.04338	0.04533	-0.99893	0.00956	0.04377	-0.00758	-0.99901		501.60298	4.41916	39.24639	0.94673	-0.26775	0.77455	0.39998	0.99990	0.01344	0.00490	-0.01352	0.99977	0.01646	-0.00467	-0.01652	0.99985	
49	0.48000	-0.12733	2.16276	0.66107	0.18459	0.08340	-0.28754	0.43816	0.99999	-0.00501	-0.00147	0.00502	0.99998	0.00321	0.00146	-0.00322	0.99999		-8.51823	60.48293	873.75783	179.64908	2.62528	-2.59102	0.74531	0.99793	0.04549	0.04548	0.04516	-0.99895	0.00819	0.04580	-0.00612	-0.99893		501.56513	4.28318	39.93444	1.04538	-0.35944	0.78213	0.39744	0.99989	0.01353	0.00652	-0.01365	0.99974	0.01816	-0.00627	-0.01824	0.99981	
50	0.49000	-0.09332	2.22184	0.48113	0.28285	-0.00795	-0.30079	0.46310	0.99999	-0.00525	0.00011	0.00525	0.99997	0.00494	-0.00014	-0.00494	0.99999		-7.17121	61.91982	873.83004	179.55238	2.52267	-2.59413	0.74462	0.99801	0.04560	0.04361	0.04522	-0.99893	0.00980	0.04401	-0.00780	-0.99900		501.59694	4.41470	39.29538	0.94753	-0.27686	0.78935	0.39754	0.99989	0.01369	0.00506	-0.01378	0.99977	0.01647	-0.00483	-0.01654	0.99985	
51	0.50000	-0.12161	2.16180	0.63944	0.17690	0.07369	-0.28995	0.44102	0.99999	-0.00506	-0.00130	0.00506	0.99998	0.00308	0.00129	-0.00309	0.99999		-8.34871	60.36184	873.77032	179.65717	2.59513	-2.59580	0.73957	0.99795	0.04556	0.04496	0.04524	-0.99894	0.00803	0.04528	-0.00598	-0.99896		501.57858	4.31527	39.85440	1.06027	-0.36908	0.76593	0.39529	0.99989	0.01325	0.00669	-0.01337	0.99974	0.01842	-0.00644	-0.01850	0.99981	
52	0.51000	-0.12419	2.15653	0.61792	0.17780	0.06716	-0.28933	0.43995	0.99999	-0.00505	-0.00119	0.00505	0.99998	0.00310	0.00117	-0.00310	0.99999		-8.20768	60.37021	873.80825	179.65614	2.60067	-2.58945	0.73897	0.99795	0.04545	0.04506	0.04513	-0.99895	0.00805	0.04537	-0.00600	-0.99895		501.57862	4.31086	39.82036	1.04432	-0.35510	0.76879	0.40012	0.99989	0.01330	0.00644	-0.01342	0.99975	0.01814	-0.00620	-0.01823	0.99981	
53	0.52000	-0.09618	2.19601	0.46110	0.27078	-0.01656	-0.29498	0.46044	0.99999	-0.00515	0.00027	0.00515	0.99998	0.00473	-0.00029	-0.00473	0.99999		-6.95108	61.74972	873.87161	179.57692	2.50492	-2.59662	0.74374	0.99802	0.04563	0.04332	0.04526	-0.99893	0.00936	0.04371	-0.00738	-0.99902		501.60271	4.36225	39.24994	0.93772	-0.26296	0.79887	0.39975	0.99989	0.01387	0.00482	-0.01394	0.99977	0.01630	-0.00459	-0.01637	0.99986	
54	0.53000	-0.09488	2.20005	0.46007	0.29105	-0.01375	-0.29532	0.45849	0.99999	-0.00516	0.00021	0.00515	0.99997	0.00508	-0.00024	-0.00508	0.99999		-6.97695	62.02419	873.86858	179.55063	2.52035	-2.59264	0.73885	0.99801	0.04558	0.04357	0.04519	-0.99893	0.00982	0.04397	-0.00784	-0.99900		501.60387	4.38797	39.26590	0.93304	-0.28028	0.77548	0.40045	0.99990	0.01345	0.00511	-0.01353	0.99978	0.01622	-0.00489	-0.01628	0.99986	
55	0.54000	-0.09675	2.20375	0.45462	0.28282	-0.01891	-0.29726	0.46144	0.99999	-0.00519	0.00031	0.00519	0.99997	0.00494	-0.00033	-0.00494	0.99999		-6.89153	61.87984	873.89014	179.56227	2.51185	-2.59007	0.74336	0.99802	0.04552	0.04343	0.04515	-0.99893	0.00961	0.04383	-0.00763	-0.99901		501.59780	4.39581	39.23951	0.94472	-0.24501	0.78465	0.39310	0.99990	0.01362	0.00450	-0.01369	0.99977	0.01643	-0.00428	-0.01649	0.99985	
56	0.55000	-0.09514	2.20459	0.45524	0.28838	-0.01741	-0.29705	0.45813	0.99999	-0.00519	0.00028	0.00518	0.99997	0.00503	-0.00030	-0.00503	0.99999		-6.92367	61.96130	873.86835	179.55423	2.50477	-2.60208	0.74315	0.99801	0.04574	0.04330	0.04536	-0.99892	0.00976	0.04370	-0.00777	-0.99901		501.60625	4.40285	39.24465	0.94639	-0.26801	0.77084	0.39925	0.99990	0.01337	0.00490	-0.01345	0.99977	0.01645	-0.00468	-0.01652	0.99985	
57	0.56000	-0.09258	2.20516	0.44439	0.29418	-0.02374	-0.29727	0.46485	0.99999	-0.00519	0.00039	0.00519	0.99997	0.00514	-0.00041	-0.00513	0.99999		-6.85696	62.03918	873.86952	179.56488	2.49760	-2.59339	0.73958	0.99803	0.04558	0.04319	0.04520	-0.99893	0.00956	0.04358	-0.00759	-0.99902		501.61115	4.39308	39.20137	0.92799	-0.25638	0.78815	0.39844	0.99990	0.01368	0.00470	-0.01376	0.99978	0.01613	-0.00447	-0.01620	0.99986	
58	0.57000	-0.09268	2.21844	0.45074	0.28415	-0.02047	-0.30273	0.46356	0.99999	-0.00529	0.00033	0.00528	0.99997	0.00496	-0.00036	-0.00496	0.99999		-6.92139	61.86086	873.88388	179.57321	2.50736	-2.60246	0.73885	0.99801	0.04573	0.04336	0.04536	-0.99893	0.00943	0.04375	-0.00744	-0.99901		501.60562	4.43802	39.21979	0.96047	-0.26607	0.77002	0.39459	0.99990	0.01336	0.00487	-0.01344	0.99977	0.01670	-0.00464	-0.01676	0.99985	
59	0.58000	-0.09319	2.20115	0.46556	0.28428	-0.01404	-0.29502	0.46159	0.99999	-0.00515	0.00022	0.00515	0.99997	0.00496	-0.00025	-0.00496	0.99999		-7.03576	61.87199	873.87481	179.57219	2.51621	-2.59450	0.74415	0.99801	0.04559	0.04352	0.04522	-0.99893	0.00945	0.04390	-0.00746	-0.99901		501.59458	4.36665	39.26572	0.93733	-0.27076	0.78138	0.39899	0.99990	0.01356	0.00495	-0.01364	0.99977	0.01629	-0.00473	-0.01636	0.99986	
60	0.59000	-0.12622	2.16168	0.62410	0.19229	0.06848	-0.29006	0.43384	0.99999	-0.00506	-0.00121	0.00506	0.99998	0.00335	0.00120	-0.00336	0.99999		-8.26434	60.51247	873.80344	179.66139	2.60431	-2.60104	0.73796	0.99794	0.04565	0.04512	0.04533	-0.99894	0.00797	0.04544	-0.00590	-0.99895		501.56568	4.31369	39.83625	1.04334	-0.34810	0.75633	0.39913	0.99989	0.01309	0.00631	-0.01320	0.99975	0.01813	-0.00608	-0.01821	0.99982	
61	0.60000	-0.12733	2.15201	0.61567	0.18966	0.06695	-0.28621	0.43802	0.99999	-0.00499	-0.00118	0.00500	0.99998	0.00330	0.00117	-0.00331	0.99999		-8.24451	60.48907	873.81335	179.66634	2.60257	-2.59182	0.74320	0.99795	0.04548	0.04510	0.04517	-0.99895	0.00787	0.04541	-0.00582	-0.99895		501.56255	4.26489	39.83745	1.02872	-0.34391	0.77952	0.39845	0.99989	0.01349	0.00625	-0.01360	0.99975	0.01787	-0.00600	-0.01795	0.99982	
62	0.61000	-0.10075	2.21884	0.45300	0.28730	-0.01850	-0.30148	0.46288	0.99999	-0.00526	0.00030	0.00526	0.99997	0.00502	-0.00032	-0.00501	0.99999		-7.00255	61.91656	873.87334	179.56261	2.51304	-2.60142	0.74285	0.99801	0.04572	0.04345	0.04534	-0.99893	0.00962	0.04385	-0.00763	-0.99901		501.59356	4.40619	39.25096	0.93352	-0.25200	0.78556	0.39491	0.99990	0.01364	0.00462	-0.01371	0.99977	0.01623	-0.00440	-0.01629	0.99986	
63	0.62000	-0.09937	2.20729	0.44286	0.29866	-0.02403	-0.29595	0.46161	0.99999	-0.00517	0.00039	0.00517	0.99997	0.00521	-0.00042	-0.00521	0.99999		-6.91530	62.12031	873.87541	179.55016	2.51400	-2.59373	0.74792	0.99801	0.04560	0.04346	0.04521	-0.99893	0.00983	0.04386	-0.00784	-0.99901		501.60888	4.39755	39.19688	0.94291	-0.27020	0.76031	0.39930	0.99990	0.01319	0.00493	-0.01327	0.99978	0.01639	-0.00472	-0.01646	0.99985	
64	0.63000	-0.09387	2.19915	0.43679	0.30379	-0.02543	-0.29199	0.46487	0.99999	-0.00510	0.00042	0.00510	0.99997	0.00530	-0.00044	-0.00530	0.99999		-6.88603	62.23381	873.87128	179.54361	2.50636	-2.59305	0.74301	0.99802	0.04559	0.04332	0.04520	-0.99893	0.00994	0.04373	-0.00796	-0.99901		501.60636	4.35372	39.19320	0.91455	-0.26031	0.78530	0.39804	0.99990	0.01363	0.00476	-0.01371	0.99978	0.01590	-0.00454	-0.01596	0.99986	
65	0.64000	-0.09441	2.19494	0.45204	0.28273	-0.01974	-0.29028	0.46255	0.99999	-0.00507	0.00032	0.00507	0.99998	0.00494	-0.00034	-0.00493	0.99999		-6.95405	61.91192	873.87884	179.55586	2.51702	-2.58100	0.74821	0.99802	0.04537	0.04352	0.04499	-0.99894	0.00972	0.04392	-0.00774	-0.99901		501.60326	4.35159	39.23871	0.93939	-0.24742	0.75610	0.40137	0.99990	0.01312	0.00453	-0.01320	0.99978	0.01634	-0.00432	-0.01639	0.99986	
66	0.65000	-0.08968	2.20705	0.41920	0.28743	-0.02994	-0.29571	0.46228	0.99999	-0.00516	0.00050	0.00516	0.99997	0.00502	-0.00052	-0.00502	0.99999		-6.78476	62.00126	873.90724	179.56036	2.50406	-2.59086	0.74626	0.99802	0.04554	0.04330	0.04516	-0.99893	0.00964	0.04369	-0.00767	-0.99902		501.60528	4.39434	39.17992	0.96230	-0.24558	0.75896	0.39574	0.99990	0.01317	0.00451	-0.01325	0.99977	0.01674	-0.00429	-0.01679	0.99985	
67	0.66000	-0.12424	2.16645	0.62144	0.18168	0.07191	-0.29174	0.43898	0.99999	-0.00509	-0.00127	0.00509	0.99998	0.00316	0.00126	-0.00317	0.99999		-8.27885	60.43890	873.78872	179.65422	2.59330	-2.60159	0.74526	0.99795	0.04566	0.04492	0.04534	-0.99894	0.00808	0.04525	-0.00603	-0.99896		501.56897	4.30745	39.86166	1.02916	-0.35278	0.78575	0.40156	0.99989	0.01360	0.00640	-0.01371	0.99975	0.01788	-0.00616	-0.01796	0.99982	
68	0.67000	-0.12048	2.16394	0.62911	0.17983	0.07110	-0.28883	0.43927	0.99999	-0.00504	-0.00126	0.00504	0.99998	0.00313	0.00124	-0.00314	0.99999		-8.24364	60.41384	873.80005	179.66039	2.60424	-2.58954	0.74439	0.99795	0.04545	0.04512	0.04513	-0.99895	0.00797	0.04544	-0.00592	-0.99895		501.55775	4.29108	39.85095	1.05492	-0.34242	0.77137	0.39896	0.99989	0.01335	0.00622	-0.01346	0.99974	0.01833	-0.00598	-0.01841	0.99981	
69	0.68000	-0.09166	2.20830	0.42976	0.29666	-0.02639	-0.29553	0.46396	0.99999	-0.00516	0.00043	0.00516	0.99997	0.00518	-0.00046	-0.00518	0.99999		-6.79938	62.14548	873.88394	179.53514	2.50487	-2.59154	0.74645	0.99802	0.04557	0.04329	0.04517	-0.99893	0.01008	0.04370	-0.00811	-0.99901		501.60360	4.38542	39.18304	0.92330	-0.25533	0.77517	0.39517	0.99990	0.01346	0.00467	-0.01353	0.99978	0.01605	-0.00446	-0.01611	0.99986	
70	0.69000	-0.12918	2.15892	0.62396	0.18691	0.07157	-0.28801	0.43954	0.99999	-0.00502	-0.00127	0.00503	0.99998	0.00326	0.00125	-0.00326	0.99999		-8.24402	60.52941	873.78755	179.65741	2.59495	-2.59505	0.74139	0.99795	0.04555	0.04496	0.04523	-0.99894	0.00802	0.04527	-0.00597	-0.99896		501.56839	4.28739	39.85819	1.03645	-0.34812	0.77955	0.39816	0.99989	0.01349	0.00632	-0.01361	0.99975	0.01800	-0.00608	-0.01809	0.99982	
71	0.70000	-0.12223	2.15455	0.61165	0.18879	0.06456	-0.28551	0.43623	0.99999	-0.00498	-0.00114	0.00498	0.99998	0.00329	0.00113	-0.00330	0.99999		-8.15831	60.53849	873.79943	179.65303	2.59175	-2.58892	0.74118	0.99796	0.04544	0.04490	0.04512	-0.99895	0.00809	0.04522	-0.00605	-0.99896		501.57541	4.27997	39.80393	1.04256	-0.34310	0.77343	0.39462	0.99989	0.01339	0.00623	-0.01350	0.99974	0.01811	-0.00599	-0.01819	0.99982	
72	0.71000	-0.09622	2.19767	0.44219	0.28954	-0.02160	-0.29393	0.46111	0.99999	-0.00513	0.00035	0.00513	0.99997	0.00505	-0.00038	-0.00505	0.99999		-6.90314	62.02232	873.87517	179.55128	2.50993	-2.59235	0.74290	0.99802	0.04557	0.04339	0.04519	-0.99893	0.00980	0.04379	-0.00782	-0.99901		501.60864	4.35607	39.21194	0.91094	-0.26400	0.80503	0.39781	0.99989	0.01397	0.00483	-0.01405	0.99978	0.01583	-0.00461	-0.01590	0.99986	
73	0.72000	-0.09068	2.20406	0.44942	0.28489	-0.01818	-0.29729	0.46212	0.99999	-0.00519	0.00029	0.00519	0.99997	0.00497	-0.00032	-0.00497	0.99999		-6.98036	61.92556	873.87310	179.55037	2.51716	-2.59818	0.74216	0.99801	0.04567	0.04352	0.04529	-0.99893	0.00983	0.04392	-0.00784	-0.99900		501.60405	4.39940	39.23614	0.94266	-0.27158	0.77668	0.39712	0.99990	0.01348	0.00496	-0.01355	0.99977	0.01639	-0.00474	-0.01645	0.99985	
74	0.73000	-0.12476	2.15989	0.61674	0.18047	0.06885	-0.28793	0.43747	0.99999	-0.00502	-0.00122	0.00503	0.99998	0.00314	0.00120	-0.00315	0.99999		-8.27459	60.35986	873.82557	179.66418	2.61649	-2.58877	0.73880	0.99794	0.04543	0.04534	0.04512	-0.99895	0.00792	0.04565	-0.00586	-0.99894		501.57101	4.28325	39.83888	1.04716	-0.34601	0.77915	0.39844	0.99989	0.01349	0.00629	-0.01360	0.99974	0.01819	-0.00604	-0.01828	0.99981	
75	0.74000	-0.12790	2.15050	0.62287	0.18117	0.07195	-0.28429	0.43708	0.99999	-0.00496	-0.00127	0.00496	0.99998	0.00316	0.00126	-0.00316	0.99999		-8.32649	60.36588	873.81285	179.66187	2.61743	-2.58497	0.73956	0.99794	0.04537	0.04535	0.04505	-0.99895	0.00796	0.04567	-0.00590	-0.99894		501.57434	4.28057	39.85496	1.05371	-0.35983	0.74590	0.39308	0.99990	0.01290	0.00652	-0.01302	0.99975	0.01831	-0.00628	-0.01839	0.99981	
76	0.75000	-0.10230	2.19403	0.45229	0.27899	-0.01749	-0.29198	0.46392	0.99999	-0.00510	0.00028	0.00510	0.99998	0.00487	-0.00031	-0.00487	0.99999		-7.00496	61.82181	873.88835	179.56935	2.52229	-2.59797	0.74617	0.99800	0.04566	0.04362	0.04528	-0.99893	0.00950	0.04401	-0.00751	-0.99900		501.59479	4.35452	39.24509	0.94893	-0.25220	0.76485	0.39682	0.99990	0.01327	0.00462	-0.01335	0.99977	0.01650	-0.00440	-0.01656	0.99985	
77	0.76000	-0.10146	2.21042	0.43699	0.29377	-0.02501	-0.29954	0.46208	0.99999	-0.00523	0.00041	0.00523	0.99997	0.00513	-0.00044	-0.00513	0.99999		-6.90124	62.02881	873.87097	179.56070	2.50446	-2.60009	0.74303	0.99802	0.04570	0.04330	0.04532	-0.99893	0.00964	0.04370	-0.00766	-0.99902		501.59027	4.41568	39.19743	0.95211	-0.23988	0.77926	0.39937	0.99990	0.01353	0.00441	-0.01360	0.99977	0.01656	-0.00419	-0.01662	0.99985	
78	0.77000	-0.09996	2.20578	0.43556	0.28448	-0.02467	-0.29789	0.46035	0.99999	-0.00520	0.00041	0.00520	0.99997	0.00497	-0.00043	-0.00497	0.99999		-6.89544	61.88491	873.88712	179.57407	2.50337	-2.59672	0.73249	0.99802	0.04563	0.04330	0.04526	-0.99893	0.00941	0.04368	-0.00743	-0.99902		501.59132	4.40215	39.19630	0.95393	-0.24730	0.77421	0.39861	0.99990	0.01344	0.00454	-0.01351	0.99977	0.01659	-0.00432	-0.01665	0.99985	
79	0.78000	-0.12831	2.15703	0.61995	0.17353	0.06906	-0.29017	0.43181	0.99999	-0.00506	-0.00122	0.00506	0.99998	0.00302	0.00121	-0.00303	0.99999		-8.25115	60.23947	873.82483	179.67534	2.60509	-2.59287	0.74673	0.99794	0.04550	0.04515	0.04519	-0.99895	0.00772	0.04545	-0.00566	-0.99895		501.56027	4.30449	39.83487	1.06643	-0.34618	0.76532	0.39463	0.99989	0.01324	0.00629	-0.01336	0.99974	0.01853	-0.00604	-0.01861	0.99981	
80	0.79000	-0.12685	2.15640	0.61650	0.18310	0.06706	-0.28773	0.43772	0.99999	-0.00502	-0.00119	0.00502	0.99998	0.00319	0.00117	-0.00320	0.99999		-8.20566	60.39171	873.81353	179.66136	2.59701	-2.58789	0.74253	0.99795	0.04542	0.04500	0.04511	-0.99895	0.00795	0.04531	-0.00590	-0.99896		501.56956	4.29027	39.81632	1.05103	-0.35240	0.76114	0.39821	0.99989	0.01317	0.00639	-0.01328	0.99975	0.01826	-0.00615	-0.01834	0.99981	
81	0.80000	-0.09800	2.20634	0.45066	0.29227	-0.01634	-0.29709	0.46306	0.99999	-0.00519	0.00026	0.00519	0.99997	0.00510	-0.00029	-0.00510	0.99999		-6.97704	62.01759	873.86912	179.55063	2.51447	-2.58815	0.74073	0.99802	0.04550	0.04347	0.04511	-0.99893	0.00982	0.04387	-0.00784	-0.99901		501.59397	4.38444	39.24574	0.93966	-0.27113	0.77821	0.39359	0.99990	0.01350	0.00495	-0.01358	0.99977	0.01633	-0.00473	-0.01640	0.99985	
82	0.81000	-0.09452	2.23113	0.43850	0.28993	-0.02484	-0.30688	0.46331	0.99999	-0.00536	0.00041	0.00536	0.99997	0.00506	-0.00043	-0.00506	0.99999		-6.84747	61.98533	873.88035	179.55644	2.50558	-2.61002	0.74871	0.99801	0.04587	0.04332	0.04549	-0.99892	0.00972	0.04372	-0.00773	-0.99901		501.60049	4.43120	39.20120	0.91725	-0.24776	0.79551	0.39571	0.99989	0.01381	0.00455	-0.01388	0.99978	0.01595	-0.00432	-0.01601	0.99986	
83	0.82000	-0.09533	2.21934	0.43773	0.28627	-0.02354	-0.30174	0.46524	0.99999	-0.00527	0.00039	0.00527	0.99997	0.00500	-0.00041	-0.00500	0.99999		-6.85351	61.94731	873.88360	179.54730	2.50416	-2.59728	0.74068	0.99802	0.04566	0.04329	0.04527	-0.99893	0.00987	0.04369	-0.00789	-0.99901		501.60362	4.42482	39.20477	0.95343	-0.25827	0.76939	0.39419	0.99990	0.01335	0.00473	-0.01343	0.99977	0.01658	-0.00451	-0.01664	0.99985	
84	0.83000	-0.12059	2.15312	0.59232	0.19579	0.05909	-0.28777	0.43628	0.99999	-0.00502	-0.00105	0.00502	0.99998	0.00341	0.00103	-0.00342	0.99999		-8.08025	60.64392	873.80594	179.64270	2.58063	-2.58538	0.74518	0.99797	0.04539	0.04470	0.04506	-0.99895	0.00826	0.04503	-0.00623	-0.99897		501.56691	4.29235	39.78003	1.04105	-0.34090	0.76977	0.39513	0.99989	0.01332	0.00619	-0.01343	0.99975	0.01809	-0.00595	-0.01817	0.99982	
85	0.84000	-0.12776	2.16624	0.61004	0.19092	0.06703	-0.29193	0.43845	0.99999	-0.00509	-0.00119	0.00510	0.99998	0.00333	0.00117	-0.00333	0.99999		-8.19667	60.56844	873.80454	179.65085	2.60200	-2.59023	0.74949	0.99795	0.04547	0.04508	0.04515	-0.99895	0.00814	0.04540	-0.00609	-0.99895		501.56181	4.29505	39.83020	1.02546	-0.34139	0.78882	0.40036	0.99989	0.01366	0.00620	-0.01377	0.99975	0.01781	-0.00596	-0.01790	0.99982	
86	0.85000	-0.12765	2.17330	0.59962	0.19084	0.06223	-0.29392	0.43653	0.99999	-0.00513	-0.00110	0.00513	0.99998	0.00332	0.00109	-0.00333	0.99999		-8.15197	60.56136	873.80483	179.64706	2.59147	-2.58398	0.74428	0.99796	0.04536	0.04489	0.04504	-0.99895	0.00819	0.04521	-0.00615	-0.99896		501.55740	4.31193	39.78947	1.02609	-0.34565	0.78431	0.39615	0.99989	0.01358	0.00628	-0.01369	0.99975	0.01782	-0.00603	-0.01791	0.99982	
87	0.86000	-0.10303	2.20981	0.44596	0.29377	-0.01788	-0.29888	0.46122	0.99999	-0.00522	0.00029	0.00522	0.99997	0.00513	-0.00031	-0.00513	0.99999		-6.98836	62.09374	873.85973	179.53989	2.51295	-2.59238	0.74629	0.99802	0.04558	0.04344	0.04519	-0.99893	0.01001	0.04385	-0.00802	-0.99901		501.59266	4.39660	39.24958	0.93234	-0.25977	0.77431	0.39501	0.99990	0.01344	0.00475	-0.01351	0.99978	0.01621	-0.00453	-0.01627	0.99986	
88	0.87000	-0.09924	2.21463	0.44096	0.29783	-0.01896	-0.29946	0.46274	0.99999	-0.00523	0.00030	0.00523	0.99997	0.00520	-0.00033	-0.00520	0.99999		-6.99872	62.16654	873.85941	179.53877	2.50948	-2.60688	0.74512	0.99801	0.04583	0.04337	0.04544	-0.99892	0.01003	0.04378	-0.00804	-0.99901		501.59431	4.40670	39.24315	0.93744	-0.26048	0.77088	0.39513	0.99990	0.01338	0.00477	-0.01345	0.99978	0.01630	-0.00455	-0.01636	0.99986	
89	0.88000	-0.13103	2.16472	0.63238	0.18066	0.07565	-0.29302	0.43665	0.99999	-0.00511	-0.00134	0.00511	0.99998	0.00315	0.00132	-0.00315	0.99999		-8.40270	60.40661	873.78349	179.66045	2.60713	-2.59415	0.74794	0.99794	0.04553	0.04517	0.04521	-0.99895	0.00798	0.04549	-0.00592	-0.99895		501.55718	4.31637	39.89156	1.05269	-0.33985	0.78683	0.39424	0.99989	0.01362	0.00618	-0.01373	0.99974	0.01829	-0.00593	-0.01837	0.99981	
90	0.89000	-0.09709	2.22337	0.43595	0.28513	-0.02223	-0.30470	0.46178	0.99999	-0.00532	0.00036	0.00532	0.99997	0.00498	-0.00039	-0.00498	0.99999		-6.96198	61.94614	873.87843	179.55569	2.51136	-2.61052	0.74282	0.99800	0.04588	0.04342	0.04550	-0.99892	0.00974	0.04382	-0.00775	-0.99901		501.59006	4.43507	39.22526	0.95765	-0.25255	0.78247	0.39636	0.99990	0.01358	0.00464	-0.01366	0.99977	0.01665	-0.00441	-0.01671	0.99985	
91	0.90000	-0.13100	2.17482	0.64124	0.18051	0.07879	-0.29555	0.43695	0.99999	-0.00515	-0.00139	0.00516	0.99998	0.00314	0.00138	-0.00315	0.99999		-8.44513	60.37802	873.78784	179.66364	2.61484	-2.60327	0.74451	0.99793	0.04569	0.04531	0.04537	-0.99894	0.00794	0.04562	-0.00586	-0.99894		501.55737	4.33549	39.89890	1.05858	-0.35148	0.78098	0.39525	0.99989	0.01351	0.00638	-0.01363	0.99974	0.01839	-0.00613	-0.01847	0.99981	
92	0.91000	-0.10414	2.21989	0.45689	0.28155	-0.01327	-0.30380	0.46527	0.99999	-0.00530	0.00021	0.00530	0.99997	0.00491	-0.00023	-0.00491	0.99999		-7.06594	61.86556	873.86901	179.56348	2.52077	-2.60514	0.73432	0.99800	0.04579	0.04359	0.04541	-0.99892	0.00961	0.04398	-0.00761	-0.99900		501.58862	4.42694	39.28262	0.95026	-0.25160	0.78583	0.39563	0.99990	0.01364	0.00462	-0.01371	0.99977	0.01652	-0.00439	-0.01658	0.99985	
93	0.92000	-0.13134	2.16800	0.62538	0.17809	0.07421	-0.29370	0.43798	0.99999	-0.00512	-0.00131	0.00513	0.99998	0.00310	0.00130	-0.00311	0.99999		-8.33528	60.32221	873.80131	179.67036	2.60540	-2.59505	0.75032	0.99794	0.04554	0.04515	0.04523	-0.99895	0.00781	0.04546	-0.00575	-0.99895		501.56371	4.32422	39.87094	1.05172	-0.35844	0.77404	0.39317	0.99989	0.01339	0.00650	-0.01351	0.99974	0.01827	-0.00626	-0.01835	0.99981	
94	0.93000	-0.09976	2.20673	0.46354	0.28322	-0.01269	-0.29852	0.46316	0.99999	-0.00521	0.00020	0.00521	0.99997	0.00494	-0.00022	-0.00494	0.99999		-7.04930	61.90651	873.84499	179.57278	2.50661	-2.60033	0.73501	0.99801	0.04569	0.04335	0.04533	-0.99893	0.00943	0.04373	-0.00745	-0.99902		501.57925	4.38473	39.28646	0.93801	-0.24487	0.79455	0.39708	0.99989	0.01380	0.00450	-0.01387	0.99977	0.01631	-0.00427	-0.01637	0.99986	
