1	0.00000	0.04053	2.02937	0.52113	-0.03307	-0.15108	-0.24715	0.53423	0.99999	-0.00431	0.00264	0.00431	0.99999	-0.00057	-0.00264	0.00058	1.00000		-5.04791	56.97664	874.35546	179.87090	2.39977	-2.27540	0.59475	0.99834	0.03980	0.04175	0.03967	-0.99921	0.00391	0.04187	-0.00225	-0.99912		502.01562	3.83077	37.87893	1.22786	-0.39402	0.58817	0.37116	0.99992	0.01012	0.00709	-0.01027	0.99972	0.02136	-0.00688	-0.02143	0.99975	
2	0.01000	0.04332	2.01875	0.53158	-0.03927	-0.14648	-0.24149	0.53404	0.99999	-0.00421	0.00256	0.00421	0.99999	-0.00068	-0.00256	0.00069	1.00000		-5.06745	56.87261	874.36307	179.88120	2.40493	-2.26451	0.59280	0.99834	0.03960	0.04185	0.03948	-0.99921	0.00373	0.04196	-0.00207	-0.99912		502.01104	3.79657	37.90609	1.24927	-0.40874	0.57355	0.37268	0.99992	0.00985	0.00735	-0.01001	0.99971	0.02173	-0.00713	-0.02180	0.99974	
3	0.02000	0.04804	2.00104	0.53275	-0.04737	-0.14721	-0.23463	0.53174	0.99999	-0.00409	0.00257	0.00410	0.99999	-0.00082	-0.00257	0.00083	1.00000		-5.00228	56.77555	874.37237	179.89134	2.39850	-2.27026	0.59888	0.99834	0.03969	0.04174	0.03958	-0.99921	0.00355	0.04185	-0.00189	-0.99912		502.00914	3.73674	37.90048	1.23585	-0.39811	0.57408	0.37575	0.99993	0.00987	0.00716	-0.01002	0.99972	0.02150	-0.00695	-0.02157	0.99974	
4	0.03000	0.01509	2.11748	0.68297	0.06600	-0.04424	-0.26777	0.56125	0.99999	-0.00467	0.00077	0.00467	0.99999	0.00115	-0.00077	-0.00115	1.00000		-6.41749	58.54844	874.07306	179.82990	2.52874	-2.52581	0.69534	0.99806	0.04420	0.04395	0.04403	-0.99902	0.00491	0.04412	-0.00297	-0.99902		501.91946	4.11180	38.77851	1.20400	-0.21497	0.57708	0.37710	0.99994	0.00999	0.00396	-0.01007	0.99973	0.02097	-0.00375	-0.02101	0.99977	
5	0.04000	0.00831	2.12985	0.71273	0.06136	-0.02835	-0.27017	0.55929	0.99999	-0.00472	0.00049	0.00472	0.99999	0.00107	-0.00049	-0.00107	1.00000		-6.65027	58.46171	874.04021	179.83183	2.53190	-2.52713	0.69938	0.99805	0.04422	0.04400	0.04405	-0.99902	0.00488	0.04418	-0.00293	-0.99902		501.91839	4.10883	38.89044	1.20793	-0.21985	0.59313	0.37471	0.99994	0.01027	0.00405	-0.01035	0.99973	0.02104	-0.00384	-0.02108	0.99977	
6	0.05000	0.26295	2.69820	0.00331	0.76169	-0.98909	-0.47795	0.65698	0.99982	-0.00857	0.01715	0.00834	0.99988	0.01344	-0.01726	-0.01329	0.99976		7.15541	68.55487	874.13277	179.18831	1.54336	-2.59898	0.63597	0.99861	0.04572	0.02626	0.04533	-0.99885	0.01537	0.02693	-0.01416	-0.99954		502.21436	5.70032	31.66782	0.29250	0.78248	1.01558	0.37793	0.99975	0.01779	-0.01356	-0.01772	0.99983	0.00535	0.01366	-0.00510	0.99989	
7	0.06000	-0.07998	2.21673	0.58311	0.28099	-0.03097	-0.30144	0.49910	0.99999	-0.00526	0.00052	0.00526	0.99997	0.00491	-0.00054	-0.00490	0.99999		-6.71004	61.77166	873.79571	179.56404	2.49430	-2.57826	0.73076	0.99804	0.04531	0.04313	0.04494	-0.99894	0.00956	0.04352	-0.00760	-0.99902		501.89474	4.29975	39.12047	0.87328	-0.30259	0.82075	0.44923	0.99988	0.01424	0.00550	-0.01432	0.99978	0.01516	-0.00528	-0.01524	0.99987	
8	0.07000	-0.08863	2.21775	0.56026	0.28642	-0.02528	-0.29917	0.49000	0.99999	-0.00522	0.00042	0.00522	0.99997	0.00500	-0.00044	-0.00500	0.99999		-6.82560	61.89264	873.78943	179.55440	2.50146	-2.58369	0.73823	0.99803	0.04542	0.04325	0.04504	-0.99894	0.00974	0.04364	-0.00777	-0.99902		501.84810	4.35474	39.15857	0.90428	-0.23340	0.70587	0.40117	0.99992	0.01225	0.00427	-0.01232	0.99980	0.01573	-0.00407	-0.01578	0.99987	
9	0.08000	-0.09831	2.20848	0.54992	0.27922	-0.01697	-0.29852	0.48406	0.99999	-0.00521	0.00027	0.00521	0.99997	0.00487	-0.00030	-0.00487	0.99999		-6.98675	61.81852	873.81362	179.56264	2.52682	-2.57945	0.73786	0.99802	0.04534	0.04370	0.04496	-0.99894	0.00961	0.04409	-0.00763	-0.99900		501.83740	4.36431	39.22102	0.91709	-0.24965	0.68444	0.40070	0.99992	0.01187	0.00455	-0.01195	0.99980	0.01595	-0.00436	-0.01601	0.99986	
10	0.09000	-0.10075	2.19827	0.53573	0.28664	-0.01455	-0.29438	0.48105	0.99999	-0.00514	0.00023	0.00514	0.99997	0.00500	-0.00025	-0.00500	0.99999		-7.06924	61.97019	873.82322	179.55562	2.53963	-2.57844	0.74682	0.99801	0.04533	0.04392	0.04494	-0.99894	0.00974	0.04431	-0.00775	-0.99899		501.83717	4.31983	39.23902	0.89329	-0.25736	0.69544	0.40000	0.99992	0.01207	0.00468	-0.01214	0.99981	0.01553	-0.00449	-0.01559	0.99987	
11	0.10000	-0.10010	2.19975	0.51017	0.28974	-0.01745	-0.29248	0.47720	0.99999	-0.00511	0.00028	0.00510	0.99997	0.00506	-0.00030	-0.00506	0.99999		-7.06368	62.05503	873.82418	179.54999	2.52781	-2.58811	0.74491	0.99801	0.04550	0.04370	0.04511	-0.99893	0.00984	0.04410	-0.00785	-0.99900		501.83476	4.32931	39.25284	0.92309	-0.24012	0.67352	0.39451	0.99992	0.01169	0.00438	-0.01175	0.99980	0.01606	-0.00419	-0.01611	0.99986	
12	0.11000	-0.09553	2.21408	0.51248	0.28338	-0.01430	-0.29761	0.47553	0.99999	-0.00520	0.00022	0.00519	0.99997	0.00495	-0.00025	-0.00495	0.99999		-7.14221	61.93740	873.82690	179.54091	2.53276	-2.59065	0.73866	0.99800	0.04555	0.04378	0.04516	-0.99893	0.01000	0.04419	-0.00800	-0.99899		501.83564	4.35902	39.25425	0.92591	-0.26368	0.67168	0.39755	0.99992	0.01165	0.00479	-0.01172	0.99980	0.01610	-0.00460	-0.01616	0.99986	
13	0.12000	-0.09474	2.22470	0.48576	0.29351	-0.02003	-0.29877	0.47595	0.99999	-0.00522	0.00032	0.00521	0.99997	0.00512	-0.00035	-0.00512	0.99999		-7.04871	62.12090	873.85577	179.55481	2.54226	-2.60432	0.74668	0.99798	0.04578	0.04396	0.04539	-0.99892	0.00978	0.04436	-0.00776	-0.99899		501.83495	4.36782	39.23969	0.92081	-0.23799	0.67085	0.39968	0.99992	0.01164	0.00434	-0.01171	0.99980	0.01602	-0.00415	-0.01607	0.99986	
14	0.13000	-0.08904	2.23390	0.47670	0.30165	-0.02498	-0.30174	0.47470	0.99999	-0.00527	0.00041	0.00527	0.99997	0.00527	-0.00044	-0.00526	0.99999		-6.96709	62.22447	873.86074	179.54004	2.53199	-2.60016	0.73954	0.99800	0.04572	0.04377	0.04532	-0.99892	0.01002	0.04418	-0.00802	-0.99899		501.84020	4.39036	39.18893	0.90600	-0.25096	0.66888	0.40191	0.99992	0.01160	0.00456	-0.01167	0.99981	0.01576	-0.00438	-0.01581	0.99987	
15	0.14000	-0.09074	2.22499	0.46719	0.30969	-0.02551	-0.29706	0.47254	0.99999	-0.00519	0.00042	0.00518	0.99997	0.00541	-0.00045	-0.00541	0.99998		-6.91156	62.35355	873.85281	179.52728	2.52131	-2.59581	0.74493	0.99801	0.04565	0.04357	0.04525	-0.99892	0.01023	0.04399	-0.00824	-0.99900		501.84142	4.36890	39.19705	0.90710	-0.24880	0.65574	0.39996	0.99993	0.01137	0.00452	-0.01144	0.99981	0.01578	-0.00434	-0.01583	0.99987	
16	0.15000	-0.09468	2.20818	0.47390	0.29112	-0.02158	-0.29245	0.46984	0.99999	-0.00511	0.00035	0.00510	0.99997	0.00508	-0.00038	-0.00508	0.99999		-6.91229	62.06422	873.85265	179.55107	2.51303	-2.58770	0.74982	0.99802	0.04549	0.04345	0.04511	-0.99893	0.00981	0.04385	-0.00783	-0.99901		501.82891	4.29677	39.23251	0.90046	-0.23604	0.68918	0.40000	0.99992	0.01196	0.00431	-0.01203	0.99980	0.01566	-0.00412	-0.01572	0.99987	
17	0.16000	-0.13099	2.16940	0.65406	0.18129	0.07334	-0.29045	0.44543	0.99999	-0.00506	-0.00130	0.00507	0.99998	0.00316	0.00128	-0.00316	0.99999		-8.25790	60.38962	873.79945	179.66110	2.61678	-2.57514	0.75271	0.99795	0.04520	0.04534	0.04488	-0.99896	0.00796	0.04566	-0.00591	-0.99894		501.79963	4.26676	39.87619	1.03476	-0.34024	0.65604	0.40124	0.99992	0.01134	0.00614	-0.01145	0.99977	0.01799	-0.00594	-0.01806	0.99982	
18	0.17000	-0.09116	2.21303	0.45715	0.30093	-0.02253	-0.29465	0.47012	0.99999	-0.00514	0.00037	0.00514	0.99997	0.00525	-0.00039	-0.00525	0.99999		-6.82263	62.16470	873.86322	179.54492	2.50268	-2.58961	0.75106	0.99803	0.04553	0.04326	0.04514	-0.99893	0.00991	0.04367	-0.00793	-0.99901		501.82883	4.34692	39.22109	0.91623	-0.24974	0.65236	0.40433	0.99993	0.01131	0.00454	-0.01139	0.99981	0.01594	-0.00436	-0.01599	0.99986	
19	0.18000	-0.09408	2.21907	0.46591	0.30111	-0.01825	-0.29607	0.46493	0.99999	-0.00517	0.00029	0.00517	0.99997	0.00526	-0.00032	-0.00526	0.99999		-6.87298	62.13043	873.87152	179.55087	2.51329	-2.58437	0.75202	0.99802	0.04543	0.04345	0.04505	-0.99894	0.00981	0.04385	-0.00783	-0.99901		501.83184	4.33083	39.25662	0.90329	-0.24294	0.67453	0.39954	0.99992	0.01170	0.00442	-0.01177	0.99981	0.01571	-0.00424	-0.01576	0.99987	
20	0.19000	-0.12533	2.16996	0.65080	0.18899	0.07676	-0.28849	0.44174	0.99999	-0.00503	-0.00136	0.00504	0.99998	0.00329	0.00134	-0.00330	0.99999		-8.28717	60.44759	873.78292	179.67273	2.59768	-2.58980	0.75077	0.99795	0.04544	0.04502	0.04514	-0.99895	0.00775	0.04532	-0.00571	-0.99896		501.79819	4.24477	39.91541	1.00880	-0.32961	0.65955	0.39859	0.99992	0.01141	0.00595	-0.01151	0.99978	0.01754	-0.00575	-0.01761	0.99983	
21	0.20000	-0.11185	2.17567	0.65515	0.18319	0.07664	-0.28892	0.44393	0.99999	-0.00504	-0.00135	0.00504	0.99998	0.00319	0.00134	-0.00320	0.99999		-8.32567	60.33078	873.78816	179.67952	2.59846	-2.59534	0.74258	0.99795	0.04553	0.04504	0.04524	-0.99895	0.00764	0.04534	-0.00559	-0.99896		501.78399	4.23386	39.90513	1.02517	-0.34151	0.67335	0.39870	0.99991	0.01164	0.00617	-0.01175	0.99977	0.01782	-0.00596	-0.01789	0.99982	
22	0.21000	-0.12056	2.17313	0.65296	0.18955	0.07906	-0.28815	0.44160	0.99999	-0.00502	-0.00140	0.00503	0.99998	0.00330	0.00138	-0.00331	0.99999		-8.38460	60.40951	873.79739	179.67044	2.61690	-2.58863	0.74514	0.99794	0.04543	0.04535	0.04512	-0.99895	0.00781	0.04566	-0.00575	-0.99894		501.75669	4.21861	40.01608	1.02841	-0.24903	0.69599	0.38647	0.99992	0.01207	0.00456	-0.01215	0.99977	0.01789	-0.00435	-0.01795	0.99983	
23	0.22000	-0.12548	2.17276	0.66318	0.16944	0.08405	-0.29083	0.44092	0.99999	-0.00507	-0.00148	0.00508	0.99998	0.00295	0.00147	-0.00296	0.99999		-8.49335	60.10028	873.80229	179.68608	2.62196	-2.59521	0.74247	0.99793	0.04553	0.04545	0.04523	-0.99895	0.00754	0.04575	-0.00547	-0.99894		501.79477	4.26940	39.95857	1.05242	-0.34968	0.64574	0.39558	0.99992	0.01116	0.00631	-0.01127	0.99977	0.01830	-0.00610	-0.01837	0.99981	
24	0.23000	-0.12909	2.17804	0.65886	0.18444	0.08327	-0.29259	0.43802	0.99999	-0.00510	-0.00147	0.00511	0.99998	0.00321	0.00145	-0.00322	0.99999		-8.51258	60.33467	873.79470	179.67165	2.62987	-2.59937	0.74908	0.99792	0.04561	0.04558	0.04530	-0.99894	0.00781	0.04588	-0.00572	-0.99893		501.80020	4.28709	39.94547	1.02993	-0.35430	0.64643	0.40291	0.99992	0.01117	0.00639	-0.01128	0.99978	0.01790	-0.00618	-0.01797	0.99982	
25	0.24000	-0.13669	2.15272	0.66789	0.16562	0.08631	-0.28638	0.44329	0.99999	-0.00499	-0.00152	0.00500	0.99998	0.00288	0.00151	-0.00289	0.99999		-8.57240	60.09214	873.80499	179.68907	2.63478	-2.60014	0.74351	0.99791	0.04561	0.04568	0.04532	-0.99894	0.00751	0.04597	-0.00542	-0.99893		501.79841	4.24510	39.96778	1.05387	-0.35092	0.64985	0.40196	0.99992	0.01123	0.00633	-0.01134	0.99977	0.01832	-0.00612	-0.01839	0.99981	
26	0.25000	-0.10470	2.21092	0.46272	0.28784	-0.01722	-0.29495	0.46918	0.99999	-0.00515	0.00028	0.00515	0.99997	0.00502	-0.00030	-0.00502	0.99999		-7.05826	61.92804	873.88701	179.56641	2.53170	-2.60477	0.75162	0.99799	0.04578	0.04378	0.04540	-0.99892	0.00957	0.04417	-0.00756	-0.99900		501.84578	4.35040	39.25431	0.93098	-0.25894	0.64729	0.40322	0.99993	0.01122	0.00470	-0.01130	0.99980	0.01620	-0.00452	-0.01625	0.99986	
27	0.26000	-0.13235	2.16667	0.65365	0.17054	0.08177	-0.28910	0.44353	0.99999	-0.00504	-0.00144	0.00505	0.99998	0.00297	0.00143	-0.00298	0.99999		-8.52924	60.19366	873.80165	179.67986	2.62957	-2.59320	0.74381	0.99792	0.04550	0.04558	0.04520	-0.99895	0.00766	0.04588	-0.00558	-0.99893		501.80681	4.26342	39.93850	1.05357	-0.35690	0.64318	0.40059	0.99992	0.01111	0.00643	-0.01123	0.99977	0.01832	-0.00623	-0.01839	0.99981	
28	0.27000	-0.09535	2.21454	0.44637	0.28482	-0.01985	-0.29635	0.46556	0.99999	-0.00517	0.00032	0.00517	0.99997	0.00497	-0.00035	-0.00497	0.99999		-7.01616	61.92580	873.90047	179.55849	2.52747	-2.60467	0.74461	0.99800	0.04578	0.04370	0.04540	-0.99892	0.00970	0.04410	-0.00770	-0.99900		501.83810	4.34752	39.25728	0.92498	-0.24867	0.66203	0.39659	0.99992	0.01148	0.00453	-0.01155	0.99980	0.01609	-0.00434	-0.01614	0.99986	
29	0.28000	-0.12724	2.18061	0.65157	0.18559	0.08083	-0.29101	0.44110	0.99999	-0.00507	-0.00143	0.00508	0.99998	0.00323	0.00141	-0.00324	0.99999		-8.47330	60.47506	873.77878	179.66603	2.62695	-2.60433	0.74833	0.99792	0.04570	0.04552	0.04539	-0.99894	0.00791	0.04583	-0.00582	-0.99893		501.80658	4.26518	39.92892	1.02464	-0.35791	0.65730	0.39860	0.99991	0.01136	0.00645	-0.01147	0.99978	0.01781	-0.00625	-0.01788	0.99982	
30	0.29000	-0.12683	2.17376	0.64082	0.17623	0.07798	-0.29055	0.44028	0.99999	-0.00507	-0.00138	0.00507	0.99998	0.00307	0.00136	-0.00308	0.99999		-8.40057	60.34763	873.79900	179.65717	2.62115	-2.59418	0.74419	0.99793	0.04553	0.04541	0.04521	-0.99894	0.00805	0.04573	-0.00598	-0.99894		501.80395	4.24904	39.91105	1.02939	-0.35137	0.66904	0.40031	0.99991	0.01156	0.00634	-0.01168	0.99977	0.01789	-0.00613	-0.01796	0.99982	
31	0.30000	-0.12608	2.17371	0.64464	0.18034	0.08181	-0.29042	0.44160	0.99999	-0.00506	-0.00144	0.00507	0.99998	0.00314	0.00143	-0.00315	0.99999		-8.42525	60.43143	873.77580	179.66783	2.61153	-2.59039	0.75370	0.99794	0.04546	0.04525	0.04515	-0.99895	0.00785	0.04556	-0.00579	-0.99894		501.79404	4.25242	39.94904	1.03383	-0.34983	0.65928	0.39915	0.99992	0.01139	0.00631	-0.01151	0.99977	0.01797	-0.00611	-0.01804	0.99982	
32	0.31000	-0.12458	2.16972	0.64186	0.17800	0.07737	-0.29006	0.43676	0.99999	-0.00506	-0.00137	0.00506	0.99998	0.00310	0.00135	-0.00311	0.99999		-8.33139	60.40981	873.78101	179.66667	2.60343	-2.59600	0.74955	0.99794	0.04556	0.04511	0.04525	-0.99894	0.00787	0.04542	-0.00581	-0.99895		501.78963	4.24717	39.89112	1.03051	-0.35319	0.65561	0.40066	0.99992	0.01133	0.00637	-0.01144	0.99977	0.01791	-0.00616	-0.01798	0.99982	
33	0.32000	-0.10041	2.22094	0.44242	0.29371	-0.02153	-0.29730	0.46677	0.99999	-0.00519	0.00035	0.00519	0.99997	0.00513	-0.00038	-0.00513	0.99999		-6.85423	62.13404	873.85932	179.55075	2.49438	-2.60951	0.75096	0.99802	0.04587	0.04312	0.04549	-0.99892	0.00981	0.04352	-0.00783	-0.99902		501.83986	4.35989	39.21383	0.94125	-0.26655	0.64168	0.40045	0.99993	0.01112	0.00484	-0.01120	0.99980	0.01637	-0.00465	-0.01643	0.99985	
34	0.33000	-0.13118	2.17997	0.62851	0.17759	0.07453	-0.29239	0.44181	0.99999	-0.00510	-0.00132	0.00510	0.99998	0.00309	0.00130	-0.00310	0.99999		-8.27396	60.36846	873.80230	179.66148	2.60579	-2.59070	0.75185	0.99794	0.04547	0.04515	0.04515	-0.99895	0.00796	0.04546	-0.00590	-0.99895		501.79153	4.26037	39.89393	1.03850	-0.34386	0.65668	0.39817	0.99992	0.01135	0.00621	-0.01146	0.99977	0.01805	-0.00600	-0.01812	0.99982	
35	0.34000	-0.12935	2.17886	0.62977	0.17604	0.07531	-0.29158	0.44146	0.99999	-0.00508	-0.00133	0.00509	0.99998	0.00307	0.00131	-0.00307	0.99999		-8.30654	60.34245	873.81289	179.66792	2.61138	-2.60484	0.75022	0.99793	0.04571	0.04525	0.04540	-0.99894	0.00786	0.04556	-0.00579	-0.99894		501.79605	4.25368	39.88410	1.04171	-0.35541	0.65329	0.39862	0.99992	0.01129	0.00641	-0.01140	0.99977	0.01811	-0.00620	-0.01818	0.99982	
36	0.35000	-0.09422	2.22345	0.45214	0.29059	-0.01723	-0.29729	0.46739	0.99999	-0.00519	0.00027	0.00519	0.99997	0.00507	-0.00030	-0.00507	0.99999		-6.98447	62.00604	873.87126	179.55115	2.51624	-2.60005	0.75139	0.99801	0.04571	0.04350	0.04532	-0.99892	0.00982	0.04390	-0.00783	-0.99901		501.82676	4.35399	39.25598	0.93395	-0.24994	0.64680	0.39841	0.99993	0.01122	0.00455	-0.01129	0.99980	0.01625	-0.00436	-0.01630	0.99986	
37	0.36000	-0.12846	2.18487	0.62516	0.18392	0.07359	-0.29405	0.43915	0.99999	-0.00513	-0.00130	0.00513	0.99998	0.00320	0.00128	-0.00321	0.99999		-8.35685	60.38890	873.81293	179.65475	2.61799	-2.60009	0.75283	0.99793	0.04564	0.04536	0.04532	-0.99894	0.00809	0.04568	-0.00602	-0.99894		501.79751	4.29407	39.88708	1.04117	-0.33698	0.64801	0.40179	0.99992	0.01120	0.00609	-0.01131	0.99977	0.01810	-0.00588	-0.01817	0.99982	
38	0.37000	-0.13208	2.18100	0.65669	0.17789	0.08645	-0.29358	0.44122	0.99999	-0.00512	-0.00152	0.00512	0.99998	0.00310	0.00151	-0.00310	0.99999		-8.57500	60.28107	873.79534	179.67714	2.63423	-2.61091	0.74494	0.99791	0.04581	0.04565	0.04550	-0.99893	0.00772	0.04596	-0.00563	-0.99893		501.75284	4.27142	39.97694	1.03175	-0.31120	0.68493	0.39548	0.99991	0.01185	0.00565	-0.01195	0.99977	0.01794	-0.00543	-0.01801	0.99982	
39	0.38000	-0.13039	2.17236	0.63505	0.16971	0.07743	-0.29177	0.44233	0.99999	-0.00509	-0.00137	0.00509	0.99998	0.00295	0.00135	-0.00296	0.99999		-8.45367	60.15841	873.82638	179.69122	2.62344	-2.61491	0.74340	0.99791	0.04587	0.04548	0.04558	-0.99893	0.00747	0.04577	-0.00538	-0.99894		501.79311	4.27251	39.90316	1.05386	-0.34490	0.64758	0.40340	0.99992	0.01119	0.00623	-0.01130	0.99977	0.01832	-0.00602	-0.01839	0.99981	
40	0.39000	-0.13628	2.17300	0.64224	0.17687	0.08009	-0.29169	0.44013	0.99999	-0.00509	-0.00141	0.00509	0.99998	0.00308	0.00140	-0.00309	0.99999		-8.48959	60.22429	873.82526	179.66966	2.63680	-2.59439	0.74562	0.99792	0.04553	0.04570	0.04522	-0.99895	0.00784	0.04600	-0.00576	-0.99892		501.80696	4.28167	39.91400	1.05399	-0.36784	0.64020	0.39779	0.99992	0.01105	0.00662	-0.01117	0.99977	0.01832	-0.00642	-0.01839	0.99981	
41	0.40000	-0.13826	2.18657	0.63294	0.16683	0.07605	-0.29707	0.43956	0.99999	-0.00518	-0.00134	0.00518	0.99998	0.00290	0.00133	-0.00291	0.99999		-8.41750	60.06967	873.85256	179.69368	2.63660	-2.61056	0.74717	0.99790	0.04579	0.04571	0.04550	-0.99894	0.00744	0.04600	-0.00534	-0.99893		501.80645	4.28902	39.89549	1.04332	-0.35689	0.66590	0.39947	0.99991	0.01151	0.00644	-0.01162	0.99977	0.01813	-0.00623	-0.01821	0.99981	
42	0.41000	-0.13016	2.17771	0.62400	0.18256	0.07488	-0.29279	0.44356	0.99999	-0.00511	-0.00132	0.00511	0.99998	0.00318	0.00131	-0.00319	0.99999		-8.39574	60.31641	873.82985	179.67543	2.62168	-2.60684	0.74838	0.99792	0.04574	0.04544	0.04543	-0.99894	0.00774	0.04574	-0.00566	-0.99894		501.79653	4.27972	39.89843	1.03987	-0.34624	0.65685	0.40202	0.99992	0.01135	0.00625	-0.01146	0.99977	0.01808	-0.00604	-0.01815	0.99982	
43	0.42000	-0.09563	2.23441	0.45201	0.28358	-0.01816	-0.30411	0.46469	0.99999	-0.00531	0.00029	0.00531	0.99997	0.00495	-0.00032	-0.00495	0.99999		-6.99704	61.82317	873.90306	179.57368	2.52730	-2.62382	0.74990	0.99798	0.04610	0.04371	0.04573	-0.99891	0.00945	0.04410	-0.00743	-0.99900		501.82857	4.39747	39.25505	0.93872	-0.25220	0.66155	0.39700	0.99992	0.01147	0.00459	-0.01155	0.99980	0.01633	-0.00440	-0.01638	0.99986	
44	0.43000	-0.12705	2.19654	0.61399	0.18964	0.06742	-0.29688	0.44104	0.99999	-0.00518	-0.00119	0.00518	0.99998	0.00330	0.00118	-0.00331	0.99999		-8.23956	60.42339	873.81798	179.66859	2.60290	-2.60288	0.74959	0.99794	0.04567	0.04510	0.04537	-0.99894	0.00784	0.04541	-0.00578	-0.99895		501.81341	4.31023	39.83165	1.04513	-0.35349	0.65251	0.40114	0.99992	0.01127	0.00638	-0.01139	0.99977	0.01817	-0.00617	-0.01824	0.99981	
45	0.44000	-0.12281	2.18389	0.62560	0.17774	0.07353	-0.29324	0.43849	0.99999	-0.00511	-0.00130	0.00512	0.99998	0.00309	0.00128	-0.00310	0.99999		-8.30908	60.29125	873.81263	179.67468	2.60498	-2.61158	0.74641	0.99793	0.04582	0.04514	0.04552	-0.99893	0.00774	0.04545	-0.00567	-0.99895		501.79688	4.27313	39.88366	1.03428	-0.34807	0.65244	0.39968	0.99992	0.01128	0.00628	-0.01139	0.99977	0.01798	-0.00607	-0.01805	0.99982	
46	0.45000	-0.12281	2.18706	0.62732	0.18152	0.07527	-0.29402	0.44119	0.99999	-0.00513	-0.00133	0.00513	0.99998	0.00316	0.00131	-0.00317	0.99999		-8.31350	60.36027	873.80517	179.66054	2.60613	-2.60369	0.74789	0.99793	0.04570	0.04515	0.04538	-0.99894	0.00798	0.04547	-0.00592	-0.99895		501.80121	4.30020	39.88882	1.05343	-0.35853	0.64147	0.39936	0.99992	0.01108	0.00646	-0.01120	0.99977	0.01831	-0.00626	-0.01838	0.99981	
47	0.46000	-0.12220	2.17551	0.63513	0.17214	0.07671	-0.28945	0.43943	0.99999	-0.00505	-0.00135	0.00505	0.99998	0.00300	0.00134	-0.00300	0.99999		-8.32147	60.26190	873.80242	179.68178	2.61134	-2.59819	0.75134	0.99793	0.04558	0.04526	0.04528	-0.99895	0.00761	0.04556	-0.00555	-0.99895		501.80116	4.26934	39.88607	1.07094	-0.35524	0.62985	0.39772	0.99992	0.01087	0.00640	-0.01099	0.99977	0.01862	-0.00620	-0.01869	0.99981	
48	0.47000	-0.13178	2.18472	0.63750	0.18027	0.07992	-0.29214	0.43866	0.99999	-0.00509	-0.00141	0.00510	0.99998	0.00314	0.00139	-0.00315	0.99999		-8.37345	60.39533	873.78331	179.66418	2.60968	-2.60334	0.74802	0.99793	0.04569	0.04522	0.04537	-0.99894	0.00792	0.04553	-0.00585	-0.99895		501.80472	4.28684	39.91477	1.05890	-0.36322	0.63153	0.40250	0.99992	0.01090	0.00654	-0.01102	0.99977	0.01841	-0.00634	-0.01848	0.99981	
49	0.48000	-0.12954	2.18738	0.63660	0.17961	0.07750	-0.29381	0.43998	0.99999	-0.00512	-0.00137	0.00513	0.99998	0.00313	0.00135	-0.00313	0.99999		-8.36541	60.38943	873.78318	179.67039	2.60874	-2.60405	0.75399	0.99793	0.04569	0.04521	0.04539	-0.99894	0.00781	0.04552	-0.00575	-0.99895		501.80437	4.28840	39.88559	1.04770	-0.36069	0.64175	0.40263	0.99992	0.01108	0.00650	-0.01120	0.99977	0.01821	-0.00630	-0.01828	0.99981	
50	0.49000	-0.10466	2.22759	0.44683	0.28590	-0.01883	-0.30044	0.46599	0.99999	-0.00524	0.00030	0.00524	0.99997	0.00499	-0.00033	-0.00499	0.99999		-6.95844	61.98532	873.88518	179.55179	2.52550	-2.61245	0.74924	0.99799	0.04592	0.04366	0.04554	-0.99891	0.00982	0.04406	-0.00782	-0.99900		501.83957	4.37587	39.23766	0.93502	-0.26476	0.65468	0.40232	0.99992	0.01135	0.00481	-0.01143	0.99980	0.01626	-0.00462	-0.01632	0.99986	
51	0.50000	-0.12967	2.18533	0.62164	0.16999	0.07198	-0.29489	0.44121	0.99999	-0.00514	-0.00127	0.00515	0.99998	0.00296	0.00126	-0.00297	0.99999		-8.34963	60.25310	873.79464	179.67415	2.60389	-2.60037	0.74220	0.99794	0.04563	0.04513	0.04532	-0.99894	0.00774	0.04543	-0.00568	-0.99895		501.80269	4.29194	39.85087	1.04386	-0.35400	0.64552	0.40037	0.99992	0.01115	0.00638	-0.01127	0.99977	0.01815	-0.00618	-0.01822	0.99981	
52	0.51000	-0.10211	2.22205	0.44400	0.28157	-0.01962	-0.29597	0.46568	0.99999	-0.00517	0.00032	0.00517	0.99997	0.00492	-0.00034	-0.00491	0.99999		-7.00927	61.91525	873.89980	179.55763	2.53529	-2.60849	0.74297	0.99799	0.04585	0.04384	0.04547	-0.99892	0.00973	0.04423	-0.00771	-0.99899		501.83762	4.33292	39.23649	0.93529	-0.25950	0.65734	0.39750	0.99992	0.01140	0.00472	-0.01147	0.99980	0.01627	-0.00453	-0.01632	0.99986	
53	0.52000	-0.10108	2.23045	0.43762	0.28719	-0.02046	-0.30091	0.46672	0.99999	-0.00525	0.00033	0.00525	0.99997	0.00501	-0.00036	-0.00501	0.99999		-7.02486	61.98603	873.88885	179.56107	2.53380	-2.60801	0.73715	0.99799	0.04584	0.04381	0.04546	-0.99892	0.00966	0.04421	-0.00765	-0.99899		501.83741	4.37701	39.23601	0.93111	-0.25393	0.65142	0.40115	0.99993	0.01130	0.00462	-0.01137	0.99980	0.01620	-0.00443	-0.01625	0.99986	
54	0.53000	-0.13426	2.18828	0.62361	0.18477	0.07470	-0.29488	0.43974	0.99999	-0.00514	-0.00132	0.00515	0.99998	0.00322	0.00130	-0.00322	0.99999		-8.42471	60.43451	873.81588	179.66075	2.63401	-2.60865	0.74865	0.99791	0.04578	0.04564	0.04547	-0.99893	0.00801	0.04596	-0.00591	-0.99893		501.80999	4.31223	39.88261	1.04328	-0.35929	0.62405	0.40272	0.99992	0.01078	0.00647	-0.01089	0.99978	0.01814	-0.00627	-0.01821	0.99981	
55	0.54000	-0.10052	2.22354	0.43403	0.28977	-0.02255	-0.29834	0.46778	0.99999	-0.00521	0.00037	0.00521	0.99997	0.00506	-0.00039	-0.00506	0.99999		-6.97555	61.99060	873.91586	179.55765	2.53853	-2.61154	0.75083	0.99798	0.04590	0.04389	0.04552	-0.99892	0.00973	0.04429	-0.00771	-0.99899		501.83204	4.36955	39.22578	0.93532	-0.24766	0.65627	0.40246	0.99993	0.01138	0.00451	-0.01145	0.99980	0.01627	-0.00432	-0.01632	0.99986	
56	0.55000	-0.13250	2.16786	0.61104	0.18736	0.07300	-0.28754	0.43442	0.99999	-0.00501	-0.00129	0.00502	0.99998	0.00326	0.00127	-0.00327	0.99999		-8.37078	60.45603	873.81990	179.65738	2.61804	-2.60026	0.74744	0.99793	0.04564	0.04536	0.04532	-0.99894	0.00805	0.04568	-0.00597	-0.99894		501.80966	4.26634	39.88257	1.04639	-0.35632	0.62502	0.39828	0.99992	0.01079	0.00642	-0.01091	0.99977	0.01819	-0.00622	-0.01826	0.99981	
57	0.56000	-0.13219	2.18265	0.61648	0.18346	0.07234	-0.29577	0.43747	0.99999	-0.00516	-0.00128	0.00516	0.99998	0.00319	0.00126	-0.00320	0.99999		-8.32984	60.37007	873.81618	179.67348	2.61507	-2.61228	0.74464	0.99792	0.04584	0.04532	0.04553	-0.99893	0.00777	0.04563	-0.00569	-0.99894		501.79589	4.32049	39.88324	1.04402	-0.33798	0.64250	0.39847	0.99992	0.01110	0.00610	-0.01121	0.99977	0.01815	-0.00590	-0.01822	0.99982	
58	0.57000	-0.13311	2.18873	0.63039	0.18544	0.07787	-0.29377	0.43683	0.99999	-0.00512	-0.00138	0.00513	0.99998	0.00323	0.00136	-0.00324	0.99999		-8.39307	60.40420	873.79054	179.68333	2.60718	-2.60950	0.73938	0.99793	0.04578	0.04519	0.04548	-0.99894	0.00759	0.04549	-0.00552	-0.99895		501.79681	4.28468	39.90690	1.03191	-0.35017	0.65375	0.39686	0.99992	0.01130	0.00632	-0.01141	0.99977	0.01794	-0.00611	-0.01801	0.99982	
59	0.58000	-0.12553	2.18976	0.61131	0.18006	0.07201	-0.29535	0.43864	0.99999	-0.00515	-0.00127	0.00515	0.99998	0.00314	0.00126	-0.00314	0.99999		-8.28380	60.28307	873.82677	179.68146	2.60537	-2.60425	0.74283	0.99793	0.04569	0.04516	0.04539	-0.99894	0.00762	0.04546	-0.00555	-0.99895		501.75392	4.27227	39.88868	1.01975	-0.29236	0.70762	0.39279	0.99991	0.01226	0.00532	-0.01235	0.99977	0.01773	-0.00510	-0.01780	0.99983	
60	0.59000	-0.12423	2.18634	0.60771	0.19126	0.06916	-0.29324	0.43641	0.99999	-0.00511	-0.00122	0.00512	0.99998	0.00333	0.00121	-0.00334	0.99999		-8.22416	60.46861	873.81786	179.66809	2.60131	-2.61143	0.74699	0.99793	0.04582	0.04507	0.04552	-0.99893	0.00785	0.04539	-0.00579	-0.99895		501.80290	4.29121	39.83025	1.03030	-0.35186	0.64915	0.40252	0.99992	0.01122	0.00634	-0.01133	0.99978	0.01791	-0.00614	-0.01798	0.99982	
61	0.60000	-0.08874	2.23684	0.43082	0.29464	-0.02364	-0.30135	0.46721	0.99999	-0.00526	0.00039	0.00526	0.99997	0.00514	-0.00041	-0.00514	0.99999		-6.86444	61.99289	873.88683	179.56413	2.50388	-2.61316	0.74594	0.99801	0.04592	0.04329	0.04555	-0.99892	0.00959	0.04369	-0.00760	-0.99902		501.83598	4.41649	39.20238	0.95529	-0.25697	0.61890	0.39903	0.99993	0.01073	0.00466	-0.01080	0.99980	0.01662	-0.00448	-0.01667	0.99985	
62	0.61000	-0.12509	2.17640	0.60374	0.17264	0.06698	-0.29019	0.43963	0.99999	-0.00506	-0.00118	0.00506	0.99998	0.00301	0.00117	-0.00301	0.99999		-8.18610	60.18833	873.84362	179.68501	2.60856	-2.60086	0.74871	0.99793	0.04563	0.04522	0.04533	-0.99894	0.00756	0.04551	-0.00549	-0.99895		501.81085	4.26460	39.82466	1.05794	-0.34991	0.63368	0.40034	0.99992	0.01094	0.00631	-0.01106	0.99977	0.01839	-0.00611	-0.01846	0.99981	
63	0.62000	-0.12874	2.18861	0.61807	0.17643	0.07353	-0.29537	0.43698	0.99999	-0.00515	-0.00130	0.00516	0.99998	0.00307	0.00128	-0.00308	0.99999		-8.32174	60.28057	873.78984	179.68596	2.59208	-2.61511	0.73783	0.99794	0.04587	0.04493	0.04558	-0.99893	0.00754	0.04522	-0.00548	-0.99896		501.80934	4.31892	39.86595	1.06942	-0.35662	0.62616	0.39799	0.99992	0.01081	0.00643	-0.01093	0.99977	0.01859	-0.00622	-0.01866	0.99981	
64	0.63000	-0.13024	2.17566	0.62532	0.18566	0.07597	-0.29038	0.43736	0.99999	-0.00506	-0.00134	0.00507	0.99998	0.00323	0.00133	-0.00324	0.99999		-8.37147	60.42911	873.78974	179.66737	2.60447	-2.60471	0.74521	0.99793	0.04571	0.04513	0.04540	-0.99894	0.00786	0.04544	-0.00580	-0.99895		501.80153	4.28456	39.88355	1.04709	-0.34960	0.63349	0.39961	0.99992	0.01094	0.00630	-0.01106	0.99977	0.01821	-0.00610	-0.01827	0.99981	
65	0.64000	-0.13532	2.17206	0.62454	0.16865	0.07601	-0.28907	0.43543	0.99999	-0.00504	-0.00134	0.00505	0.99998	0.00294	0.00133	-0.00294	0.99999		-8.38771	60.21763	873.79495	179.69641	2.60997	-2.61226	0.74025	0.99792	0.04582	0.04525	0.04553	-0.99894	0.00737	0.04554	-0.00529	-0.99895		501.80346	4.25186	39.89036	1.05311	-0.35003	0.64803	0.39871	0.99992	0.01120	0.00632	-0.01131	0.99977	0.01831	-0.00611	-0.01838	0.99981	
66	0.65000	-0.13687	2.17637	0.62760	0.18366	0.07882	-0.29061	0.43774	0.99999	-0.00507	-0.00139	0.00507	0.99998	0.00320	0.00138	-0.00321	0.99999		-8.45362	60.43161	873.78963	179.65608	2.61467	-2.60957	0.74658	0.99792	0.04580	0.04530	0.04548	-0.99893	0.00807	0.04562	-0.00600	-0.99894		501.80343	4.27644	39.90888	1.04388	-0.34835	0.64474	0.39838	0.99992	0.01114	0.00628	-0.01125	0.99977	0.01815	-0.00608	-0.01822	0.99982	
67	0.66000	-0.13294	2.17460	0.62047	0.17629	0.07554	-0.28880	0.43880	0.99999	-0.00504	-0.00133	0.00504	0.99998	0.00307	0.00132	-0.00308	0.99999		-8.41731	60.33325	873.81345	179.66925	2.62900	-2.60172	0.74261	0.99792	0.04566	0.04556	0.04535	-0.99894	0.00785	0.04587	-0.00577	-0.99893		501.80616	4.25034	39.88895	1.03948	-0.34653	0.65384	0.39665	0.99992	0.01130	0.00625	-0.01141	0.99977	0.01807	-0.00605	-0.01814	0.99982	
68	0.67000	-0.13119	2.18132	0.63296	0.17325	0.07990	-0.29333	0.43878	0.99999	-0.00511	-0.00141	0.00512	0.99998	0.00302	0.00139	-0.00302	0.99999		-8.50545	60.29184	873.79991	179.67625	2.62892	-2.60919	0.74599	0.99791	0.04578	0.04556	0.04548	-0.99894	0.00773	0.04587	-0.00564	-0.99893		501.80141	4.27864	39.92082	1.03842	-0.34641	0.65689	0.39946	0.99992	0.01135	0.00625	-0.01146	0.99977	0.01805	-0.00605	-0.01812	0.99982	
69	0.68000	-0.12826	2.19243	0.60796	0.17897	0.06878	-0.29499	0.44067	0.99999	-0.00514	-0.00122	0.00515	0.99998	0.00312	0.00120	-0.00312	0.99999		-8.33070	60.37752	873.81808	179.66591	2.62361	-2.61263	0.74934	0.99791	0.04585	0.04546	0.04554	-0.99893	0.00791	0.04577	-0.00583	-0.99893		501.81095	4.31731	39.84141	1.05456	-0.34872	0.61814	0.40048	0.99992	0.01067	0.00628	-0.01079	0.99977	0.01834	-0.00609	-0.01840	0.99981	
70	0.69000	-0.12978	2.18077	0.64362	0.18010	0.08459	-0.29342	0.43683	0.99999	-0.00512	-0.00149	0.00512	0.99998	0.00314	0.00148	-0.00314	0.99999		-8.55429	60.38808	873.78689	179.66901	2.63463	-2.60101	0.74358	0.99791	0.04565	0.04566	0.04533	-0.99894	0.00786	0.04597	-0.00577	-0.99893		501.80403	4.28991	39.94436	1.02624	-0.35891	0.64395	0.39737	0.99992	0.01112	0.00646	-0.01124	0.99978	0.01784	-0.00626	-0.01791	0.99982	
71	0.70000	-0.13097	2.16850	0.62818	0.17874	0.07837	-0.28683	0.43751	0.99999	-0.00500	-0.00138	0.00501	0.99998	0.00311	0.00137	-0.00312	0.99999		-8.42918	60.39400	873.80548	179.67178	2.62502	-2.60401	0.75027	0.99792	0.04569	0.04549	0.04539	-0.99894	0.00780	0.04580	-0.00572	-0.99893		501.80630	4.26357	39.90497	1.06735	-0.36062	0.61620	0.39740	0.99992	0.01064	0.00649	-0.01075	0.99977	0.01856	-0.00629	-0.01863	0.99981	
72	0.71000	-0.13276	2.19083	0.62194	0.18323	0.07623	-0.29492	0.43776	0.99999	-0.00514	-0.00135	0.00515	0.99998	0.00319	0.00133	-0.00320	0.99999		-8.37863	60.41454	873.78647	179.66499	2.60935	-2.59877	0.74997	0.99794	0.04561	0.04521	0.04529	-0.99894	0.00790	0.04553	-0.00584	-0.99895		501.75564	4.26272	39.90948	1.00235	-0.29408	0.70748	0.39102	0.99991	0.01226	0.00535	-0.01235	0.99977	0.01743	-0.00513	-0.01749	0.99983	
73	0.72000	-0.12744	2.16430	0.61568	0.18087	0.07294	-0.28774	0.43708	0.99999	-0.00502	-0.00129	0.00502	0.99998	0.00315	0.00127	-0.00316	0.99999		-8.30122	60.39801	873.80278	179.66475	2.60603	-2.59852	0.75209	0.99794	0.04560	0.04516	0.04529	-0.99894	0.00791	0.04547	-0.00585	-0.99895		501.79204	4.25800	39.87332	1.04987	-0.34272	0.63825	0.40060	0.99992	0.01103	0.00618	-0.01114	0.99977	0.01825	-0.00598	-0.01832	0.99981	
74	0.73000	-0.09549	2.22572	0.44081	0.28702	-0.01740	-0.29704	0.46474	0.99999	-0.00519	0.00028	0.00518	0.99997	0.00501	-0.00030	-0.00501	0.99999		-6.95096	61.94281	873.88715	179.56303	2.52434	-2.60326	0.74324	0.99800	0.04575	0.04365	0.04538	-0.99892	0.00962	0.04404	-0.00762	-0.99900		501.82673	4.36024	39.24859	0.94327	-0.25942	0.62931	0.39834	0.99993	0.01091	0.00471	-0.01098	0.99981	0.01641	-0.00453	-0.01646	0.99985	
75	0.74000	-0.12588	2.16485	0.62011	0.18843	0.07539	-0.28547	0.44106	0.99999	-0.00498	-0.00133	0.00498	0.99998	0.00328	0.00132	-0.00329	0.99999		-8.31229	60.48250	873.81264	179.66904	2.61710	-2.59310	0.74589	0.99793	0.04551	0.04535	0.04520	-0.99895	0.00784	0.04566	-0.00577	-0.99894		501.79094	4.22757	39.88366	1.02568	-0.34797	0.65404	0.39598	0.99992	0.01130	0.00628	-0.01141	0.99978	0.01783	-0.00607	-0.01790	0.99982	
76	0.75000	-0.12332	2.16217	0.62184	0.17962	0.07788	-0.28598	0.43852	0.99999	-0.00499	-0.00137	0.00499	0.99998	0.00313	0.00136	-0.00314	0.99999		-8.38085	60.34934	873.77913	179.68611	2.60043	-2.60194	0.74251	0.99794	0.04564	0.04507	0.04535	-0.99894	0.00753	0.04537	-0.00547	-0.99896		501.79473	4.23150	39.90411	1.04318	-0.35790	0.64611	0.39604	0.99992	0.01116	0.00645	-0.01128	0.99977	0.01813	-0.00625	-0.01821	0.99981	
77	0.76000	-0.12763	2.19221	0.61976	0.18389	0.07408	-0.29672	0.43975	0.99999	-0.00517	-0.00131	0.00518	0.99998	0.00320	0.00129	-0.00321	0.99999		-8.34533	60.37473	873.78471	179.68541	2.59966	-2.61433	0.73958	0.99793	0.04586	0.04506	0.04557	-0.99893	0.00755	0.04536	-0.00549	-0.99896		501.80021	4.30584	39.87752	1.03655	-0.34641	0.65314	0.39951	0.99992	0.01129	0.00625	-0.01140	0.99977	0.01802	-0.00605	-0.01809	0.99982	
78	0.77000	-0.09512	2.23587	0.44867	0.28470	-0.01256	-0.30238	0.46237	0.99999	-0.00528	0.00019	0.00528	0.99997	0.00497	-0.00022	-0.00497	0.99999		-7.08919	61.84776	873.87950	179.58180	2.52585	-2.61779	0.74587	0.99799	0.04599	0.04369	0.04563	-0.99892	0.00930	0.04407	-0.00729	-0.99900		501.78504	4.35932	39.29807	0.91392	-0.21116	0.69852	0.38839	0.99992	0.01213	0.00388	-0.01219	0.99980	0.01590	-0.00369	-0.01595	0.99987	
79	0.78000	-0.12940	2.18196	0.61379	0.17616	0.07298	-0.29249	0.43750	0.99999	-0.00510	-0.00129	0.00510	0.99998	0.00307	0.00127	-0.00307	0.99999		-8.35431	60.21894	873.83308	179.68150	2.62135	-2.60076	0.74330	0.99792	0.04563	0.04544	0.04533	-0.99894	0.00763	0.04574	-0.00555	-0.99894		501.80991	4.27993	39.86389	1.05419	-0.35888	0.63241	0.39899	0.99992	0.01092	0.00647	-0.01104	0.99977	0.01833	-0.00626	-0.01840	0.99981	
80	0.79000	-0.12922	2.18502	0.60688	0.18756	0.06945	-0.29372	0.43688	0.99999	-0.00512	-0.00123	0.00513	0.99998	0.00327	0.00121	-0.00327	0.99999		-8.32281	60.40707	873.82810	179.66927	2.61983	-2.60558	0.74118	0.99792	0.04572	0.04540	0.04541	-0.99894	0.00784	0.04571	-0.00577	-0.99894		501.80212	4.28981	39.84740	1.03454	-0.34683	0.64761	0.40261	0.99992	0.01119	0.00626	-0.01130	0.99977	0.01799	-0.00605	-0.01805	0.99982	
81	0.80000	-0.12800	2.18281	0.61309	0.17968	0.07196	-0.29156	0.43686	0.99999	-0.00508	-0.00127	0.00509	0.99998	0.00313	0.00126	-0.00314	0.99999		-8.36781	60.28798	873.82277	179.67545	2.62155	-2.59912	0.74373	0.99793	0.04561	0.04543	0.04530	-0.99894	0.00773	0.04574	-0.00566	-0.99894		501.80006	4.26364	39.86920	1.05025	-0.34815	0.64588	0.39676	0.99992	0.01116	0.00628	-0.01127	0.99977	0.01826	-0.00608	-0.01833	0.99981	
82	0.81000	-0.10116	2.22040	0.42766	0.28606	-0.02426	-0.29606	0.46669	0.99999	-0.00517	0.00040	0.00517	0.99997	0.00499	-0.00042	-0.00499	0.99999		-6.94539	61.90262	873.90182	179.56781	2.52515	-2.61209	0.74271	0.99799	0.04590	0.04367	0.04553	-0.99892	0.00954	0.04406	-0.00754	-0.99900		501.83558	4.33524	39.20460	0.93384	-0.24739	0.65618	0.39394	0.99993	0.01138	0.00450	-0.01145	0.99980	0.01625	-0.00432	-0.01630	0.99986	
83	0.82000	-0.13509	2.17746	0.64693	0.17578	0.08775	-0.29149	0.43771	0.99999	-0.00508	-0.00155	0.00509	0.99998	0.00306	0.00153	-0.00307	0.99999		-8.60520	60.27095	873.79552	179.66896	2.63524	-2.60764	0.74710	0.99791	0.04576	0.04567	0.04545	-0.99894	0.00786	0.04598	-0.00577	-0.99893		501.79890	4.25182	39.96715	1.02281	-0.36450	0.65552	0.39752	0.99991	0.01133	0.00656	-0.01144	0.99978	0.01778	-0.00636	-0.01785	0.99982	
84	0.83000	-0.12854	2.18231	0.62174	0.18486	0.07619	-0.29037	0.43667	0.99999	-0.00506	-0.00135	0.00507	0.99998	0.00322	0.00133	-0.00323	0.99999		-8.42306	60.41986	873.80724	179.64948	2.62070	-2.60637	0.74514	0.99792	0.04575	0.04540	0.04543	-0.99893	0.00819	0.04572	-0.00611	-0.99894		501.80091	4.26651	39.89376	1.03898	-0.35064	0.64413	0.40202	0.99992	0.01113	0.00632	-0.01124	0.99977	0.01806	-0.00612	-0.01813	0.99982	
85	0.84000	-0.12477	2.18090	0.60915	0.18486	0.07228	-0.29066	0.43958	0.99999	-0.00507	-0.00128	0.00507	0.99998	0.00322	0.00126	-0.00323	0.99999		-8.34999	60.45611	873.81760	179.66618	2.61566	-2.61304	0.75010	0.99792	0.04586	0.04532	0.04554	-0.99893	0.00790	0.04564	-0.00582	-0.99894		501.80641	4.27300	39.87620	1.03893	-0.34756	0.63888	0.40241	0.99992	0.01104	0.00627	-0.01115	0.99977	0.01806	-0.00607	-0.01813	0.99982	
86	0.85000	-0.12172	2.18048	0.62211	0.17640	0.07531	-0.29073	0.43918	0.99999	-0.00507	-0.00133	0.00507	0.99998	0.00307	0.00131	-0.00308	0.99999		-8.37964	60.33012	873.80311	179.65990	2.60946	-2.60337	0.74859	0.99793	0.04569	0.04521	0.04537	-0.99894	0.00800	0.04553	-0.00593	-0.99895		501.80091	4.26827	39.88488	1.04478	-0.35114	0.64187	0.40077	0.99992	0.01109	0.00633	-0.01120	0.99977	0.01816	-0.00613	-0.01823	0.99981	
87	0.86000	-0.12454	2.17751	0.62302	0.17404	0.07576	-0.29137	0.44009	0.99999	-0.00508	-0.00134	0.00509	0.99998	0.00303	0.00132	-0.00304	0.99999		-8.36731	60.29506	873.80696	179.66562	2.60956	-2.59413	0.74527	0.99794	0.04553	0.04522	0.04521	-0.99895	0.00789	0.04553	-0.00583	-0.99895		501.80462	4.27029	39.88592	1.06124	-0.35619	0.64513	0.40075	0.99992	0.01114	0.00642	-0.01126	0.99977	0.01845	-0.00622	-0.01852	0.99981	
88	0.87000	-0.13027	2.18410	0.63344	0.17608	0.08232	-0.29322	0.44120	0.99999	-0.00511	-0.00145	0.00512	0.99998	0.00307	0.00144	-0.00307	0.99999		-8.44724	60.33227	873.80121	179.66652	2.62046	-2.60321	0.74615	0.99792	0.04568	0.04541	0.04537	-0.99894	0.00789	0.04572	-0.00581	-0.99894		501.80550	4.26928	39.92388	1.02898	-0.36521	0.65990	0.40035	0.99991	0.01140	0.00658	-0.01152	0.99977	0.01788	-0.00637	-0.01796	0.99982	
89	0.88000	-0.12362	2.18336	0.60888	0.17928	0.07141	-0.29243	0.43894	0.99999	-0.00510	-0.00126	0.00510	0.99998	0.00312	0.00125	-0.00313	0.99999		-8.28929	60.39159	873.81430	179.67424	2.59958	-2.60948	0.75086	0.99794	0.04579	0.04505	0.04548	-0.99894	0.00774	0.04536	-0.00568	-0.99895		501.80289	4.27172	39.85374	1.03541	-0.34562	0.64935	0.39913	0.99992	0.01122	0.00624	-0.01133	0.99977	0.01800	-0.00603	-0.01807	0.99982	
90	0.89000	-0.13320	2.18713	0.63249	0.18376	0.07810	-0.29509	0.43974	0.99999	-0.00515	-0.00138	0.00515	0.99998	0.00320	0.00136	-0.00321	0.99999		-8.40002	60.43680	873.78061	179.65179	2.60313	-2.60838	0.74148	0.99793	0.04578	0.04509	0.04546	-0.99893	0.00814	0.04542	-0.00607	-0.99895		501.75909	4.28954	39.90796	1.03802	-0.30388	0.69685	0.38611	0.99991	0.01206	0.00552	-0.01216	0.99976	0.01805	-0.00530	-0.01812	0.99982	
91	0.90000	-0.13274	2.16739	0.62354	0.17405	0.07816	-0.28669	0.43944	0.99999	-0.00500	-0.00138	0.00500	0.99998	0.00303	0.00136	-0.00304	0.99999		-8.40058	60.29731	873.81671	179.67244	2.61239	-2.59705	0.75250	0.99793	0.04557	0.04527	0.04526	-0.99894	0.00778	0.04558	-0.00571	-0.99894		501.80377	4.23914	39.90195	1.04695	-0.35661	0.63544	0.39856	0.99992	0.01097	0.00643	-0.01109	0.99977	0.01820	-0.00622	-0.01827	0.99981	
92	0.91000	-0.12723	2.18223	0.63422	0.17953	0.08311	-0.29280	0.43654	0.99999	-0.00511	-0.00147	0.00511	0.99998	0.00313	0.00145	-0.00313	0.99999		-8.51425	60.34926	873.79103	179.65964	2.61685	-2.60935	0.74484	0.99792	0.04580	0.04534	0.04548	-0.99893	0.00801	0.04566	-0.00593	-0.99894		501.79327	4.28807	39.94220	1.05384	-0.35399	0.64787	0.39961	0.99992	0.01119	0.00638	-0.01131	0.99977	0.01832	-0.00618	-0.01839	0.99981	
93	0.92000	-0.09565	2.22319	0.41860	0.28853	-0.02738	-0.29664	0.46444	0.99999	-0.00518	0.00045	0.00518	0.99997	0.00504	-0.00048	-0.00504	0.99999		-6.88516	61.97268	873.91207	179.56119	2.51302	-2.61745	0.74708	0.99800	0.04600	0.04345	0.04562	-0.99891	0.00965	0.04385	-0.00765	-0.99901		501.84463	4.34432	39.17287	0.93541	-0.26004	0.65194	0.39897	0.99993	0.01130	0.00472	-0.01138	0.99980	0.01627	-0.00454	-0.01633	0.99986	
94	0.93000	-0.12532	2.18739	0.60099	0.18358	0.06681	-0.29450	0.43590	0.99999	-0.00514	-0.00118	0.00514	0.99998	0.00320	0.00117	-0.00320	0.99999		-8.29265	60.37937	873.83683	179.66695	2.61422	-2.61128	0.75108	0.99792	0.04582	0.04530	0.04551	-0.99893	0.00788	0.04561	-0.00581	-0.99894		501.80977	4.30537	39.81646	1.05848	-0.35537	0.63359	0.39848	0.99992	0.01094	0.00641	-0.01106	0.99977	0.01840	-0.00620	-0.01847	0.99981	
