1	0.00000	-0.01275	2.02314	0.57798	-0.07459	-0.12775	-0.24420	0.52673	0.99999	-0.00426	0.00224	0.00426	0.99999	-0.00129	-0.00223	0.00130	1.00000		-5.52288	56.50652	874.28520	179.90765	2.39860	-2.26264	0.59885	0.99834	0.03955	0.04175	0.03945	-0.99922	0.00326	0.04185	-0.00161	-0.99912		501.70676	3.84278	38.10647	1.25917	-0.45811	0.74247	0.38358	0.99988	0.01278	0.00828	-0.01296	0.99968	0.02187	-0.00800	-0.02197	0.99973	
2	0.01000	-0.00890	2.04388	0.55463	-0.07229	-0.13782	-0.25081	0.53071	0.99999	-0.00437	0.00241	0.00438	0.99999	-0.00125	-0.00241	0.00126	1.00000		-5.35766	56.52562	874.32349	179.89441	2.42287	-2.28415	0.59001	0.99831	0.03993	0.04217	0.03982	-0.99920	0.00353	0.04227	-0.00184	-0.99910		501.74216	3.89947	37.98854	1.26984	-0.43315	0.60062	0.37073	0.99992	0.01031	0.00779	-0.01048	0.99970	0.02208	-0.00756	-0.02216	0.99973	
3	0.02000	-0.00439	2.02939	0.57617	-0.07453	-0.12917	-0.24488	0.52480	0.99999	-0.00427	0.00226	0.00427	0.99999	-0.00129	-0.00225	0.00130	1.00000		-5.47495	56.50406	874.32300	179.89813	2.45362	-2.27674	0.58696	0.99829	0.03980	0.04271	0.03969	-0.99921	0.00348	0.04281	-0.00178	-0.99908		501.71696	3.86661	38.07873	1.26485	-0.46695	0.69261	0.37875	0.99989	0.01191	0.00841	-0.01209	0.99969	0.02197	-0.00815	-0.02207	0.99972	
4	0.03000	-0.05140	2.15841	0.72957	0.04899	-0.02458	-0.28067	0.56292	0.99999	-0.00490	0.00043	0.00490	0.99999	0.00086	-0.00043	-0.00085	1.00000		-6.98559	58.56805	873.91023	179.87978	2.49731	-2.60688	0.68999	0.99802	0.04557	0.04343	0.04544	-0.99896	0.00408	0.04357	-0.00210	-0.99905		501.65894	4.24920	38.91899	1.22353	-0.27367	0.58611	0.37806	0.99994	0.01013	0.00499	-0.01023	0.99972	0.02130	-0.00478	-0.02135	0.99976	
5	0.04000	-0.04613	2.14937	0.71608	0.05723	-0.03114	-0.27628	0.56561	0.99999	-0.00482	0.00054	0.00482	0.99999	0.00100	-0.00054	-0.00100	1.00000		-6.84045	58.71145	873.89367	179.87633	2.47512	-2.61926	0.68498	0.99802	0.04579	0.04304	0.04566	-0.99895	0.00413	0.04319	-0.00216	-0.99906		501.65208	4.24033	38.88073	1.22800	-0.25206	0.57039	0.37782	0.99994	0.00986	0.00461	-0.00995	0.99972	0.02139	-0.00440	-0.02143	0.99976	
6	0.05000	0.20054	2.68747	0.16073	0.69810	-0.90218	-0.47589	0.62817	0.99984	-0.00850	0.01564	0.00830	0.99989	0.01231	-0.01575	-0.01218	0.99980		5.69857	67.80712	873.96483	179.24583	1.58653	-2.65428	0.62800	0.99854	0.04667	0.02705	0.04629	-0.99882	0.01443	0.02769	-0.01316	-0.99953		501.90456	5.72653	32.30618	0.33156	0.68170	1.01507	0.38797	0.99977	0.01778	-0.01179	-0.01771	0.99983	0.00600	0.01190	-0.00579	0.99991	
7	0.06000	-0.14034	2.21234	0.59875	0.28180	-0.01754	-0.30579	0.48685	0.99999	-0.00534	0.00028	0.00534	0.99997	0.00492	-0.00031	-0.00492	0.99999		-6.94943	61.91224	873.69405	179.55766	2.49719	-2.57877	0.72783	0.99804	0.04533	0.04318	0.04495	-0.99894	0.00967	0.04357	-0.00771	-0.99902		501.69563	4.17459	39.18844	0.68281	-0.44727	1.18766	0.40007	0.99975	0.02063	0.00805	-0.02073	0.99972	0.01175	-0.00781	-0.01192	0.99990	
8	0.07000	-0.13950	2.20656	0.55461	0.28604	-0.01771	-0.30218	0.47796	0.99999	-0.00528	0.00028	0.00527	0.99997	0.00499	-0.00031	-0.00499	0.99999		-6.89808	61.94866	873.75961	179.54842	2.50845	-2.57995	0.73930	0.99803	0.04536	0.04337	0.04497	-0.99894	0.00984	0.04377	-0.00787	-0.99901		501.64794	4.14016	39.18808	0.63495	-0.35984	1.13925	0.31446	0.99978	0.01981	0.00650	-0.01988	0.99974	0.01095	-0.00628	-0.01108	0.99992	
9	0.08000	-0.13688	2.19855	0.52411	0.28201	-0.02064	-0.29933	0.47603	0.99999	-0.00523	0.00034	0.00522	0.99997	0.00492	-0.00036	-0.00492	0.99999		-6.85404	61.86798	873.77722	179.55199	2.49372	-2.56876	0.73517	0.99805	0.04516	0.04311	0.04478	-0.99895	0.00976	0.04351	-0.00781	-0.99902		501.58626	4.47787	39.21141	0.93784	-0.28116	0.67373	0.40695	0.99992	0.01168	0.00510	-0.01176	0.99980	0.01631	-0.00491	-0.01637	0.99985	
10	0.09000	-0.13194	2.19677	0.49865	0.28810	-0.02191	-0.29583	0.47110	0.99999	-0.00516	0.00036	0.00516	0.99997	0.00503	-0.00038	-0.00503	0.99999		-6.83427	61.94075	873.81969	179.54797	2.50802	-2.57127	0.74421	0.99804	0.04521	0.04336	0.04482	-0.99895	0.00984	0.04376	-0.00788	-0.99901		501.57975	4.45732	39.20458	0.95225	-0.29226	0.66234	0.40654	0.99992	0.01147	0.00529	-0.01156	0.99980	0.01656	-0.00510	-0.01662	0.99985	
11	0.10000	-0.13449	2.19116	0.50465	0.28611	-0.01655	-0.29323	0.47111	0.99999	-0.00512	0.00026	0.00512	0.99997	0.00499	-0.00029	-0.00499	0.99999		-6.92953	61.90038	873.82611	179.55318	2.52328	-2.57166	0.74201	0.99802	0.04521	0.04363	0.04483	-0.99895	0.00977	0.04403	-0.00779	-0.99900		501.56741	4.41712	39.24948	0.93032	-0.28318	0.67712	0.40670	0.99992	0.01174	0.00513	-0.01182	0.99980	0.01618	-0.00494	-0.01624	0.99986	
12	0.11000	-0.13877	2.20116	0.51960	0.27752	-0.00393	-0.29746	0.46491	0.99999	-0.00519	0.00004	0.00519	0.99997	0.00484	-0.00007	-0.00484	0.99999		-7.16363	61.75229	873.82256	179.56844	2.54006	-2.57354	0.74932	0.99801	0.04523	0.04393	0.04486	-0.99895	0.00951	0.04432	-0.00752	-0.99899		501.56446	4.44620	39.33500	0.94350	-0.29730	0.66848	0.41149	0.99992	0.01158	0.00538	-0.01167	0.99980	0.01640	-0.00519	-0.01647	0.99985	
13	0.12000	-0.13769	2.19478	0.47619	0.28889	-0.01968	-0.29428	0.46602	0.99999	-0.00514	0.00032	0.00514	0.99997	0.00504	-0.00034	-0.00504	0.99999		-6.96472	61.94061	873.84240	179.55835	2.52169	-2.58148	0.74666	0.99802	0.04538	0.04360	0.04500	-0.99894	0.00968	0.04400	-0.00770	-0.99900		501.56220	4.45667	39.24507	0.96600	-0.26865	0.64486	0.40627	0.99993	0.01117	0.00488	-0.01125	0.99980	0.01681	-0.00469	-0.01686	0.99985	
14	0.13000	-0.15029	2.19599	0.49624	0.27773	-0.00682	-0.29703	0.46065	0.99999	-0.00518	0.00009	0.00518	0.99997	0.00485	-0.00012	-0.00485	0.99999		-7.19210	61.77649	873.83250	179.56158	2.53727	-2.58435	0.74703	0.99800	0.04543	0.04388	0.04505	-0.99894	0.00964	0.04427	-0.00764	-0.99899		501.56082	4.45632	39.33414	0.96725	-0.28582	0.65347	0.40268	0.99992	0.01132	0.00518	-0.01140	0.99979	0.01682	-0.00499	-0.01688	0.99985	
15	0.14000	-0.15092	2.21073	0.48726	0.29050	-0.01183	-0.30178	0.46275	0.99999	-0.00527	0.00018	0.00527	0.99997	0.00507	-0.00021	-0.00507	0.99999		-7.19048	62.07920	873.77351	179.56697	2.48186	-2.67067	0.74821	0.99798	0.04692	0.04290	0.04655	-0.99887	0.00957	0.04330	-0.00755	-0.99903		501.56468	4.49520	39.28349	0.94822	-0.28681	0.65651	0.40428	0.99992	0.01137	0.00519	-0.01146	0.99980	0.01649	-0.00501	-0.01655	0.99985	
16	0.15000	-0.15067	2.19661	0.47934	0.28075	-0.01089	-0.29784	0.46297	0.99999	-0.00520	0.00017	0.00520	0.99997	0.00490	-0.00019	-0.00490	0.99999		-7.16533	61.86545	873.84254	179.56192	2.54243	-2.58774	0.75046	0.99800	0.04549	0.04397	0.04510	-0.99894	0.00964	0.04436	-0.00764	-0.99899		501.56192	4.48347	39.31080	0.97609	-0.28028	0.63750	0.40599	0.99993	0.01104	0.00508	-0.01113	0.99979	0.01698	-0.00489	-0.01703	0.99984	
17	0.16000	-0.14606	2.20241	0.46899	0.29222	-0.01456	-0.29664	0.46060	0.99999	-0.00518	0.00023	0.00518	0.99997	0.00510	-0.00025	-0.00510	0.99999		-7.16275	62.15833	873.78496	179.55951	2.48410	-2.66696	0.74600	0.99798	0.04686	0.04294	0.04649	-0.99887	0.00970	0.04334	-0.00768	-0.99903		501.56028	4.45348	39.27604	0.93288	-0.27556	0.64952	0.40760	0.99992	0.01126	0.00499	-0.01134	0.99980	0.01623	-0.00481	-0.01628	0.99986	
18	0.17000	-0.14089	2.22471	0.44685	0.30663	-0.02170	-0.30036	0.46150	0.99999	-0.00524	0.00035	0.00524	0.99997	0.00535	-0.00038	-0.00535	0.99999		-7.05399	62.37340	873.78554	179.53542	2.46890	-2.66178	0.74755	0.99799	0.04679	0.04265	0.04640	-0.99887	0.01010	0.04308	-0.00810	-0.99904		501.56446	4.49308	39.24562	0.95542	-0.27256	0.64956	0.40755	0.99992	0.01126	0.00495	-0.01134	0.99980	0.01662	-0.00476	-0.01667	0.99985	
19	0.18000	-0.17042	2.18195	0.63837	0.19856	0.07635	-0.29491	0.43562	0.99999	-0.00514	-0.00135	0.00515	0.99998	0.00346	0.00133	-0.00347	0.99999		-8.42003	60.69341	873.74856	179.63985	2.62633	-2.58353	0.75334	0.99793	0.04536	0.04549	0.04503	-0.99895	0.00834	0.04582	-0.00628	-0.99893		501.53235	4.42729	39.90053	1.06459	-0.37975	0.63037	0.40801	0.99992	0.01088	0.00683	-0.01100	0.99977	0.01851	-0.00663	-0.01858	0.99981	
20	0.19000	-0.14316	2.20178	0.47142	0.27481	-0.01107	-0.29810	0.45947	0.99999	-0.00520	0.00017	0.00520	0.99998	0.00480	-0.00019	-0.00480	0.99999		-7.13983	61.97172	873.77491	179.57280	2.46919	-2.67006	0.74607	0.99799	0.04690	0.04269	0.04654	-0.99887	0.00945	0.04308	-0.00745	-0.99904		501.56669	4.47617	39.29132	0.96923	-0.28808	0.64291	0.40665	0.99992	0.01113	0.00522	-0.01122	0.99979	0.01686	-0.00503	-0.01692	0.99984	
21	0.20000	-0.16733	2.15690	0.62807	0.18056	0.07323	-0.28769	0.43565	0.99999	-0.00502	-0.00129	0.00502	0.99998	0.00314	0.00128	-0.00315	0.99999		-8.28830	60.47401	873.76314	179.64444	2.60963	-2.57075	0.74960	0.99796	0.04513	0.04521	0.04481	-0.99896	0.00824	0.04553	-0.00620	-0.99894		501.53320	4.36946	39.88372	1.07146	-0.37227	0.62370	0.40880	0.99992	0.01076	0.00670	-0.01089	0.99977	0.01863	-0.00650	-0.01870	0.99980	
22	0.21000	-0.13989	2.20576	0.44473	0.28821	-0.02097	-0.29758	0.45762	0.99999	-0.00520	0.00034	0.00519	0.99997	0.00503	-0.00037	-0.00503	0.99999		-6.87286	62.07970	873.84363	179.53320	2.51311	-2.58335	0.74585	0.99802	0.04543	0.04343	0.04503	-0.99893	0.01012	0.04385	-0.00814	-0.99901		501.62695	4.08364	39.21332	0.62317	-0.34708	1.11701	0.30883	0.99979	0.01943	0.00627	-0.01949	0.99975	0.01076	-0.00606	-0.01088	0.99992	
23	0.22000	-0.16812	2.16179	0.62174	0.19112	0.07019	-0.29051	0.43468	0.99999	-0.00507	-0.00124	0.00507	0.99998	0.00333	0.00122	-0.00334	0.99999		-8.20380	60.63292	873.76759	179.63876	2.60722	-2.57799	0.74748	0.99795	0.04526	0.04516	0.04493	-0.99896	0.00834	0.04549	-0.00630	-0.99894		501.52709	4.39508	39.85804	1.06252	-0.37016	0.62982	0.40128	0.99992	0.01087	0.00666	-0.01099	0.99977	0.01847	-0.00646	-0.01854	0.99981	
24	0.23000	-0.14719	2.20475	0.45739	0.28853	-0.01223	-0.29603	0.45770	0.99999	-0.00517	0.00019	0.00517	0.99997	0.00504	-0.00021	-0.00504	0.99999		-6.98722	62.05526	873.84047	179.54915	2.52531	-2.57826	0.75315	0.99802	0.04533	0.04366	0.04494	-0.99894	0.00984	0.04406	-0.00786	-0.99900		501.56381	4.44673	39.29953	0.94271	-0.28415	0.65049	0.40493	0.99992	0.01127	0.00515	-0.01135	0.99980	0.01640	-0.00496	-0.01645	0.99985	
25	0.24000	-0.17613	2.16156	0.64015	0.18236	0.08124	-0.29096	0.43606	0.99999	-0.00507	-0.00143	0.00508	0.99998	0.00317	0.00142	-0.00318	0.99999		-8.44965	60.57001	873.69528	179.66664	2.55632	-2.66309	0.74591	0.99793	0.04672	0.04428	0.04642	-0.99889	0.00788	0.04460	-0.00581	-0.99899		501.52725	4.37187	39.93692	1.06005	-0.38000	0.65009	0.40325	0.99991	0.01122	0.00684	-0.01135	0.99977	0.01842	-0.00663	-0.01850	0.99981	
26	0.25000	-0.16942	2.15389	0.63472	0.17925	0.07867	-0.28790	0.43228	0.99999	-0.00502	-0.00139	0.00502	0.99998	0.00312	0.00137	-0.00313	0.99999		-8.45618	60.50924	873.70186	179.67279	2.54906	-2.67064	0.75472	0.99793	0.04685	0.04416	0.04655	-0.99889	0.00778	0.04447	-0.00571	-0.99899		501.52291	4.35079	39.91655	1.06425	-0.37638	0.63766	0.40731	0.99992	0.01101	0.00677	-0.01113	0.99977	0.01850	-0.00657	-0.01857	0.99981	
27	0.26000	-0.16777	2.16587	0.62443	0.18035	0.07462	-0.29322	0.43420	0.99999	-0.00511	-0.00132	0.00512	0.99998	0.00314	0.00130	-0.00315	0.99999		-8.44036	60.50282	873.70922	179.68654	2.54986	-2.67996	0.74616	0.99792	0.04700	0.04418	0.04671	-0.99888	0.00755	0.04449	-0.00547	-0.99899		501.52679	4.37927	39.89418	1.04739	-0.37163	0.65205	0.40620	0.99991	0.01126	0.00669	-0.01138	0.99977	0.01820	-0.00649	-0.01828	0.99981	
28	0.27000	-0.17100	2.16363	0.62309	0.18370	0.07408	-0.29261	0.42983	0.99999	-0.00510	-0.00131	0.00511	0.99998	0.00320	0.00129	-0.00321	0.99999		-8.38779	60.40784	873.79608	179.65515	2.63474	-2.58756	0.75110	0.99792	0.04542	0.04565	0.04510	-0.99895	0.00809	0.04597	-0.00601	-0.99892		501.53668	4.40098	39.88289	1.08233	-0.38178	0.63302	0.40677	0.99992	0.01092	0.00687	-0.01105	0.99976	0.01881	-0.00666	-0.01889	0.99980	
29	0.28000	-0.17530	2.16316	0.64310	0.17735	0.08232	-0.29264	0.43180	0.99999	-0.00510	-0.00145	0.00511	0.99998	0.00309	0.00144	-0.00310	0.99999		-8.53445	60.29658	873.76750	179.66911	2.63021	-2.59314	0.75522	0.99792	0.04551	0.04558	0.04520	-0.99895	0.00785	0.04589	-0.00577	-0.99893		501.52519	4.38150	39.93753	1.06888	-0.37888	0.64364	0.40489	0.99992	0.01111	0.00682	-0.01123	0.99976	0.01858	-0.00661	-0.01865	0.99980	
30	0.29000	-0.18050	2.15678	0.62749	0.17187	0.07877	-0.29284	0.43485	0.99999	-0.00511	-0.00139	0.00511	0.99998	0.00299	0.00137	-0.00300	0.99999		-8.47398	60.20642	873.81344	179.66936	2.63948	-2.59423	0.74688	0.99792	0.04553	0.04574	0.04521	-0.99895	0.00785	0.04605	-0.00576	-0.99892		501.52877	4.40091	39.92015	1.07681	-0.38207	0.62693	0.40998	0.99992	0.01081	0.00687	-0.01094	0.99976	0.01872	-0.00667	-0.01879	0.99980	
31	0.30000	-0.14982	2.22083	0.43045	0.29005	-0.02220	-0.30434	0.46161	0.99999	-0.00531	0.00036	0.00531	0.99997	0.00506	-0.00039	-0.00506	0.99999		-6.98574	61.97250	873.87247	179.57394	2.52776	-2.60739	0.74274	0.99799	0.04582	0.04372	0.04545	-0.99892	0.00943	0.04410	-0.00743	-0.99900		501.56699	4.51256	39.22998	0.96006	-0.27923	0.64597	0.40552	0.99992	0.01119	0.00506	-0.01127	0.99980	0.01670	-0.00487	-0.01676	0.99985	
32	0.31000	-0.14810	2.20811	0.44125	0.28633	-0.01516	-0.29994	0.45584	0.99999	-0.00524	0.00024	0.00523	0.99997	0.00500	-0.00026	-0.00500	0.99999		-7.11619	62.01463	873.81529	179.58102	2.47602	-2.68112	0.74400	0.99797	0.04709	0.04281	0.04673	-0.99886	0.00933	0.04320	-0.00731	-0.99904		501.56928	4.48420	39.26491	0.96799	-0.29986	0.63800	0.40693	0.99992	0.01104	0.00542	-0.01113	0.99980	0.01683	-0.00523	-0.01689	0.99984	
33	0.32000	-0.17179	2.16387	0.62261	0.17696	0.07555	-0.29204	0.43469	0.99999	-0.00509	-0.00133	0.00510	0.99998	0.00308	0.00132	-0.00309	0.99999		-8.39285	60.29811	873.79464	179.67313	2.62189	-2.58182	0.74159	0.99794	0.04531	0.04544	0.04500	-0.99896	0.00776	0.04574	-0.00570	-0.99894		501.52641	4.38423	39.89402	1.07356	-0.37788	0.63299	0.40485	0.99992	0.01092	0.00680	-0.01105	0.99976	0.01866	-0.00660	-0.01874	0.99980	
34	0.33000	-0.17152	2.15764	0.62961	0.18558	0.07783	-0.28869	0.43327	0.99999	-0.00503	-0.00137	0.00504	0.99998	0.00323	0.00136	-0.00324	0.99999		-8.38912	60.45308	873.78009	179.66435	2.62234	-2.58460	0.74986	0.99794	0.04536	0.04544	0.04505	-0.99895	0.00792	0.04575	-0.00585	-0.99894		501.52803	4.38700	39.90695	1.07710	-0.37155	0.61920	0.40740	0.99992	0.01068	0.00669	-0.01081	0.99977	0.01873	-0.00648	-0.01880	0.99980	
35	0.34000	-0.16128	2.15805	0.60962	0.18447	0.07285	-0.28816	0.43647	0.99999	-0.00502	-0.00129	0.00503	0.99998	0.00321	0.00127	-0.00322	0.99999		-8.29369	60.46307	873.80794	179.65883	2.61952	-2.58786	0.74772	0.99794	0.04542	0.04539	0.04510	-0.99895	0.00801	0.04570	-0.00595	-0.99894		501.51632	4.35437	39.88970	1.05822	-0.35824	0.63935	0.40692	0.99992	0.01104	0.00646	-0.01116	0.99977	0.01840	-0.00625	-0.01847	0.99981	
36	0.35000	-0.16802	2.16633	0.62952	0.17971	0.08145	-0.29158	0.43396	0.99999	-0.00508	-0.00144	0.00509	0.99998	0.00313	0.00142	-0.00314	0.99999		-8.46158	60.51503	873.69954	179.67303	2.55067	-2.67759	0.74601	0.99792	0.04697	0.04419	0.04667	-0.99888	0.00778	0.04450	-0.00570	-0.99899		501.58611	4.00533	39.90870	0.75135	-0.44268	1.10618	0.30364	0.99978	0.01920	0.00798	-0.01930	0.99973	0.01296	-0.00773	-0.01311	0.99988	
37	0.36000	-0.16995	2.15174	0.63244	0.17560	0.08289	-0.28783	0.43008	0.99999	-0.00502	-0.00146	0.00502	0.99998	0.00306	0.00145	-0.00306	0.99999		-8.47061	60.48606	873.69711	179.67737	2.54953	-2.67401	0.75504	0.99792	0.04690	0.04417	0.04661	-0.99888	0.00770	0.04448	-0.00563	-0.99899		501.52001	4.36143	39.94579	1.07362	-0.38035	0.63604	0.40610	0.99992	0.01097	0.00684	-0.01110	0.99976	0.01866	-0.00664	-0.01874	0.99980	
38	0.37000	-0.17865	2.15610	0.64357	0.17688	0.08569	-0.28834	0.43293	0.99999	-0.00503	-0.00151	0.00503	0.99998	0.00308	0.00150	-0.00309	0.99999		-8.45932	60.40562	873.74171	179.65350	2.61307	-2.57974	0.74805	0.99795	0.04528	0.04527	0.04496	-0.99896	0.00809	0.04559	-0.00604	-0.99894		501.52722	4.37467	39.95949	1.08703	-0.38540	0.62501	0.40387	0.99992	0.01078	0.00693	-0.01091	0.99976	0.01890	-0.00673	-0.01897	0.99980	
39	0.38000	-0.17935	2.16191	0.63796	0.18317	0.08548	-0.29052	0.43073	0.99999	-0.00507	-0.00151	0.00507	0.99998	0.00319	0.00149	-0.00320	0.99999		-8.53483	60.60022	873.69030	179.66217	2.56061	-2.66039	0.75027	0.99792	0.04668	0.04435	0.04637	-0.99889	0.00796	0.04468	-0.00589	-0.99898		501.51979	4.37740	39.97187	1.07010	-0.37597	0.63271	0.40237	0.99992	0.01092	0.00677	-0.01104	0.99977	0.01860	-0.00656	-0.01868	0.99980	
40	0.39000	-0.17310	2.15742	0.61244	0.17573	0.07454	-0.28989	0.43424	0.99999	-0.00506	-0.00132	0.00506	0.99998	0.00306	0.00130	-0.00307	0.99999		-8.35895	60.39086	873.78289	179.65709	2.60869	-2.57731	0.74609	0.99795	0.04524	0.04520	0.04492	-0.99896	0.00803	0.04551	-0.00598	-0.99895		501.58362	3.99881	39.87539	0.74165	-0.42870	1.09861	0.30211	0.99979	0.01907	0.00773	-0.01917	0.99973	0.01280	-0.00748	-0.01294	0.99989	
41	0.40000	-0.17554	2.16754	0.61124	0.17877	0.07416	-0.29319	0.43134	0.99999	-0.00511	-0.00131	0.00512	0.99998	0.00311	0.00129	-0.00312	0.99999		-8.37958	60.43153	873.78733	179.64719	2.62294	-2.59126	0.74644	0.99793	0.04549	0.04544	0.04516	-0.99895	0.00822	0.04576	-0.00615	-0.99893		501.52577	4.37548	39.88580	1.05880	-0.37560	0.66012	0.40176	0.99991	0.01140	0.00677	-0.01152	0.99976	0.01840	-0.00656	-0.01848	0.99981	
42	0.41000	-0.17468	2.16964	0.62092	0.17866	0.07840	-0.29370	0.43226	0.99999	-0.00512	-0.00138	0.00513	0.99998	0.00311	0.00137	-0.00312	0.99999		-8.53842	60.53139	873.70359	179.67819	2.55940	-2.67370	0.74829	0.99791	0.04690	0.04434	0.04660	-0.99888	0.00769	0.04466	-0.00561	-0.99899		501.52950	4.39361	39.91211	1.07443	-0.37767	0.63533	0.40684	0.99992	0.01096	0.00680	-0.01109	0.99976	0.01868	-0.00659	-0.01875	0.99980	
43	0.42000	-0.16837	2.14609	0.60406	0.17793	0.06978	-0.28287	0.43120	0.99999	-0.00493	-0.00123	0.00494	0.99998	0.00310	0.00122	-0.00311	0.99999		-8.35151	60.40337	873.81743	179.65228	2.63816	-2.57497	0.75122	0.99793	0.04520	0.04571	0.04488	-0.99896	0.00813	0.04603	-0.00606	-0.99892		501.58288	3.92761	39.85170	0.73534	-0.41636	1.10931	0.29972	0.99979	0.01927	0.00751	-0.01936	0.99973	0.01269	-0.00727	-0.01283	0.99989	
44	0.43000	-0.17063	2.16338	0.61179	0.18145	0.07388	-0.29061	0.43249	0.99999	-0.00507	-0.00130	0.00507	0.99998	0.00316	0.00129	-0.00317	0.99999		-8.43006	60.42766	873.80319	179.65430	2.63442	-2.58232	0.74898	0.99793	0.04533	0.04564	0.04501	-0.99895	0.00810	0.04596	-0.00603	-0.99892		501.53236	4.35523	39.87644	1.04871	-0.38794	0.65138	0.40689	0.99991	0.01124	0.00698	-0.01137	0.99977	0.01822	-0.00677	-0.01830	0.99981	
45	0.44000	-0.14036	2.20467	0.44288	0.27555	-0.01309	-0.29676	0.45739	0.99999	-0.00518	0.00020	0.00518	0.99998	0.00481	-0.00023	-0.00481	0.99999		-7.13167	61.81570	873.87610	179.56401	2.54116	-2.59475	0.74827	0.99799	0.04561	0.04395	0.04523	-0.99893	0.00961	0.04434	-0.00760	-0.99899		501.55975	4.46238	39.29003	0.98602	-0.29303	0.62501	0.40758	0.99993	0.01082	0.00530	-0.01091	0.99979	0.01715	-0.00511	-0.01721	0.99984	
46	0.45000	-0.17598	2.16441	0.61330	0.18060	0.07497	-0.29130	0.43458	0.99999	-0.00508	-0.00132	0.00508	0.99998	0.00314	0.00131	-0.00315	0.99999		-8.39567	60.38410	873.79491	179.66048	2.62632	-2.59245	0.75052	0.99793	0.04550	0.04551	0.04518	-0.99895	0.00799	0.04582	-0.00592	-0.99893		501.58672	4.00182	39.86609	0.74299	-0.43883	1.10117	0.30338	0.99979	0.01912	0.00791	-0.01922	0.99973	0.01282	-0.00766	-0.01297	0.99989	
47	0.46000	-0.17978	2.16710	0.61715	0.16883	0.07614	-0.29344	0.43149	0.99999	-0.00512	-0.00134	0.00512	0.99998	0.00294	0.00133	-0.00295	0.99999		-8.38282	60.17934	873.80996	179.67192	2.62819	-2.58498	0.74520	0.99793	0.04536	0.04555	0.04505	-0.99895	0.00779	0.04585	-0.00572	-0.99893		501.53249	4.37916	39.89806	1.07288	-0.37528	0.63773	0.40450	0.99992	0.01101	0.00676	-0.01113	0.99976	0.01865	-0.00655	-0.01872	0.99980	
48	0.47000	-0.17387	2.16368	0.63363	0.17188	0.08373	-0.29357	0.43140	0.99999	-0.00512	-0.00148	0.00512	0.99998	0.00299	0.00146	-0.00300	0.99999		-8.47032	60.21819	873.79241	179.66850	2.63354	-2.58893	0.75693	0.99792	0.04543	0.04564	0.04512	-0.99895	0.00786	0.04595	-0.00578	-0.99893		501.51941	4.39558	39.94524	1.07995	-0.38698	0.63125	0.40422	0.99992	0.01089	0.00696	-0.01102	0.99976	0.01877	-0.00675	-0.01885	0.99980	
49	0.48000	-0.17112	2.16235	0.62114	0.17500	0.07834	-0.29186	0.43142	0.99999	-0.00509	-0.00138	0.00509	0.99998	0.00305	0.00137	-0.00305	0.99999		-8.37126	60.24940	873.80361	179.66396	2.62256	-2.57794	0.75066	0.99794	0.04525	0.04545	0.04493	-0.99896	0.00792	0.04576	-0.00586	-0.99894		501.52629	4.37595	39.91260	1.06794	-0.37878	0.64067	0.40601	0.99992	0.01106	0.00682	-0.01118	0.99977	0.01856	-0.00661	-0.01864	0.99980	
50	0.49000	-0.17138	2.17244	0.61158	0.17353	0.07616	-0.29570	0.43519	0.99999	-0.00516	-0.00134	0.00516	0.99998	0.00302	0.00133	-0.00303	0.99999		-8.32608	60.23416	873.80538	179.67076	2.61618	-2.59619	0.74790	0.99793	0.04556	0.04534	0.04525	-0.99895	0.00781	0.04565	-0.00574	-0.99894		501.52721	4.40665	39.90331	1.08451	-0.37230	0.63897	0.40304	0.99992	0.01103	0.00671	-0.01115	0.99976	0.01885	-0.00650	-0.01893	0.99980	
51	0.50000	-0.16214	2.14655	0.64113	0.16362	0.08607	-0.28680	0.43696	0.99999	-0.00500	-0.00152	0.00501	0.99998	0.00285	0.00150	-0.00286	0.99999		-8.53421	60.21852	873.71192	179.69727	2.55533	-2.66361	0.75104	0.99793	0.04671	0.04429	0.04643	-0.99889	0.00735	0.04458	-0.00528	-0.99899		501.51856	4.34999	39.96528	1.08677	-0.38209	0.61705	0.40436	0.99992	0.01064	0.00687	-0.01077	0.99976	0.01889	-0.00667	-0.01897	0.99980	
52	0.51000	-0.16472	2.15474	0.62634	0.17237	0.07957	-0.28846	0.43429	0.99999	-0.00503	-0.00140	0.00503	0.99998	0.00300	0.00139	-0.00301	0.99999		-8.38793	60.25296	873.79047	179.67340	2.61832	-2.58576	0.75259	0.99794	0.04537	0.04538	0.04507	-0.99895	0.00776	0.04568	-0.00569	-0.99894		501.52395	4.36585	39.91746	1.08935	-0.37818	0.62270	0.40525	0.99992	0.01074	0.00681	-0.01087	0.99976	0.01894	-0.00660	-0.01901	0.99980	
53	0.52000	-0.16699	2.16663	0.61890	0.18425	0.07689	-0.28954	0.43299	0.99999	-0.00505	-0.00136	0.00505	0.99998	0.00321	0.00134	-0.00322	0.99999		-8.36526	60.42427	873.78339	179.65572	2.61857	-2.57515	0.74761	0.99795	0.04520	0.04537	0.04488	-0.99896	0.00806	0.04569	-0.00600	-0.99894		501.52167	4.35373	39.90806	1.05339	-0.36966	0.63835	0.40777	0.99992	0.01102	0.00666	-0.01114	0.99977	0.01831	-0.00645	-0.01838	0.99981	
54	0.53000	-0.17050	2.16301	0.62597	0.17871	0.08006	-0.29215	0.43093	0.99999	-0.00509	-0.00141	0.00510	0.99998	0.00311	0.00140	-0.00312	0.99999		-8.43564	60.36349	873.78316	179.66499	2.63001	-2.58451	0.75358	0.99793	0.04536	0.04558	0.04505	-0.99895	0.00791	0.04589	-0.00584	-0.99893		501.52199	4.37695	39.92504	1.07146	-0.37299	0.64008	0.41115	0.99992	0.01105	0.00672	-0.01117	0.99976	0.01863	-0.00651	-0.01870	0.99980	
55	0.54000	-0.17406	2.17595	0.60716	0.18344	0.07431	-0.29530	0.43470	0.99999	-0.00515	-0.00131	0.00515	0.99998	0.00319	0.00130	-0.00320	0.99999		-8.43069	60.54622	873.72131	179.65967	2.55525	-2.67464	0.75376	0.99792	0.04693	0.04426	0.04662	-0.99888	0.00801	0.04458	-0.00593	-0.99899		501.52871	4.40162	39.88820	1.05716	-0.37829	0.63478	0.40722	0.99992	0.01096	0.00681	-0.01108	0.99977	0.01838	-0.00660	-0.01845	0.99981	
56	0.55000	-0.17219	2.16365	0.61138	0.17286	0.07338	-0.29290	0.43501	0.99999	-0.00511	-0.00130	0.00511	0.99998	0.00301	0.00128	-0.00302	0.99999		-8.44152	60.40535	873.74594	179.67744	2.56937	-2.66562	0.74822	0.99791	0.04676	0.04452	0.04646	-0.99889	0.00771	0.04483	-0.00562	-0.99898		501.52225	4.37553	39.88501	1.06202	-0.35881	0.64072	0.40932	0.99992	0.01106	0.00647	-0.01118	0.99977	0.01846	-0.00626	-0.01853	0.99981	
57	0.56000	-0.17378	2.16671	0.61008	0.17706	0.07506	-0.29285	0.42980	0.99999	-0.00511	-0.00133	0.00511	0.99998	0.00308	0.00131	-0.00309	0.99999		-8.43320	60.37493	873.80763	179.66206	2.63746	-2.57807	0.75123	0.99793	0.04525	0.04570	0.04493	-0.99896	0.00796	0.04602	-0.00589	-0.99892		501.53385	4.38188	39.89235	1.06265	-0.38132	0.63727	0.40598	0.99992	0.01100	0.00686	-0.01112	0.99977	0.01847	-0.00666	-0.01855	0.99981	
58	0.57000	-0.17158	2.15041	0.60715	0.17884	0.07375	-0.28447	0.43114	0.99999	-0.00496	-0.00130	0.00496	0.99998	0.00311	0.00129	-0.00312	0.99999		-8.41228	60.43465	873.81370	179.66145	2.64650	-2.57365	0.75102	0.99793	0.04518	0.04586	0.04486	-0.99896	0.00798	0.04617	-0.00590	-0.99892		501.53058	4.34367	39.87169	1.09008	-0.38452	0.61807	0.40455	0.99992	0.01066	0.00691	-0.01079	0.99976	0.01895	-0.00671	-0.01902	0.99980	
59	0.58000	-0.16948	2.14758	0.62693	0.17358	0.08120	-0.28371	0.42934	0.99999	-0.00495	-0.00143	0.00495	0.99998	0.00302	0.00142	-0.00303	0.99999		-8.57600	60.47044	873.72220	179.67685	2.57631	-2.66740	0.75615	0.99791	0.04679	0.04464	0.04649	-0.99889	0.00773	0.04495	-0.00563	-0.99897		501.52489	4.33308	39.92885	1.08859	-0.38337	0.61846	0.41158	0.99992	0.01066	0.00689	-0.01079	0.99976	0.01893	-0.00669	-0.01900	0.99980	
60	0.59000	-0.16852	2.16711	0.60886	0.18264	0.07468	-0.29097	0.42797	0.99999	-0.00507	-0.00132	0.00508	0.99998	0.00318	0.00130	-0.00319	0.99999		-8.42729	60.49609	873.76926	179.65674	2.61579	-2.59081	0.73964	0.99794	0.04548	0.04532	0.04516	-0.99895	0.00805	0.04564	-0.00598	-0.99894		501.53877	4.38874	39.88863	1.07609	-0.38583	0.61506	0.40741	0.99992	0.01061	0.00693	-0.01073	0.99977	0.01871	-0.00673	-0.01878	0.99980	
61	0.60000	-0.17289	2.16296	0.62408	0.17583	0.07990	-0.29219	0.42914	0.99999	-0.00510	-0.00141	0.00510	0.99998	0.00306	0.00139	-0.00307	0.99999		-8.47025	60.38640	873.75322	179.66516	2.61558	-2.58915	0.74967	0.99794	0.04544	0.04532	0.04513	-0.99895	0.00790	0.04563	-0.00584	-0.99894		501.58442	3.98780	39.91023	0.73075	-0.43582	1.12236	0.30778	0.99978	0.01949	0.00785	-0.01959	0.99973	0.01260	-0.00761	-0.01275	0.99989	
62	0.61000	-0.17110	2.17492	0.61936	0.17970	0.07762	-0.29482	0.43059	0.99999	-0.00514	-0.00137	0.00515	0.99998	0.00313	0.00135	-0.00314	0.99999		-8.40783	60.41999	873.77402	179.65540	2.61439	-2.60433	0.74894	0.99793	0.04571	0.04529	0.04539	-0.99894	0.00808	0.04561	-0.00601	-0.99894		501.52313	4.39569	39.90078	1.06785	-0.38310	0.63913	0.40497	0.99992	0.01103	0.00689	-0.01115	0.99977	0.01856	-0.00669	-0.01864	0.99980	
63	0.62000	-0.14062	2.20628	0.45176	0.28404	-0.00931	-0.29455	0.45757	0.99999	-0.00514	0.00014	0.00514	0.99997	0.00496	-0.00016	-0.00496	0.99999		-7.14685	62.07539	873.78043	179.56845	2.46746	-2.67489	0.75284	0.99798	0.04699	0.04265	0.04663	-0.99887	0.00953	0.04305	-0.00752	-0.99904		501.61914	4.05805	39.27741	0.64197	-0.36505	1.10647	0.30323	0.99979	0.01924	0.00659	-0.01931	0.99975	0.01108	-0.00637	-0.01120	0.99992	
64	0.63000	-0.17756	2.15199	0.62797	0.17827	0.08208	-0.28434	0.43292	0.99999	-0.00496	-0.00145	0.00496	0.99998	0.00310	0.00143	-0.00311	0.99999		-8.41618	60.38988	873.77101	179.67316	2.62473	-2.58919	0.74951	0.99793	0.04543	0.04549	0.04513	-0.99895	0.00777	0.04579	-0.00570	-0.99893		501.53351	4.33484	39.93248	1.07795	-0.38998	0.61791	0.40159	0.99992	0.01065	0.00701	-0.01078	0.99977	0.01874	-0.00681	-0.01881	0.99980	
65	0.64000	-0.17661	2.16920	0.63655	0.17368	0.08540	-0.29247	0.43048	0.99999	-0.00510	-0.00151	0.00510	0.99998	0.00302	0.00149	-0.00303	0.99999		-8.46638	60.27206	873.76901	179.66519	2.62558	-2.58736	0.75281	0.99793	0.04541	0.04550	0.04510	-0.99895	0.00791	0.04581	-0.00584	-0.99893		501.52881	4.37341	39.95610	1.07605	-0.38286	0.64136	0.40245	0.99992	0.01107	0.00689	-0.01119	0.99976	0.01870	-0.00668	-0.01878	0.99980	
66	0.65000	-0.17746	2.16424	0.63758	0.16382	0.08477	-0.29220	0.43456	0.99999	-0.00510	-0.00149	0.00510	0.99998	0.00285	0.00148	-0.00286	0.99999		-8.47043	60.12096	873.78523	179.68921	2.62439	-2.58740	0.75010	0.99793	0.04539	0.04550	0.04510	-0.99895	0.00749	0.04579	-0.00542	-0.99894		501.53038	4.37657	39.95573	1.09791	-0.38141	0.63101	0.40303	0.99992	0.01088	0.00687	-0.01101	0.99976	0.01909	-0.00666	-0.01916	0.99979	
67	0.66000	-0.16944	2.17605	0.62462	0.17616	0.08110	-0.29437	0.43238	0.99999	-0.00513	-0.00143	0.00514	0.99998	0.00307	0.00142	-0.00307	0.99999		-8.49987	60.38607	873.72620	179.68925	2.56190	-2.67345	0.75150	0.99791	0.04689	0.04440	0.04660	-0.99889	0.00750	0.04470	-0.00542	-0.99899		501.52955	4.40884	39.93023	1.09250	-0.38444	0.62122	0.40877	0.99992	0.01071	0.00691	-0.01084	0.99976	0.01899	-0.00671	-0.01907	0.99980	
68	0.67000	-0.17536	2.17249	0.62562	0.17860	0.08282	-0.29462	0.43084	0.99999	-0.00514	-0.00146	0.00514	0.99998	0.00311	0.00145	-0.00312	0.99999		-8.49033	60.32087	873.78347	179.66295	2.62551	-2.60155	0.75135	0.99792	0.04566	0.04549	0.04534	-0.99894	0.00796	0.04581	-0.00588	-0.99893		501.53712	4.40831	39.93168	1.08034	-0.39557	0.62231	0.40553	0.99992	0.01073	0.00711	-0.01086	0.99976	0.01878	-0.00690	-0.01885	0.99980	
69	0.68000	-0.17231	2.17510	0.60853	0.17269	0.07558	-0.29683	0.43130	0.99999	-0.00518	-0.00133	0.00518	0.99998	0.00301	0.00132	-0.00301	0.99999		-8.39854	60.21320	873.82851	179.67514	2.63727	-2.58669	0.75210	0.99792	0.04539	0.04571	0.04508	-0.99895	0.00774	0.04601	-0.00566	-0.99892		501.58601	4.03739	39.87972	0.75102	-0.42692	1.09020	0.30157	0.99979	0.01893	0.00770	-0.01903	0.99973	0.01296	-0.00745	-0.01311	0.99989	
70	0.69000	-0.17748	2.16969	0.60134	0.18391	0.07076	-0.29261	0.43221	0.99999	-0.00510	-0.00125	0.00511	0.99998	0.00320	0.00123	-0.00321	0.99999		-8.33434	60.41730	873.81099	179.66838	2.62860	-2.60158	0.75387	0.99792	0.04565	0.04555	0.04534	-0.99894	0.00786	0.04586	-0.00578	-0.99893		501.53975	4.38343	39.85292	1.05765	-0.38292	0.63582	0.40751	0.99992	0.01097	0.00689	-0.01110	0.99977	0.01838	-0.00668	-0.01846	0.99981	
71	0.70000	-0.18118	2.16455	0.62498	0.18144	0.08119	-0.28984	0.43584	0.99999	-0.00505	-0.00143	0.00506	0.99998	0.00316	0.00142	-0.00317	0.99999		-8.50210	60.38435	873.79681	179.66048	2.64372	-2.58809	0.75048	0.99792	0.04543	0.04581	0.04511	-0.99895	0.00800	0.04613	-0.00592	-0.99892		501.53332	4.37008	39.92927	1.07011	-0.38706	0.62531	0.40493	0.99992	0.01079	0.00696	-0.01091	0.99977	0.01860	-0.00676	-0.01868	0.99980	
72	0.71000	-0.17842	2.17200	0.61352	0.17173	0.07671	-0.29582	0.43274	0.99999	-0.00516	-0.00135	0.00516	0.99998	0.00299	0.00134	-0.00300	0.99999		-8.44497	60.24073	873.80638	179.66888	2.63139	-2.59691	0.74572	0.99792	0.04557	0.04560	0.04526	-0.99894	0.00785	0.04591	-0.00577	-0.99893		501.53040	4.39904	39.89938	1.07103	-0.37877	0.63667	0.40716	0.99992	0.01099	0.00682	-0.01111	0.99976	0.01862	-0.00661	-0.01869	0.99980	
73	0.72000	-0.18098	2.16274	0.62064	0.16985	0.08123	-0.29240	0.42898	0.99999	-0.00510	-0.00143	0.00510	0.99998	0.00296	0.00142	-0.00296	0.99999		-8.56746	60.35997	873.71415	179.68898	2.56345	-2.67775	0.74623	0.99791	0.04696	0.04442	0.04667	-0.99888	0.00751	0.04473	-0.00542	-0.99898		501.53456	4.37365	39.93649	1.07814	-0.38524	0.62826	0.40521	0.99992	0.01084	0.00693	-0.01096	0.99976	0.01874	-0.00672	-0.01882	0.99980	
74	0.73000	-0.16968	2.16632	0.61174	0.18271	0.07428	-0.29094	0.42772	0.99999	-0.00507	-0.00131	0.00508	0.99998	0.00318	0.00130	-0.00319	0.99999		-8.45834	60.55588	873.73215	179.67020	2.56275	-2.67465	0.75331	0.99791	0.04692	0.04440	0.04662	-0.99888	0.00784	0.04471	-0.00575	-0.99898		501.53390	4.38859	39.87518	1.07514	-0.38108	0.61825	0.40794	0.99992	0.01066	0.00685	-0.01079	0.99977	0.01869	-0.00665	-0.01876	0.99980	
75	0.74000	-0.17232	2.15457	0.62675	0.17009	0.08233	-0.28690	0.43133	0.99999	-0.00500	-0.00145	0.00501	0.99998	0.00296	0.00144	-0.00297	0.99999		-8.49464	60.28576	873.79440	179.66121	2.63192	-2.58878	0.75200	0.99793	0.04544	0.04560	0.04512	-0.99895	0.00798	0.04592	-0.00591	-0.99893		501.53218	4.36380	39.93266	1.09943	-0.39017	0.60083	0.40716	0.99992	0.01035	0.00701	-0.01049	0.99976	0.01912	-0.00681	-0.01919	0.99979	
76	0.75000	-0.17540	2.17088	0.62627	0.17045	0.08174	-0.29495	0.43130	0.99999	-0.00514	-0.00144	0.00515	0.99998	0.00297	0.00143	-0.00297	0.99999		-8.52692	60.39085	873.71398	179.67961	2.56111	-2.68284	0.75167	0.99791	0.04706	0.04437	0.04676	-0.99888	0.00768	0.04468	-0.00559	-0.99899		501.59221	4.02461	39.91060	0.76698	-0.44668	1.09494	0.30287	0.99979	0.01900	0.00805	-0.01911	0.99973	0.01323	-0.00780	-0.01339	0.99988	
77	0.76000	-0.17455	2.17489	0.61179	0.17192	0.07611	-0.29348	0.43204	0.99999	-0.00512	-0.00134	0.00512	0.99998	0.00299	0.00133	-0.00300	0.99999		-8.43664	60.44455	873.70379	179.68748	2.53585	-2.68700	0.74611	0.99792	0.04712	0.04394	0.04683	-0.99887	0.00752	0.04424	-0.00545	-0.99901		501.52676	4.35865	39.90001	1.05081	-0.36643	0.65559	0.40210	0.99991	0.01132	0.00660	-0.01144	0.99977	0.01826	-0.00640	-0.01834	0.99981	
78	0.77000	-0.17272	2.17368	0.61430	0.17095	0.07716	-0.29700	0.43420	0.99999	-0.00518	-0.00136	0.00518	0.99998	0.00298	0.00135	-0.00298	0.99999		-8.37249	60.29300	873.79764	179.65131	2.61919	-2.59414	0.74787	0.99793	0.04554	0.04537	0.04521	-0.99894	0.00815	0.04570	-0.00608	-0.99894		501.53029	4.41968	39.90217	1.08285	-0.37741	0.62683	0.40483	0.99992	0.01081	0.00679	-0.01094	0.99976	0.01883	-0.00659	-0.01890	0.99980	
79	0.78000	-0.17184	2.16326	0.61541	0.16961	0.07798	-0.29195	0.43199	0.99999	-0.00509	-0.00138	0.00510	0.99998	0.00295	0.00136	-0.00296	0.99999		-8.38075	60.29862	873.78045	179.66760	2.60838	-2.59908	0.75435	0.99794	0.04561	0.04520	0.04530	-0.99894	0.00786	0.04551	-0.00580	-0.99895		501.59864	4.00371	39.86798	0.74851	-0.46508	1.09237	0.30278	0.99979	0.01896	0.00836	-0.01906	0.99973	0.01291	-0.00812	-0.01306	0.99988	
80	0.79000	-0.17523	2.17944	0.62056	0.17920	0.08036	-0.29831	0.43094	0.99999	-0.00520	-0.00142	0.00521	0.99998	0.00312	0.00140	-0.00313	0.99999		-8.48304	60.49872	873.70383	179.66707	2.55647	-2.67444	0.75641	0.99792	0.04692	0.04428	0.04661	-0.99888	0.00789	0.04460	-0.00581	-0.99899		501.52847	4.42984	39.92388	1.07460	-0.38621	0.63444	0.40350	0.99992	0.01094	0.00695	-0.01107	0.99976	0.01868	-0.00674	-0.01875	0.99980	
81	0.80000	-0.16857	2.16907	0.61737	0.16534	0.07989	-0.29355	0.42967	0.99999	-0.00512	-0.00141	0.00512	0.99998	0.00288	0.00139	-0.00289	0.99999		-8.49452	60.28847	873.73838	179.68910	2.56218	-2.66657	0.75520	0.99792	0.04677	0.04440	0.04648	-0.99889	0.00750	0.04470	-0.00542	-0.99899		501.51353	4.39047	39.93092	1.08881	-0.37118	0.63224	0.40445	0.99992	0.01091	0.00669	-0.01103	0.99976	0.01893	-0.00648	-0.01900	0.99980	
82	0.81000	-0.16855	2.16286	0.61619	0.17739	0.07965	-0.28948	0.43003	0.99999	-0.00505	-0.00141	0.00505	0.99998	0.00309	0.00139	-0.00310	0.99999		-8.51239	60.46214	873.73428	179.67751	2.56801	-2.66922	0.74872	0.99791	0.04682	0.04449	0.04652	-0.99889	0.00771	0.04481	-0.00562	-0.99898		501.52408	4.35577	39.92044	1.06685	-0.37746	0.63132	0.40220	0.99992	0.01089	0.00679	-0.01102	0.99977	0.01855	-0.00659	-0.01862	0.99980	
83	0.82000	-0.16707	2.16382	0.61267	0.17739	0.07702	-0.29103	0.43158	0.99999	-0.00507	-0.00136	0.00508	0.99998	0.00309	0.00134	-0.00310	0.99999		-8.43371	60.33554	873.80577	179.65884	2.64059	-2.58429	0.75521	0.99792	0.04536	0.04575	0.04504	-0.99895	0.00803	0.04607	-0.00595	-0.99892		501.52036	4.37465	39.90029	1.07252	-0.36864	0.63243	0.39984	0.99992	0.01092	0.00664	-0.01104	0.99977	0.01865	-0.00643	-0.01872	0.99980	
84	0.83000	-0.16934	2.16181	0.62609	0.17502	0.08234	-0.29092	0.43462	0.99999	-0.00507	-0.00145	0.00508	0.99998	0.00305	0.00144	-0.00305	0.99999		-8.53501	60.29320	873.79047	179.66437	2.63851	-2.59084	0.75004	0.99792	0.04547	0.04572	0.04516	-0.99895	0.00793	0.04603	-0.00585	-0.99892		501.51424	4.36115	39.94034	1.06112	-0.37287	0.64402	0.40357	0.99992	0.01112	0.00671	-0.01124	0.99977	0.01844	-0.00651	-0.01852	0.99981	
85	0.84000	-0.17311	2.15876	0.61270	0.16440	0.07615	-0.29055	0.43465	0.99999	-0.00507	-0.00134	0.00507	0.99998	0.00286	0.00133	-0.00287	0.99999		-8.48872	60.22332	873.75962	179.69470	2.57253	-2.66701	0.75083	0.99791	0.04677	0.04459	0.04648	-0.99889	0.00741	0.04488	-0.00532	-0.99898		501.51810	4.36847	39.89887	1.08413	-0.36776	0.62531	0.40622	0.99992	0.01079	0.00662	-0.01091	0.99976	0.01885	-0.00642	-0.01892	0.99980	
86	0.85000	-0.17415	2.16389	0.60696	0.17198	0.07465	-0.29303	0.43379	0.99999	-0.00511	-0.00132	0.00511	0.99998	0.00299	0.00130	-0.00300	0.99999		-8.41286	60.23271	873.79935	179.67021	2.62217	-2.60030	0.75358	0.99792	0.04563	0.04544	0.04532	-0.99894	0.00783	0.04575	-0.00575	-0.99894		501.52619	4.38832	39.88411	1.08375	-0.37123	0.62682	0.41117	0.99992	0.01082	0.00668	-0.01094	0.99976	0.01884	-0.00648	-0.01891	0.99980	
87	0.86000	-0.17171	2.15606	0.59918	0.17024	0.07156	-0.28902	0.43029	0.99999	-0.00504	-0.00126	0.00504	0.99998	0.00296	0.00125	-0.00297	0.99999		-8.35143	60.21101	873.82710	179.67456	2.62562	-2.59185	0.74995	0.99793	0.04548	0.04551	0.04517	-0.99895	0.00775	0.04581	-0.00567	-0.99893		501.58267	3.97762	39.84710	0.74815	-0.42520	1.10086	0.30636	0.99979	0.01911	0.00767	-0.01921	0.99973	0.01291	-0.00742	-0.01306	0.99989	
88	0.87000	-0.17391	2.15198	0.60393	0.17803	0.07454	-0.28871	0.43222	0.99999	-0.00503	-0.00132	0.00504	0.99998	0.00310	0.00130	-0.00311	0.99999		-8.38176	60.33059	873.80918	179.66405	2.62481	-2.59019	0.75288	0.99793	0.04546	0.04548	0.04514	-0.99895	0.00793	0.04580	-0.00586	-0.99893		501.53277	4.35688	39.89320	1.05889	-0.37781	0.64370	0.40220	0.99992	0.01111	0.00680	-0.01123	0.99977	0.01840	-0.00659	-0.01848	0.99981	
89	0.88000	-0.17209	2.17859	0.61051	0.16609	0.07485	-0.29642	0.43207	0.99999	-0.00517	-0.00132	0.00517	0.99998	0.00289	0.00131	-0.00290	0.99999		-8.37151	60.14276	873.81658	179.67973	2.62505	-2.60217	0.75276	0.99792	0.04566	0.04550	0.04535	-0.99894	0.00766	0.04580	-0.00558	-0.99894		501.52820	4.41301	39.88885	1.09881	-0.37849	0.62741	0.40733	0.99992	0.01082	0.00681	-0.01095	0.99976	0.01910	-0.00661	-0.01918	0.99979	
90	0.89000	-0.16776	2.17053	0.60157	0.18377	0.07254	-0.29350	0.42976	0.99999	-0.00512	-0.00128	0.00512	0.99998	0.00320	0.00127	-0.00321	0.99999		-8.39648	60.54633	873.72547	179.68466	2.55004	-2.67924	0.74083	0.99792	0.04699	0.04419	0.04670	-0.99888	0.00758	0.04449	-0.00550	-0.99899		501.59469	4.00303	39.84826	0.72394	-0.44558	1.11182	0.30546	0.99978	0.01930	0.00802	-0.01940	0.99973	0.01248	-0.00778	-0.01263	0.99989	
91	0.90000	-0.16822	2.15336	0.62016	0.16875	0.08149	-0.28719	0.43292	0.99999	-0.00501	-0.00144	0.00501	0.99998	0.00294	0.00142	-0.00295	0.99999		-8.44930	60.22412	873.79774	179.66512	2.62086	-2.58870	0.74602	0.99793	0.04543	0.04542	0.04512	-0.99895	0.00790	0.04573	-0.00584	-0.99894		501.58726	3.95759	39.91139	0.75688	-0.44526	1.10868	0.30089	0.99978	0.01924	0.00802	-0.01935	0.99973	0.01306	-0.00777	-0.01321	0.99988	
92	0.91000	-0.16302	2.15771	0.60211	0.17303	0.07206	-0.29000	0.42966	0.99999	-0.00506	-0.00127	0.00506	0.99998	0.00301	0.00126	-0.00302	0.99999		-8.30505	60.30020	873.80115	179.66864	2.61260	-2.58419	0.75999	0.99794	0.04535	0.04527	0.04504	-0.99895	0.00783	0.04558	-0.00578	-0.99894		501.53367	4.36627	39.86568	1.07584	-0.38832	0.63237	0.39958	0.99992	0.01091	0.00698	-0.01104	0.99976	0.01870	-0.00678	-0.01878	0.99980	
93	0.92000	-0.17541	2.17250	0.62769	0.17288	0.08296	-0.29429	0.42693	0.99999	-0.00513	-0.00146	0.00514	0.99998	0.00301	0.00145	-0.00302	0.99999		-8.46390	60.30520	873.77576	179.66202	2.62194	-2.59987	0.74780	0.99792	0.04563	0.04543	0.04531	-0.99894	0.00797	0.04575	-0.00589	-0.99894		501.52864	4.40258	39.93921	1.09009	-0.38720	0.62621	0.40303	0.99992	0.01080	0.00696	-0.01093	0.99976	0.01895	-0.00676	-0.01902	0.99980	
94	0.93000	-0.17185	2.16102	0.61835	0.16474	0.08010	-0.29008	0.43045	0.99999	-0.00506	-0.00141	0.00506	0.99998	0.00287	0.00140	-0.00288	0.99999		-8.43661	60.20482	873.78807	179.67595	2.61457	-2.59492	0.75221	0.99793	0.04553	0.04531	0.04523	-0.99895	0.00772	0.04562	-0.00565	-0.99894		501.52534	4.37303	39.93204	1.10444	-0.37704	0.61910	0.40184	0.99992	0.01068	0.00679	-0.01080	0.99976	0.01920	-0.00658	-0.01927	0.99979	
