1	0.00000	0.06709	1.99154	0.53036	-0.04145	-0.16443	-0.23444	0.52561	0.99999	-0.00409	0.00287	0.00409	0.99999	-0.00071	-0.00287	0.00072	1.00000		-4.66531	56.91972	874.40040	179.89220	2.37259	-2.29992	0.57712	0.99834	0.04021	0.04129	0.04010	-0.99919	0.00354	0.04140	-0.00188	-0.99914		501.92929	3.72651	37.78418	1.26067	-0.38868	0.36566	0.37083	0.99996	0.00623	0.00692	-0.00638	0.99974	0.02196	-0.00678	-0.02200	0.99973	
2	0.01000	0.05877	2.00258	0.56473	-0.05274	-0.14782	-0.24157	0.52816	0.99999	-0.00421	0.00258	0.00422	0.99999	-0.00091	-0.00258	0.00092	1.00000		-4.92520	56.69759	874.41263	179.90302	2.39883	-2.30243	0.58847	0.99832	0.04024	0.04175	0.04014	-0.99919	0.00337	0.04186	-0.00169	-0.99912		501.93386	3.78636	37.89582	1.29982	-0.41577	0.36667	0.36790	0.99995	0.00623	0.00740	-0.00640	0.99972	0.02264	-0.00726	-0.02268	0.99972	
3	0.02000	0.07052	1.98924	0.53926	-0.04482	-0.16092	-0.23462	0.53520	0.99999	-0.00409	0.00281	0.00409	0.99999	-0.00077	-0.00281	0.00078	1.00000		-4.77016	56.81179	874.42211	179.91046	2.37964	-2.28209	0.59310	0.99835	0.03988	0.04143	0.03979	-0.99920	0.00321	0.04152	-0.00156	-0.99914		501.92638	3.72290	37.80144	1.26898	-0.40333	0.38077	0.37022	0.99995	0.00649	0.00718	-0.00665	0.99973	0.02210	-0.00704	-0.02215	0.99973	
4	0.03000	0.02653	2.09903	0.72572	0.05210	-0.04362	-0.26602	0.55814	0.99999	-0.00464	0.00076	0.00464	0.99999	0.00091	-0.00076	-0.00091	1.00000		-6.44077	58.35599	874.11624	179.85460	2.53970	-2.56204	0.68705	0.99802	0.04481	0.04415	0.04466	-0.99899	0.00452	0.04431	-0.00254	-0.99901		501.82841	4.02687	38.75705	1.20310	-0.22436	0.43066	0.37080	0.99996	0.00743	0.00407	-0.00752	0.99975	0.02097	-0.00392	-0.02100	0.99977	
5	0.04000	0.01188	2.11643	0.72453	0.05041	-0.03998	-0.27319	0.55866	0.99999	-0.00477	0.00069	0.00477	0.99999	0.00088	-0.00070	-0.00088	1.00000		-6.52353	58.30550	874.12867	179.85533	2.55541	-2.57008	0.68286	0.99800	0.04495	0.04443	0.04480	-0.99899	0.00452	0.04459	-0.00252	-0.99900		501.83458	4.09354	38.79358	1.22173	-0.22064	0.41441	0.37499	0.99997	0.00715	0.00400	-0.00723	0.99975	0.02129	-0.00385	-0.02132	0.99977	
6	0.05000	0.25621	2.70110	0.05185	0.77895	-0.98058	-0.47859	0.64801	0.99982	-0.00858	0.01700	0.00835	0.99987	0.01374	-0.01711	-0.01359	0.99976		6.96379	68.81274	874.13787	179.16978	1.57908	-2.65517	0.62475	0.99855	0.04672	0.02685	0.04631	-0.99880	0.01575	0.02756	-0.01448	-0.99952		502.11291	5.65862	31.72210	0.19994	0.79139	0.87467	0.36625	0.99979	0.01531	-0.01376	-0.01526	0.99988	0.00370	0.01381	-0.00349	0.99990	
7	0.06000	-0.06386	2.17531	0.63538	0.26845	-0.03647	-0.29559	0.49462	0.99999	-0.00516	0.00061	0.00516	0.99998	0.00469	-0.00064	-0.00469	0.99999		-6.70465	61.60922	873.83029	179.57787	2.50909	-2.62777	0.72244	0.99799	0.04617	0.04339	0.04580	-0.99891	0.00937	0.04378	-0.00736	-0.99901		501.76391	4.21130	39.05064	0.86505	-0.30267	0.68535	0.45204	0.99991	0.01188	0.00546	-0.01196	0.99982	0.01503	-0.00528	-0.01510	0.99987	
8	0.07000	-0.06656	2.17103	0.62044	0.26681	-0.02797	-0.29346	0.48212	0.99999	-0.00512	0.00046	0.00512	0.99998	0.00466	-0.00049	-0.00466	0.99999		-6.85121	61.61424	873.83616	179.58522	2.51420	-2.62546	0.72823	0.99799	0.04612	0.04349	0.04576	-0.99891	0.00924	0.04387	-0.00723	-0.99901		501.74439	4.26015	39.10583	0.91553	-0.23072	0.55593	0.40048	0.99994	0.00964	0.00418	-0.00970	0.99983	0.01594	-0.00403	-0.01598	0.99986	
9	0.08000	-0.05890	2.16662	0.58368	0.27740	-0.03093	-0.28863	0.47879	0.99999	-0.00504	0.00052	0.00504	0.99998	0.00484	-0.00054	-0.00484	0.99999		-6.80451	61.79432	873.88110	179.56772	2.53145	-2.60850	0.73121	0.99799	0.04584	0.04378	0.04547	-0.99892	0.00955	0.04417	-0.00754	-0.99900		501.74205	4.26877	39.09819	0.92781	-0.23341	0.50862	0.39863	0.99995	0.00881	0.00422	-0.00888	0.99983	0.01616	-0.00407	-0.01619	0.99986	
10	0.09000	-0.05768	2.17417	0.57240	0.27347	-0.02985	-0.29253	0.47620	0.99999	-0.00511	0.00050	0.00511	0.99998	0.00477	-0.00052	-0.00477	0.99999		-6.80904	61.76773	873.88196	179.57213	2.52395	-2.62067	0.73675	0.99799	0.04605	0.04365	0.04568	-0.99891	0.00947	0.04404	-0.00746	-0.99900		501.73776	4.25902	39.10840	0.90157	-0.22700	0.54842	0.39359	0.99995	0.00951	0.00411	-0.00957	0.99983	0.01570	-0.00396	-0.01573	0.99987	
11	0.10000	-0.05283	2.19199	0.55310	0.28429	-0.03368	-0.29747	0.48052	0.99999	-0.00519	0.00056	0.00519	0.99997	0.00496	-0.00059	-0.00496	0.99999		-6.72479	61.93495	873.89178	179.55852	2.52610	-2.62564	0.73837	0.99798	0.04615	0.04367	0.04577	-0.99891	0.00972	0.04407	-0.00770	-0.99900		501.73732	4.30594	39.09526	0.91615	-0.21974	0.52934	0.39546	0.99995	0.00918	0.00398	-0.00924	0.99983	0.01595	-0.00384	-0.01599	0.99986	
12	0.11000	-0.04688	2.19476	0.52783	0.28497	-0.04213	-0.29701	0.47552	0.99999	-0.00519	0.00071	0.00518	0.99997	0.00498	-0.00074	-0.00497	0.99999		-6.57441	61.97307	873.91364	179.55591	2.51034	-2.62770	0.73370	0.99799	0.04618	0.04340	0.04580	-0.99890	0.00975	0.04380	-0.00774	-0.99901		501.73670	4.32085	39.03401	0.92496	-0.21600	0.50745	0.39707	0.99995	0.00879	0.00391	-0.00886	0.99983	0.01611	-0.00377	-0.01614	0.99986	
13	0.12000	-0.04988	2.18268	0.53812	0.28573	-0.03489	-0.29425	0.47438	0.99999	-0.00514	0.00058	0.00514	0.99997	0.00499	-0.00061	-0.00499	0.99999		-6.63402	62.00628	873.89142	179.56378	2.51051	-2.61071	0.74138	0.99800	0.04588	0.04341	0.04551	-0.99892	0.00960	0.04380	-0.00761	-0.99901		501.72839	4.29192	39.09379	0.92460	-0.21388	0.52923	0.39727	0.99995	0.00918	0.00388	-0.00924	0.99983	0.01610	-0.00373	-0.01614	0.99986	
14	0.13000	-0.05132	2.16675	0.54454	0.26840	-0.02874	-0.28849	0.47428	0.99999	-0.00504	0.00048	0.00504	0.99998	0.00469	-0.00050	-0.00468	0.99999		-6.75061	61.88121	873.84872	179.59818	2.45011	-2.69395	0.74063	0.99798	0.04730	0.04237	0.04696	-0.99886	0.00901	0.04275	-0.00701	-0.99906		501.73047	4.24865	39.12579	0.93477	-0.23596	0.50990	0.39083	0.99995	0.00883	0.00426	-0.00890	0.99983	0.01628	-0.00412	-0.01631	0.99986	
15	0.14000	-0.05579	2.18312	0.54183	0.26920	-0.02870	-0.29727	0.47251	0.99999	-0.00519	0.00048	0.00519	0.99998	0.00470	-0.00050	-0.00470	0.99999		-6.69421	61.72628	873.87649	179.55731	2.50315	-2.61503	0.73913	0.99801	0.04596	0.04328	0.04558	-0.99891	0.00971	0.04367	-0.00772	-0.99902		501.72169	4.30721	39.14614	0.93472	-0.21594	0.51816	0.39317	0.99995	0.00898	0.00392	-0.00904	0.99983	0.01628	-0.00377	-0.01631	0.99986	
16	0.15000	-0.05613	2.18719	0.51303	0.28923	-0.03503	-0.29379	0.47472	0.99999	-0.00513	0.00059	0.00513	0.99997	0.00505	-0.00061	-0.00505	0.99999		-6.58615	62.05823	873.92938	179.56209	2.52025	-2.62319	0.73519	0.99799	0.04610	0.04358	0.04572	-0.99891	0.00965	0.04397	-0.00764	-0.99900		501.72841	4.29288	39.10523	0.92418	-0.21212	0.50989	0.39112	0.99995	0.00884	0.00385	-0.00890	0.99983	0.01610	-0.00370	-0.01613	0.99986	
17	0.16000	-0.05431	2.16955	0.51081	0.28028	-0.03611	-0.28803	0.47344	0.99999	-0.00503	0.00061	0.00503	0.99998	0.00489	-0.00063	-0.00489	0.99999		-6.58866	61.90799	873.92749	179.56949	2.51368	-2.61048	0.73882	0.99800	0.04587	0.04347	0.04550	-0.99892	0.00950	0.04386	-0.00751	-0.99901		501.72831	4.24398	39.08907	0.92240	-0.21342	0.50738	0.39246	0.99995	0.00879	0.00387	-0.00886	0.99983	0.01606	-0.00372	-0.01610	0.99986	
18	0.17000	-0.05349	2.18311	0.52435	0.28294	-0.02771	-0.29124	0.46803	0.99999	-0.00509	0.00046	0.00508	0.99998	0.00494	-0.00048	-0.00494	0.99999		-6.77005	61.93613	873.89940	179.58324	2.50959	-2.63200	0.73640	0.99799	0.04624	0.04341	0.04588	-0.99890	0.00928	0.04379	-0.00727	-0.99901		501.71702	4.27148	39.13822	0.93722	-0.22364	0.50930	0.39267	0.99995	0.00882	0.00405	-0.00889	0.99983	0.01632	-0.00390	-0.01636	0.99986	
19	0.18000	-0.04796	2.17015	0.49360	0.28976	-0.04148	-0.28778	0.46943	0.99999	-0.00503	0.00070	0.00502	0.99997	0.00506	-0.00072	-0.00506	0.99999		-6.58721	62.01632	873.95575	179.56699	2.51676	-2.63145	0.74085	0.99798	0.04624	0.04352	0.04587	-0.99890	0.00957	0.04391	-0.00755	-0.99901		501.72737	4.24521	39.05270	0.90544	-0.20799	0.51304	0.39167	0.99995	0.00890	0.00377	-0.00895	0.99984	0.01577	-0.00363	-0.01580	0.99987	
20	0.19000	-0.05644	2.19836	0.51546	0.28505	-0.03040	-0.29654	0.46983	0.99999	-0.00518	0.00051	0.00518	0.99997	0.00498	-0.00053	-0.00498	0.99999		-6.78656	61.88841	873.93975	179.57802	2.53439	-2.63569	0.74059	0.99796	0.04631	0.04383	0.04594	-0.99890	0.00939	0.04422	-0.00736	-0.99899		501.73052	4.29764	39.13272	0.90858	-0.22072	0.50885	0.39296	0.99995	0.00882	0.00399	-0.00888	0.99984	0.01582	-0.00385	-0.01586	0.99987	
21	0.20000	-0.05564	2.19405	0.50835	0.28968	-0.03362	-0.29545	0.47108	0.99999	-0.00516	0.00056	0.00516	0.99997	0.00506	-0.00059	-0.00506	0.99999		-6.75515	61.93812	873.94164	179.57056	2.52968	-2.64311	0.74386	0.99796	0.04644	0.04374	0.04607	-0.99889	0.00952	0.04414	-0.00749	-0.99900		501.72335	4.28866	39.10769	0.91550	-0.22722	0.51361	0.39510	0.99995	0.00890	0.00411	-0.00896	0.99983	0.01594	-0.00397	-0.01598	0.99986	
22	0.21000	-0.05914	2.17494	0.50335	0.28117	-0.03347	-0.29225	0.46913	0.99999	-0.00510	0.00056	0.00510	0.99998	0.00491	-0.00058	-0.00491	0.99999		-6.74999	61.81114	873.96740	179.58243	2.53421	-2.63485	0.74257	0.99797	0.04629	0.04383	0.04593	-0.99890	0.00931	0.04422	-0.00728	-0.99900		501.72245	4.27831	39.12918	0.92098	-0.20473	0.50471	0.38801	0.99995	0.00875	0.00371	-0.00881	0.99983	0.01604	-0.00357	-0.01607	0.99986	
23	0.22000	-0.06639	2.19175	0.50615	0.28380	-0.03047	-0.29638	0.46702	0.99999	-0.00517	0.00051	0.00517	0.99997	0.00496	-0.00053	-0.00495	0.99999		-6.78126	61.83094	873.96374	179.57985	2.53933	-2.63973	0.74164	0.99796	0.04638	0.04392	0.04601	-0.99890	0.00937	0.04431	-0.00733	-0.99899		501.73044	4.29984	39.13132	0.91862	-0.22713	0.51167	0.39423	0.99995	0.00887	0.00411	-0.00893	0.99983	0.01600	-0.00396	-0.01603	0.99986	
24	0.23000	-0.06089	2.17740	0.51346	0.28256	-0.02677	-0.29142	0.46832	0.99999	-0.00509	0.00044	0.00509	0.99998	0.00493	-0.00047	-0.00493	0.99999		-6.82304	61.83797	873.94429	179.58606	2.53207	-2.63679	0.74016	0.99797	0.04632	0.04380	0.04596	-0.99890	0.00925	0.04418	-0.00722	-0.99900		501.72290	4.27443	39.16181	0.94151	-0.23018	0.50458	0.39303	0.99995	0.00874	0.00416	-0.00881	0.99983	0.01640	-0.00402	-0.01643	0.99986	
25	0.24000	-0.05865	2.18451	0.50767	0.28342	-0.03084	-0.29271	0.46834	0.99999	-0.00511	0.00051	0.00511	0.99997	0.00495	-0.00054	-0.00495	0.99999		-6.72774	61.85068	873.95788	179.58476	2.53117	-2.63600	0.74508	0.99797	0.04631	0.04378	0.04595	-0.99890	0.00927	0.04416	-0.00724	-0.99900		501.72714	4.27855	39.13734	0.93035	-0.21641	0.50136	0.38983	0.99995	0.00869	0.00392	-0.00875	0.99983	0.01620	-0.00378	-0.01624	0.99986	
26	0.25000	-0.05113	2.18256	0.49047	0.28439	-0.03471	-0.28849	0.47039	0.99999	-0.00504	0.00058	0.00504	0.99998	0.00497	-0.00061	-0.00496	0.99999		-6.65552	61.89654	873.95249	179.58992	2.51319	-2.63150	0.73446	0.99798	0.04622	0.04347	0.04587	-0.99891	0.00916	0.04385	-0.00715	-0.99901		501.72264	4.24354	39.11554	0.92277	-0.21501	0.50542	0.39362	0.99995	0.00876	0.00389	-0.00882	0.99983	0.01607	-0.00375	-0.01610	0.99986	
27	0.26000	-0.04606	2.18840	0.49955	0.27848	-0.03253	-0.29207	0.46747	0.99999	-0.00510	0.00054	0.00510	0.99998	0.00486	-0.00057	-0.00486	0.99999		-6.67002	61.82105	873.96158	179.58582	2.51666	-2.64120	0.74185	0.99797	0.04640	0.04353	0.04604	-0.99890	0.00924	0.04391	-0.00722	-0.99901		501.71769	4.27466	39.11470	0.94413	-0.22858	0.49803	0.39524	0.99995	0.00863	0.00413	-0.00869	0.99983	0.01644	-0.00399	-0.01648	0.99986	
28	0.27000	-0.05052	2.19435	0.50909	0.28357	-0.02753	-0.29356	0.47097	0.99999	-0.00513	0.00046	0.00512	0.99997	0.00495	-0.00048	-0.00495	0.99999		-6.72534	61.91004	873.91917	179.57100	2.51554	-2.63536	0.73370	0.99798	0.04631	0.04350	0.04594	-0.99890	0.00950	0.04389	-0.00748	-0.99901		501.71663	4.26152	39.15849	0.91631	-0.21726	0.51703	0.39324	0.99995	0.00896	0.00394	-0.00902	0.99983	0.01596	-0.00379	-0.01599	0.99986	
29	0.28000	-0.04972	2.18822	0.51489	0.27302	-0.02406	-0.29089	0.46767	0.99999	-0.00508	0.00040	0.00508	0.99998	0.00477	-0.00042	-0.00477	0.99999		-6.76667	61.78361	873.92729	179.59215	2.52298	-2.62153	0.74141	0.99799	0.04605	0.04365	0.04569	-0.99891	0.00912	0.04402	-0.00711	-0.99901		501.66474	4.20088	39.19895	0.89763	-0.17404	0.58489	0.38534	0.99994	0.01016	0.00320	-0.01021	0.99983	0.01563	-0.00304	-0.01567	0.99987	
30	0.29000	-0.05592	2.18969	0.49676	0.27311	-0.03144	-0.29352	0.46496	0.99999	-0.00513	0.00052	0.00512	0.99998	0.00477	-0.00055	-0.00477	0.99999		-6.65617	61.80341	873.96050	179.58041	2.51798	-2.63319	0.74118	0.99798	0.04626	0.04355	0.04590	-0.99890	0.00933	0.04393	-0.00732	-0.99901		501.72221	4.27802	39.13636	0.94507	-0.21715	0.49697	0.38805	0.99996	0.00861	0.00393	-0.00867	0.99983	0.01646	-0.00379	-0.01649	0.99986	
31	0.30000	-0.06530	2.19056	0.50199	0.27881	-0.02647	-0.29289	0.46272	0.99999	-0.00511	0.00044	0.00511	0.99998	0.00487	-0.00046	-0.00487	0.99999		-6.74866	61.89350	873.94455	179.57120	2.52227	-2.63757	0.74088	0.99797	0.04635	0.04362	0.04597	-0.99890	0.00950	0.04401	-0.00748	-0.99900		501.72770	4.26031	39.16502	0.91956	-0.23219	0.50530	0.39220	0.99995	0.00875	0.00419	-0.00882	0.99983	0.01601	-0.00405	-0.01605	0.99986	
32	0.31000	-0.05652	2.18450	0.49216	0.28524	-0.03161	-0.29165	0.46532	0.99999	-0.00509	0.00053	0.00509	0.99997	0.00498	-0.00055	-0.00498	0.99999		-6.70117	62.00151	873.95098	179.56674	2.52772	-2.63223	0.74584	0.99797	0.04626	0.04371	0.04588	-0.99890	0.00958	0.04410	-0.00755	-0.99900		501.71891	4.26868	39.13063	0.92455	-0.22633	0.50259	0.39226	0.99995	0.00871	0.00409	-0.00877	0.99983	0.01610	-0.00395	-0.01614	0.99986	
33	0.32000	-0.06135	2.18841	0.51726	0.28237	-0.02324	-0.29028	0.46557	0.99999	-0.00507	0.00038	0.00507	0.99998	0.00493	-0.00041	-0.00493	0.99999		-6.86603	61.94955	873.91731	179.57016	2.52920	-2.62706	0.74564	0.99798	0.04616	0.04374	0.04579	-0.99891	0.00952	0.04413	-0.00749	-0.99900		501.72890	4.25989	39.16710	0.93914	-0.24856	0.49112	0.39534	0.99995	0.00850	0.00448	-0.00857	0.99983	0.01635	-0.00434	-0.01639	0.99986	
34	0.33000	-0.05481	2.18813	0.49276	0.28654	-0.03188	-0.29052	0.46780	0.99999	-0.00507	0.00053	0.00507	0.99997	0.00500	-0.00056	-0.00500	0.99999		-6.76928	62.02545	873.94056	179.56303	2.52718	-2.64098	0.74684	0.99797	0.04641	0.04369	0.04603	-0.99889	0.00965	0.04409	-0.00762	-0.99900		501.72033	4.25941	39.12961	0.91515	-0.21688	0.49506	0.39062	0.99996	0.00858	0.00392	-0.00864	0.99984	0.01594	-0.00379	-0.01597	0.99987	
35	0.34000	-0.05674	2.18631	0.48461	0.28582	-0.03282	-0.28973	0.46590	0.99999	-0.00506	0.00055	0.00506	0.99997	0.00499	-0.00057	-0.00499	0.99999		-6.77768	62.00869	873.95644	179.57945	2.53481	-2.63757	0.73270	0.99796	0.04634	0.04384	0.04597	-0.99890	0.00937	0.04423	-0.00733	-0.99899		501.72277	4.23141	39.12911	0.89020	-0.22141	0.51289	0.39196	0.99995	0.00889	0.00400	-0.00895	0.99984	0.01550	-0.00386	-0.01554	0.99987	
36	0.35000	-0.05765	2.18418	0.48505	0.29111	-0.03282	-0.28838	0.46770	0.99999	-0.00504	0.00055	0.00503	0.99997	0.00508	-0.00057	-0.00508	0.99999		-6.77161	62.05220	873.95730	179.56192	2.53910	-2.62539	0.74573	0.99797	0.04614	0.04390	0.04576	-0.99891	0.00967	0.04430	-0.00764	-0.99899		501.72333	4.24230	39.13422	0.92200	-0.21769	0.50502	0.38968	0.99995	0.00875	0.00394	-0.00881	0.99983	0.01606	-0.00380	-0.01609	0.99986	
37	0.36000	-0.05963	2.19238	0.49375	0.28583	-0.03023	-0.29293	0.46643	0.99999	-0.00511	0.00050	0.00511	0.99997	0.00499	-0.00053	-0.00499	0.99999		-6.79754	61.95181	873.95715	179.57219	2.53970	-2.64019	0.74140	0.99796	0.04639	0.04392	0.04602	-0.99890	0.00950	0.04431	-0.00746	-0.99899		501.72002	4.27773	39.13722	0.92895	-0.22645	0.49237	0.39349	0.99996	0.00853	0.00409	-0.00859	0.99983	0.01618	-0.00395	-0.01621	0.99986	
38	0.37000	-0.06146	2.19349	0.48219	0.29083	-0.03452	-0.29482	0.46685	0.99999	-0.00515	0.00058	0.00515	0.99997	0.00508	-0.00060	-0.00508	0.99999		-6.71310	62.00543	873.96509	179.56812	2.52707	-2.64010	0.74324	0.99797	0.04639	0.04370	0.04602	-0.99889	0.00956	0.04409	-0.00753	-0.99900		501.71921	4.26785	39.11436	0.90289	-0.21540	0.52116	0.39290	0.99995	0.00904	0.00390	-0.00910	0.99983	0.01572	-0.00376	-0.01576	0.99987	
39	0.38000	-0.05992	2.19762	0.49784	0.29173	-0.02939	-0.29508	0.46522	0.99999	-0.00515	0.00049	0.00515	0.99997	0.00509	-0.00051	-0.00509	0.99999		-6.76039	62.00974	873.94359	179.57866	2.52612	-2.64355	0.74479	0.99797	0.04644	0.04369	0.04608	-0.99889	0.00938	0.04407	-0.00735	-0.99900		501.71550	4.31692	39.15159	0.94680	-0.21851	0.47590	0.39388	0.99996	0.00824	0.00395	-0.00831	0.99983	0.01649	-0.00381	-0.01652	0.99986	
40	0.39000	-0.05796	2.20190	0.47538	0.30606	-0.03696	-0.29429	0.46726	0.99999	-0.00514	0.00062	0.00514	0.99997	0.00534	-0.00065	-0.00534	0.99999		-6.61784	62.19427	873.95047	179.56065	2.51664	-2.63335	0.74341	0.99798	0.04628	0.04351	0.04590	-0.99890	0.00968	0.04391	-0.00766	-0.99901		501.72064	4.27273	39.09178	0.88999	-0.21274	0.51360	0.39369	0.99995	0.00891	0.00385	-0.00896	0.99984	0.01550	-0.00371	-0.01553	0.99987	
41	0.40000	-0.05592	2.18342	0.48112	0.28692	-0.03318	-0.28817	0.46312	0.99999	-0.00503	0.00055	0.00503	0.99997	0.00501	-0.00058	-0.00501	0.99999		-6.63577	61.93377	873.97696	179.57954	2.52564	-2.63803	0.74373	0.99797	0.04635	0.04368	0.04598	-0.99890	0.00936	0.04407	-0.00733	-0.99900		501.72469	4.22792	39.11563	0.90796	-0.22422	0.51038	0.39298	0.99995	0.00884	0.00405	-0.00891	0.99984	0.01581	-0.00391	-0.01585	0.99987	
42	0.41000	-0.05534	2.20161	0.49343	0.28060	-0.02859	-0.29700	0.46627	0.99999	-0.00519	0.00047	0.00518	0.99997	0.00490	-0.00050	-0.00490	0.99999		-6.71380	61.79819	873.96181	179.59056	2.51813	-2.63493	0.74289	0.99798	0.04628	0.04356	0.04593	-0.99890	0.00916	0.04394	-0.00714	-0.99901		501.72068	4.28014	39.14865	0.90362	-0.21628	0.52014	0.39413	0.99995	0.00902	0.00392	-0.00908	0.99984	0.01574	-0.00377	-0.01577	0.99987	
43	0.42000	-0.05428	2.18562	0.50584	0.27513	-0.02206	-0.29238	0.46621	0.99999	-0.00510	0.00036	0.00510	0.99998	0.00480	-0.00039	-0.00480	0.99999		-6.79767	61.74128	873.96521	179.59769	2.53271	-2.63862	0.74057	0.99796	0.04635	0.04382	0.04599	-0.99890	0.00905	0.04419	-0.00701	-0.99900		501.71220	4.25176	39.20677	0.92170	-0.21494	0.51766	0.39319	0.99995	0.00897	0.00390	-0.00903	0.99983	0.01605	-0.00375	-0.01609	0.99986	
44	0.43000	-0.05302	2.20392	0.48305	0.28744	-0.03198	-0.29674	0.46512	0.99999	-0.00518	0.00053	0.00518	0.99997	0.00502	-0.00056	-0.00502	0.99999		-6.66691	61.92105	873.96147	179.57510	2.51465	-2.64687	0.73775	0.99797	0.04650	0.04348	0.04614	-0.99889	0.00943	0.04387	-0.00741	-0.99901		501.72628	4.28647	39.13548	0.91190	-0.21967	0.51790	0.39267	0.99995	0.00898	0.00398	-0.00904	0.99983	0.01588	-0.00383	-0.01591	0.99987	
45	0.44000	-0.05343	2.19628	0.47340	0.28704	-0.03555	-0.29310	0.46389	0.99999	-0.00512	0.00060	0.00512	0.99997	0.00501	-0.00062	-0.00501	0.99999		-6.62411	61.92878	873.98313	179.57100	2.52459	-2.63628	0.74267	0.99797	0.04632	0.04366	0.04595	-0.99890	0.00951	0.04405	-0.00748	-0.99900		501.72507	4.27664	39.11910	0.93074	-0.21435	0.49275	0.39041	0.99996	0.00854	0.00388	-0.00860	0.99983	0.01621	-0.00374	-0.01624	0.99986	
46	0.45000	-0.05927	2.18932	0.49196	0.28435	-0.02533	-0.29138	0.46108	0.99999	-0.00509	0.00042	0.00509	0.99997	0.00496	-0.00044	-0.00496	0.99999		-6.80881	61.90085	873.95633	179.56850	2.52705	-2.63514	0.73735	0.99797	0.04631	0.04370	0.04593	-0.99890	0.00955	0.04409	-0.00752	-0.99900		501.71408	4.25211	39.18684	0.92026	-0.22102	0.50357	0.39150	0.99995	0.00873	0.00400	-0.00879	0.99983	0.01603	-0.00386	-0.01606	0.99986	
47	0.46000	-0.06460	2.17460	0.49538	0.28481	-0.02437	-0.28496	0.46556	0.99999	-0.00498	0.00040	0.00497	0.99998	0.00497	-0.00043	-0.00497	0.99999		-6.83807	61.94309	873.95179	179.57140	2.53488	-2.62560	0.73923	0.99797	0.04614	0.04384	0.04576	-0.99891	0.00950	0.04423	-0.00747	-0.99899		501.72078	4.19498	39.19214	0.90499	-0.23193	0.51373	0.39108	0.99995	0.00890	0.00419	-0.00897	0.99984	0.01576	-0.00405	-0.01579	0.99987	
48	0.47000	-0.06363	2.19103	0.47921	0.29376	-0.03183	-0.29137	0.46792	0.99999	-0.00509	0.00053	0.00509	0.99997	0.00513	-0.00056	-0.00513	0.99999		-6.75837	62.07193	873.96633	179.57137	2.53805	-2.62442	0.74827	0.99797	0.04612	0.04389	0.04574	-0.99891	0.00950	0.04428	-0.00747	-0.99899		501.72120	4.26716	39.14641	0.92063	-0.22491	0.49202	0.39281	0.99996	0.00852	0.00406	-0.00859	0.99983	0.01603	-0.00393	-0.01607	0.99986	
49	0.48000	-0.05963	2.18402	0.49087	0.28817	-0.02834	-0.28790	0.46436	0.99999	-0.00503	0.00047	0.00502	0.99997	0.00503	-0.00049	-0.00503	0.99999		-6.83427	62.02916	873.93640	179.56708	2.52639	-2.63715	0.74182	0.99797	0.04634	0.04368	0.04597	-0.99890	0.00958	0.04408	-0.00755	-0.99900		501.72081	4.23129	39.15648	0.91573	-0.22694	0.49628	0.39372	0.99995	0.00860	0.00410	-0.00866	0.99984	0.01595	-0.00396	-0.01598	0.99986	
50	0.49000	-0.06143	2.20307	0.48150	0.29349	-0.03206	-0.29702	0.46347	0.99999	-0.00519	0.00053	0.00518	0.99997	0.00512	-0.00056	-0.00512	0.99999		-6.79192	62.08750	873.94918	179.55272	2.53083	-2.64143	0.74152	0.99796	0.04643	0.04375	0.04604	-0.99889	0.00983	0.04416	-0.00780	-0.99899		501.73186	4.30460	39.14290	0.90444	-0.22276	0.49890	0.38744	0.99995	0.00864	0.00402	-0.00871	0.99984	0.01575	-0.00389	-0.01578	0.99987	
51	0.50000	-0.04970	2.17582	0.47935	0.29049	-0.03432	-0.28480	0.46476	0.99999	-0.00497	0.00057	0.00497	0.99997	0.00507	-0.00060	-0.00507	0.99999		-6.75209	62.04724	873.93029	179.56067	2.52945	-2.61865	0.74338	0.99798	0.04602	0.04374	0.04564	-0.99891	0.00968	0.04413	-0.00766	-0.99900		501.73003	4.22748	39.10918	0.91669	-0.23705	0.48233	0.38978	0.99996	0.00835	0.00427	-0.00842	0.99984	0.01596	-0.00414	-0.01600	0.99986	
52	0.51000	-0.05714	2.18593	0.49624	0.28016	-0.02521	-0.29033	0.46029	0.99999	-0.00507	0.00042	0.00507	0.99998	0.00489	-0.00044	-0.00489	0.99999		-6.86961	61.91634	873.94615	179.57315	2.53882	-2.63177	0.74590	0.99796	0.04625	0.04391	0.04587	-0.99890	0.00948	0.04430	-0.00744	-0.99899		501.72086	4.25274	39.18921	0.92593	-0.22580	0.50116	0.39365	0.99995	0.00868	0.00408	-0.00875	0.99983	0.01612	-0.00394	-0.01616	0.99986	
53	0.52000	-0.05720	2.19111	0.49404	0.28074	-0.02444	-0.29111	0.46011	0.99999	-0.00508	0.00040	0.00508	0.99998	0.00490	-0.00043	-0.00490	0.99999		-6.84938	61.90828	873.94855	179.57535	2.53382	-2.62754	0.74627	0.99797	0.04617	0.04382	0.04580	-0.99891	0.00943	0.04421	-0.00740	-0.99899		501.71991	4.24824	39.18360	0.92067	-0.23816	0.51232	0.39142	0.99995	0.00887	0.00430	-0.00894	0.99983	0.01603	-0.00416	-0.01607	0.99986	
54	0.53000	-0.05529	2.19710	0.47503	0.29654	-0.03497	-0.29300	0.46692	0.99999	-0.00512	0.00058	0.00511	0.99997	0.00518	-0.00061	-0.00518	0.99999		-6.66363	62.14790	873.95157	179.55362	2.51900	-2.63710	0.74309	0.99798	0.04635	0.04354	0.04597	-0.99889	0.00980	0.04395	-0.00778	-0.99900		501.71851	4.27182	39.12175	0.90993	-0.21509	0.50568	0.38916	0.99995	0.00876	0.00389	-0.00883	0.99984	0.01585	-0.00375	-0.01588	0.99987	
55	0.54000	-0.06145	2.19049	0.46910	0.29332	-0.03651	-0.29099	0.46570	0.99999	-0.00508	0.00061	0.00508	0.99997	0.00512	-0.00064	-0.00512	0.99999		-6.61107	62.08440	873.95954	179.55611	2.51011	-2.62756	0.74920	0.99799	0.04618	0.04339	0.04580	-0.99890	0.00975	0.04380	-0.00774	-0.99901		501.73341	4.25259	39.10793	0.89657	-0.21437	0.50589	0.39134	0.99995	0.00877	0.00388	-0.00883	0.99984	0.01561	-0.00374	-0.01565	0.99987	
56	0.55000	-0.05404	2.19464	0.47702	0.29291	-0.03300	-0.29203	0.46417	0.99999	-0.00510	0.00055	0.00510	0.99997	0.00511	-0.00058	-0.00511	0.99999		-6.65991	62.06427	873.95175	179.56783	2.51152	-2.63774	0.73965	0.99798	0.04635	0.04343	0.04598	-0.99890	0.00955	0.04382	-0.00754	-0.99901		501.72615	4.26682	39.12166	0.90435	-0.23312	0.49684	0.39421	0.99995	0.00861	0.00420	-0.00867	0.99984	0.01575	-0.00407	-0.01578	0.99987	
57	0.56000	-0.05508	2.20049	0.47752	0.28086	-0.03258	-0.29672	0.46360	0.99999	-0.00518	0.00054	0.00518	0.99997	0.00490	-0.00057	-0.00490	0.99999		-6.67711	61.86896	873.94990	179.58606	2.50920	-2.63426	0.73574	0.99799	0.04628	0.04340	0.04592	-0.99890	0.00923	0.04378	-0.00722	-0.99902		501.73377	4.30763	39.12663	0.93315	-0.23283	0.50154	0.39180	0.99995	0.00869	0.00421	-0.00875	0.99983	0.01625	-0.00406	-0.01629	0.99986	
58	0.57000	-0.05554	2.20061	0.49957	0.28379	-0.02286	-0.29583	0.46621	0.99999	-0.00516	0.00037	0.00516	0.99997	0.00495	-0.00040	-0.00495	0.99999		-6.81791	61.88110	873.94738	179.58662	2.52950	-2.63574	0.73786	0.99797	0.04630	0.04375	0.04594	-0.99890	0.00924	0.04413	-0.00721	-0.99900		501.72286	4.29501	39.19879	0.93154	-0.23350	0.50575	0.39196	0.99995	0.00876	0.00422	-0.00883	0.99983	0.01622	-0.00408	-0.01626	0.99986	
59	0.58000	-0.05072	2.18388	0.48544	0.29023	-0.02820	-0.28938	0.46392	0.99999	-0.00505	0.00047	0.00505	0.99997	0.00507	-0.00049	-0.00507	0.99999		-6.76161	61.98275	873.95624	179.57771	2.52082	-2.63556	0.74180	0.99798	0.04631	0.04360	0.04594	-0.99890	0.00938	0.04398	-0.00736	-0.99901		501.72283	4.24692	39.16357	0.90773	-0.22773	0.50583	0.39555	0.99995	0.00876	0.00411	-0.00883	0.99984	0.01581	-0.00397	-0.01584	0.99987	
60	0.59000	-0.05527	2.18083	0.48966	0.27942	-0.02800	-0.28879	0.46135	0.99999	-0.00504	0.00046	0.00504	0.99998	0.00488	-0.00049	-0.00488	0.99999		-6.77482	61.82680	873.96996	179.59288	2.53118	-2.64342	0.73895	0.99796	0.04643	0.04379	0.04608	-0.99890	0.00913	0.04416	-0.00710	-0.99900		501.72713	4.24682	39.15341	0.92983	-0.23514	0.49118	0.39109	0.99995	0.00850	0.00424	-0.00857	0.99983	0.01619	-0.00410	-0.01623	0.99986	
61	0.60000	-0.05631	2.17229	0.46879	0.29343	-0.03725	-0.28323	0.46463	0.99999	-0.00495	0.00063	0.00494	0.99997	0.00512	-0.00065	-0.00512	0.99999		-6.64901	62.03838	873.97271	179.57622	2.52401	-2.62933	0.74041	0.99798	0.04620	0.04365	0.04583	-0.99890	0.00941	0.04404	-0.00739	-0.99900		501.72799	4.20764	39.10018	0.90584	-0.21859	0.49538	0.39368	0.99996	0.00858	0.00395	-0.00865	0.99984	0.01578	-0.00382	-0.01581	0.99987	
62	0.61000	-0.05009	2.18942	0.44871	0.30286	-0.04486	-0.28966	0.46365	0.99999	-0.00506	0.00076	0.00506	0.99997	0.00529	-0.00078	-0.00529	0.99999		-6.56742	62.17326	873.98538	179.56219	2.51267	-2.64588	0.74481	0.99797	0.04650	0.04344	0.04612	-0.99889	0.00966	0.04384	-0.00763	-0.99901		501.72146	4.25636	39.05123	0.89861	-0.20329	0.50080	0.39381	0.99996	0.00868	0.00368	-0.00874	0.99984	0.01565	-0.00355	-0.01568	0.99987	
63	0.62000	-0.05869	2.20150	0.46469	0.28940	-0.03689	-0.29497	0.46495	0.99999	-0.00515	0.00062	0.00515	0.99997	0.00505	-0.00064	-0.00505	0.99999		-6.69859	61.94413	873.98090	179.57684	2.52612	-2.63834	0.74512	0.99797	0.04636	0.04369	0.04599	-0.99890	0.00941	0.04407	-0.00738	-0.99900		501.72617	4.28313	39.10331	0.92056	-0.22398	0.50605	0.39431	0.99995	0.00877	0.00405	-0.00883	0.99983	0.01603	-0.00391	-0.01607	0.99986	
64	0.63000	-0.05896	2.18949	0.48876	0.28239	-0.02791	-0.29116	0.46173	0.99999	-0.00508	0.00046	0.00508	0.99998	0.00493	-0.00049	-0.00493	0.99999		-6.83806	61.86567	873.96139	179.58330	2.53121	-2.63964	0.74481	0.99796	0.04637	0.04378	0.04601	-0.99890	0.00930	0.04416	-0.00727	-0.99900		501.71297	4.24712	39.16560	0.91232	-0.21765	0.50556	0.39363	0.99995	0.00876	0.00394	-0.00882	0.99983	0.01589	-0.00380	-0.01592	0.99987	
65	0.64000	-0.05858	2.19752	0.48259	0.28370	-0.02874	-0.29471	0.46322	0.99999	-0.00515	0.00048	0.00514	0.99997	0.00495	-0.00050	-0.00495	0.99999		-6.81141	61.89594	873.96851	179.58325	2.53953	-2.64133	0.74433	0.99796	0.04640	0.04393	0.04604	-0.99890	0.00931	0.04431	-0.00727	-0.99899		501.72730	4.27676	39.14671	0.91108	-0.23021	0.51190	0.39100	0.99995	0.00887	0.00416	-0.00893	0.99983	0.01586	-0.00402	-0.01590	0.99987	
66	0.65000	-0.04830	2.18968	0.45283	0.28624	-0.04046	-0.29373	0.46459	0.99999	-0.00513	0.00068	0.00513	0.99997	0.00500	-0.00071	-0.00500	0.99999		-6.64260	61.97788	873.96944	179.58250	2.51240	-2.64090	0.73502	0.99798	0.04639	0.04345	0.04603	-0.99890	0.00930	0.04384	-0.00728	-0.99901		501.72487	4.29628	39.07957	0.93841	-0.21930	0.49375	0.39184	0.99996	0.00855	0.00397	-0.00862	0.99983	0.01634	-0.00383	-0.01638	0.99986	
67	0.66000	-0.05119	2.19198	0.45750	0.29391	-0.03888	-0.29030	0.46531	0.99999	-0.00507	0.00065	0.00507	0.99997	0.00513	-0.00068	-0.00513	0.99999		-6.63306	62.09481	873.98198	179.56531	2.52692	-2.63439	0.74362	0.99797	0.04630	0.04369	0.04592	-0.99890	0.00961	0.04409	-0.00758	-0.99900		501.68223	4.23511	39.19091	0.93012	-0.11815	0.53415	0.38415	0.99995	0.00929	0.00221	-0.00932	0.99983	0.01621	-0.00206	-0.01623	0.99987	
68	0.67000	-0.04841	2.19909	0.45289	0.29953	-0.04054	-0.29340	0.46403	0.99999	-0.00512	0.00068	0.00512	0.99997	0.00523	-0.00071	-0.00523	0.99999		-6.59631	62.18072	873.97060	179.56389	2.51705	-2.63458	0.74403	0.99798	0.04630	0.04352	0.04592	-0.99890	0.00962	0.04392	-0.00760	-0.99901		501.72349	4.28509	39.08142	0.91369	-0.21511	0.50480	0.38993	0.99995	0.00875	0.00389	-0.00881	0.99983	0.01591	-0.00375	-0.01595	0.99987	
69	0.68000	-0.04967	2.19376	0.46656	0.29059	-0.03495	-0.29280	0.46456	0.99999	-0.00511	0.00058	0.00511	0.99997	0.00507	-0.00061	-0.00507	0.99999		-6.65938	62.05853	873.97333	179.56891	2.52331	-2.62777	0.74541	0.99798	0.04618	0.04363	0.04580	-0.99891	0.00953	0.04403	-0.00752	-0.99900		501.71633	4.28089	39.12288	0.91622	-0.20783	0.48528	0.39511	0.99996	0.00841	0.00376	-0.00847	0.99984	0.01596	-0.00363	-0.01599	0.99987	
70	0.69000	-0.05224	2.18882	0.47487	0.28455	-0.03136	-0.29092	0.46595	0.99999	-0.00508	0.00052	0.00508	0.99997	0.00497	-0.00055	-0.00497	0.99999		-6.69478	61.99406	873.94848	179.57245	2.51401	-2.64169	0.74538	0.99798	0.04642	0.04347	0.04605	-0.99889	0.00948	0.04386	-0.00745	-0.99901		501.77673	3.87318	39.12182	0.59343	-0.27893	0.98035	0.29130	0.99984	0.01706	0.00504	-0.01711	0.99980	0.01027	-0.00487	-0.01036	0.99993	
71	0.70000	-0.05735	2.18242	0.46128	0.28765	-0.03632	-0.28789	0.46407	0.99999	-0.00503	0.00061	0.00502	0.99997	0.00502	-0.00063	-0.00502	0.99999		-6.66489	62.14344	873.90615	179.58896	2.45108	-2.70731	0.74483	0.99797	0.04754	0.04238	0.04719	-0.99884	0.00919	0.04277	-0.00717	-0.99906		501.72072	4.22741	39.10736	0.91597	-0.21576	0.51005	0.38876	0.99995	0.00884	0.00391	-0.00890	0.99983	0.01595	-0.00377	-0.01599	0.99987	
72	0.71000	-0.05141	2.20026	0.46587	0.28299	-0.03699	-0.29576	0.46298	0.99999	-0.00516	0.00062	0.00516	0.99997	0.00494	-0.00065	-0.00494	0.99999		-6.63474	61.97267	873.93970	179.58682	2.49675	-2.65095	0.74311	0.99798	0.04656	0.04318	0.04621	-0.99889	0.00922	0.04356	-0.00720	-0.99902		501.71521	4.27654	39.10017	0.91350	-0.21220	0.50698	0.39034	0.99995	0.00879	0.00384	-0.00885	0.99983	0.01591	-0.00370	-0.01594	0.99987	
73	0.72000	-0.05707	2.18894	0.47817	0.29169	-0.03068	-0.28936	0.46245	0.99999	-0.00505	0.00051	0.00505	0.99997	0.00509	-0.00054	-0.00509	0.99999		-6.72867	62.07919	873.94953	179.56615	2.52326	-2.63840	0.74595	0.99797	0.04636	0.04363	0.04599	-0.99890	0.00959	0.04403	-0.00756	-0.99900		501.66301	4.20282	39.15503	0.87820	-0.17099	0.56502	0.38466	0.99995	0.00981	0.00313	-0.00986	0.99983	0.01530	-0.00298	-0.01533	0.99988	
74	0.73000	-0.05099	2.17130	0.47344	0.28409	-0.03120	-0.28442	0.46290	0.99999	-0.00497	0.00052	0.00496	0.99998	0.00496	-0.00054	-0.00496	0.99999		-6.73655	61.94531	873.97552	179.57159	2.53470	-2.61790	0.74865	0.99798	0.04600	0.04384	0.04563	-0.99891	0.00949	0.04422	-0.00747	-0.99899		501.71076	4.20871	39.13699	0.92810	-0.22564	0.49319	0.38709	0.99996	0.00854	0.00408	-0.00861	0.99983	0.01616	-0.00394	-0.01620	0.99986	
75	0.74000	-0.04940	2.19925	0.45745	0.28750	-0.03982	-0.29710	0.46255	0.99999	-0.00519	0.00067	0.00519	0.99997	0.00502	-0.00069	-0.00502	0.99999		-6.64418	61.97980	873.99116	179.57710	2.52520	-2.65653	0.74281	0.99796	0.04667	0.04367	0.04630	-0.99888	0.00942	0.04406	-0.00737	-0.99900		501.71077	4.30319	39.08302	0.92908	-0.20660	0.50457	0.39387	0.99995	0.00875	0.00375	-0.00881	0.99983	0.01618	-0.00361	-0.01621	0.99986	
76	0.75000	-0.05412	2.19055	0.47666	0.28650	-0.03144	-0.29280	0.46529	0.99999	-0.00511	0.00052	0.00511	0.99997	0.00500	-0.00055	-0.00500	0.99999		-6.78439	61.93898	873.96223	179.58240	2.52977	-2.62821	0.74067	0.99797	0.04618	0.04376	0.04581	-0.99891	0.00930	0.04414	-0.00728	-0.99900		501.70744	4.27492	39.14370	0.94142	-0.21084	0.49507	0.38918	0.99996	0.00858	0.00382	-0.00864	0.99983	0.01640	-0.00368	-0.01643	0.99986	
77	0.76000	-0.06081	2.19842	0.47977	0.28129	-0.03020	-0.29602	0.46668	0.99999	-0.00517	0.00050	0.00517	0.99997	0.00491	-0.00053	-0.00491	0.99999		-6.79743	61.83835	873.98752	179.58307	2.54426	-2.63920	0.74503	0.99795	0.04637	0.04401	0.04600	-0.99890	0.00931	0.04439	-0.00727	-0.99899		501.72159	4.29687	39.14321	0.94341	-0.22446	0.49331	0.39418	0.99996	0.00854	0.00406	-0.00861	0.99983	0.01643	-0.00392	-0.01646	0.99986	
78	0.77000	-0.05836	2.19462	0.46778	0.28578	-0.03651	-0.29450	0.46416	0.99999	-0.00514	0.00061	0.00514	0.99997	0.00499	-0.00064	-0.00499	0.99999		-6.70143	61.90400	873.98516	179.58203	2.52690	-2.64021	0.73954	0.99797	0.04638	0.04370	0.04602	-0.99890	0.00932	0.04409	-0.00729	-0.99900		501.71881	4.28481	39.10641	0.92678	-0.21598	0.49380	0.38983	0.99996	0.00856	0.00391	-0.00862	0.99983	0.01614	-0.00377	-0.01617	0.99986	
79	0.78000	-0.05973	2.19511	0.46123	0.29031	-0.03775	-0.29398	0.46115	0.99999	-0.00513	0.00063	0.00513	0.99997	0.00507	-0.00066	-0.00507	0.99999		-6.67049	61.93852	873.95749	179.56306	2.51685	-2.64125	0.74546	0.99797	0.04642	0.04351	0.04604	-0.99889	0.00964	0.04391	-0.00762	-0.99901		501.72070	4.29055	39.10111	0.93889	-0.21499	0.48694	0.39377	0.99996	0.00844	0.00389	-0.00850	0.99983	0.01635	-0.00375	-0.01639	0.99986	
80	0.79000	-0.06291	2.18690	0.47268	0.28501	-0.03203	-0.29111	0.46306	0.99999	-0.00508	0.00053	0.00508	0.99997	0.00498	-0.00056	-0.00497	0.99999		-6.73926	61.90122	873.96559	179.58824	2.52390	-2.63005	0.73991	0.99798	0.04620	0.04366	0.04584	-0.99891	0.00920	0.04404	-0.00718	-0.99900		501.71958	4.25611	39.14098	0.92707	-0.21575	0.49723	0.38822	0.99996	0.00862	0.00391	-0.00868	0.99983	0.01615	-0.00377	-0.01618	0.99986	
81	0.80000	-0.05346	2.18408	0.47266	0.28375	-0.03174	-0.29081	0.46078	0.99999	-0.00508	0.00053	0.00508	0.99997	0.00495	-0.00055	-0.00495	0.99999		-6.72338	61.87578	873.98372	179.58043	2.53517	-2.63184	0.74489	0.99797	0.04624	0.04385	0.04587	-0.99890	0.00935	0.04423	-0.00732	-0.99899		501.72027	4.27142	39.13782	0.93464	-0.22453	0.48002	0.39242	0.99996	0.00831	0.00405	-0.00838	0.99983	0.01628	-0.00392	-0.01631	0.99986	
82	0.81000	-0.04773	2.19358	0.45432	0.30081	-0.04049	-0.29105	0.46512	0.99999	-0.00508	0.00068	0.00508	0.99997	0.00525	-0.00071	-0.00525	0.99999		-6.57735	62.14977	873.97970	179.56209	2.51872	-2.63938	0.74209	0.99797	0.04638	0.04355	0.04601	-0.99889	0.00966	0.04395	-0.00764	-0.99900		501.72342	4.25365	39.07663	0.89986	-0.21844	0.50809	0.38944	0.99995	0.00881	0.00395	-0.00887	0.99984	0.01567	-0.00381	-0.01570	0.99987	
83	0.82000	-0.04289	2.18160	0.46623	0.28463	-0.03694	-0.28830	0.46572	0.99999	-0.00503	0.00062	0.00503	0.99998	0.00497	-0.00064	-0.00497	0.99999		-6.62783	61.91859	873.98142	179.57584	2.51703	-2.62879	0.74001	0.99798	0.04619	0.04353	0.04582	-0.99891	0.00941	0.04392	-0.00740	-0.99901		501.67092	4.20275	39.20753	0.91927	-0.11722	0.53590	0.38207	0.99995	0.00932	0.00220	-0.00935	0.99983	0.01602	-0.00205	-0.01604	0.99987	
84	0.83000	-0.05650	2.21895	0.47698	0.29138	-0.03162	-0.30338	0.46487	0.99999	-0.00530	0.00053	0.00529	0.99997	0.00509	-0.00055	-0.00509	0.99999		-6.70484	61.99782	873.95463	179.57491	2.51646	-2.64624	0.74405	0.99797	0.04649	0.04352	0.04612	-0.99889	0.00944	0.04391	-0.00741	-0.99901		501.72189	4.31734	39.13770	0.89386	-0.21996	0.53411	0.39192	0.99995	0.00926	0.00398	-0.00932	0.99984	0.01556	-0.00384	-0.01560	0.99987	
85	0.84000	-0.05398	2.18727	0.49074	0.27794	-0.02561	-0.29014	0.46481	0.99999	-0.00507	0.00042	0.00506	0.99998	0.00485	-0.00045	-0.00485	0.99999		-6.78169	61.84078	873.96310	179.57639	2.52865	-2.63412	0.74660	0.99797	0.04628	0.04373	0.04591	-0.99890	0.00941	0.04412	-0.00739	-0.99900		501.72185	4.25645	39.17595	0.93861	-0.23547	0.48099	0.39049	0.99996	0.00833	0.00425	-0.00839	0.99983	0.01635	-0.00411	-0.01638	0.99986	
86	0.85000	-0.05787	2.19773	0.48005	0.28753	-0.02891	-0.29217	0.46596	0.99999	-0.00510	0.00048	0.00510	0.99997	0.00502	-0.00050	-0.00502	0.99999		-6.74214	61.99959	873.94818	179.56833	2.52026	-2.64661	0.74261	0.99797	0.04651	0.04358	0.04613	-0.99889	0.00956	0.04397	-0.00753	-0.99900		501.72869	4.24597	39.16276	0.91302	-0.23554	0.50388	0.38925	0.99995	0.00873	0.00425	-0.00879	0.99983	0.01590	-0.00411	-0.01593	0.99986	
87	0.86000	-0.05695	2.19758	0.47275	0.28471	-0.03333	-0.29581	0.46334	0.99999	-0.00517	0.00056	0.00516	0.99997	0.00497	-0.00058	-0.00497	0.99999		-6.70102	61.96782	873.96356	179.56718	2.51542	-2.64748	0.74456	0.99797	0.04652	0.04349	0.04615	-0.99889	0.00957	0.04389	-0.00755	-0.99901		501.72424	4.30390	39.12898	0.93872	-0.22452	0.48185	0.39124	0.99996	0.00834	0.00406	-0.00841	0.99983	0.01635	-0.00392	-0.01638	0.99986	
88	0.87000	-0.05707	2.19573	0.48667	0.29024	-0.02681	-0.29455	0.46109	0.99999	-0.00514	0.00044	0.00514	0.99997	0.00507	-0.00047	-0.00507	0.99999		-6.81897	62.04982	873.94146	179.56343	2.52608	-2.63902	0.74227	0.99797	0.04638	0.04368	0.04600	-0.99889	0.00964	0.04407	-0.00761	-0.99900		501.71359	4.27433	39.18702	0.90992	-0.21818	0.50910	0.39175	0.99995	0.00882	0.00395	-0.00889	0.99984	0.01585	-0.00381	-0.01588	0.99987	
89	0.88000	-0.05549	2.20236	0.47230	0.28743	-0.03381	-0.29606	0.46131	0.99999	-0.00517	0.00056	0.00517	0.99997	0.00502	-0.00059	-0.00502	0.99999		-6.73352	61.99591	873.96449	179.56596	2.52537	-2.64145	0.74439	0.99797	0.04642	0.04366	0.04604	-0.99889	0.00960	0.04406	-0.00757	-0.99900		501.71310	4.26654	39.14009	0.90324	-0.20608	0.51945	0.39136	0.99995	0.00901	0.00374	-0.00907	0.99984	0.01573	-0.00360	-0.01576	0.99987	
90	0.89000	-0.05446	2.19472	0.46283	0.29004	-0.03673	-0.29363	0.46538	0.99999	-0.00513	0.00062	0.00512	0.99997	0.00506	-0.00064	-0.00506	0.99999		-6.70341	62.04167	873.98381	179.56444	2.53401	-2.63423	0.74296	0.99797	0.04629	0.04382	0.04591	-0.99890	0.00963	0.04421	-0.00759	-0.99899		501.72487	4.29630	39.12223	0.93513	-0.20746	0.47474	0.39023	0.99996	0.00823	0.00376	-0.00829	0.99983	0.01629	-0.00362	-0.01632	0.99986	
91	0.90000	-0.05552	2.19877	0.45924	0.29520	-0.03819	-0.29450	0.46217	0.99999	-0.00514	0.00064	0.00514	0.99997	0.00515	-0.00067	-0.00515	0.99999		-6.68571	62.09712	873.98614	179.56195	2.53766	-2.62996	0.74290	0.99797	0.04622	0.04388	0.04584	-0.99890	0.00967	0.04428	-0.00764	-0.99899		501.72442	4.29015	39.11042	0.92481	-0.21119	0.49537	0.39156	0.99996	0.00859	0.00382	-0.00865	0.99983	0.01611	-0.00369	-0.01614	0.99986	
92	0.91000	-0.05499	2.18951	0.47429	0.28854	-0.03108	-0.28847	0.46214	0.99999	-0.00504	0.00052	0.00503	0.99997	0.00504	-0.00054	-0.00504	0.99999		-6.78462	62.00647	873.97041	179.57079	2.53436	-2.63499	0.74213	0.99797	0.04630	0.04383	0.04593	-0.99890	0.00952	0.04422	-0.00748	-0.99899		501.72143	4.23508	39.15521	0.92027	-0.22283	0.49182	0.39471	0.99996	0.00852	0.00403	-0.00858	0.99983	0.01603	-0.00389	-0.01606	0.99986	
93	0.92000	-0.05688	2.19658	0.47396	0.29142	-0.03201	-0.29257	0.46313	0.99999	-0.00511	0.00053	0.00511	0.99997	0.00509	-0.00056	-0.00509	0.99999		-6.76077	62.02421	873.96766	179.56462	2.53224	-2.63291	0.74764	0.99797	0.04627	0.04378	0.04589	-0.99890	0.00962	0.04418	-0.00759	-0.99899		501.72052	4.27173	39.14437	0.91988	-0.22118	0.49506	0.39345	0.99996	0.00858	0.00400	-0.00864	0.99983	0.01602	-0.00386	-0.01605	0.99986	
94	0.93000	-0.05455	2.19358	0.46504	0.28540	-0.03476	-0.29306	0.46466	0.99999	-0.00512	0.00058	0.00511	0.99997	0.00498	-0.00061	-0.00498	0.99999		-6.70745	61.93199	873.98604	179.56668	2.52241	-2.64355	0.74275	0.99797	0.04645	0.04361	0.04608	-0.99889	0.00958	0.04401	-0.00756	-0.99900		501.72456	4.25706	39.11828	0.91131	-0.22956	0.51096	0.39465	0.99995	0.00885	0.00415	-0.00892	0.99983	0.01587	-0.00401	-0.01590	0.99987	
