1	0.00000	0.03466	1.97703	0.47247	-0.05225	-0.15734	-0.23639	0.53006	0.99999	-0.00412	0.00275	0.00413	0.99999	-0.00090	-0.00275	0.00091	1.00000		-4.98033	56.90390	874.37190	179.88715	2.37514	-2.28711	0.60772	0.99835	0.03999	0.04133	0.03987	-0.99920	0.00362	0.04144	-0.00197	-0.99914		501.68065	3.68886	37.86064	1.25493	-0.40160	0.49824	0.37043	0.99994	0.00854	0.00720	-0.00870	0.99972	0.02184	-0.00701	-0.02190	0.99974	
2	0.01000	0.03635	1.96918	0.48230	-0.05777	-0.15374	-0.23460	0.53028	0.99999	-0.00409	0.00269	0.00409	0.99999	-0.00100	-0.00268	0.00101	1.00000		-5.00003	56.83203	874.34374	179.90439	2.36045	-2.28944	0.59581	0.99835	0.04002	0.04109	0.03991	-0.99920	0.00331	0.04119	-0.00167	-0.99915		501.66725	3.67509	37.87782	1.26423	-0.40426	0.50623	0.36785	0.99994	0.00868	0.00725	-0.00884	0.99972	0.02200	-0.00706	-0.02206	0.99973	
3	0.02000	0.02945	2.00246	0.48961	-0.05596	-0.14931	-0.24764	0.53172	0.99999	-0.00432	0.00261	0.00432	0.99999	-0.00097	-0.00261	0.00098	1.00000		-5.00518	56.76420	874.38270	179.87889	2.39316	-2.29536	0.60663	0.99833	0.04014	0.04164	0.04002	-0.99919	0.00378	0.04176	-0.00211	-0.99913		501.68080	3.75184	37.90167	1.24123	-0.41739	0.52075	0.36721	0.99993	0.00893	0.00748	-0.00909	0.99973	0.02159	-0.00728	-0.02166	0.99974	
4	0.03000	-0.00447	2.09472	0.64893	0.06215	-0.04246	-0.26817	0.56249	0.99999	-0.00468	0.00074	0.00468	0.99999	0.00109	-0.00074	-0.00108	1.00000		-6.50060	58.67957	874.02561	179.85031	2.50621	-2.55577	0.68787	0.99805	0.04471	0.04357	0.04455	-0.99900	0.00456	0.04373	-0.00261	-0.99904		501.59318	4.05512	38.80372	1.22020	-0.23573	0.49148	0.36883	0.99995	0.00849	0.00430	-0.00858	0.99974	0.02126	-0.00411	-0.02129	0.99976	
5	0.04000	-0.00731	2.07831	0.66544	0.04430	-0.03185	-0.26343	0.55634	0.99999	-0.00460	0.00055	0.00460	0.99999	0.00078	-0.00056	-0.00077	1.00000		-6.63199	58.36005	874.08371	179.84891	2.54868	-2.55564	0.69574	0.99802	0.04471	0.04431	0.04455	-0.99900	0.00462	0.04447	-0.00263	-0.99901		501.59607	4.02012	38.85608	1.25132	-0.26853	0.49164	0.36967	0.99995	0.00848	0.00487	-0.00858	0.99973	0.02180	-0.00469	-0.02184	0.99975	
6	0.05000	0.22545	2.67179	-0.03095	0.78205	-0.98594	-0.47453	0.65313	0.99982	-0.00852	0.01709	0.00828	0.99987	0.01379	-0.01721	-0.01365	0.99976		7.06502	68.93345	874.11561	179.14606	1.55445	-2.61359	0.63346	0.99859	0.04600	0.02642	0.04558	-0.99883	0.01612	0.02713	-0.01490	-0.99952		501.90871	5.59498	31.72018	0.20880	0.75274	0.98868	0.37694	0.99976	0.01730	-0.01307	-0.01725	0.99984	0.00387	0.01314	-0.00364	0.99991	
7	0.06000	-0.09946	2.14978	0.52859	0.27122	-0.03669	-0.29271	0.49101	0.99999	-0.00511	0.00062	0.00511	0.99998	0.00474	-0.00064	-0.00473	0.99999		-6.66340	61.70502	873.82590	179.56311	2.51149	-2.59311	0.73154	0.99802	0.04558	0.04343	0.04520	-0.99893	0.00960	0.04382	-0.00762	-0.99901		501.56619	4.19429	39.09763	0.86842	-0.32100	0.75089	0.45454	0.99990	0.01302	0.00580	-0.01310	0.99980	0.01508	-0.00560	-0.01516	0.99987	
8	0.07000	-0.10686	2.15144	0.51810	0.27786	-0.02511	-0.29230	0.48814	0.99999	-0.00510	0.00041	0.00510	0.99998	0.00485	-0.00044	-0.00485	0.99999		-6.87811	61.81956	873.82597	179.56062	2.52571	-2.60269	0.73517	0.99800	0.04575	0.04367	0.04537	-0.99892	0.00966	0.04407	-0.00766	-0.99900		501.52833	4.27453	39.14778	0.94076	-0.28213	0.60804	0.40094	0.99993	0.01053	0.00510	-0.01061	0.99981	0.01637	-0.00492	-0.01642	0.99985	
9	0.08000	-0.11504	2.13486	0.48787	0.27249	-0.02718	-0.28821	0.48353	0.99999	-0.00503	0.00045	0.00503	0.99998	0.00476	-0.00047	-0.00476	0.99999		-6.87205	61.75877	873.86079	179.56770	2.52718	-2.59847	0.73805	0.99800	0.04567	0.04370	0.04529	-0.99893	0.00954	0.04409	-0.00754	-0.99900		501.51992	4.26624	39.15083	0.96319	-0.26866	0.59161	0.39925	0.99994	0.01025	0.00486	-0.01033	0.99981	0.01676	-0.00469	-0.01681	0.99985	
10	0.09000	-0.11585	2.14218	0.46899	0.29033	-0.02716	-0.28898	0.48229	0.99999	-0.00505	0.00045	0.00504	0.99997	0.00507	-0.00047	-0.00507	0.99999		-6.90049	62.02154	873.87345	179.54045	2.53697	-2.59915	0.73514	0.99799	0.04570	0.04385	0.04530	-0.99892	0.01002	0.04426	-0.00801	-0.99899		501.51633	4.27734	39.15566	0.94057	-0.27654	0.58388	0.39694	0.99994	0.01011	0.00499	-0.01019	0.99981	0.01637	-0.00483	-0.01642	0.99985	
11	0.10000	-0.11146	2.12911	0.46584	0.28266	-0.02392	-0.28302	0.47511	0.99999	-0.00494	0.00039	0.00494	0.99998	0.00493	-0.00042	-0.00493	0.99999		-6.97092	61.95269	873.88400	179.55682	2.54768	-2.60065	0.73919	0.99798	0.04572	0.04405	0.04533	-0.99892	0.00974	0.04445	-0.00773	-0.99898		501.50096	4.23417	39.19210	0.96307	-0.27158	0.57866	0.39499	0.99994	0.01002	0.00491	-0.01010	0.99981	0.01676	-0.00474	-0.01681	0.99985	
12	0.11000	-0.11565	2.13604	0.44831	0.27086	-0.02488	-0.28576	0.47282	0.99999	-0.00499	0.00041	0.00499	0.99998	0.00473	-0.00043	-0.00473	0.99999		-6.95309	61.77870	873.90564	179.56172	2.54707	-2.59602	0.73836	0.99799	0.04563	0.04405	0.04525	-0.99893	0.00965	0.04444	-0.00764	-0.99898		501.50637	4.23637	39.19363	0.96528	-0.26049	0.58394	0.39442	0.99994	0.01011	0.00472	-0.01019	0.99981	0.01680	-0.00455	-0.01685	0.99985	
13	0.12000	-0.10932	2.15163	0.44197	0.29310	-0.02822	-0.28668	0.47811	0.99999	-0.00501	0.00047	0.00500	0.99997	0.00512	-0.00049	-0.00512	0.99999		-6.91469	62.15454	873.85583	179.54688	2.53090	-2.60379	0.72917	0.99799	0.04578	0.04375	0.04538	-0.99892	0.00991	0.04416	-0.00790	-0.99899		501.51043	4.24634	39.16100	0.93888	-0.26301	0.58968	0.40115	0.99994	0.01022	0.00476	-0.01029	0.99981	0.01634	-0.00459	-0.01639	0.99986	
14	0.13000	-0.14027	2.09920	0.63205	0.17305	0.07497	-0.28036	0.44551	0.99999	-0.00489	-0.00132	0.00489	0.99998	0.00301	0.00131	-0.00302	0.99999		-8.40429	60.36733	873.81066	179.66104	2.64616	-2.58302	0.74155	0.99792	0.04534	0.04585	0.04502	-0.99895	0.00799	0.04617	-0.00591	-0.99892		501.46577	4.14777	39.87437	1.04006	-0.35887	0.58489	0.40236	0.99993	0.01009	0.00645	-0.01021	0.99978	0.01809	-0.00626	-0.01815	0.99982	
15	0.14000	-0.10546	2.13711	0.44012	0.27749	-0.02272	-0.28297	0.47236	0.99999	-0.00494	0.00037	0.00494	0.99998	0.00484	-0.00040	-0.00484	0.99999		-6.92523	61.95821	873.88647	179.54886	2.53829	-2.58885	0.74564	0.99800	0.04552	0.04388	0.04512	-0.99893	0.00987	0.04429	-0.00787	-0.99899		501.49835	4.21518	39.20293	0.94877	-0.26856	0.58653	0.39892	0.99994	0.01016	0.00486	-0.01024	0.99981	0.01651	-0.00469	-0.01656	0.99985	
16	0.15000	-0.10968	2.13844	0.43962	0.27795	-0.02020	-0.28377	0.46336	0.99999	-0.00495	0.00033	0.00495	0.99998	0.00485	-0.00035	-0.00485	0.99999		-6.93366	62.00574	873.86972	179.55940	2.52277	-2.60098	0.73790	0.99800	0.04572	0.04362	0.04534	-0.99892	0.00968	0.04402	-0.00768	-0.99900		501.50180	4.22207	39.21184	0.96003	-0.27750	0.57368	0.39801	0.99994	0.00993	0.00501	-0.01001	0.99981	0.01671	-0.00484	-0.01675	0.99985	
17	0.16000	-0.10776	2.14711	0.40105	0.28852	-0.03250	-0.28350	0.46881	0.99999	-0.00495	0.00054	0.00495	0.99998	0.00504	-0.00057	-0.00504	0.99999		-6.70422	62.14847	873.91112	179.53952	2.51690	-2.59788	0.74632	0.99801	0.04568	0.04350	0.04528	-0.99892	0.01002	0.04391	-0.00803	-0.99900		501.51170	4.24623	39.14748	0.97171	-0.27306	0.54261	0.39767	0.99994	0.00939	0.00493	-0.00947	0.99981	0.01691	-0.00477	-0.01696	0.99984	
18	0.17000	-0.11439	2.16323	0.43119	0.27819	-0.02206	-0.29318	0.47374	0.99999	-0.00512	0.00036	0.00512	0.99998	0.00486	-0.00038	-0.00486	0.99999		-6.86878	61.98140	873.85303	179.55185	2.49961	-2.60258	0.74240	0.99802	0.04575	0.04321	0.04536	-0.99892	0.00979	0.04361	-0.00781	-0.99902		501.50029	4.28741	39.21055	0.95667	-0.27349	0.56920	0.39757	0.99994	0.00985	0.00494	-0.00993	0.99981	0.01665	-0.00477	-0.01670	0.99985	
19	0.18000	-0.10765	2.15126	0.41217	0.28803	-0.02865	-0.28790	0.46695	0.99999	-0.00503	0.00048	0.00502	0.99997	0.00503	-0.00050	-0.00503	0.99999		-6.75451	62.12387	873.89541	179.54066	2.51179	-2.60135	0.74867	0.99801	0.04574	0.04341	0.04534	-0.99892	0.01000	0.04383	-0.00801	-0.99901		501.50554	4.25288	39.15658	0.94716	-0.27788	0.57118	0.39516	0.99994	0.00989	0.00501	-0.00997	0.99981	0.01648	-0.00485	-0.01653	0.99985	
20	0.19000	-0.11491	2.15552	0.42172	0.28754	-0.02457	-0.28737	0.46771	0.99999	-0.00502	0.00040	0.00502	0.99997	0.00502	-0.00043	-0.00502	0.99999		-6.82690	62.09508	873.87748	179.54713	2.51550	-2.60046	0.74800	0.99801	0.04572	0.04348	0.04533	-0.99892	0.00989	0.04389	-0.00790	-0.99901		501.50164	4.23327	39.19419	0.94701	-0.26979	0.58291	0.40188	0.99994	0.01009	0.00488	-0.01017	0.99981	0.01648	-0.00471	-0.01653	0.99985	
21	0.20000	-0.14094	2.11299	0.59586	0.17162	0.06976	-0.28382	0.44109	0.99999	-0.00495	-0.00123	0.00495	0.99998	0.00299	0.00122	-0.00300	0.99999		-8.25857	60.33586	873.82189	179.65625	2.61507	-2.60135	0.74246	0.99793	0.04566	0.04531	0.04534	-0.99894	0.00806	0.04563	-0.00599	-0.99894		501.47599	4.18031	39.84976	1.07389	-0.36997	0.56380	0.39930	0.99993	0.00972	0.00664	-0.00984	0.99978	0.01868	-0.00646	-0.01874	0.99980	
22	0.21000	-0.10756	2.14588	0.42825	0.27685	-0.01908	-0.28483	0.46554	0.99999	-0.00497	0.00031	0.00497	0.99998	0.00483	-0.00033	-0.00483	0.99999		-6.98134	61.89471	873.90754	179.55675	2.54507	-2.61112	0.74531	0.99798	0.04590	0.04401	0.04551	-0.99892	0.00975	0.04441	-0.00773	-0.99898		501.49659	4.21273	39.23755	0.95385	-0.27228	0.57472	0.40040	0.99994	0.00995	0.00492	-0.01003	0.99981	0.01660	-0.00475	-0.01665	0.99985	
23	0.22000	-0.10697	2.15363	0.40093	0.28718	-0.03031	-0.28653	0.46792	0.99999	-0.00500	0.00050	0.00500	0.99998	0.00501	-0.00053	-0.00501	0.99999		-6.83747	62.03087	873.93164	179.55777	2.53736	-2.61223	0.74743	0.99798	0.04592	0.04387	0.04553	-0.99892	0.00973	0.04427	-0.00771	-0.99899		501.50405	4.23834	39.16627	0.94938	-0.26615	0.56326	0.39909	0.99994	0.00975	0.00481	-0.00983	0.99982	0.01652	-0.00465	-0.01657	0.99985	
24	0.23000	-0.11623	2.15960	0.41350	0.28610	-0.02222	-0.28883	0.46558	0.99999	-0.00504	0.00036	0.00504	0.99997	0.00499	-0.00039	-0.00499	0.99999		-6.99339	61.98237	873.90273	179.56804	2.53541	-2.60517	0.73386	0.99799	0.04578	0.04385	0.04541	-0.99892	0.00954	0.04424	-0.00753	-0.99899		501.50563	4.25355	39.20565	0.95420	-0.28133	0.56884	0.39619	0.99994	0.00984	0.00507	-0.00993	0.99981	0.01660	-0.00491	-0.01665	0.99985	
25	0.24000	-0.14861	2.11261	0.58972	0.17997	0.07012	-0.28242	0.44284	0.99999	-0.00493	-0.00124	0.00493	0.99998	0.00313	0.00122	-0.00314	0.99999		-8.34279	60.38238	873.85713	179.66695	2.64558	-2.61068	0.74288	0.99790	0.04582	0.04584	0.04550	-0.99893	0.00791	0.04616	-0.00581	-0.99892		501.46983	4.15195	39.84651	1.05283	-0.37215	0.58262	0.39556	0.99993	0.01005	0.00668	-0.01017	0.99978	0.01831	-0.00650	-0.01837	0.99981	
26	0.25000	-0.14715	2.10978	0.58220	0.18806	0.06671	-0.28055	0.43553	0.99999	-0.00489	-0.00118	0.00490	0.99998	0.00328	0.00116	-0.00328	0.99999		-8.28531	60.49381	873.86039	179.65591	2.64160	-2.60160	0.73904	0.99791	0.04567	0.04577	0.04534	-0.99894	0.00809	0.04609	-0.00600	-0.99892		501.46638	4.15332	39.81712	1.04466	-0.36931	0.56487	0.39827	0.99993	0.00974	0.00662	-0.00986	0.99979	0.01817	-0.00645	-0.01823	0.99981	
27	0.26000	-0.14636	2.10593	0.58602	0.17781	0.06966	-0.28121	0.43913	0.99999	-0.00490	-0.00123	0.00491	0.99998	0.00310	0.00122	-0.00310	0.99999		-8.31804	60.33170	873.86012	179.67084	2.64077	-2.58882	0.74899	0.99792	0.04543	0.04577	0.04512	-0.99895	0.00782	0.04607	-0.00574	-0.99892		501.47271	4.15531	39.84628	1.05172	-0.37622	0.57025	0.39577	0.99993	0.00983	0.00675	-0.00995	0.99978	0.01829	-0.00657	-0.01835	0.99981	
28	0.27000	-0.14131	2.12117	0.56670	0.18736	0.06240	-0.28453	0.43959	0.99999	-0.00496	-0.00110	0.00497	0.99998	0.00326	0.00109	-0.00327	0.99999		-8.19046	60.49164	873.86236	179.66191	2.62121	-2.60676	0.74622	0.99792	0.04575	0.04542	0.04543	-0.99894	0.00797	0.04573	-0.00589	-0.99894		501.47117	4.19076	39.78878	1.05566	-0.37818	0.56290	0.40135	0.99993	0.00970	0.00678	-0.00982	0.99978	0.01836	-0.00660	-0.01842	0.99981	
29	0.28000	-0.14216	2.09853	0.59323	0.17563	0.07117	-0.27733	0.43714	0.99999	-0.00484	-0.00126	0.00484	0.99998	0.00306	0.00124	-0.00307	0.99999		-8.28025	60.35937	873.83630	179.67235	2.62994	-2.60278	0.75102	0.99792	0.04567	0.04558	0.04536	-0.99894	0.00780	0.04588	-0.00571	-0.99893		501.47043	4.12947	39.84832	1.06617	-0.37414	0.57433	0.39453	0.99993	0.00990	0.00671	-0.01002	0.99978	0.01854	-0.00653	-0.01861	0.99981	
30	0.29000	-0.13932	2.11246	0.58694	0.17335	0.07103	-0.28181	0.43729	0.99999	-0.00491	-0.00125	0.00492	0.99998	0.00302	0.00124	-0.00303	0.99999		-8.25518	60.32453	873.86081	179.67775	2.63677	-2.60067	0.74923	0.99791	0.04563	0.04570	0.04533	-0.99894	0.00771	0.04600	-0.00562	-0.99893		501.48467	4.17283	39.85552	1.07946	-0.38512	0.55601	0.39560	0.99993	0.00958	0.00690	-0.00970	0.99978	0.01877	-0.00672	-0.01884	0.99980	
31	0.30000	-0.13657	2.11220	0.57378	0.17814	0.06514	-0.28177	0.43974	0.99999	-0.00491	-0.00115	0.00492	0.99998	0.00310	0.00114	-0.00311	0.99999		-8.15501	60.42631	873.83965	179.66444	2.61291	-2.60579	0.74776	0.99793	0.04573	0.04527	0.04542	-0.99894	0.00792	0.04559	-0.00585	-0.99894		501.47091	4.15734	39.81793	1.05917	-0.36424	0.57476	0.39587	0.99993	0.00991	0.00654	-0.01003	0.99978	0.01842	-0.00636	-0.01848	0.99981	
32	0.31000	-0.10428	2.17902	0.38080	0.29552	-0.03259	-0.29522	0.46442	0.99999	-0.00516	0.00054	0.00515	0.99997	0.00516	-0.00057	-0.00516	0.99999		-6.72017	62.17242	873.91851	179.53810	2.51155	-2.61632	0.74808	0.99800	0.04600	0.04341	0.04560	-0.99891	0.01005	0.04382	-0.00805	-0.99901		501.51119	4.29548	39.14783	0.95584	-0.27968	0.56958	0.39777	0.99994	0.00986	0.00505	-0.00994	0.99981	0.01663	-0.00488	-0.01668	0.99985	
33	0.32000	-0.14216	2.10885	0.59117	0.17678	0.07392	-0.28069	0.43578	0.99999	-0.00489	-0.00130	0.00490	0.99998	0.00308	0.00129	-0.00309	0.99999		-8.28675	60.43207	873.81158	179.64401	2.61069	-2.59527	0.74692	0.99794	0.04556	0.04522	0.04523	-0.99894	0.00827	0.04555	-0.00621	-0.99894		501.46704	4.16055	39.87189	1.07696	-0.37765	0.55089	0.39672	0.99993	0.00949	0.00677	-0.00961	0.99978	0.01873	-0.00659	-0.01879	0.99980	
34	0.33000	-0.11393	2.16081	0.40146	0.28528	-0.02360	-0.28794	0.46377	0.99999	-0.00503	0.00039	0.00503	0.99998	0.00498	-0.00041	-0.00498	0.99999		-6.85143	62.06362	873.90973	179.53922	2.52756	-2.60407	0.74703	0.99800	0.04579	0.04369	0.04539	-0.99892	0.01004	0.04410	-0.00803	-0.99899		501.50418	4.24378	39.20260	0.94890	-0.28240	0.56222	0.39730	0.99994	0.00973	0.00509	-0.00981	0.99982	0.01651	-0.00493	-0.01656	0.99985	
35	0.34000	-0.15127	2.11991	0.58947	0.17810	0.07248	-0.28434	0.43762	0.99999	-0.00496	-0.00128	0.00496	0.99998	0.00310	0.00127	-0.00311	0.99999		-8.29561	60.46310	873.83145	179.65428	2.63314	-2.59248	0.75110	0.99792	0.04551	0.04562	0.04518	-0.99895	0.00811	0.04594	-0.00603	-0.99893		501.47516	4.18313	39.86003	1.07053	-0.37774	0.55271	0.39827	0.99993	0.00952	0.00677	-0.00965	0.99978	0.01862	-0.00659	-0.01868	0.99980	
36	0.35000	-0.13809	2.11295	0.56573	0.18184	0.06391	-0.28249	0.44097	0.99999	-0.00493	-0.00113	0.00493	0.99998	0.00317	0.00112	-0.00317	0.99999		-8.21103	60.55074	873.84725	179.64638	2.62450	-2.60979	0.74785	0.99791	0.04582	0.04546	0.04549	-0.99893	0.00825	0.04579	-0.00617	-0.99893		501.47166	4.17116	39.80545	1.05385	-0.36969	0.55495	0.39955	0.99993	0.00957	0.00663	-0.00969	0.99979	0.01833	-0.00645	-0.01839	0.99981	
37	0.36000	-0.14133	2.10979	0.59368	0.16676	0.07550	-0.28077	0.43573	0.99999	-0.00490	-0.00133	0.00490	0.99998	0.00290	0.00132	-0.00291	0.99999		-8.42019	60.31541	873.82456	179.67570	2.64016	-2.60020	0.73726	0.99791	0.04563	0.04576	0.04532	-0.99894	0.00774	0.04606	-0.00565	-0.99892		501.46936	4.16545	39.87388	1.08717	-0.38870	0.54955	0.39511	0.99993	0.00946	0.00696	-0.00959	0.99978	0.01891	-0.00678	-0.01897	0.99980	
38	0.37000	-0.10177	2.15990	0.39186	0.29141	-0.02615	-0.28871	0.46576	0.99999	-0.00504	0.00043	0.00504	0.99997	0.00509	-0.00046	-0.00509	0.99999		-6.94554	62.14920	873.92986	179.54645	2.54643	-2.61554	0.74587	0.99797	0.04598	0.04402	0.04559	-0.99891	0.00993	0.04443	-0.00791	-0.99898		501.50005	4.25339	39.18834	0.94884	-0.28153	0.56755	0.39600	0.99994	0.00982	0.00508	-0.00991	0.99981	0.01651	-0.00491	-0.01656	0.99985	
39	0.38000	-0.14047	2.11060	0.57034	0.17739	0.06395	-0.27927	0.43919	0.99999	-0.00487	-0.00113	0.00487	0.99998	0.00309	0.00112	-0.00310	0.99999		-8.27814	60.45497	873.84799	179.66632	2.63203	-2.60758	0.73812	0.99791	0.04576	0.04561	0.04545	-0.99894	0.00791	0.04592	-0.00582	-0.99893		501.47338	4.14715	39.81048	1.06508	-0.36794	0.55280	0.39359	0.99993	0.00953	0.00660	-0.00965	0.99978	0.01853	-0.00642	-0.01859	0.99981	
40	0.39000	-0.14476	2.12547	0.57855	0.17318	0.06975	-0.28717	0.43688	0.99999	-0.00501	-0.00123	0.00501	0.99998	0.00302	0.00122	-0.00302	0.99999		-8.35633	60.34025	873.83912	179.67076	2.63538	-2.60655	0.74175	0.99791	0.04574	0.04567	0.04543	-0.99894	0.00783	0.04598	-0.00574	-0.99893		501.46128	4.20217	39.85468	1.08300	-0.36206	0.55321	0.39714	0.99993	0.00953	0.00650	-0.00966	0.99978	0.01884	-0.00632	-0.01890	0.99980	
41	0.40000	-0.11051	2.17045	0.35939	0.30055	-0.03794	-0.29143	0.46358	0.99999	-0.00509	0.00064	0.00509	0.99997	0.00525	-0.00066	-0.00525	0.99999		-6.73627	62.23404	873.94637	179.54268	2.52536	-2.62499	0.74199	0.99798	0.04615	0.04365	0.04575	-0.99890	0.00999	0.04406	-0.00797	-0.99900		501.50087	4.29740	39.11897	0.96778	-0.26195	0.54565	0.39042	0.99994	0.00944	0.00473	-0.00952	0.99981	0.01685	-0.00457	-0.01689	0.99985	
42	0.41000	-0.11722	2.15129	0.38481	0.28611	-0.02775	-0.28516	0.46360	0.99999	-0.00498	0.00046	0.00498	0.99998	0.00500	-0.00048	-0.00499	0.99999		-6.84338	62.00647	873.94547	179.55125	2.54126	-2.61223	0.74568	0.99798	0.04592	0.04393	0.04553	-0.99891	0.00984	0.04434	-0.00782	-0.99899		501.50200	4.23160	39.18142	0.96036	-0.27119	0.55258	0.39422	0.99994	0.00956	0.00489	-0.00964	0.99981	0.01671	-0.00473	-0.01676	0.99985	
43	0.42000	-0.14404	2.13077	0.56943	0.18280	0.06436	-0.28745	0.43755	0.99999	-0.00501	-0.00114	0.00502	0.99998	0.00318	0.00112	-0.00319	0.99999		-8.20667	60.44775	873.82894	179.67026	2.60746	-2.61565	0.74148	0.99792	0.04590	0.04518	0.04559	-0.99893	0.00783	0.04549	-0.00575	-0.99895		501.46565	4.21595	39.80338	1.08352	-0.36337	0.54036	0.39488	0.99994	0.00931	0.00652	-0.00943	0.99978	0.01885	-0.00634	-0.01891	0.99980	
44	0.43000	-0.13957	2.10908	0.57421	0.16253	0.06884	-0.28160	0.43416	0.99999	-0.00491	-0.00121	0.00491	0.99998	0.00283	0.00120	-0.00284	0.99999		-8.24449	60.14956	873.83152	179.69615	2.59971	-2.60105	0.74395	0.99794	0.04562	0.04507	0.04533	-0.99894	0.00736	0.04536	-0.00530	-0.99896		501.46156	4.16318	39.83724	1.08424	-0.36755	0.54089	0.39682	0.99993	0.00932	0.00659	-0.00944	0.99978	0.01886	-0.00641	-0.01892	0.99980	
45	0.44000	-0.10622	2.17052	0.39779	0.28184	-0.02268	-0.29349	0.46253	0.99999	-0.00512	0.00037	0.00512	0.99997	0.00492	-0.00040	-0.00492	0.99999		-6.86208	61.88957	873.94421	179.56694	2.54070	-2.60786	0.74829	0.99798	0.04583	0.04394	0.04546	-0.99892	0.00957	0.04433	-0.00755	-0.99899		501.49818	4.29016	39.20350	0.96508	-0.28238	0.55051	0.39775	0.99994	0.00952	0.00509	-0.00961	0.99981	0.01679	-0.00493	-0.01684	0.99985	
46	0.45000	-0.13340	2.10318	0.57790	0.17281	0.06923	-0.27668	0.43733	0.99999	-0.00482	-0.00122	0.00483	0.99998	0.00301	0.00121	-0.00302	0.99999		-8.21609	60.29744	873.85464	179.67529	2.62024	-2.60266	0.75001	0.99792	0.04567	0.04541	0.04536	-0.99894	0.00774	0.04572	-0.00566	-0.99894		501.46388	4.12765	39.83792	1.07784	-0.36585	0.54935	0.39240	0.99993	0.00947	0.00656	-0.00959	0.99978	0.01875	-0.00639	-0.01881	0.99980	
47	0.46000	-0.13454	2.10512	0.56582	0.17438	0.06640	-0.27937	0.43583	0.99999	-0.00487	-0.00117	0.00488	0.99998	0.00304	0.00116	-0.00304	0.99999		-8.17977	60.32959	873.85879	179.67039	2.61439	-2.60854	0.74796	0.99792	0.04577	0.04530	0.04546	-0.99894	0.00782	0.04561	-0.00575	-0.99894		501.46007	4.15431	39.82658	1.06576	-0.35755	0.53749	0.39788	0.99994	0.00926	0.00641	-0.00938	0.99978	0.01854	-0.00624	-0.01860	0.99981	
48	0.47000	-0.13943	2.12597	0.56890	0.18195	0.06803	-0.28712	0.43572	0.99999	-0.00501	-0.00120	0.00501	0.99998	0.00317	0.00119	-0.00318	0.99999		-8.21806	60.42866	873.85668	179.65741	2.62766	-2.60957	0.74946	0.99791	0.04580	0.04552	0.04548	-0.99893	0.00806	0.04585	-0.00597	-0.99893		501.46390	4.19877	39.82721	1.06070	-0.37039	0.55420	0.39408	0.99993	0.00955	0.00664	-0.00967	0.99978	0.01845	-0.00646	-0.01851	0.99981	
49	0.48000	-0.14395	2.11829	0.58292	0.16269	0.07184	-0.28693	0.43846	0.99999	-0.00500	-0.00127	0.00501	0.99998	0.00283	0.00125	-0.00284	0.99999		-8.30067	60.15841	873.84968	179.66682	2.62173	-2.60640	0.74904	0.99792	0.04574	0.04543	0.04543	-0.99894	0.00789	0.04574	-0.00581	-0.99894		501.47137	4.20192	39.84417	1.10067	-0.38349	0.54487	0.39792	0.99993	0.00938	0.00687	-0.00951	0.99977	0.01914	-0.00669	-0.01921	0.99979	
50	0.49000	-0.14491	2.11033	0.55960	0.17684	0.06483	-0.28176	0.43732	0.99999	-0.00491	-0.00115	0.00492	0.99998	0.00308	0.00113	-0.00309	0.99999		-8.21046	60.41876	873.86514	179.66417	2.62728	-2.61625	0.75006	0.99791	0.04591	0.04552	0.04560	-0.99893	0.00795	0.04584	-0.00586	-0.99893		501.46491	4.15426	39.81386	1.05260	-0.36809	0.55746	0.39933	0.99993	0.00961	0.00660	-0.00973	0.99979	0.01831	-0.00642	-0.01837	0.99981	
51	0.50000	-0.11626	2.17199	0.39524	0.28239	-0.02140	-0.29615	0.45999	0.99999	-0.00517	0.00035	0.00517	0.99997	0.00493	-0.00037	-0.00493	0.99999		-6.97485	61.96609	873.93022	179.55019	2.54405	-2.61586	0.74771	0.99797	0.04599	0.04398	0.04559	-0.99891	0.00987	0.04439	-0.00784	-0.99898		501.49853	4.30271	39.21790	0.95278	-0.28243	0.56273	0.39445	0.99994	0.00974	0.00509	-0.00982	0.99981	0.01658	-0.00493	-0.01663	0.99985	
52	0.51000	-0.14300	2.11692	0.56419	0.17788	0.06434	-0.28465	0.43863	0.99999	-0.00496	-0.00114	0.00497	0.99998	0.00310	0.00112	-0.00310	0.99999		-8.26730	60.43761	873.86296	179.65549	2.63038	-2.60249	0.74983	0.99792	0.04568	0.04557	0.04536	-0.99894	0.00809	0.04589	-0.00601	-0.99893		501.47295	4.17622	39.80081	1.05519	-0.37696	0.55756	0.39472	0.99993	0.00961	0.00676	-0.00973	0.99978	0.01835	-0.00658	-0.01842	0.99981	
53	0.52000	-0.14187	2.10446	0.56101	0.17442	0.06537	-0.27768	0.43602	0.99999	-0.00484	-0.00116	0.00485	0.99998	0.00304	0.00114	-0.00304	0.99999		-8.29238	60.43611	873.84996	179.66978	2.63123	-2.60870	0.73860	0.99791	0.04578	0.04560	0.04547	-0.99894	0.00785	0.04591	-0.00576	-0.99893		501.46821	4.14754	39.82085	1.07579	-0.35829	0.53971	0.39556	0.99994	0.00930	0.00643	-0.00942	0.99978	0.01872	-0.00625	-0.01877	0.99980	
54	0.53000	-0.13785	2.11472	0.55139	0.17635	0.06148	-0.28491	0.43695	0.99999	-0.00497	-0.00109	0.00497	0.99998	0.00307	0.00107	-0.00308	0.99999		-8.23599	60.42956	873.87022	179.65541	2.63299	-2.60383	0.74873	0.99791	0.04571	0.04562	0.04538	-0.99894	0.00809	0.04594	-0.00601	-0.99893		501.47043	4.18836	39.78860	1.07024	-0.36878	0.55711	0.39665	0.99993	0.00960	0.00662	-0.00972	0.99978	0.01861	-0.00644	-0.01868	0.99980	
55	0.54000	-0.14411	2.12519	0.57954	0.17188	0.07258	-0.28838	0.43567	0.99999	-0.00503	-0.00128	0.00503	0.99998	0.00299	0.00127	-0.00300	0.99999		-8.38905	60.35433	873.84648	179.66196	2.64177	-2.61110	0.74401	0.99790	0.04583	0.04577	0.04551	-0.99893	0.00799	0.04609	-0.00589	-0.99892		501.46752	4.20374	39.87100	1.06423	-0.37377	0.56355	0.39895	0.99993	0.00971	0.00670	-0.00984	0.99978	0.01851	-0.00652	-0.01857	0.99981	
56	0.55000	-0.11274	2.15552	0.37662	0.28877	-0.02926	-0.28793	0.46173	0.99999	-0.00503	0.00049	0.00503	0.99997	0.00504	-0.00051	-0.00504	0.99999		-6.84605	62.11535	873.93561	179.54245	2.53529	-2.60584	0.74855	0.99799	0.04582	0.04382	0.04542	-0.99892	0.00999	0.04423	-0.00798	-0.99899		501.49780	4.24835	39.17559	0.94800	-0.26626	0.56491	0.39985	0.99994	0.00978	0.00481	-0.00986	0.99982	0.01650	-0.00465	-0.01654	0.99985	
57	0.56000	-0.14559	2.11557	0.56370	0.17770	0.06643	-0.28500	0.43428	0.99999	-0.00497	-0.00117	0.00497	0.99998	0.00309	0.00116	-0.00310	0.99999		-8.22977	60.44708	873.85589	179.65359	2.62850	-2.61233	0.74972	0.99791	0.04585	0.04554	0.04553	-0.99893	0.00813	0.04586	-0.00604	-0.99893		501.46756	4.17245	39.82723	1.05328	-0.36338	0.57790	0.39568	0.99993	0.00997	0.00653	-0.01009	0.99978	0.01832	-0.00634	-0.01838	0.99981	
58	0.57000	-0.14403	2.10718	0.56394	0.16374	0.06599	-0.28243	0.43764	0.99999	-0.00493	-0.00117	0.00493	0.99998	0.00285	0.00115	-0.00286	0.99999		-8.20276	60.24972	873.85445	179.67935	2.61354	-2.61097	0.74062	0.99792	0.04581	0.04530	0.04551	-0.99893	0.00767	0.04560	-0.00559	-0.99894		501.46698	4.16672	39.82539	1.07341	-0.36618	0.55149	0.38957	0.99993	0.00950	0.00657	-0.00962	0.99978	0.01867	-0.00639	-0.01873	0.99980	
59	0.58000	-0.14716	2.11119	0.57346	0.17331	0.06768	-0.28350	0.44012	0.99999	-0.00494	-0.00120	0.00495	0.99998	0.00302	0.00118	-0.00302	0.99999		-8.20537	60.35986	873.82998	179.66104	2.60845	-2.60686	0.75184	0.99793	0.04575	0.04519	0.04544	-0.99894	0.00798	0.04551	-0.00591	-0.99895		501.46456	4.16697	39.82705	1.05645	-0.36500	0.56449	0.39318	0.99993	0.00973	0.00655	-0.00985	0.99978	0.01837	-0.00637	-0.01844	0.99981	
60	0.59000	-0.14970	2.11050	0.55747	0.17981	0.06521	-0.28107	0.43788	0.99999	-0.00490	-0.00115	0.00491	0.99998	0.00313	0.00114	-0.00314	0.99999		-8.16014	60.44368	873.85817	179.65231	2.60914	-2.60806	0.74355	0.99793	0.04578	0.04520	0.04546	-0.99893	0.00813	0.04552	-0.00606	-0.99894		501.47531	4.15198	39.82504	1.06220	-0.36587	0.56343	0.39341	0.99993	0.00971	0.00657	-0.00983	0.99978	0.01847	-0.00639	-0.01854	0.99981	
61	0.60000	-0.14228	2.10623	0.56566	0.18478	0.06773	-0.27922	0.43924	0.99999	-0.00487	-0.00120	0.00487	0.99998	0.00322	0.00118	-0.00323	0.99999		-8.21419	60.52294	873.83109	179.66121	2.60994	-2.61176	0.74318	0.99793	0.04584	0.04522	0.04552	-0.99893	0.00798	0.04554	-0.00591	-0.99895		501.47401	4.15638	39.83787	1.06702	-0.37158	0.54707	0.39691	0.99993	0.00943	0.00666	-0.00955	0.99978	0.01856	-0.00649	-0.01862	0.99981	
62	0.61000	-0.14019	2.11319	0.57011	0.17154	0.06748	-0.28376	0.43824	0.99999	-0.00495	-0.00119	0.00495	0.99998	0.00299	0.00118	-0.00299	0.99999		-8.22724	60.28789	873.85454	179.67477	2.61685	-2.61796	0.74764	0.99791	0.04593	0.04535	0.04563	-0.99893	0.00776	0.04566	-0.00567	-0.99894		501.47100	4.16490	39.82774	1.06350	-0.37820	0.56711	0.40043	0.99993	0.00977	0.00678	-0.00990	0.99978	0.01849	-0.00660	-0.01856	0.99981	
63	0.62000	-0.13969	2.11163	0.57123	0.17360	0.07037	-0.28405	0.43742	0.99999	-0.00495	-0.00124	0.00496	0.99998	0.00302	0.00123	-0.00303	0.99999		-8.28922	60.30276	873.86433	179.67085	2.63061	-2.60744	0.75043	0.99791	0.04576	0.04559	0.04544	-0.99894	0.00783	0.04590	-0.00574	-0.99893		501.46903	4.17780	39.85102	1.06933	-0.37364	0.55787	0.39642	0.99993	0.00961	0.00670	-0.00974	0.99978	0.01860	-0.00652	-0.01866	0.99980	
64	0.63000	-0.14851	2.11928	0.59058	0.16294	0.07745	-0.28683	0.43546	0.99999	-0.00500	-0.00137	0.00501	0.99998	0.00284	0.00135	-0.00284	0.99999		-8.41709	60.14390	873.84831	179.68796	2.63800	-2.60972	0.74518	0.99790	0.04578	0.04573	0.04548	-0.99894	0.00754	0.04603	-0.00544	-0.99893		501.46888	4.19834	39.89313	1.08983	-0.38460	0.54675	0.39799	0.99993	0.00941	0.00689	-0.00954	0.99977	0.01896	-0.00671	-0.01902	0.99980	
65	0.64000	-0.14969	2.11377	0.55926	0.17429	0.06402	-0.28451	0.43657	0.99999	-0.00496	-0.00113	0.00497	0.99998	0.00304	0.00112	-0.00304	0.99999		-8.22188	60.31814	873.88067	179.66823	2.63081	-2.62171	0.75172	0.99790	0.04601	0.04559	0.04569	-0.99892	0.00788	0.04590	-0.00578	-0.99893		501.47371	4.16968	39.80461	1.05248	-0.37035	0.56254	0.39774	0.99993	0.00970	0.00664	-0.00982	0.99978	0.01830	-0.00646	-0.01837	0.99981	
66	0.65000	-0.12077	2.15977	0.38200	0.28474	-0.02624	-0.29092	0.46176	0.99999	-0.00508	0.00043	0.00508	0.99997	0.00497	-0.00046	-0.00497	0.99999		-6.90350	61.96600	873.93932	179.56133	2.53756	-2.62115	0.74937	0.99797	0.04607	0.04388	0.04569	-0.99891	0.00967	0.04427	-0.00765	-0.99899		501.50274	4.27231	39.18734	0.97866	-0.27684	0.55272	0.39903	0.99994	0.00956	0.00500	-0.00965	0.99981	0.01703	-0.00483	-0.01708	0.99984	
67	0.66000	-0.15013	2.11979	0.55620	0.16888	0.06465	-0.28846	0.43861	0.99999	-0.00503	-0.00114	0.00503	0.99998	0.00294	0.00113	-0.00295	0.99999		-8.25308	60.24146	873.88254	179.67256	2.63399	-2.61303	0.74462	0.99790	0.04585	0.04565	0.04554	-0.99893	0.00780	0.04596	-0.00571	-0.99893		501.47415	4.21605	39.80670	1.08677	-0.37736	0.54999	0.39793	0.99993	0.00947	0.00677	-0.00960	0.99978	0.01890	-0.00659	-0.01897	0.99980	
68	0.67000	-0.14486	2.10285	0.55909	0.17133	0.06550	-0.28003	0.43722	0.99999	-0.00488	-0.00116	0.00489	0.99998	0.00298	0.00114	-0.00299	0.99999		-8.26532	60.32149	873.87805	179.67236	2.63413	-2.61385	0.74360	0.99790	0.04587	0.04565	0.04556	-0.99893	0.00781	0.04596	-0.00571	-0.99893		501.46649	4.17282	39.81761	1.09691	-0.37118	0.52579	0.39874	0.99994	0.00905	0.00665	-0.00918	0.99978	0.01908	-0.00648	-0.01914	0.99980	
69	0.68000	-0.14320	2.10783	0.56766	0.16903	0.06917	-0.28321	0.43354	0.99999	-0.00494	-0.00122	0.00494	0.99998	0.00294	0.00121	-0.00295	0.99999		-8.31320	60.28232	873.87231	179.66429	2.63950	-2.60433	0.74731	0.99791	0.04571	0.04574	0.04539	-0.99894	0.00795	0.04605	-0.00585	-0.99892		501.46798	4.17832	39.83665	1.08806	-0.37919	0.54293	0.39766	0.99993	0.00935	0.00680	-0.00948	0.99978	0.01893	-0.00662	-0.01899	0.99980	
70	0.69000	-0.14304	2.10991	0.56136	0.17631	0.06784	-0.28081	0.43721	0.99999	-0.00490	-0.00120	0.00490	0.99998	0.00307	0.00118	-0.00308	0.99999		-8.27121	60.41699	873.86684	179.66022	2.63826	-2.60511	0.74989	0.99791	0.04572	0.04571	0.04540	-0.99894	0.00802	0.04603	-0.00592	-0.99892		501.46779	4.16842	39.82714	1.08808	-0.37745	0.54522	0.39707	0.99993	0.00939	0.00677	-0.00952	0.99978	0.01893	-0.00659	-0.01899	0.99980	
71	0.70000	-0.14172	2.09906	0.57894	0.16865	0.07321	-0.27780	0.43337	0.99999	-0.00484	-0.00129	0.00485	0.99998	0.00294	0.00128	-0.00294	0.99999		-8.33838	60.32562	873.84415	179.66444	2.63104	-2.60973	0.74734	0.99791	0.04580	0.04559	0.04548	-0.99893	0.00794	0.04590	-0.00585	-0.99893		501.45959	4.13558	39.85939	1.08802	-0.37401	0.54726	0.39528	0.99993	0.00943	0.00671	-0.00955	0.99978	0.01893	-0.00653	-0.01899	0.99980	
72	0.71000	-0.14501	2.11268	0.57145	0.15879	0.07134	-0.28402	0.43659	0.99999	-0.00495	-0.00126	0.00496	0.99998	0.00276	0.00125	-0.00277	0.99999		-8.29309	60.19089	873.84715	179.68314	2.61978	-2.61248	0.74729	0.99792	0.04583	0.04541	0.04553	-0.99893	0.00761	0.04571	-0.00552	-0.99894		501.46392	4.17664	39.85123	1.08454	-0.37154	0.54759	0.39349	0.99993	0.00943	0.00666	-0.00956	0.99978	0.01886	-0.00648	-0.01893	0.99980	
73	0.72000	-0.11856	2.16983	0.37448	0.28636	-0.02552	-0.29333	0.46016	0.99999	-0.00512	0.00042	0.00512	0.99997	0.00500	-0.00045	-0.00500	0.99999		-6.84159	62.07545	873.92137	179.54318	2.52290	-2.62067	0.74919	0.99799	0.04607	0.04361	0.04568	-0.99891	0.00998	0.04402	-0.00797	-0.99900		501.49792	4.25782	39.19457	0.93660	-0.27602	0.57710	0.39529	0.99994	0.00999	0.00498	-0.01007	0.99982	0.01630	-0.00482	-0.01635	0.99985	
74	0.73000	-0.14653	2.10759	0.56633	0.17307	0.06976	-0.28001	0.43524	0.99999	-0.00488	-0.00123	0.00489	0.99998	0.00301	0.00122	-0.00302	0.99999		-8.23608	60.40682	873.84409	179.65605	2.62107	-2.61182	0.75421	0.99792	0.04584	0.04541	0.04552	-0.99893	0.00808	0.04573	-0.00600	-0.99894		501.46577	4.16592	39.82767	1.08463	-0.38020	0.53090	0.39756	0.99994	0.00914	0.00681	-0.00927	0.99978	0.01887	-0.00664	-0.01893	0.99980	
75	0.74000	-0.14757	2.11278	0.57400	0.16386	0.07387	-0.28344	0.43472	0.99999	-0.00494	-0.00130	0.00495	0.99998	0.00285	0.00129	-0.00286	0.99999		-8.31128	60.23477	873.85113	179.65932	2.62786	-2.60371	0.75149	0.99792	0.04570	0.04553	0.04538	-0.99894	0.00802	0.04585	-0.00594	-0.99893		501.45542	4.17263	39.87137	1.08930	-0.37425	0.54595	0.40214	0.99993	0.00940	0.00671	-0.00953	0.99978	0.01895	-0.00653	-0.01901	0.99980	
76	0.75000	-0.14813	2.11736	0.54678	0.17881	0.06219	-0.28512	0.43783	0.99999	-0.00497	-0.00110	0.00498	0.99998	0.00311	0.00109	-0.00312	0.99999		-8.15205	60.47093	873.85893	179.65479	2.61246	-2.61949	0.74671	0.99792	0.04598	0.04526	0.04566	-0.99892	0.00810	0.04558	-0.00602	-0.99894		501.46344	4.18237	39.79245	1.06407	-0.36767	0.54962	0.39567	0.99993	0.00947	0.00659	-0.00959	0.99978	0.01851	-0.00642	-0.01857	0.99981	
77	0.76000	-0.14627	2.12132	0.56089	0.16332	0.06766	-0.28959	0.43555	0.99999	-0.00505	-0.00119	0.00505	0.99998	0.00284	0.00118	-0.00285	0.99999		-8.25397	60.20890	873.86783	179.67577	2.62952	-2.61653	0.74729	0.99791	0.04591	0.04557	0.04560	-0.99893	0.00775	0.04588	-0.00565	-0.99893		501.46436	4.21538	39.82681	1.08201	-0.37192	0.55217	0.39713	0.99993	0.00951	0.00667	-0.00964	0.99978	0.01882	-0.00649	-0.01888	0.99980	
78	0.77000	-0.14646	2.13370	0.56036	0.17997	0.06807	-0.29156	0.43615	0.99999	-0.00508	-0.00120	0.00509	0.99998	0.00313	0.00119	-0.00314	0.99999		-8.29005	60.43072	873.85892	179.65860	2.63382	-2.62401	0.74737	0.99790	0.04605	0.04563	0.04573	-0.99892	0.00806	0.04595	-0.00595	-0.99893		501.46387	4.22054	39.82022	1.05892	-0.37439	0.55977	0.39764	0.99993	0.00965	0.00671	-0.00977	0.99978	0.01842	-0.00653	-0.01848	0.99981	
79	0.78000	-0.14665	2.11116	0.56953	0.16596	0.07103	-0.28477	0.43986	0.99999	-0.00497	-0.00125	0.00497	0.99998	0.00289	0.00124	-0.00290	0.99999		-8.35602	60.24018	873.84592	179.68275	2.62650	-2.61576	0.74114	0.99791	0.04589	0.04552	0.04559	-0.99893	0.00762	0.04583	-0.00553	-0.99893		501.45861	4.17456	39.84274	1.07441	-0.37428	0.54511	0.39945	0.99993	0.00939	0.00671	-0.00951	0.99978	0.01869	-0.00653	-0.01875	0.99980	
80	0.79000	-0.11637	2.16886	0.37819	0.27748	-0.02603	-0.29541	0.46126	0.99999	-0.00516	0.00043	0.00516	0.99998	0.00484	-0.00045	-0.00484	0.99999		-6.92267	61.86035	873.95259	179.56458	2.54313	-2.62633	0.74373	0.99797	0.04616	0.04398	0.04578	-0.99891	0.00962	0.04437	-0.00759	-0.99899		501.49762	4.31495	39.17766	0.99261	-0.29171	0.53327	0.39769	0.99994	0.00922	0.00525	-0.00931	0.99981	0.01728	-0.00509	-0.01732	0.99984	
81	0.80000	-0.15471	2.11116	0.55834	0.16852	0.06854	-0.28442	0.43859	0.99999	-0.00496	-0.00121	0.00496	0.99998	0.00293	0.00120	-0.00294	0.99999		-8.31205	60.25613	873.86130	179.68634	2.62719	-2.61592	0.74163	0.99791	0.04589	0.04554	0.04559	-0.99893	0.00756	0.04584	-0.00547	-0.99893		501.45532	4.16666	39.83901	1.07344	-0.35717	0.55501	0.39518	0.99993	0.00957	0.00641	-0.00969	0.99978	0.01867	-0.00623	-0.01873	0.99981	
82	0.81000	-0.15229	2.11189	0.55798	0.16764	0.06752	-0.28446	0.43533	0.99999	-0.00496	-0.00119	0.00496	0.99998	0.00292	0.00118	-0.00293	0.99999		-8.28629	60.21474	873.87837	179.68248	2.63449	-2.60648	0.74782	0.99791	0.04573	0.04566	0.04543	-0.99894	0.00763	0.04596	-0.00554	-0.99893		501.45498	4.17408	39.82245	1.08418	-0.36635	0.54756	0.39978	0.99993	0.00943	0.00657	-0.00956	0.99978	0.01886	-0.00639	-0.01892	0.99980	
83	0.82000	-0.15099	2.10656	0.56262	0.17099	0.07008	-0.28131	0.43287	0.99999	-0.00491	-0.00124	0.00491	0.99998	0.00298	0.00122	-0.00298	0.99999		-8.31241	60.27913	873.87301	179.67834	2.63406	-2.60658	0.74572	0.99791	0.04573	0.04565	0.04543	-0.99894	0.00770	0.04596	-0.00561	-0.99893		501.45566	4.16090	39.83401	1.07965	-0.37298	0.53334	0.39940	0.99994	0.00918	0.00668	-0.00931	0.99978	0.01878	-0.00651	-0.01884	0.99980	
84	0.83000	-0.14614	2.10651	0.56266	0.16633	0.06989	-0.28262	0.43641	0.99999	-0.00493	-0.00123	0.00493	0.99998	0.00290	0.00122	-0.00290	0.99999		-8.29019	60.22105	873.88126	179.67818	2.63755	-2.61395	0.75050	0.99790	0.04586	0.04571	0.04556	-0.99893	0.00771	0.04602	-0.00561	-0.99892		501.45026	4.15515	39.84612	1.08306	-0.36336	0.56045	0.39496	0.99993	0.00966	0.00653	-0.00978	0.99977	0.01884	-0.00634	-0.01890	0.99980	
85	0.84000	-0.13936	2.12187	0.55464	0.17130	0.06463	-0.28655	0.43818	0.99999	-0.00500	-0.00114	0.00500	0.99998	0.00298	0.00113	-0.00299	0.99999		-8.20919	60.28517	873.86720	179.66669	2.61752	-2.61939	0.74498	0.99791	0.04597	0.04535	0.04565	-0.99893	0.00790	0.04567	-0.00581	-0.99894		501.46346	4.19862	39.79451	1.07537	-0.37101	0.54026	0.39285	0.99993	0.00931	0.00665	-0.00943	0.99978	0.01871	-0.00648	-0.01877	0.99980	
86	0.85000	-0.14482	2.11593	0.58023	0.15945	0.07659	-0.28660	0.43482	0.99999	-0.00500	-0.00135	0.00500	0.99998	0.00278	0.00134	-0.00278	0.99999		-8.37737	60.11916	873.84804	179.68225	2.62646	-2.61457	0.74598	0.99791	0.04587	0.04552	0.04557	-0.99893	0.00763	0.04582	-0.00554	-0.99893		501.45867	4.18349	39.87579	1.07796	-0.37686	0.54973	0.39732	0.99993	0.00947	0.00676	-0.00959	0.99978	0.01875	-0.00658	-0.01881	0.99980	
87	0.86000	-0.13770	2.10074	0.56113	0.16545	0.07112	-0.27916	0.43380	0.99999	-0.00487	-0.00125	0.00487	0.99998	0.00288	0.00124	-0.00289	0.99999		-8.28981	60.26811	873.84872	179.68295	2.61366	-2.61087	0.74350	0.99792	0.04580	0.04530	0.04551	-0.99894	0.00761	0.04560	-0.00553	-0.99894		501.46164	4.15818	39.84104	1.09491	-0.38479	0.52884	0.39965	0.99993	0.00910	0.00689	-0.00923	0.99978	0.01905	-0.00672	-0.01911	0.99979	
88	0.87000	-0.14175	2.09482	0.56942	0.16807	0.07311	-0.27465	0.43441	0.99999	-0.00479	-0.00129	0.00479	0.99998	0.00293	0.00128	-0.00293	0.99999		-8.29191	60.31188	873.85352	179.67143	2.63146	-2.60111	0.75211	0.99792	0.04564	0.04560	0.04533	-0.99894	0.00781	0.04591	-0.00573	-0.99893		501.45690	4.13554	39.85511	1.10528	-0.38454	0.51109	0.39796	0.99994	0.00879	0.00688	-0.00892	0.99978	0.01923	-0.00671	-0.01929	0.99979	
89	0.88000	-0.14858	2.12075	0.57634	0.16951	0.07525	-0.28550	0.43435	0.99999	-0.00498	-0.00133	0.00498	0.99998	0.00295	0.00131	-0.00296	0.99999		-8.33772	60.31006	873.84203	179.66673	2.63263	-2.60830	0.74878	0.99791	0.04577	0.04562	0.04546	-0.99893	0.00790	0.04593	-0.00581	-0.99893		501.45797	4.19266	39.87538	1.09587	-0.37520	0.54742	0.39652	0.99993	0.00943	0.00673	-0.00955	0.99977	0.01906	-0.00655	-0.01912	0.99980	
90	0.89000	-0.14968	2.09931	0.56322	0.16029	0.07011	-0.28036	0.43519	0.99999	-0.00489	-0.00124	0.00489	0.99998	0.00279	0.00122	-0.00280	0.99999		-8.27905	60.21086	873.84653	179.68004	2.61778	-2.60396	0.74071	0.99792	0.04569	0.04537	0.04538	-0.99894	0.00765	0.04567	-0.00558	-0.99894		501.46633	4.14305	39.83627	1.06810	-0.37931	0.55017	0.39726	0.99993	0.00948	0.00680	-0.00960	0.99978	0.01858	-0.00662	-0.01864	0.99980	
91	0.90000	-0.14555	2.10931	0.56711	0.17544	0.07076	-0.27971	0.43557	0.99999	-0.00488	-0.00125	0.00488	0.99998	0.00306	0.00123	-0.00306	0.99999		-8.31035	60.45913	873.82917	179.67029	2.62886	-2.61442	0.74218	0.99791	0.04588	0.04556	0.04557	-0.99893	0.00784	0.04587	-0.00575	-0.99893		501.45690	4.15542	39.83664	1.07056	-0.37317	0.54117	0.39496	0.99993	0.00932	0.00669	-0.00944	0.99978	0.01862	-0.00651	-0.01868	0.99980	
92	0.91000	-0.14747	2.11127	0.57840	0.16351	0.07710	-0.28343	0.43536	0.99999	-0.00494	-0.00136	0.00495	0.99998	0.00285	0.00135	-0.00285	0.99999		-8.42780	60.24965	873.84175	179.67027	2.63727	-2.61109	0.74785	0.99790	0.04582	0.04570	0.04551	-0.99893	0.00785	0.04601	-0.00575	-0.99892		501.45390	4.15924	39.88994	1.07444	-0.37153	0.55553	0.39902	0.99993	0.00957	0.00666	-0.00970	0.99978	0.01869	-0.00648	-0.01875	0.99980	
93	0.92000	-0.14150	2.11428	0.55258	0.17613	0.06531	-0.28060	0.43623	0.99999	-0.00489	-0.00115	0.00490	0.99998	0.00307	0.00114	-0.00307	0.99999		-8.27382	60.43845	873.86340	179.66255	2.63273	-2.60562	0.74116	0.99791	0.04573	0.04562	0.04541	-0.99894	0.00797	0.04593	-0.00588	-0.99893		501.46679	4.16284	39.81036	1.07372	-0.36835	0.52998	0.39755	0.99994	0.00913	0.00660	-0.00925	0.99978	0.01868	-0.00643	-0.01874	0.99980	
94	0.93000	-0.14399	2.12136	0.55753	0.17770	0.06676	-0.28361	0.43706	0.99999	-0.00495	-0.00118	0.00495	0.99998	0.00309	0.00117	-0.00310	0.99999		-8.29784	60.44400	873.86110	179.65424	2.63856	-2.61039	0.74746	0.99790	0.04582	0.04571	0.04550	-0.99893	0.00813	0.04604	-0.00603	-0.99892		501.46459	4.17989	39.81585	1.08879	-0.37093	0.54051	0.39428	0.99993	0.00931	0.00665	-0.00943	0.99978	0.01894	-0.00647	-0.01900	0.99980	
