1	0.00000	0.04591	2.01642	0.52439	-0.05633	-0.14329	-0.23979	0.52716	0.99999	-0.00418	0.00251	0.00419	0.99999	-0.00097	-0.00250	0.00098	1.00000		-5.08138	56.58901	874.42823	179.87424	2.45464	-2.27605	0.60290	0.99829	0.03981	0.04271	0.03968	-0.99920	0.00389	0.04283	-0.00219	-0.99908		501.73429	3.89074	37.94562	1.27988	-0.41635	0.33406	0.37523	0.99996	0.00567	0.00739	-0.00583	0.99973	0.02229	-0.00727	-0.02234	0.99972	
2	0.01000	0.03235	2.00597	0.54666	-0.05961	-0.13322	-0.23443	0.52699	0.99999	-0.00409	0.00233	0.00409	0.99999	-0.00103	-0.00233	0.00104	1.00000		-5.27370	56.57894	874.36105	179.90231	2.44297	-2.26143	0.58645	0.99831	0.03953	0.04252	0.03942	-0.99922	0.00339	0.04263	-0.00170	-0.99909		501.74189	3.83131	37.99994	1.26263	-0.43555	0.35159	0.36940	0.99995	0.00597	0.00773	-0.00614	0.99974	0.02199	-0.00760	-0.02203	0.99973	
3	0.02000	0.02916	2.02335	0.55158	-0.05566	-0.13253	-0.24309	0.52740	0.99999	-0.00424	0.00232	0.00424	0.99999	-0.00096	-0.00231	0.00097	1.00000		-5.33995	56.64958	874.33923	179.90347	2.43030	-2.28450	0.58821	0.99831	0.03993	0.04230	0.03983	-0.99920	0.00337	0.04240	-0.00168	-0.99910		501.71943	3.88149	38.03025	1.26801	-0.40360	0.37917	0.37120	0.99995	0.00646	0.00719	-0.00662	0.99973	0.02208	-0.00704	-0.02213	0.99973	
4	0.03000	-0.01438	2.15451	0.69525	0.06246	-0.03368	-0.28401	0.56266	0.99999	-0.00496	0.00058	0.00496	0.99999	0.00109	-0.00059	-0.00109	1.00000		-6.74430	58.48200	874.05518	179.83376	2.56891	-2.52561	0.69739	0.99802	0.04420	0.04465	0.04402	-0.99902	0.00487	0.04482	-0.00290	-0.99899		501.65055	4.30091	38.85189	1.21229	-0.23973	0.38779	0.37160	0.99997	0.00668	0.00433	-0.00677	0.99975	0.02113	-0.00418	-0.02116	0.99977	
5	0.04000	-0.01474	2.15152	0.70328	0.06559	-0.03078	-0.27852	0.56474	0.99999	-0.00486	0.00053	0.00486	0.99999	0.00115	-0.00054	-0.00114	1.00000		-6.79379	58.57538	874.04525	179.83078	2.57118	-2.53141	0.69579	0.99802	0.04430	0.04469	0.04412	-0.99901	0.00493	0.04486	-0.00295	-0.99899		501.66314	4.28288	38.85297	1.21991	-0.26351	0.35660	0.37582	0.99997	0.00612	0.00473	-0.00622	0.99975	0.02126	-0.00460	-0.02129	0.99976	
6	0.05000	0.23235	2.72911	0.02707	0.77170	-0.96871	-0.48718	0.64976	0.99982	-0.00873	0.01679	0.00850	0.99987	0.01361	-0.01691	-0.01347	0.99977		6.67569	68.75006	874.07527	179.14494	1.58223	-2.61326	0.63325	0.99858	0.04600	0.02690	0.04558	-0.99883	0.01617	0.02761	-0.01492	-0.99951		501.94838	5.86580	31.80250	0.25338	0.74157	0.79481	0.37650	0.99982	0.01393	-0.01288	-0.01387	0.99989	0.00460	0.01294	-0.00442	0.99991	
7	0.06000	-0.09091	2.21860	0.59882	0.27218	-0.02621	-0.30043	0.49003	0.99999	-0.00525	0.00043	0.00524	0.99998	0.00475	-0.00046	-0.00475	0.99999		-6.90236	61.72610	873.75199	179.56143	2.51979	-2.57508	0.73703	0.99802	0.04526	0.04357	0.04489	-0.99895	0.00962	0.04396	-0.00765	-0.99900		501.63166	4.41803	39.14111	0.91055	-0.33983	0.55411	0.46128	0.99994	0.00958	0.00608	-0.00967	0.99983	0.01583	-0.00593	-0.01589	0.99986	
8	0.07000	-0.08615	2.20920	0.58251	0.27484	-0.01451	-0.29480	0.48438	0.99999	-0.00515	0.00023	0.00515	0.99998	0.00480	-0.00025	-0.00480	0.99999		-7.05974	61.81945	873.75798	179.55484	2.52141	-2.58269	0.73957	0.99802	0.04540	0.04360	0.04502	-0.99894	0.00974	0.04399	-0.00776	-0.99900		501.57219	4.43382	39.22285	0.93877	-0.27004	0.46738	0.40266	0.99996	0.00808	0.00485	-0.00816	0.99983	0.01634	-0.00471	-0.01638	0.99985	
9	0.08000	-0.08587	2.22855	0.53166	0.30139	-0.02389	-0.29909	0.48106	0.99999	-0.00522	0.00039	0.00522	0.99997	0.00526	-0.00042	-0.00526	0.99999		-6.88231	62.21418	873.78300	179.52213	2.51777	-2.57487	0.74392	0.99803	0.04529	0.04351	0.04488	-0.99894	0.01031	0.04393	-0.00833	-0.99900		501.56988	4.49182	39.17808	0.94034	-0.25505	0.44704	0.40154	0.99996	0.00773	0.00458	-0.00780	0.99984	0.01638	-0.00445	-0.01641	0.99986	
10	0.09000	-0.09150	2.22121	0.51356	0.29058	-0.02278	-0.29830	0.47947	0.99999	-0.00521	0.00037	0.00521	0.99997	0.00507	-0.00040	-0.00507	0.99999		-6.86370	62.07665	873.79468	179.53511	2.50183	-2.58606	0.74488	0.99803	0.04547	0.04324	0.04508	-0.99893	0.01008	0.04365	-0.00811	-0.99901		501.56983	4.49653	39.19501	0.95594	-0.25411	0.42985	0.39719	0.99996	0.00743	0.00456	-0.00750	0.99983	0.01665	-0.00444	-0.01668	0.99985	
11	0.10000	-0.09954	2.22069	0.53256	0.27661	-0.01031	-0.29948	0.47467	0.99999	-0.00523	0.00016	0.00523	0.99997	0.00483	-0.00018	-0.00483	0.99999		-7.01049	61.86189	873.79438	179.54984	2.51800	-2.57461	0.74878	0.99803	0.04526	0.04353	0.04488	-0.99894	0.00982	0.04393	-0.00785	-0.99900		501.55714	4.49391	39.27632	0.97493	-0.26394	0.43716	0.40192	0.99996	0.00755	0.00474	-0.00763	0.99983	0.01698	-0.00461	-0.01701	0.99984	
12	0.11000	-0.09822	2.21151	0.50584	0.28550	-0.01636	-0.29507	0.47814	0.99999	-0.00515	0.00026	0.00515	0.99997	0.00498	-0.00029	-0.00498	0.99999		-6.90890	62.00256	873.81472	179.54085	2.51116	-2.57254	0.75269	0.99803	0.04523	0.04341	0.04484	-0.99894	0.00997	0.04381	-0.00801	-0.99901		501.56150	4.45052	39.24555	0.94854	-0.26487	0.45172	0.39710	0.99996	0.00781	0.00475	-0.00788	0.99983	0.01652	-0.00462	-0.01655	0.99985	
13	0.12000	-0.09768	2.21401	0.50398	0.28727	-0.01427	-0.29498	0.47520	0.99999	-0.00515	0.00022	0.00515	0.99997	0.00501	-0.00025	-0.00501	0.99999		-6.95299	62.01859	873.80935	179.54124	2.51370	-2.58230	0.74320	0.99802	0.04540	0.04345	0.04501	-0.99894	0.00997	0.04386	-0.00800	-0.99901		501.56026	4.46489	39.25655	0.95200	-0.26511	0.42788	0.39866	0.99996	0.00739	0.00475	-0.00747	0.99983	0.01658	-0.00463	-0.01661	0.99985	
14	0.13000	-0.09591	2.22352	0.50058	0.28253	-0.01215	-0.29867	0.47158	0.99999	-0.00521	0.00019	0.00521	0.99997	0.00493	-0.00021	-0.00493	0.99999		-7.02358	61.90998	873.82526	179.55293	2.52083	-2.58767	0.74332	0.99801	0.04549	0.04358	0.04510	-0.99893	0.00978	0.04398	-0.00780	-0.99900		501.55706	4.45668	39.26954	0.93593	-0.26851	0.45673	0.40001	0.99996	0.00789	0.00482	-0.00797	0.99984	0.01630	-0.00469	-0.01633	0.99986	
15	0.14000	-0.09367	2.22534	0.48017	0.28556	-0.01897	-0.29946	0.47287	0.99999	-0.00523	0.00031	0.00523	0.99997	0.00498	-0.00033	-0.00498	0.99999		-6.95877	61.93649	873.85179	179.54979	2.52008	-2.59592	0.74964	0.99801	0.04564	0.04357	0.04525	-0.99893	0.00984	0.04397	-0.00785	-0.99900		501.56375	4.48207	39.22628	0.95632	-0.27166	0.43911	0.39860	0.99996	0.00758	0.00487	-0.00766	0.99983	0.01665	-0.00474	-0.01669	0.99985	
16	0.15000	-0.09247	2.22646	0.47133	0.29019	-0.02072	-0.29907	0.47038	0.99999	-0.00522	0.00034	0.00522	0.99997	0.00507	-0.00036	-0.00506	0.99999		-6.96700	61.96938	873.86483	179.55475	2.53035	-2.58507	0.75432	0.99801	0.04544	0.04375	0.04506	-0.99894	0.00975	0.04415	-0.00776	-0.99899		501.56023	4.48979	39.23113	0.95735	-0.25675	0.43213	0.39902	0.99996	0.00747	0.00461	-0.00754	0.99983	0.01667	-0.00448	-0.01671	0.99985	
17	0.16000	-0.09917	2.22587	0.46524	0.29460	-0.01974	-0.29831	0.47140	0.99999	-0.00521	0.00032	0.00521	0.99997	0.00514	-0.00034	-0.00514	0.99999		-6.99981	62.01371	873.86817	179.55345	2.53395	-2.58286	0.74945	0.99801	0.04541	0.04381	0.04502	-0.99894	0.00978	0.04421	-0.00779	-0.99899		501.56123	4.47967	39.23484	0.94456	-0.26350	0.43257	0.39896	0.99996	0.00747	0.00472	-0.00755	0.99984	0.01645	-0.00460	-0.01648	0.99985	
18	0.17000	-0.09619	2.20777	0.45635	0.29588	-0.02286	-0.29294	0.47081	0.99999	-0.00511	0.00037	0.00511	0.99997	0.00517	-0.00040	-0.00516	0.99999		-6.96586	62.04772	873.87295	179.55551	2.53069	-2.59344	0.74282	0.99800	0.04559	0.04376	0.04520	-0.99893	0.00975	0.04415	-0.00775	-0.99899		501.55684	4.44020	39.21867	0.94385	-0.26113	0.43080	0.39789	0.99996	0.00744	0.00468	-0.00752	0.99984	0.01644	-0.00456	-0.01647	0.99985	
19	0.18000	-0.10626	2.21675	0.47400	0.29154	-0.01313	-0.30014	0.47036	0.99999	-0.00524	0.00020	0.00524	0.99997	0.00509	-0.00023	-0.00509	0.99999		-7.10871	61.95130	873.86835	179.56383	2.54465	-2.59181	0.74855	0.99799	0.04556	0.04401	0.04518	-0.99893	0.00961	0.04440	-0.00761	-0.99898		501.55476	4.49549	39.28646	0.95874	-0.27782	0.43436	0.39582	0.99996	0.00750	0.00497	-0.00758	0.99983	0.01670	-0.00485	-0.01673	0.99985	
20	0.19000	-0.11385	2.23621	0.46609	0.29156	-0.01675	-0.30470	0.47127	0.99999	-0.00532	0.00027	0.00532	0.99997	0.00509	-0.00029	-0.00509	0.99999		-7.02582	61.94153	873.87269	179.56125	2.53942	-2.60132	0.74450	0.99799	0.04572	0.04391	0.04534	-0.99892	0.00966	0.04431	-0.00765	-0.99899		501.55904	4.52564	39.26115	0.97451	-0.26728	0.42503	0.40046	0.99996	0.00734	0.00479	-0.00742	0.99983	0.01697	-0.00466	-0.01701	0.99984	
21	0.20000	-0.10933	2.22523	0.45604	0.30107	-0.01927	-0.29871	0.46890	0.99999	-0.00521	0.00031	0.00521	0.99997	0.00526	-0.00034	-0.00525	0.99999		-6.97375	62.08202	873.87872	179.54051	2.53539	-2.58599	0.75035	0.99800	0.04547	0.04383	0.04507	-0.99893	0.01001	0.04424	-0.00801	-0.99899		501.55950	4.48923	39.24600	0.95004	-0.26652	0.42619	0.40190	0.99996	0.00736	0.00477	-0.00744	0.99984	0.01655	-0.00465	-0.01658	0.99985	
22	0.21000	-0.10269	2.21778	0.46193	0.29528	-0.01545	-0.29646	0.47040	0.99999	-0.00518	0.00024	0.00517	0.99997	0.00515	-0.00027	-0.00515	0.99999		-7.01226	62.03879	873.86775	179.55782	2.52938	-2.59633	0.74850	0.99800	0.04564	0.04374	0.04525	-0.99893	0.00971	0.04413	-0.00771	-0.99900		501.55367	4.46269	39.26371	0.94509	-0.27673	0.41984	0.40085	0.99996	0.00725	0.00495	-0.00733	0.99984	0.01646	-0.00483	-0.01649	0.99985	
23	0.22000	-0.09835	2.22281	0.46475	0.28473	-0.01513	-0.29573	0.46831	0.99999	-0.00516	0.00024	0.00516	0.99997	0.00497	-0.00026	-0.00497	0.99999		-7.00790	61.90893	873.84343	179.57089	2.51017	-2.60187	0.73788	0.99801	0.04572	0.04341	0.04535	-0.99893	0.00947	0.04380	-0.00748	-0.99901		501.55419	4.45312	39.26996	0.95874	-0.27030	0.42164	0.40107	0.99996	0.00728	0.00484	-0.00736	0.99983	0.01670	-0.00472	-0.01673	0.99985	
24	0.23000	-0.09087	2.22926	0.42951	0.30344	-0.02788	-0.29656	0.47062	0.99999	-0.00518	0.00046	0.00518	0.99997	0.00530	-0.00049	-0.00530	0.99999		-6.78970	62.18731	873.87614	179.53419	2.50256	-2.59880	0.75166	0.99802	0.04570	0.04325	0.04530	-0.99892	0.01010	0.04366	-0.00812	-0.99901		501.55611	4.47258	39.19320	0.95265	-0.25528	0.42474	0.39957	0.99996	0.00734	0.00458	-0.00741	0.99983	0.01659	-0.00446	-0.01663	0.99985	
25	0.24000	-0.09666	2.22284	0.45027	0.29525	-0.01897	-0.29593	0.46598	0.99999	-0.00517	0.00031	0.00516	0.99997	0.00515	-0.00033	-0.00515	0.99999		-6.89905	62.08092	873.86610	179.54384	2.51929	-2.58258	0.75234	0.99802	0.04541	0.04355	0.04502	-0.99894	0.00993	0.04396	-0.00795	-0.99900		501.55498	4.46671	39.24273	0.95517	-0.26981	0.41615	0.39964	0.99996	0.00718	0.00483	-0.00726	0.99984	0.01664	-0.00471	-0.01667	0.99985	
26	0.25000	-0.10043	2.23127	0.45223	0.29126	-0.01740	-0.30099	0.46579	0.99999	-0.00525	0.00028	0.00525	0.99997	0.00508	-0.00030	-0.00508	0.99999		-6.92066	62.03372	873.86550	179.54031	2.51942	-2.59506	0.75383	0.99801	0.04563	0.04355	0.04523	-0.99893	0.01001	0.04396	-0.00802	-0.99900		501.55503	4.50425	39.25200	0.96720	-0.27835	0.41717	0.39984	0.99996	0.00720	0.00498	-0.00728	0.99983	0.01684	-0.00486	-0.01688	0.99985	
27	0.26000	-0.10276	2.22943	0.45353	0.29215	-0.01635	-0.29953	0.46462	0.99999	-0.00523	0.00026	0.00523	0.99997	0.00510	-0.00029	-0.00510	0.99999		-6.93856	62.07210	873.85481	179.54214	2.51905	-2.59447	0.75456	0.99801	0.04562	0.04354	0.04522	-0.99893	0.00997	0.04395	-0.00798	-0.99900		501.55542	4.49271	39.26579	0.95535	-0.26820	0.41175	0.40164	0.99996	0.00711	0.00480	-0.00719	0.99984	0.01664	-0.00468	-0.01667	0.99985	
28	0.27000	-0.10237	2.22527	0.44071	0.29318	-0.01840	-0.29699	0.46551	0.99999	-0.00518	0.00030	0.00518	0.99997	0.00512	-0.00032	-0.00512	0.99999		-6.94461	62.11180	873.84430	179.54951	2.50745	-2.59496	0.74185	0.99802	0.04562	0.04335	0.04523	-0.99893	0.00984	0.04375	-0.00785	-0.99901		501.55546	4.47048	39.25442	0.95656	-0.28004	0.42179	0.40056	0.99996	0.00728	0.00501	-0.00736	0.99983	0.01666	-0.00489	-0.01669	0.99985	
29	0.28000	-0.10652	2.22184	0.43719	0.29127	-0.02078	-0.29714	0.46195	0.99999	-0.00519	0.00034	0.00519	0.99997	0.00508	-0.00036	-0.00508	0.99999		-6.92647	62.06768	873.87168	179.53909	2.52183	-2.58487	0.75025	0.99801	0.04545	0.04359	0.04506	-0.99893	0.01002	0.04400	-0.00804	-0.99900		501.56093	4.46751	39.24622	0.94271	-0.26277	0.41440	0.40055	0.99996	0.00716	0.00470	-0.00723	0.99984	0.01642	-0.00459	-0.01645	0.99985	
30	0.29000	-0.10212	2.23359	0.42922	0.29294	-0.02730	-0.30129	0.46844	0.99999	-0.00526	0.00045	0.00526	0.99997	0.00511	-0.00048	-0.00511	0.99999		-6.86905	62.10304	873.88584	179.55075	2.52237	-2.60502	0.75244	0.99800	0.04579	0.04361	0.04541	-0.99892	0.00983	0.04401	-0.00783	-0.99900		501.52820	4.47414	39.27622	0.94185	-0.17491	0.45301	0.38930	0.99996	0.00786	0.00318	-0.00791	0.99983	0.01641	-0.00305	-0.01644	0.99986	
31	0.30000	-0.10323	2.23943	0.45211	0.29017	-0.01506	-0.30229	0.46636	0.99999	-0.00528	0.00024	0.00528	0.99997	0.00506	-0.00026	-0.00506	0.99999		-7.07919	62.02294	873.87004	179.55049	2.54707	-2.59585	0.75041	0.99799	0.04564	0.04404	0.04525	-0.99893	0.00985	0.04444	-0.00784	-0.99898		501.55694	4.49347	39.27058	0.94638	-0.26963	0.42649	0.40039	0.99996	0.00736	0.00483	-0.00744	0.99984	0.01648	-0.00471	-0.01652	0.99985	
32	0.31000	-0.09836	2.22021	0.42797	0.29230	-0.02273	-0.29442	0.46440	0.99999	-0.00514	0.00037	0.00514	0.99997	0.00510	-0.00040	-0.00510	0.99999		-6.98274	62.07982	873.88749	179.54533	2.52818	-2.60705	0.74385	0.99799	0.04583	0.04370	0.04544	-0.99892	0.00993	0.04411	-0.00793	-0.99900		501.56535	4.46508	39.22642	0.96356	-0.26572	0.40741	0.40097	0.99996	0.00703	0.00476	-0.00711	0.99983	0.01678	-0.00464	-0.01682	0.99985	
33	0.32000	-0.10102	2.22050	0.43719	0.28531	-0.02048	-0.29677	0.46652	0.99999	-0.00518	0.00033	0.00518	0.99997	0.00498	-0.00036	-0.00498	0.99999		-7.01570	61.94309	873.88396	179.55916	2.52909	-2.59604	0.74693	0.99800	0.04563	0.04373	0.04525	-0.99893	0.00968	0.04413	-0.00769	-0.99900		501.56641	4.46945	39.24375	0.95875	-0.26634	0.41540	0.39839	0.99996	0.00717	0.00477	-0.00725	0.99983	0.01670	-0.00465	-0.01673	0.99985	
34	0.33000	-0.10164	2.23253	0.41385	0.29497	-0.02969	-0.29986	0.46531	0.99999	-0.00524	0.00049	0.00523	0.99997	0.00515	-0.00052	-0.00515	0.99999		-6.85529	62.06187	873.90816	179.55302	2.52600	-2.59636	0.75131	0.99800	0.04564	0.04367	0.04526	-0.99893	0.00979	0.04407	-0.00779	-0.99900		501.56772	4.49150	39.18342	0.96082	-0.26105	0.42210	0.39632	0.99996	0.00729	0.00468	-0.00737	0.99983	0.01673	-0.00456	-0.01677	0.99985	
35	0.34000	-0.11204	2.23588	0.45308	0.29538	-0.01366	-0.30274	0.46712	0.99999	-0.00528	0.00021	0.00528	0.99997	0.00516	-0.00024	-0.00516	0.99999		-7.07483	62.06113	873.85484	179.55276	2.52533	-2.61231	0.74413	0.99799	0.04592	0.04366	0.04553	-0.99891	0.00981	0.04406	-0.00780	-0.99900		501.56014	4.49456	39.27857	0.93520	-0.27656	0.43972	0.40106	0.99996	0.00759	0.00495	-0.00767	0.99984	0.01628	-0.00483	-0.01632	0.99986	
36	0.35000	-0.11101	2.22781	0.43394	0.29334	-0.01988	-0.29897	0.46351	0.99999	-0.00522	0.00032	0.00522	0.99997	0.00512	-0.00035	-0.00512	0.99999		-6.93314	62.00466	873.89680	179.55182	2.53092	-2.59676	0.74600	0.99800	0.04565	0.04376	0.04526	-0.99893	0.00981	0.04416	-0.00781	-0.99899		501.56530	4.47301	39.24466	0.94301	-0.27110	0.43292	0.39633	0.99996	0.00748	0.00486	-0.00756	0.99984	0.01642	-0.00473	-0.01646	0.99985	
37	0.36000	-0.10544	2.22403	0.43593	0.29617	-0.02045	-0.29865	0.46151	0.99999	-0.00521	0.00033	0.00521	0.99997	0.00517	-0.00036	-0.00517	0.99999		-6.90323	62.03719	873.88051	179.55061	2.52479	-2.59106	0.74895	0.99801	0.04555	0.04365	0.04516	-0.99893	0.00983	0.04405	-0.00784	-0.99900		501.56231	4.49019	39.23243	0.95114	-0.27331	0.42277	0.40076	0.99996	0.00730	0.00489	-0.00738	0.99984	0.01656	-0.00477	-0.01660	0.99985	
38	0.37000	-0.10266	2.23592	0.45305	0.29174	-0.01060	-0.30135	0.46667	0.99999	-0.00526	0.00016	0.00526	0.99997	0.00509	-0.00019	-0.00509	0.99999		-7.04088	61.94948	873.86635	179.55305	2.52571	-2.59465	0.74941	0.99800	0.04561	0.04367	0.04523	-0.99893	0.00979	0.04407	-0.00779	-0.99900		501.56059	4.50731	39.30240	0.97516	-0.28057	0.41788	0.40275	0.99996	0.00721	0.00502	-0.00729	0.99983	0.01698	-0.00490	-0.01702	0.99984	
39	0.38000	-0.12717	2.20907	0.60337	0.19535	0.06901	-0.29893	0.43828	0.99999	-0.00521	-0.00122	0.00522	0.99998	0.00340	0.00120	-0.00341	0.99999		-8.21529	60.51536	873.80956	179.66605	2.60117	-2.60216	0.75109	0.99794	0.04566	0.04507	0.04535	-0.99894	0.00788	0.04538	-0.00582	-0.99895		501.53522	4.44808	39.84582	1.06019	-0.35973	0.41722	0.40096	0.99995	0.00716	0.00641	-0.00728	0.99980	0.01846	-0.00628	-0.01850	0.99981	
40	0.39000	-0.09844	2.23963	0.43519	0.28858	-0.01745	-0.30185	0.46537	0.99999	-0.00527	0.00028	0.00527	0.99997	0.00504	-0.00030	-0.00504	0.99999		-6.94149	61.93551	873.86772	179.57285	2.50737	-2.60277	0.74860	0.99801	0.04574	0.04336	0.04537	-0.99893	0.00943	0.04375	-0.00745	-0.99901		501.55596	4.50503	39.26542	0.97290	-0.27357	0.41450	0.40318	0.99996	0.00715	0.00490	-0.00723	0.99983	0.01694	-0.00477	-0.01698	0.99984	
41	0.40000	-0.09663	2.23515	0.42944	0.28883	-0.02107	-0.29999	0.46263	0.99999	-0.00524	0.00034	0.00524	0.99997	0.00504	-0.00037	-0.00504	0.99999		-6.89370	61.94245	873.89625	179.55830	2.51559	-2.61036	0.74955	0.99800	0.04588	0.04349	0.04550	-0.99892	0.00970	0.04389	-0.00770	-0.99901		501.56212	4.49150	39.22208	0.95234	-0.27348	0.41662	0.40034	0.99996	0.00719	0.00489	-0.00727	0.99984	0.01659	-0.00477	-0.01662	0.99985	
42	0.41000	-0.10021	2.23135	0.43542	0.29648	-0.01738	-0.29817	0.46364	0.99999	-0.00521	0.00028	0.00520	0.99997	0.00518	-0.00030	-0.00517	0.99999		-6.96243	62.06217	873.87199	179.54686	2.51930	-2.59400	0.75028	0.99801	0.04560	0.04355	0.04521	-0.99893	0.00989	0.04396	-0.00790	-0.99900		501.55500	4.48374	39.26286	0.96356	-0.27020	0.40865	0.40014	0.99996	0.00705	0.00483	-0.00713	0.99983	0.01678	-0.00472	-0.01682	0.99985	
43	0.42000	-0.10865	2.23401	0.42743	0.29892	-0.01915	-0.29919	0.46279	0.99999	-0.00522	0.00031	0.00522	0.99997	0.00522	-0.00033	-0.00522	0.99999		-6.94980	62.11054	873.88421	179.54202	2.52724	-2.59360	0.75145	0.99800	0.04560	0.04369	0.04521	-0.99893	0.00998	0.04409	-0.00799	-0.99900		501.56373	4.49009	39.24786	0.95772	-0.27584	0.42007	0.39874	0.99996	0.00725	0.00494	-0.00733	0.99983	0.01668	-0.00481	-0.01671	0.99985	
44	0.43000	-0.11404	2.22890	0.42983	0.29451	-0.01899	-0.29673	0.46498	0.99999	-0.00518	0.00031	0.00518	0.99997	0.00514	-0.00033	-0.00514	0.99999		-6.97393	62.08776	873.87661	179.54483	2.52203	-2.60762	0.74716	0.99800	0.04584	0.04360	0.04545	-0.99892	0.00994	0.04400	-0.00794	-0.99900		501.56465	4.47369	39.24523	0.97185	-0.27557	0.41015	0.40018	0.99996	0.00708	0.00493	-0.00716	0.99983	0.01693	-0.00481	-0.01696	0.99984	
45	0.44000	-0.11260	2.23980	0.43661	0.28737	-0.01694	-0.30333	0.46350	0.99999	-0.00530	0.00027	0.00529	0.99997	0.00502	-0.00030	-0.00502	0.99999		-7.04042	61.97530	873.88005	179.55682	2.53040	-2.61229	0.75001	0.99799	0.04592	0.04375	0.04553	-0.99892	0.00974	0.04415	-0.00773	-0.99900		501.56855	4.53549	39.25048	1.00269	-0.28051	0.41048	0.39863	0.99996	0.00708	0.00502	-0.00716	0.99982	0.01746	-0.00490	-0.01750	0.99983	
46	0.45000	-0.10434	2.22886	0.41688	0.29625	-0.02477	-0.29723	0.46101	0.99999	-0.00519	0.00041	0.00519	0.99997	0.00517	-0.00043	-0.00517	0.99999		-6.94171	62.13181	873.88871	179.54662	2.52690	-2.60180	0.74825	0.99800	0.04574	0.04368	0.04535	-0.99892	0.00991	0.04409	-0.00791	-0.99900		501.56724	4.47208	39.19998	0.94782	-0.27344	0.42395	0.39969	0.99996	0.00732	0.00489	-0.00740	0.99984	0.01651	-0.00477	-0.01654	0.99985	
47	0.46000	-0.13259	2.19294	0.60638	0.19071	0.07011	-0.29352	0.43898	0.99999	-0.00512	-0.00124	0.00512	0.99998	0.00332	0.00122	-0.00333	0.99999		-8.36820	60.56038	873.78265	179.65529	2.61255	-2.58572	0.74478	0.99794	0.04539	0.04526	0.04507	-0.99895	0.00807	0.04558	-0.00601	-0.99894		501.53053	4.39855	39.83998	1.04810	-0.37255	0.42360	0.40477	0.99995	0.00727	0.00664	-0.00739	0.99981	0.01824	-0.00650	-0.01829	0.99981	
48	0.47000	-0.13142	2.20053	0.62060	0.18253	0.07737	-0.29758	0.43822	0.99999	-0.00519	-0.00137	0.00519	0.99998	0.00318	0.00135	-0.00319	0.99999		-8.45180	60.43131	873.79798	179.65887	2.63559	-2.60374	0.74993	0.99791	0.04570	0.04566	0.04538	-0.99894	0.00804	0.04598	-0.00595	-0.99892		501.52705	4.43973	39.89667	1.08316	-0.37532	0.40598	0.40348	0.99995	0.00696	0.00668	-0.00709	0.99980	0.01886	-0.00655	-0.01890	0.99980	
49	0.48000	-0.10089	2.23606	0.44052	0.28532	-0.01510	-0.30009	0.46479	0.99999	-0.00524	0.00024	0.00524	0.99997	0.00498	-0.00026	-0.00498	0.99999		-7.06891	61.96457	873.87924	179.55060	2.53483	-2.60143	0.75012	0.99799	0.04573	0.04382	0.04534	-0.99892	0.00984	0.04423	-0.00784	-0.99899		501.55217	4.49395	39.26910	0.96639	-0.27473	0.41281	0.40180	0.99996	0.00712	0.00492	-0.00720	0.99983	0.01683	-0.00479	-0.01687	0.99985	
50	0.49000	-0.13048	2.19922	0.61959	0.18638	0.07643	-0.29616	0.44306	0.99999	-0.00516	-0.00135	0.00517	0.99998	0.00325	0.00133	-0.00325	0.99999		-8.39679	60.48031	873.77504	179.64767	2.61150	-2.59828	0.75364	0.99793	0.04561	0.04524	0.04529	-0.99894	0.00821	0.04556	-0.00614	-0.99894		501.52355	4.42465	39.88369	1.07634	-0.37705	0.41084	0.40422	0.99995	0.00705	0.00671	-0.00717	0.99980	0.01874	-0.00658	-0.01878	0.99980	
51	0.50000	-0.10329	2.23692	0.44631	0.30084	-0.01308	-0.29932	0.46213	0.99999	-0.00522	0.00020	0.00522	0.99997	0.00525	-0.00023	-0.00525	0.99999		-7.03990	62.17530	873.85068	179.53326	2.52788	-2.59303	0.74905	0.99800	0.04560	0.04369	0.04520	-0.99893	0.01013	0.04411	-0.00814	-0.99899		501.55619	4.48868	39.26573	0.95320	-0.28570	0.42282	0.39981	0.99996	0.00730	0.00511	-0.00738	0.99984	0.01660	-0.00499	-0.01664	0.99985	
52	0.51000	-0.10310	2.23537	0.42726	0.30003	-0.01970	-0.29970	0.46298	0.99999	-0.00523	0.00032	0.00523	0.99997	0.00524	-0.00034	-0.00524	0.99999		-6.92330	62.18091	873.85067	179.54695	2.50849	-2.60440	0.74077	0.99801	0.04578	0.04336	0.04540	-0.99892	0.00989	0.04377	-0.00790	-0.99901		501.55135	4.48859	39.24798	0.94584	-0.25899	0.43158	0.39914	0.99996	0.00746	0.00464	-0.00753	0.99984	0.01647	-0.00452	-0.01651	0.99985	
53	0.52000	-0.12811	2.19162	0.60041	0.18952	0.06880	-0.29459	0.43759	0.99999	-0.00514	-0.00122	0.00514	0.99998	0.00330	0.00120	-0.00331	0.99999		-8.21274	60.49710	873.80681	179.65526	2.60577	-2.59523	0.74765	0.99794	0.04555	0.04514	0.04523	-0.99894	0.00807	0.04546	-0.00601	-0.99895		501.52179	4.40429	39.85025	1.04642	-0.35623	0.43335	0.39999	0.99995	0.00745	0.00635	-0.00756	0.99981	0.01821	-0.00622	-0.01826	0.99981	
54	0.53000	-0.13075	2.19242	0.60765	0.18874	0.07338	-0.29443	0.43704	0.99999	-0.00513	-0.00130	0.00514	0.99998	0.00329	0.00128	-0.00329	0.99999		-8.28719	60.46485	873.79240	179.65547	2.60121	-2.59267	0.74790	0.99795	0.04551	0.04506	0.04519	-0.99895	0.00806	0.04538	-0.00601	-0.99895		501.53143	4.41912	39.86906	1.06661	-0.37680	0.40913	0.40050	0.99995	0.00702	0.00671	-0.00714	0.99980	0.01857	-0.00658	-0.01861	0.99981	
55	0.54000	-0.09468	2.22911	0.42059	0.28583	-0.02164	-0.29812	0.46347	0.99999	-0.00520	0.00035	0.00520	0.99997	0.00499	-0.00038	-0.00499	0.99999		-6.88987	61.90777	873.89944	179.56633	2.51864	-2.60332	0.75203	0.99800	0.04575	0.04355	0.04538	-0.99892	0.00956	0.04394	-0.00756	-0.99901		501.56249	4.46279	39.22052	0.96307	-0.27650	0.44754	0.39983	0.99996	0.00773	0.00496	-0.00781	0.99983	0.01677	-0.00483	-0.01681	0.99985	
56	0.55000	-0.10108	2.24555	0.44013	0.28652	-0.01602	-0.30359	0.46338	0.99999	-0.00530	0.00025	0.00530	0.99997	0.00500	-0.00028	-0.00500	0.99999		-6.99238	61.88754	873.89489	179.56197	2.53107	-2.60662	0.74983	0.99799	0.04581	0.04377	0.04543	-0.99892	0.00965	0.04416	-0.00764	-0.99900		501.56083	4.50064	39.25987	0.95820	-0.27419	0.43306	0.39854	0.99996	0.00748	0.00491	-0.00756	0.99983	0.01669	-0.00479	-0.01672	0.99985	
57	0.56000	-0.09693	2.23377	0.43069	0.28350	-0.01948	-0.30105	0.46108	0.99999	-0.00526	0.00031	0.00525	0.99997	0.00495	-0.00034	-0.00495	0.99999		-6.96722	61.85015	873.90156	179.57320	2.52463	-2.60952	0.75146	0.99799	0.04586	0.04366	0.04548	-0.99892	0.00945	0.04405	-0.00744	-0.99900		501.55301	4.49324	39.23719	0.96495	-0.26621	0.42362	0.39902	0.99996	0.00731	0.00477	-0.00739	0.99983	0.01681	-0.00465	-0.01684	0.99985	
58	0.57000	-0.10303	2.24488	0.42137	0.30069	-0.02196	-0.30369	0.46417	0.99999	-0.00530	0.00036	0.00530	0.99997	0.00525	-0.00038	-0.00525	0.99999		-6.94385	62.08319	873.91128	179.54826	2.53662	-2.59841	0.74743	0.99799	0.04568	0.04385	0.04529	-0.99892	0.00988	0.04426	-0.00788	-0.99899		501.55869	4.49963	39.22351	0.92464	-0.26092	0.43749	0.40439	0.99996	0.00756	0.00468	-0.00764	0.99984	0.01610	-0.00455	-0.01614	0.99986	
59	0.58000	-0.13668	2.19069	0.60524	0.18909	0.07297	-0.29351	0.44361	0.99999	-0.00512	-0.00129	0.00512	0.99998	0.00329	0.00127	-0.00330	0.99999		-8.36596	60.44954	873.80125	179.66769	2.61400	-2.59556	0.74590	0.99793	0.04555	0.04530	0.04524	-0.99895	0.00786	0.04561	-0.00579	-0.99894		501.52916	4.39237	39.88149	1.04904	-0.35688	0.42837	0.40167	0.99995	0.00736	0.00636	-0.00748	0.99981	0.01826	-0.00623	-0.01831	0.99981	
60	0.59000	-0.13533	2.19139	0.57594	0.19314	0.06091	-0.29447	0.43938	0.99999	-0.00514	-0.00108	0.00514	0.99998	0.00336	0.00106	-0.00337	0.99999		-8.18833	60.52403	873.83514	179.65607	2.60780	-2.60917	0.74914	0.99793	0.04579	0.04518	0.04548	-0.99893	0.00807	0.04550	-0.00600	-0.99895		501.53432	4.41945	39.79774	1.06212	-0.35651	0.41864	0.40477	0.99995	0.00719	0.00636	-0.00731	0.99980	0.01849	-0.00622	-0.01854	0.99981	
61	0.60000	-0.11151	2.23978	0.43161	0.28577	-0.01652	-0.30455	0.46109	0.99999	-0.00532	0.00026	0.00532	0.99997	0.00499	-0.00029	-0.00499	0.99999		-7.04945	61.89453	873.89321	179.56497	2.53684	-2.60796	0.75017	0.99799	0.04584	0.04387	0.04546	-0.99892	0.00960	0.04426	-0.00759	-0.99899		501.56468	4.52491	39.26359	0.96265	-0.27451	0.42026	0.40306	0.99996	0.00725	0.00491	-0.00733	0.99983	0.01677	-0.00479	-0.01680	0.99985	
62	0.61000	-0.10651	2.24600	0.43005	0.29170	-0.01662	-0.30465	0.46320	0.99999	-0.00532	0.00026	0.00532	0.99997	0.00509	-0.00029	-0.00509	0.99999		-7.04947	61.98860	873.88293	179.55054	2.53468	-2.60487	0.75024	0.99799	0.04579	0.04382	0.04540	-0.99892	0.00985	0.04422	-0.00784	-0.99899		501.55535	4.51542	39.26671	0.96664	-0.27320	0.43260	0.39986	0.99996	0.00747	0.00489	-0.00755	0.99983	0.01683	-0.00477	-0.01687	0.99985	
63	0.62000	-0.09985	2.23025	0.42619	0.29327	-0.01862	-0.29724	0.46494	0.99999	-0.00519	0.00030	0.00519	0.99997	0.00512	-0.00033	-0.00512	0.99999		-7.00296	62.05609	873.89181	179.54971	2.53339	-2.60261	0.74859	0.99799	0.04575	0.04380	0.04536	-0.99892	0.00986	0.04420	-0.00785	-0.99899		501.57193	4.47454	39.25004	0.96129	-0.28218	0.41270	0.40017	0.99996	0.00712	0.00504	-0.00720	0.99983	0.01674	-0.00492	-0.01678	0.99985	
64	0.63000	-0.09543	2.24507	0.41229	0.30047	-0.02542	-0.30216	0.46127	0.99999	-0.00528	0.00042	0.00527	0.99997	0.00525	-0.00044	-0.00524	0.99999		-6.89155	62.16583	873.88682	179.54124	2.52162	-2.60839	0.75272	0.99800	0.04586	0.04359	0.04547	-0.99892	0.01000	0.04400	-0.00800	-0.99900		501.56239	4.51391	39.20617	0.95079	-0.26427	0.41972	0.39752	0.99996	0.00725	0.00473	-0.00733	0.99984	0.01656	-0.00461	-0.01659	0.99985	
65	0.64000	-0.12641	2.20363	0.61311	0.17749	0.07408	-0.29706	0.43864	0.99999	-0.00518	-0.00131	0.00518	0.99998	0.00309	0.00129	-0.00310	0.99999		-8.35252	60.35973	873.77911	179.67090	2.59906	-2.60428	0.74427	0.99794	0.04570	0.04504	0.04539	-0.99894	0.00780	0.04535	-0.00574	-0.99895		501.52834	4.41520	39.87891	1.07739	-0.36688	0.42408	0.39815	0.99995	0.00728	0.00654	-0.00740	0.99980	0.01875	-0.00640	-0.01880	0.99980	
66	0.65000	-0.13081	2.20419	0.60252	0.18896	0.07193	-0.29581	0.43628	0.99999	-0.00516	-0.00127	0.00516	0.99998	0.00329	0.00126	-0.00330	0.99999		-8.28400	60.52683	873.79479	179.65131	2.61258	-2.60540	0.75085	0.99793	0.04573	0.04526	0.04541	-0.99894	0.00815	0.04558	-0.00608	-0.99894		501.53475	4.43997	39.86267	1.08600	-0.37497	0.39811	0.40133	0.99995	0.00682	0.00667	-0.00695	0.99980	0.01891	-0.00654	-0.01895	0.99980	
67	0.66000	-0.13481	2.19058	0.59734	0.19457	0.07051	-0.28971	0.43783	0.99999	-0.00505	-0.00125	0.00506	0.99998	0.00339	0.00123	-0.00340	0.99999		-8.25429	60.63779	873.77071	179.64503	2.59162	-2.59886	0.74299	0.99795	0.04562	0.04489	0.04530	-0.99894	0.00824	0.04522	-0.00619	-0.99896		501.53713	4.38088	39.84778	1.05698	-0.36989	0.41136	0.40098	0.99995	0.00706	0.00659	-0.00718	0.99980	0.01840	-0.00646	-0.01845	0.99981	
68	0.67000	-0.13403	2.20592	0.59021	0.19173	0.06658	-0.29827	0.44188	0.99999	-0.00520	-0.00118	0.00521	0.99998	0.00334	0.00116	-0.00335	0.99999		-8.19241	60.56825	873.80414	179.64955	2.60172	-2.60773	0.75183	0.99793	0.04577	0.04507	0.04545	-0.99893	0.00818	0.04539	-0.00611	-0.99895		501.53588	4.45131	39.83878	1.07224	-0.35873	0.39968	0.39854	0.99996	0.00686	0.00639	-0.00698	0.99980	0.01867	-0.00626	-0.01871	0.99981	
69	0.68000	-0.13173	2.18115	0.60577	0.18567	0.07189	-0.29061	0.43887	0.99999	-0.00507	-0.00127	0.00507	0.99998	0.00323	0.00125	-0.00324	0.99999		-8.27908	60.47728	873.79575	179.65364	2.60685	-2.59353	0.74935	0.99794	0.04552	0.04516	0.04520	-0.99894	0.00810	0.04548	-0.00604	-0.99895		501.52689	4.39536	39.85747	1.07373	-0.37283	0.40582	0.40191	0.99995	0.00696	0.00664	-0.00708	0.99980	0.01869	-0.00651	-0.01874	0.99980	
70	0.69000	-0.10256	2.24549	0.42255	0.29593	-0.02149	-0.30187	0.46221	0.99999	-0.00527	0.00035	0.00527	0.99997	0.00517	-0.00038	-0.00516	0.99999		-6.92015	62.08012	873.88266	179.53990	2.52563	-2.59786	0.75337	0.99800	0.04568	0.04366	0.04528	-0.99892	0.01002	0.04407	-0.00802	-0.99900		501.57822	4.52311	39.21302	0.97179	-0.28417	0.39782	0.39765	0.99996	0.00686	0.00508	-0.00694	0.99983	0.01693	-0.00496	-0.01696	0.99984	
71	0.70000	-0.09752	2.24198	0.41831	0.29398	-0.02324	-0.30027	0.46597	0.99999	-0.00524	0.00038	0.00524	0.99997	0.00513	-0.00041	-0.00513	0.99999		-6.92261	62.05307	873.88753	179.54689	2.52341	-2.60658	0.75470	0.99800	0.04582	0.04362	0.04543	-0.99892	0.00990	0.04403	-0.00790	-0.99900		501.55848	4.48647	39.21413	0.94444	-0.27461	0.41514	0.40061	0.99996	0.00717	0.00491	-0.00725	0.99984	0.01645	-0.00479	-0.01648	0.99985	
72	0.71000	-0.09603	2.22990	0.41327	0.29747	-0.02266	-0.29775	0.46009	0.99999	-0.00520	0.00037	0.00520	0.99997	0.00519	-0.00040	-0.00519	0.99999		-6.96518	62.12689	873.87666	179.55495	2.51660	-2.61433	0.74094	0.99800	0.04595	0.04351	0.04557	-0.99891	0.00976	0.04391	-0.00776	-0.99901		501.55732	4.46949	39.22170	0.95090	-0.26879	0.43157	0.39894	0.99996	0.00745	0.00482	-0.00753	0.99983	0.01656	-0.00469	-0.01660	0.99985	
73	0.72000	-0.09965	2.22663	0.40994	0.29309	-0.02508	-0.29773	0.46632	0.99999	-0.00520	0.00041	0.00520	0.99997	0.00512	-0.00044	-0.00512	0.99999		-6.93757	62.04319	873.88898	179.56801	2.51721	-2.60701	0.74404	0.99800	0.04581	0.04353	0.04544	-0.99892	0.00953	0.04392	-0.00753	-0.99901		501.56509	4.48298	39.21222	0.96184	-0.26464	0.41071	0.39939	0.99996	0.00709	0.00474	-0.00717	0.99983	0.01675	-0.00462	-0.01679	0.99985	
74	0.73000	-0.13915	2.19863	0.60722	0.18216	0.07272	-0.29761	0.43921	0.99999	-0.00519	-0.00129	0.00519	0.99998	0.00317	0.00127	-0.00318	0.99999		-8.36964	60.34428	873.82847	179.66643	2.63044	-2.60122	0.74803	0.99792	0.04565	0.04558	0.04534	-0.99894	0.00790	0.04589	-0.00582	-0.99893		501.53964	4.43700	39.86638	1.07670	-0.37462	0.40842	0.39846	0.99995	0.00700	0.00667	-0.00713	0.99980	0.01874	-0.00654	-0.01879	0.99980	
75	0.74000	-0.13628	2.18896	0.60246	0.18095	0.07108	-0.29419	0.43978	0.99999	-0.00513	-0.00126	0.00513	0.99998	0.00315	0.00124	-0.00316	0.99999		-8.33184	60.33871	873.84141	179.67577	2.63131	-2.60772	0.75064	0.99791	0.04576	0.04560	0.04545	-0.99894	0.00774	0.04591	-0.00565	-0.99893		501.52727	4.41081	39.86425	1.08072	-0.36220	0.41209	0.39570	0.99995	0.00707	0.00646	-0.00719	0.99980	0.01882	-0.00632	-0.01886	0.99980	
76	0.75000	-0.10578	2.24159	0.40338	0.30159	-0.02788	-0.30012	0.46381	0.99999	-0.00524	0.00046	0.00524	0.99997	0.00527	-0.00049	-0.00526	0.99999		-6.86465	62.11224	873.91859	179.55115	2.52419	-2.60677	0.74851	0.99800	0.04582	0.04364	0.04544	-0.99892	0.00983	0.04404	-0.00783	-0.99900		501.56871	4.51294	39.18324	0.96142	-0.27420	0.39526	0.39887	0.99996	0.00682	0.00490	-0.00690	0.99984	0.01675	-0.00479	-0.01678	0.99985	
77	0.76000	-0.13807	2.19504	0.58629	0.19139	0.06648	-0.29552	0.43683	0.99999	-0.00515	-0.00118	0.00516	0.99998	0.00333	0.00116	-0.00334	0.99999		-8.24112	60.48164	873.82069	179.65965	2.60889	-2.60919	0.74914	0.99793	0.04579	0.04520	0.04548	-0.99893	0.00801	0.04552	-0.00593	-0.99895		501.53864	4.43882	39.83006	1.06698	-0.36078	0.39732	0.39696	0.99996	0.00682	0.00642	-0.00693	0.99980	0.01858	-0.00630	-0.01862	0.99981	
78	0.77000	-0.09956	2.23240	0.41262	0.29763	-0.02652	-0.29810	0.46443	0.99999	-0.00520	0.00044	0.00520	0.99997	0.00520	-0.00046	-0.00519	0.99999		-6.84964	62.06856	873.90722	179.54980	2.52471	-2.59514	0.75055	0.99800	0.04562	0.04365	0.04523	-0.99893	0.00984	0.04405	-0.00785	-0.99900		501.56550	4.48282	39.19301	0.95160	-0.26605	0.40970	0.39300	0.99996	0.00707	0.00476	-0.00715	0.99984	0.01657	-0.00464	-0.01661	0.99985	
79	0.78000	-0.12425	2.18784	0.59915	0.17958	0.06978	-0.29307	0.43531	0.99999	-0.00511	-0.00123	0.00512	0.99998	0.00313	0.00122	-0.00313	0.99999		-8.27207	60.31997	873.82949	179.66348	2.61426	-2.59443	0.75403	0.99794	0.04553	0.04530	0.04522	-0.99895	0.00793	0.04561	-0.00587	-0.99894		501.52627	4.40624	39.84902	1.07544	-0.36719	0.40461	0.39587	0.99995	0.00694	0.00654	-0.00706	0.99980	0.01872	-0.00641	-0.01877	0.99980	
80	0.79000	-0.12924	2.20300	0.59585	0.18623	0.07051	-0.29756	0.43365	0.99999	-0.00519	-0.00125	0.00519	0.99998	0.00324	0.00123	-0.00325	0.99999		-8.27239	60.42798	873.81407	179.65675	2.60747	-2.61027	0.75009	0.99793	0.04581	0.04517	0.04549	-0.99893	0.00806	0.04549	-0.00598	-0.99895		501.53170	4.43959	39.85700	1.07111	-0.37192	0.40389	0.40056	0.99995	0.00693	0.00662	-0.00705	0.99980	0.01865	-0.00649	-0.01869	0.99980	
81	0.80000	-0.09557	2.24958	0.40867	0.29602	-0.02626	-0.30477	0.46567	0.99999	-0.00532	0.00043	0.00532	0.99997	0.00517	-0.00046	-0.00517	0.99999		-6.83671	62.07003	873.89351	179.54825	2.51341	-2.60687	0.75714	0.99800	0.04583	0.04345	0.04544	-0.99892	0.00987	0.04385	-0.00788	-0.99901		501.57051	4.52973	39.19304	0.95262	-0.28356	0.40603	0.39967	0.99996	0.00700	0.00507	-0.00709	0.99984	0.01659	-0.00495	-0.01663	0.99985	
82	0.81000	-0.13163	2.20370	0.59435	0.19653	0.06997	-0.29535	0.43984	0.99999	-0.00515	-0.00124	0.00515	0.99998	0.00342	0.00122	-0.00343	0.99999		-8.25291	60.61502	873.80604	179.64856	2.61200	-2.61034	0.75152	0.99792	0.04582	0.04524	0.04550	-0.99893	0.00820	0.04557	-0.00613	-0.99894		501.53357	4.42730	39.84863	1.07079	-0.37739	0.39676	0.40062	0.99995	0.00680	0.00671	-0.00692	0.99980	0.01864	-0.00659	-0.01869	0.99980	
83	0.82000	-0.10510	2.24622	0.41859	0.28509	-0.02185	-0.30566	0.46292	0.99999	-0.00534	0.00036	0.00533	0.99997	0.00498	-0.00038	-0.00498	0.99999		-6.90948	61.93159	873.89528	179.54803	2.51757	-2.61252	0.74620	0.99800	0.04593	0.04352	0.04554	-0.99891	0.00988	0.04393	-0.00788	-0.99900		501.56616	4.54466	39.22095	0.97520	-0.27827	0.40194	0.40138	0.99996	0.00693	0.00498	-0.00702	0.99983	0.01699	-0.00486	-0.01702	0.99984	
84	0.83000	-0.13447	2.19141	0.60010	0.18369	0.07012	-0.29366	0.43989	0.99999	-0.00512	-0.00124	0.00513	0.99998	0.00320	0.00122	-0.00321	0.99999		-8.27897	60.43801	873.81320	179.65424	2.61759	-2.59479	0.74775	0.99793	0.04555	0.04535	0.04522	-0.99894	0.00810	0.04567	-0.00603	-0.99894		501.53026	4.40445	39.85216	1.07734	-0.37231	0.41093	0.40253	0.99995	0.00705	0.00663	-0.00717	0.99980	0.01875	-0.00650	-0.01880	0.99980	
85	0.84000	-0.10318	2.23358	0.41496	0.29485	-0.02195	-0.29646	0.45916	0.99999	-0.00518	0.00036	0.00517	0.99997	0.00515	-0.00038	-0.00515	0.99999		-6.93726	62.10246	873.88845	179.53799	2.52478	-2.60152	0.75035	0.99800	0.04574	0.04364	0.04535	-0.99892	0.01005	0.04405	-0.00806	-0.99900		501.56337	4.46869	39.21957	0.95735	-0.28462	0.40391	0.40254	0.99996	0.00697	0.00508	-0.00705	0.99984	0.01667	-0.00497	-0.01671	0.99985	
86	0.85000	-0.10504	2.24082	0.42173	0.28781	-0.02084	-0.30251	0.46161	0.99999	-0.00528	0.00034	0.00528	0.99997	0.00502	-0.00036	-0.00502	0.99999		-6.97818	61.98410	873.88174	179.55148	2.52954	-2.60436	0.75032	0.99799	0.04578	0.04373	0.04539	-0.99892	0.00983	0.04413	-0.00782	-0.99900		501.56176	4.52287	39.23314	0.97704	-0.27323	0.39885	0.40244	0.99996	0.00688	0.00489	-0.00696	0.99983	0.01702	-0.00477	-0.01705	0.99984	
87	0.86000	-0.10178	2.24508	0.41108	0.29164	-0.02416	-0.30507	0.46381	0.99999	-0.00533	0.00040	0.00532	0.99997	0.00509	-0.00042	-0.00509	0.99999		-6.95939	62.04569	873.87502	179.55879	2.52055	-2.60291	0.74585	0.99800	0.04575	0.04358	0.04537	-0.99892	0.00969	0.04398	-0.00769	-0.99900		501.56531	4.53925	39.21454	0.97417	-0.27394	0.40676	0.40333	0.99996	0.00702	0.00490	-0.00710	0.99983	0.01697	-0.00478	-0.01700	0.99984	
88	0.87000	-0.10089	2.24376	0.41636	0.29428	-0.02081	-0.30093	0.46471	0.99999	-0.00525	0.00034	0.00525	0.99997	0.00514	-0.00036	-0.00514	0.99999		-7.00414	62.06999	873.89711	179.54933	2.53645	-2.60864	0.74858	0.99799	0.04586	0.04385	0.04547	-0.99892	0.00987	0.04425	-0.00786	-0.99899		501.56309	4.50173	39.22825	0.96674	-0.28463	0.41356	0.40394	0.99996	0.00713	0.00509	-0.00722	0.99983	0.01684	-0.00497	-0.01687	0.99985	
89	0.88000	-0.13231	2.19038	0.58833	0.19224	0.06527	-0.29076	0.43518	0.99999	-0.00507	-0.00116	0.00507	0.99998	0.00335	0.00114	-0.00336	0.99999		-8.25958	60.55188	873.82649	179.65163	2.62322	-2.59469	0.74848	0.99793	0.04555	0.04544	0.04522	-0.99894	0.00815	0.04577	-0.00607	-0.99893		501.53190	4.39076	39.83052	1.06315	-0.35114	0.40173	0.40108	0.99996	0.00690	0.00626	-0.00701	0.99980	0.01851	-0.00613	-0.01855	0.99981	
90	0.89000	-0.13769	2.21332	0.60394	0.19183	0.07253	-0.29887	0.43945	0.99999	-0.00521	-0.00128	0.00522	0.99998	0.00334	0.00127	-0.00335	0.99999		-8.36237	60.53154	873.80761	179.65099	2.62311	-2.62267	0.74811	0.99791	0.04604	0.04544	0.04571	-0.99892	0.00818	0.04577	-0.00609	-0.99893		501.53292	4.45416	39.86522	1.07449	-0.37818	0.38727	0.40296	0.99996	0.00663	0.00673	-0.00676	0.99980	0.01871	-0.00660	-0.01875	0.99980	
91	0.90000	-0.10682	2.23829	0.43778	0.27997	-0.01149	-0.30168	0.46107	0.99999	-0.00527	0.00018	0.00527	0.99997	0.00489	-0.00020	-0.00489	0.99999		-7.10051	61.81620	873.88654	179.56163	2.53541	-2.60636	0.74980	0.99799	0.04581	0.04384	0.04543	-0.99892	0.00965	0.04424	-0.00764	-0.99899		501.55987	4.50947	39.28191	0.99335	-0.29817	0.40541	0.39797	0.99996	0.00698	0.00533	-0.00708	0.99983	0.01730	-0.00520	-0.01734	0.99984	
92	0.91000	-0.10941	2.23209	0.44403	0.29101	-0.01071	-0.29731	0.46186	0.99999	-0.00519	0.00016	0.00519	0.99997	0.00508	-0.00019	-0.00508	0.99999		-7.09332	61.99512	873.86704	179.55757	2.52903	-2.60490	0.74946	0.99799	0.04579	0.04373	0.04540	-0.99892	0.00972	0.04413	-0.00771	-0.99900		501.56074	4.46342	39.29013	0.95531	-0.29911	0.41607	0.39794	0.99996	0.00717	0.00534	-0.00726	0.99984	0.01663	-0.00522	-0.01667	0.99985	
93	0.92000	-0.13809	2.19385	0.59832	0.18363	0.07066	-0.29479	0.43906	0.99999	-0.00514	-0.00125	0.00515	0.99998	0.00320	0.00123	-0.00320	0.99999		-8.26730	60.37846	873.81707	179.65572	2.61147	-2.60673	0.75138	0.99793	0.04575	0.04524	0.04543	-0.99893	0.00807	0.04556	-0.00600	-0.99894		501.53559	4.41580	39.84015	1.07118	-0.38722	0.40316	0.40017	0.99995	0.00691	0.00689	-0.00704	0.99980	0.01865	-0.00676	-0.01869	0.99980	
94	0.93000	-0.12604	2.18070	0.59458	0.18845	0.06948	-0.28625	0.44018	0.99999	-0.00499	-0.00123	0.00500	0.99998	0.00328	0.00121	-0.00329	0.99999		-8.24809	60.44851	873.82105	179.65042	2.61188	-2.58622	0.74517	0.99794	0.04540	0.04525	0.04508	-0.99895	0.00815	0.04557	-0.00610	-0.99894		501.52661	4.37348	39.84329	1.08183	-0.37256	0.37797	0.39699	0.99996	0.00647	0.00663	-0.00660	0.99980	0.01884	-0.00650	-0.01888	0.99980	
