1	0.00000	0.04238	1.99272	0.53001	-0.05795	-0.15107	-0.24241	0.53290	0.99999	-0.00423	0.00264	0.00423	0.99999	-0.00100	-0.00264	0.00101	1.00000		-5.15179	56.80348	874.35538	179.91412	2.38849	-2.28912	0.58547	0.99833	0.04000	0.04158	0.03991	-0.99920	0.00316	0.04167	-0.00150	-0.99913		501.75491	3.75716	37.93763	1.27902	-0.44357	0.46804	0.37911	0.99994	0.00799	0.00792	-0.00817	0.99972	0.02226	-0.00774	-0.02232	0.99972	
2	0.01000	0.04248	1.97508	0.52014	-0.06899	-0.15483	-0.23504	0.53556	0.99999	-0.00410	0.00271	0.00410	0.99999	-0.00119	-0.00270	0.00120	1.00000		-5.03664	56.61740	874.37406	179.91037	2.36695	-2.28499	0.60095	0.99835	0.03993	0.04120	0.03984	-0.99920	0.00321	0.04130	-0.00156	-0.99915		501.75187	3.68665	37.91745	1.26452	-0.42671	0.47338	0.37820	0.99994	0.00810	0.00763	-0.00826	0.99972	0.02201	-0.00745	-0.02207	0.99973	
3	0.02000	-0.04475	1.92239	1.23659	-0.28776	0.09972	-0.24327	0.60083	0.99999	-0.00425	-0.00172	0.00425	0.99998	-0.00503	0.00174	0.00502	0.99999		-8.75660	53.29559	873.85718	-179.87286	2.63641	-2.29581	0.58656	0.99814	0.03996	0.04605	0.04002	-0.99920	-0.00037	0.04600	0.00222	-0.99894		501.69477	3.68868	39.38185	1.51061	-0.65571	0.34837	0.36650	0.99992	0.00578	0.01160	-0.00608	0.99964	0.02629	-0.01144	-0.02636	0.99959	
4	0.03000	0.01424	2.07649	0.70498	0.04302	-0.03810	-0.26058	0.55959	0.99999	-0.00455	0.00066	0.00455	0.99999	0.00075	-0.00066	-0.00075	1.00000		-6.55156	58.35594	874.10663	179.84920	2.56277	-2.52817	0.69601	0.99803	0.04423	0.04455	0.04407	-0.99902	0.00460	0.04471	-0.00263	-0.99900		501.70934	4.18533	38.85737	1.41069	-0.25442	0.25094	0.41637	0.99998	0.00427	0.00455	-0.00438	0.99969	0.02460	-0.00444	-0.02462	0.99969	
5	0.04000	0.01933	2.09704	0.67997	0.07041	-0.04938	-0.26742	0.56677	0.99999	-0.00467	0.00086	0.00467	0.99999	0.00123	-0.00086	-0.00123	1.00000		-6.41553	58.83006	874.02634	179.83386	2.49539	-2.56616	0.67953	0.99805	0.04490	0.04337	0.04473	-0.99899	0.00485	0.04354	-0.00290	-0.99905		501.69489	4.06744	38.73860	1.21356	-0.21674	0.35540	0.36842	0.99997	0.00612	0.00391	-0.00620	0.99976	0.02116	-0.00378	-0.02118	0.99977	
6	0.05000	0.24401	2.70998	0.05003	0.76387	-0.98612	-0.48985	0.65947	0.99982	-0.00878	0.01709	0.00855	0.99987	0.01348	-0.01721	-0.01333	0.99976		7.04582	68.79829	874.01596	179.21860	1.52270	-2.65617	0.58924	0.99857	0.04670	0.02591	0.04633	-0.99882	0.01485	0.02657	-0.01363	-0.99955		502.06073	5.53056	31.64519	0.10048	0.70615	1.12684	0.30927	0.99973	0.01969	-0.01229	-0.01966	0.99980	0.00200	0.01232	-0.00175	0.99992	
7	0.06000	-0.09291	2.18403	0.59805	0.26635	-0.03717	-0.30042	0.49709	0.99999	-0.00525	0.00062	0.00524	0.99998	0.00465	-0.00065	-0.00465	0.99999		-6.61513	61.71045	873.81590	179.56598	2.50866	-2.60439	0.72556	0.99801	0.04577	0.04338	0.04540	-0.99892	0.00956	0.04377	-0.00757	-0.99901		501.66061	4.27738	39.05114	0.89115	-0.31381	0.56778	0.44776	0.99994	0.00982	0.00563	-0.00991	0.99983	0.01550	-0.00548	-0.01555	0.99986	
8	0.07000	-0.09832	2.15924	0.57797	0.27849	-0.03013	-0.28891	0.49024	0.99999	-0.00504	0.00050	0.00504	0.99998	0.00486	-0.00053	-0.00486	0.99999		-6.75653	61.96247	873.80314	179.56325	2.51807	-2.59865	0.71598	0.99801	0.04567	0.04354	0.04530	-0.99893	0.00961	0.04393	-0.00762	-0.99901		501.64015	3.88226	39.17951	0.63947	-0.22237	0.94303	0.29170	0.99986	0.01641	0.00406	-0.01646	0.99980	0.01110	-0.00388	-0.01116	0.99993	
9	0.08000	-0.10416	2.16939	0.57793	0.27270	-0.02366	-0.29306	0.48763	0.99999	-0.00512	0.00039	0.00511	0.99998	0.00476	-0.00041	-0.00476	0.99999		-6.90037	61.86545	873.82239	179.54903	2.53428	-2.60344	0.72872	0.99799	0.04577	0.04381	0.04538	-0.99892	0.00987	0.04422	-0.00786	-0.99899		501.59807	4.26133	39.16058	0.92737	-0.24038	0.47798	0.39042	0.99996	0.00827	0.00433	-0.00834	0.99983	0.01615	-0.00420	-0.01618	0.99986	
10	0.09000	-0.10745	2.18402	0.54928	0.27149	-0.02584	-0.29873	0.48178	0.99999	-0.00522	0.00043	0.00521	0.99998	0.00474	-0.00045	-0.00474	0.99999		-6.91919	61.84836	873.85671	179.55453	2.54278	-2.60649	0.72908	0.99798	0.04582	0.04396	0.04543	-0.99892	0.00978	0.04437	-0.00777	-0.99899		501.66401	3.96774	39.13202	0.64499	-0.31288	0.90430	0.30487	0.99986	0.01572	0.00564	-0.01578	0.99981	0.01117	-0.00546	-0.01126	0.99992	
11	0.10000	-0.10894	2.16324	0.55346	0.27542	-0.01545	-0.28699	0.48014	0.99999	-0.00501	0.00025	0.00501	0.99998	0.00481	-0.00027	-0.00481	0.99999		-7.10802	61.96046	873.84921	179.55107	2.56107	-2.60335	0.72970	0.99797	0.04577	0.04428	0.04538	-0.99892	0.00986	0.04468	-0.00783	-0.99897		501.60167	4.23208	39.23390	0.94063	-0.26162	0.45430	0.38881	0.99996	0.00785	0.00470	-0.00793	0.99983	0.01638	-0.00457	-0.01642	0.99985	
12	0.11000	-0.10224	2.17739	0.53183	0.28165	-0.02252	-0.29283	0.48259	0.99999	-0.00511	0.00037	0.00511	0.99998	0.00492	-0.00039	-0.00492	0.99999		-7.04160	62.04233	873.87642	179.53658	2.56696	-2.60279	0.72357	0.99797	0.04577	0.04437	0.04537	-0.99892	0.01011	0.04479	-0.00808	-0.99896		501.66521	3.92459	39.17026	0.62884	-0.32258	0.90405	0.30181	0.99986	0.01572	0.00580	-0.01578	0.99982	0.01088	-0.00563	-0.01097	0.99992	
13	0.12000	-0.09558	2.16724	0.50100	0.28395	-0.03334	-0.28735	0.48133	0.99999	-0.00502	0.00056	0.00502	0.99998	0.00496	-0.00058	-0.00496	0.99999		-6.88107	62.10063	873.90000	179.53809	2.55532	-2.60141	0.72203	0.99798	0.04575	0.04417	0.04534	-0.99892	0.01008	0.04458	-0.00805	-0.99897		501.66476	3.88429	39.10466	0.62807	-0.31011	0.90412	0.29993	0.99986	0.01572	0.00558	-0.01578	0.99982	0.01087	-0.00541	-0.01096	0.99993	
14	0.13000	-0.10342	2.16186	0.49732	0.29153	-0.03269	-0.28360	0.47342	0.99999	-0.00495	0.00055	0.00495	0.99997	0.00509	-0.00057	-0.00509	0.99999		-6.86316	62.22774	873.89124	179.53568	2.55465	-2.59653	0.72757	0.99798	0.04566	0.04416	0.04526	-0.99892	0.01011	0.04457	-0.00810	-0.99897		501.61307	4.21418	39.11587	0.92005	-0.25264	0.44851	0.39364	0.99996	0.00776	0.00453	-0.00783	0.99984	0.01602	-0.00441	-0.01606	0.99986	
15	0.14000	-0.10790	2.17687	0.49704	0.28327	-0.02915	-0.29112	0.47729	0.99999	-0.00508	0.00048	0.00508	0.99998	0.00495	-0.00051	-0.00494	0.99999		-6.88589	62.08156	873.89597	179.54099	2.54744	-2.60440	0.73298	0.99798	0.04579	0.04404	0.04539	-0.99892	0.01002	0.04445	-0.00800	-0.99898		501.67546	3.92666	39.13230	0.63988	-0.31944	0.88721	0.30257	0.99986	0.01542	0.00575	-0.01548	0.99982	0.01108	-0.00558	-0.01117	0.99992	
16	0.15000	-0.10696	2.18206	0.51214	0.28595	-0.02388	-0.29254	0.47764	0.99999	-0.00511	0.00039	0.00511	0.99997	0.00499	-0.00042	-0.00499	0.99999		-6.91883	62.09563	873.88110	179.54411	2.55011	-2.59562	0.73056	0.99798	0.04564	0.04409	0.04524	-0.99893	0.00996	0.04449	-0.00795	-0.99898		501.60642	4.29824	39.17941	0.95580	-0.26098	0.42851	0.39241	0.99996	0.00740	0.00468	-0.00748	0.99983	0.01665	-0.00455	-0.01668	0.99985	
17	0.16000	-0.10408	2.17127	0.49796	0.28438	-0.02555	-0.28969	0.47192	0.99999	-0.00506	0.00042	0.00506	0.99998	0.00496	-0.00045	-0.00496	0.99999		-6.85119	62.07936	873.87841	179.54268	2.52842	-2.60513	0.72625	0.99799	0.04580	0.04371	0.04541	-0.99892	0.00998	0.04411	-0.00797	-0.99899		501.59608	4.23578	39.16920	0.90167	-0.25046	0.46143	0.39564	0.99996	0.00798	0.00450	-0.00805	0.99984	0.01570	-0.00437	-0.01574	0.99987	
18	0.17000	-0.10485	2.17392	0.49937	0.28487	-0.02327	-0.29002	0.47601	0.99999	-0.00506	0.00038	0.00506	0.99997	0.00497	-0.00041	-0.00497	0.99999		-6.84273	62.06963	873.87022	179.54533	2.52556	-2.60793	0.73772	0.99799	0.04585	0.04366	0.04546	-0.99892	0.00993	0.04407	-0.00793	-0.99900		501.66372	3.89907	39.17553	0.62750	-0.32252	0.90995	0.29802	0.99986	0.01582	0.00580	-0.01588	0.99981	0.01086	-0.00563	-0.01095	0.99992	
19	0.18000	-0.10141	2.17221	0.49336	0.27493	-0.02589	-0.29017	0.47097	0.99999	-0.00507	0.00043	0.00506	0.99998	0.00480	-0.00045	-0.00480	0.99999		-6.78237	61.90077	873.90420	179.56654	2.52830	-2.61133	0.73247	0.99799	0.04589	0.04372	0.04552	-0.99892	0.00957	0.04411	-0.00756	-0.99900		501.60523	4.24293	39.17318	0.93531	-0.25231	0.45230	0.39097	0.99996	0.00782	0.00453	-0.00789	0.99984	0.01629	-0.00440	-0.01632	0.99986	
20	0.19000	-0.10046	2.19068	0.47559	0.29618	-0.03334	-0.29412	0.47103	0.99999	-0.00514	0.00056	0.00513	0.99997	0.00517	-0.00058	-0.00517	0.99999		-6.67935	62.18048	873.90633	179.54027	2.52303	-2.61532	0.73396	0.99799	0.04598	0.04361	0.04559	-0.99891	0.01002	0.04402	-0.00802	-0.99900		501.60688	4.29451	39.12825	0.92688	-0.23970	0.43900	0.39227	0.99996	0.00759	0.00431	-0.00766	0.99984	0.01614	-0.00418	-0.01618	0.99986	
21	0.20000	-0.09915	2.18182	0.51382	0.27314	-0.01627	-0.29331	0.47217	0.99999	-0.00512	0.00026	0.00512	0.99998	0.00477	-0.00028	-0.00477	0.99999		-6.95929	61.82061	873.86818	179.56969	2.52635	-2.60469	0.72489	0.99800	0.04577	0.04369	0.04540	-0.99892	0.00951	0.04408	-0.00750	-0.99900		501.66382	3.91895	39.21823	0.63494	-0.33026	0.90390	0.30005	0.99986	0.01571	0.00594	-0.01578	0.99982	0.01099	-0.00576	-0.01108	0.99992	
22	0.21000	-0.10250	2.18012	0.47734	0.27356	-0.02799	-0.29139	0.46735	0.99999	-0.00509	0.00046	0.00509	0.99998	0.00478	-0.00049	-0.00477	0.99999		-6.80703	61.82784	873.91091	179.57585	2.52209	-2.61572	0.72799	0.99799	0.04596	0.04362	0.04559	-0.99892	0.00940	0.04400	-0.00740	-0.99900		501.67024	3.89185	39.15438	0.62869	-0.31524	0.90359	0.29686	0.99986	0.01571	0.00567	-0.01577	0.99982	0.01088	-0.00550	-0.01097	0.99992	
23	0.22000	-0.10634	2.17706	0.49115	0.28415	-0.02222	-0.29024	0.47027	0.99999	-0.00507	0.00036	0.00507	0.99998	0.00496	-0.00039	-0.00496	0.99999		-6.92207	61.97006	873.90259	179.55807	2.54094	-2.61237	0.73307	0.99798	0.04592	0.04393	0.04553	-0.99892	0.00973	0.04433	-0.00771	-0.99899		501.66191	3.89332	39.19507	0.62823	-0.31812	0.91659	0.29597	0.99986	0.01594	0.00573	-0.01600	0.99981	0.01087	-0.00555	-0.01096	0.99992	
24	0.23000	-0.11416	2.17481	0.47708	0.28005	-0.02724	-0.29226	0.46855	0.99999	-0.00510	0.00045	0.00510	0.99998	0.00489	-0.00048	-0.00489	0.99999		-6.88405	61.92947	873.91386	179.57596	2.53889	-2.61860	0.72731	0.99798	0.04601	0.04391	0.04564	-0.99891	0.00942	0.04430	-0.00739	-0.99899		501.60684	4.26609	39.17223	0.92989	-0.24882	0.44693	0.38928	0.99996	0.00773	0.00447	-0.00780	0.99984	0.01619	-0.00434	-0.01623	0.99986	
25	0.24000	-0.11866	2.16947	0.48035	0.28677	-0.02590	-0.28885	0.46969	0.99999	-0.00504	0.00043	0.00504	0.99997	0.00501	-0.00045	-0.00501	0.99999		-6.91745	62.02279	873.92313	179.55739	2.55247	-2.60849	0.73265	0.99797	0.04585	0.04414	0.04547	-0.99892	0.00974	0.04453	-0.00772	-0.99898		501.67730	3.89266	39.16624	0.61819	-0.32532	0.89711	0.29600	0.99986	0.01559	0.00585	-0.01566	0.99982	0.01070	-0.00568	-0.01079	0.99993	
26	0.25000	-0.11587	2.17528	0.47535	0.28606	-0.02777	-0.29060	0.47406	0.99999	-0.00507	0.00046	0.00507	0.99997	0.00499	-0.00048	-0.00499	0.99999		-6.92491	62.02013	873.91844	179.55205	2.54549	-2.61655	0.73168	0.99797	0.04600	0.04401	0.04561	-0.99891	0.00984	0.04441	-0.00781	-0.99898		501.60831	4.26469	39.17077	0.93071	-0.25393	0.44105	0.39116	0.99996	0.00762	0.00456	-0.00770	0.99984	0.01621	-0.00443	-0.01624	0.99986	
27	0.26000	-0.11085	2.18165	0.48245	0.28253	-0.02731	-0.29201	0.47204	0.99999	-0.00510	0.00045	0.00510	0.99998	0.00493	-0.00048	-0.00493	0.99999		-6.93986	61.98035	873.91399	179.55077	2.54949	-2.61365	0.73128	0.99797	0.04595	0.04408	0.04556	-0.99891	0.00986	0.04448	-0.00783	-0.99898		501.60071	4.26526	39.16641	0.93356	-0.24524	0.43733	0.39516	0.99996	0.00756	0.00440	-0.00763	0.99984	0.01626	-0.00428	-0.01629	0.99986	
28	0.27000	-0.10774	2.17958	0.48581	0.27804	-0.02303	-0.29306	0.46989	0.99999	-0.00512	0.00038	0.00511	0.99998	0.00485	-0.00040	-0.00485	0.99999		-7.00302	61.93336	873.90428	179.55531	2.55013	-2.61338	0.72935	0.99797	0.04594	0.04409	0.04555	-0.99891	0.00978	0.04449	-0.00775	-0.99898		501.60046	4.27419	39.19046	0.94274	-0.26340	0.43683	0.39731	0.99996	0.00755	0.00472	-0.00762	0.99984	0.01642	-0.00460	-0.01645	0.99985	
29	0.28000	-0.10460	2.18915	0.49919	0.28563	-0.01738	-0.29376	0.47256	0.99999	-0.00513	0.00028	0.00513	0.99997	0.00499	-0.00030	-0.00499	0.99999		-7.06398	62.05963	873.89328	179.54652	2.56457	-2.61230	0.72909	0.99796	0.04593	0.04434	0.04553	-0.99891	0.00995	0.04475	-0.00791	-0.99897		501.65853	3.90124	39.21549	0.60054	-0.32182	0.91670	0.29465	0.99986	0.01594	0.00578	-0.01600	0.99982	0.01039	-0.00562	-0.01048	0.99993	
30	0.29000	-0.10377	2.18503	0.47264	0.29229	-0.02884	-0.29029	0.46970	0.99999	-0.00507	0.00048	0.00507	0.99997	0.00510	-0.00050	-0.00510	0.99999		-6.85420	62.19149	873.91138	179.53642	2.54602	-2.60592	0.73132	0.99798	0.04582	0.04401	0.04542	-0.99892	0.01010	0.04442	-0.00808	-0.99898		501.67237	3.87957	39.13125	0.60618	-0.32879	0.92000	0.29613	0.99985	0.01599	0.00591	-0.01606	0.99982	0.01049	-0.00574	-0.01058	0.99993	
31	0.30000	-0.10728	2.18790	0.47542	0.28583	-0.02409	-0.29307	0.47132	0.99999	-0.00512	0.00040	0.00512	0.99997	0.00499	-0.00042	-0.00499	0.99999		-6.88378	62.12295	873.89688	179.54774	2.53968	-2.61800	0.73620	0.99798	0.04602	0.04390	0.04563	-0.99891	0.00991	0.04431	-0.00789	-0.99899		501.60516	4.27474	39.18682	0.93758	-0.25943	0.43943	0.39312	0.99996	0.00759	0.00465	-0.00767	0.99984	0.01633	-0.00453	-0.01636	0.99986	
32	0.31000	-0.10775	2.20411	0.45486	0.29766	-0.03345	-0.29788	0.47273	0.99999	-0.00520	0.00056	0.00520	0.99997	0.00520	-0.00058	-0.00520	0.99999		-6.71989	62.28118	873.89803	179.52522	2.52139	-2.61542	0.73333	0.99799	0.04599	0.04357	0.04559	-0.99891	0.01029	0.04399	-0.00828	-0.99900		501.60977	4.30659	39.11441	0.92027	-0.25570	0.44017	0.40125	0.99996	0.00761	0.00459	-0.00768	0.99984	0.01603	-0.00446	-0.01606	0.99986	
33	0.32000	-0.11232	2.16423	0.48912	0.28152	-0.02010	-0.28494	0.46769	0.99999	-0.00497	0.00033	0.00497	0.99998	0.00491	-0.00035	-0.00491	0.99999		-6.88558	62.08613	873.86707	179.54555	2.52256	-2.60530	0.73067	0.99800	0.04580	0.04361	0.04541	-0.99892	0.00992	0.04401	-0.00792	-0.99900		501.60521	4.22629	39.20878	0.93139	-0.25589	0.41533	0.39428	0.99996	0.00718	0.00458	-0.00725	0.99984	0.01622	-0.00447	-0.01625	0.99986	
34	0.33000	-0.10771	2.18501	0.46203	0.29412	-0.02885	-0.28976	0.46659	0.99999	-0.00506	0.00048	0.00506	0.99997	0.00514	-0.00050	-0.00513	0.99999		-6.76178	62.24751	873.90550	179.52872	2.52673	-2.61135	0.73223	0.99799	0.04592	0.04366	0.04552	-0.99891	0.01023	0.04409	-0.00822	-0.99899		501.60186	4.23910	39.16855	0.91301	-0.24092	0.44226	0.39216	0.99996	0.00765	0.00433	-0.00772	0.99984	0.01590	-0.00420	-0.01593	0.99986	
35	0.34000	-0.13474	2.16352	0.64819	0.19082	0.06614	-0.29456	0.44366	0.99999	-0.00514	-0.00117	0.00514	0.99998	0.00332	0.00115	-0.00333	0.99999		-8.19903	60.66793	873.81691	179.64507	2.62026	-2.61496	0.72827	0.99791	0.04591	0.04539	0.04558	-0.99893	0.00827	0.04572	-0.00619	-0.99894		501.63262	3.87059	39.78651	0.70262	-0.41748	0.91233	0.29618	0.99985	0.01583	0.00748	-0.01592	0.99980	0.01215	-0.00729	-0.01226	0.99990	
36	0.35000	-0.10312	2.18842	0.47762	0.28627	-0.02121	-0.29304	0.46464	0.99999	-0.00512	0.00035	0.00511	0.99997	0.00500	-0.00037	-0.00500	0.99999		-6.93659	62.08678	873.89518	179.54639	2.53505	-2.61946	0.73244	0.99798	0.04605	0.04382	0.04566	-0.99891	0.00993	0.04423	-0.00791	-0.99899		501.60350	4.30055	39.21725	0.95356	-0.24978	0.40972	0.39113	0.99996	0.00708	0.00448	-0.00715	0.99984	0.01661	-0.00436	-0.01664	0.99985	
37	0.36000	-0.10360	2.17229	0.46906	0.28881	-0.02652	-0.28811	0.47083	0.99999	-0.00503	0.00044	0.00503	0.99997	0.00504	-0.00046	-0.00504	0.99999		-6.88382	62.10686	873.91045	179.54895	2.53805	-2.60449	0.73289	0.99799	0.04579	0.04388	0.04540	-0.99892	0.00988	0.04428	-0.00786	-0.99899		501.60449	4.25722	39.17789	0.94699	-0.25641	0.42124	0.39583	0.99996	0.00728	0.00460	-0.00735	0.99984	0.01649	-0.00448	-0.01653	0.99985	
38	0.37000	-0.10591	2.18300	0.46994	0.28212	-0.02574	-0.29122	0.46541	0.99999	-0.00508	0.00042	0.00508	0.99998	0.00493	-0.00045	-0.00492	0.99999		-6.92423	61.97580	873.92687	179.55768	2.55002	-2.61686	0.73423	0.99797	0.04600	0.04409	0.04561	-0.99891	0.00974	0.04449	-0.00771	-0.99898		501.60111	4.25045	39.17909	0.92159	-0.25412	0.43423	0.39391	0.99996	0.00751	0.00456	-0.00758	0.99984	0.01605	-0.00444	-0.01608	0.99986	
39	0.38000	-0.11120	2.19592	0.48041	0.28008	-0.02186	-0.29788	0.46801	0.99999	-0.00520	0.00036	0.00520	0.99997	0.00489	-0.00038	-0.00489	0.99999		-7.00709	61.91004	873.91221	179.55760	2.54797	-2.61739	0.73110	0.99797	0.04601	0.04406	0.04562	-0.99891	0.00974	0.04446	-0.00771	-0.99898		501.66474	3.94090	39.18730	0.62023	-0.32478	0.89772	0.29920	0.99986	0.01561	0.00584	-0.01567	0.99982	0.01073	-0.00567	-0.01082	0.99993	
40	0.39000	-0.10942	2.17978	0.47045	0.28628	-0.02570	-0.29050	0.46541	0.99999	-0.00507	0.00042	0.00507	0.99997	0.00500	-0.00045	-0.00500	0.99999		-6.95268	62.02461	873.91492	179.55865	2.54461	-2.62735	0.72926	0.99796	0.04618	0.04400	0.04579	-0.99890	0.00973	0.04440	-0.00770	-0.99898		501.66386	3.89455	39.16321	0.63147	-0.32888	0.88626	0.29548	0.99986	0.01540	0.00591	-0.01547	0.99982	0.01093	-0.00574	-0.01102	0.99992	
41	0.40000	-0.10802	2.17981	0.46148	0.28498	-0.02975	-0.29081	0.46828	0.99999	-0.00508	0.00049	0.00508	0.99997	0.00498	-0.00052	-0.00497	0.99999		-6.88972	61.97311	873.93422	179.55061	2.54510	-2.61395	0.73477	0.99797	0.04595	0.04400	0.04556	-0.99891	0.00986	0.04441	-0.00784	-0.99898		501.58980	4.25795	39.15326	0.93052	-0.24220	0.42357	0.38782	0.99996	0.00732	0.00435	-0.00739	0.99984	0.01621	-0.00423	-0.01624	0.99986	
42	0.41000	-0.10942	2.18431	0.46821	0.28900	-0.02797	-0.29185	0.46601	0.99999	-0.00510	0.00046	0.00509	0.99997	0.00505	-0.00049	-0.00504	0.99999		-6.91235	62.03892	873.90637	179.55498	2.53160	-2.61936	0.72969	0.99798	0.04604	0.04377	0.04566	-0.99891	0.00978	0.04417	-0.00776	-0.99899		501.58549	4.23622	39.16729	0.90846	-0.23516	0.45081	0.38986	0.99996	0.00780	0.00423	-0.00787	0.99984	0.01582	-0.00410	-0.01585	0.99987	
43	0.42000	-0.10337	2.18579	0.45349	0.29623	-0.03320	-0.29003	0.46952	0.99999	-0.00506	0.00055	0.00506	0.99997	0.00517	-0.00058	-0.00517	0.99999		-6.81164	62.15262	873.92868	179.54425	2.53575	-2.62051	0.73011	0.99798	0.04607	0.04383	0.04568	-0.99891	0.00997	0.04424	-0.00795	-0.99899		501.65973	3.88688	39.11737	0.62222	-0.31426	0.89220	0.29272	0.99986	0.01551	0.00565	-0.01557	0.99982	0.01077	-0.00548	-0.01086	0.99993	
44	0.43000	-0.09983	2.18588	0.46776	0.28232	-0.02581	-0.29137	0.46832	0.99999	-0.00509	0.00043	0.00509	0.99998	0.00493	-0.00045	-0.00493	0.99999		-6.89929	61.95529	873.92131	179.55318	2.53736	-2.62116	0.73188	0.99797	0.04608	0.04387	0.04569	-0.99891	0.00981	0.04427	-0.00779	-0.99899		501.59629	4.24822	39.17975	0.92564	-0.25585	0.43620	0.39153	0.99996	0.00754	0.00459	-0.00761	0.99984	0.01612	-0.00447	-0.01615	0.99986	
45	0.44000	-0.12965	2.13803	0.63917	0.17059	0.06279	-0.28285	0.44300	0.99999	-0.00493	-0.00111	0.00494	0.99998	0.00297	0.00110	-0.00298	0.99999		-8.16698	60.31720	873.84948	179.66963	2.61971	-2.61215	0.73145	0.99792	0.04584	0.04540	0.04553	-0.99893	0.00784	0.04571	-0.00576	-0.99894		501.57497	4.16526	39.78386	1.05216	-0.34881	0.41362	0.38848	0.99996	0.00711	0.00622	-0.00722	0.99981	0.01832	-0.00609	-0.01836	0.99981	
46	0.45000	-0.10382	2.20115	0.47274	0.28901	-0.02403	-0.29720	0.47234	0.99999	-0.00519	0.00039	0.00519	0.99997	0.00505	-0.00042	-0.00504	0.99999		-6.87371	62.08996	873.90252	179.54152	2.52913	-2.62660	0.73027	0.99798	0.04618	0.04371	0.04578	-0.99890	0.01002	0.04413	-0.00799	-0.99899		501.67520	3.92780	39.17060	0.60137	-0.33393	0.91157	0.29707	0.99986	0.01585	0.00599	-0.01591	0.99982	0.01040	-0.00583	-0.01050	0.99993	
47	0.46000	-0.09962	2.19338	0.45791	0.28300	-0.02845	-0.29572	0.46745	0.99999	-0.00516	0.00047	0.00516	0.99997	0.00494	-0.00050	-0.00494	0.99999		-6.79344	62.02763	873.93376	179.55460	2.53730	-2.61831	0.73457	0.99798	0.04602	0.04387	0.04564	-0.99891	0.00979	0.04427	-0.00777	-0.99899		501.60474	4.29682	39.16168	0.92915	-0.25391	0.42511	0.39284	0.99996	0.00735	0.00455	-0.00742	0.99984	0.01618	-0.00443	-0.01622	0.99986	
48	0.47000	-0.10050	2.19689	0.46637	0.29523	-0.02550	-0.29329	0.46728	0.99999	-0.00512	0.00042	0.00512	0.99997	0.00515	-0.00044	-0.00515	0.99999		-6.83811	62.22276	873.89200	179.53169	2.53154	-2.61138	0.73603	0.99799	0.04592	0.04375	0.04552	-0.99891	0.01018	0.04417	-0.00817	-0.99899		501.66607	3.92080	39.15502	0.61344	-0.33761	0.88417	0.29882	0.99986	0.01537	0.00606	-0.01543	0.99982	0.01061	-0.00589	-0.01071	0.99993	
49	0.48000	-0.10445	2.18733	0.46093	0.29194	-0.02879	-0.29084	0.47194	0.99999	-0.00508	0.00048	0.00508	0.99997	0.00510	-0.00050	-0.00510	0.99999		-6.79618	62.20485	873.90030	179.53841	2.52918	-2.62226	0.72673	0.99798	0.04610	0.04371	0.04571	-0.99890	0.01007	0.04413	-0.00805	-0.99899		501.67130	3.89311	39.14195	0.60896	-0.31846	0.90517	0.29063	0.99986	0.01574	0.00572	-0.01580	0.99982	0.01054	-0.00556	-0.01063	0.99993	
50	0.49000	-0.10581	2.19207	0.45057	0.28671	-0.03304	-0.29532	0.46845	0.99999	-0.00516	0.00055	0.00515	0.99997	0.00501	-0.00058	-0.00500	0.99999		-6.76584	62.12203	873.92582	179.54822	2.53020	-2.62129	0.72629	0.99798	0.04608	0.04374	0.04569	-0.99891	0.00990	0.04415	-0.00788	-0.99899		501.67399	3.92111	39.11281	0.62253	-0.31951	0.90916	0.29279	0.99986	0.01581	0.00575	-0.01587	0.99982	0.01078	-0.00558	-0.01086	0.99993	
51	0.50000	-0.10648	2.20211	0.44658	0.29207	-0.03324	-0.29510	0.47006	0.99999	-0.00515	0.00055	0.00515	0.99997	0.00510	-0.00058	-0.00510	0.99999		-6.79435	62.19482	873.93189	179.54269	2.54597	-2.61910	0.72758	0.99797	0.04605	0.04401	0.04565	-0.99891	0.01000	0.04442	-0.00797	-0.99898		501.67362	3.90659	39.10617	0.60408	-0.32782	0.91563	0.29387	0.99986	0.01592	0.00589	-0.01598	0.99982	0.01045	-0.00572	-0.01054	0.99993	
52	0.51000	-0.10440	2.19604	0.45064	0.29591	-0.03042	-0.29310	0.46890	0.99999	-0.00512	0.00051	0.00512	0.99997	0.00517	-0.00053	-0.00516	0.99999		-6.86889	62.25331	873.91630	179.52911	2.54178	-2.61835	0.73027	0.99797	0.04605	0.04392	0.04564	-0.99891	0.01024	0.04435	-0.00821	-0.99898		501.66390	3.89916	39.14627	0.60038	-0.31000	0.91396	0.29003	0.99986	0.01589	0.00558	-0.01595	0.99982	0.01039	-0.00541	-0.01048	0.99993	
53	0.52000	-0.10481	2.18620	0.44915	0.29273	-0.03123	-0.29145	0.46707	0.99999	-0.00509	0.00052	0.00509	0.99997	0.00511	-0.00055	-0.00511	0.99999		-6.88914	62.21239	873.90146	179.53883	2.53788	-2.61825	0.72069	0.99798	0.04604	0.04386	0.04564	-0.99891	0.01006	0.04428	-0.00804	-0.99899		501.60653	4.27175	39.14334	0.93296	-0.25419	0.42703	0.39212	0.99996	0.00738	0.00456	-0.00745	0.99984	0.01625	-0.00444	-0.01628	0.99986	
54	0.53000	-0.13737	2.14071	0.66177	0.17551	0.07286	-0.28700	0.44208	0.99999	-0.00500	-0.00129	0.00501	0.99998	0.00306	0.00127	-0.00306	0.99999		-8.44403	60.44628	873.80437	179.66379	2.63933	-2.61101	0.72082	0.99790	0.04582	0.04573	0.04551	-0.99893	0.00796	0.04605	-0.00586	-0.99892		501.63308	3.81312	39.82657	0.71802	-0.42464	0.90895	0.29175	0.99985	0.01577	0.00761	-0.01586	0.99980	0.01241	-0.00741	-0.01253	0.99989	
55	0.54000	-0.10807	2.18771	0.46388	0.28471	-0.02429	-0.29220	0.46450	0.99999	-0.00510	0.00040	0.00510	0.99997	0.00497	-0.00042	-0.00497	0.99999		-6.99466	62.04103	873.91387	179.55048	2.54889	-2.61934	0.73088	0.99797	0.04605	0.04407	0.04565	-0.99891	0.00987	0.04447	-0.00784	-0.99898		501.66895	3.88828	39.17769	0.61063	-0.33033	0.91915	0.29352	0.99985	0.01598	0.00594	-0.01604	0.99982	0.01056	-0.00577	-0.01066	0.99993	
56	0.55000	-0.10899	2.18334	0.45320	0.28641	-0.03150	-0.29185	0.46995	0.99999	-0.00510	0.00052	0.00509	0.99997	0.00500	-0.00055	-0.00500	0.99999		-6.85836	62.04908	873.93217	179.55020	2.54288	-2.61081	0.72879	0.99798	0.04590	0.04396	0.04551	-0.99892	0.00986	0.04437	-0.00784	-0.99898		501.67382	3.87499	39.11311	0.59982	-0.33113	0.92815	0.29524	0.99985	0.01614	0.00595	-0.01620	0.99981	0.01037	-0.00578	-0.01047	0.99993	
57	0.56000	-0.10875	2.18402	0.44359	0.29410	-0.03466	-0.29027	0.46669	0.99999	-0.00507	0.00058	0.00507	0.99997	0.00514	-0.00060	-0.00513	0.99999		-6.78221	62.16571	873.93169	179.53745	2.52848	-2.62215	0.72961	0.99798	0.04610	0.04370	0.04570	-0.99890	0.01008	0.04412	-0.00807	-0.99899		501.67424	3.86311	39.09522	0.58803	-0.33268	0.93785	0.28985	0.99985	0.01631	0.00597	-0.01637	0.99981	0.01017	-0.00581	-0.01026	0.99993	
58	0.57000	-0.11007	2.19866	0.46507	0.27932	-0.02411	-0.29776	0.46827	0.99999	-0.00520	0.00040	0.00520	0.99997	0.00488	-0.00042	-0.00488	0.99999		-6.91820	61.91898	873.91339	179.56267	2.53284	-2.62803	0.73381	0.99797	0.04619	0.04379	0.04581	-0.99890	0.00965	0.04419	-0.00763	-0.99899		501.67017	3.92756	39.17544	0.62323	-0.33788	0.91970	0.29437	0.99985	0.01599	0.00607	-0.01605	0.99981	0.01078	-0.00590	-0.01088	0.99992	
59	0.58000	-0.10962	2.17680	0.46803	0.29402	-0.02417	-0.28732	0.46974	0.99999	-0.00502	0.00040	0.00501	0.99997	0.00513	-0.00042	-0.00513	0.99999		-6.88236	62.14929	873.88868	179.54718	2.52283	-2.61785	0.73440	0.99799	0.04602	0.04361	0.04563	-0.99891	0.00991	0.04402	-0.00790	-0.99900		501.60842	4.24778	39.18570	0.93163	-0.27360	0.42910	0.38928	0.99996	0.00741	0.00490	-0.00749	0.99984	0.01622	-0.00478	-0.01626	0.99986	
60	0.59000	-0.10765	2.19812	0.46355	0.27919	-0.02479	-0.29634	0.46647	0.99999	-0.00517	0.00041	0.00517	0.99997	0.00487	-0.00043	-0.00487	0.99999		-6.86124	61.90528	873.91726	179.56590	2.52581	-2.62658	0.73494	0.99798	0.04616	0.04367	0.04578	-0.99891	0.00959	0.04407	-0.00757	-0.99900		501.67385	3.91659	39.17216	0.62267	-0.33731	0.90909	0.29414	0.99986	0.01580	0.00606	-0.01587	0.99982	0.01077	-0.00589	-0.01087	0.99992	
61	0.60000	-0.10305	2.18743	0.47170	0.27345	-0.02117	-0.29385	0.46712	0.99999	-0.00513	0.00035	0.00513	0.99998	0.00477	-0.00037	-0.00477	0.99999		-6.90538	61.82174	873.91433	179.56540	2.53185	-2.62682	0.73292	0.99797	0.04616	0.04378	0.04579	-0.99891	0.00960	0.04417	-0.00758	-0.99900		501.67966	3.90314	39.19005	0.64078	-0.35487	0.91573	0.28938	0.99985	0.01591	0.00637	-0.01598	0.99981	0.01108	-0.00619	-0.01118	0.99992	
62	0.61000	-0.10615	2.19503	0.45534	0.28401	-0.02632	-0.29565	0.46341	0.99999	-0.00516	0.00043	0.00516	0.99997	0.00496	-0.00046	-0.00496	0.99999		-6.83138	61.97769	873.92055	179.55876	2.53091	-2.62018	0.73154	0.99798	0.04605	0.04376	0.04567	-0.99891	0.00971	0.04416	-0.00769	-0.99899		501.60924	4.28641	39.18839	0.93170	-0.26104	0.44141	0.39251	0.99996	0.00763	0.00468	-0.00770	0.99984	0.01622	-0.00456	-0.01626	0.99986	
63	0.62000	-0.10847	2.19186	0.46386	0.28826	-0.02333	-0.29448	0.46765	0.99999	-0.00514	0.00038	0.00514	0.99997	0.00503	-0.00041	-0.00503	0.99999		-6.89526	62.05134	873.91124	179.54407	2.53132	-2.62238	0.73092	0.99798	0.04610	0.04375	0.04571	-0.99891	0.00997	0.04417	-0.00795	-0.99899		501.59769	4.29072	39.21432	0.94829	-0.25409	0.43777	0.39190	0.99996	0.00757	0.00456	-0.00764	0.99983	0.01652	-0.00443	-0.01655	0.99985	
64	0.63000	-0.11216	2.20148	0.44350	0.29414	-0.03292	-0.29822	0.46724	0.99999	-0.00521	0.00055	0.00520	0.99997	0.00514	-0.00057	-0.00513	0.99999		-6.77774	62.14827	873.90625	179.53932	2.50980	-2.62447	0.73208	0.99799	0.04614	0.04337	0.04575	-0.99890	0.01004	0.04379	-0.00803	-0.99901		501.68470	3.95972	39.12072	0.62797	-0.32664	0.89557	0.29409	0.99986	0.01557	0.00587	-0.01563	0.99982	0.01087	-0.00570	-0.01096	0.99992	
65	0.64000	-0.11511	2.18759	0.46255	0.28508	-0.02462	-0.29332	0.46317	0.99999	-0.00512	0.00040	0.00512	0.99997	0.00498	-0.00043	-0.00498	0.99999		-6.91022	62.04778	873.91662	179.55405	2.54468	-2.62336	0.72998	0.99797	0.04611	0.04399	0.04573	-0.99891	0.00981	0.04440	-0.00778	-0.99898		501.57075	4.24972	39.29362	0.94409	-0.16062	0.47259	0.38112	0.99996	0.00820	0.00294	-0.00825	0.99983	0.01645	-0.00280	-0.01648	0.99986	
66	0.65000	-0.11783	2.20996	0.44928	0.28914	-0.03027	-0.30037	0.46577	0.99999	-0.00524	0.00050	0.00524	0.99997	0.00505	-0.00053	-0.00505	0.99999		-6.86412	62.08872	873.92655	179.54677	2.53853	-2.61825	0.73012	0.99798	0.04603	0.04388	0.04564	-0.99891	0.00993	0.04429	-0.00790	-0.99899		501.68318	3.94965	39.13671	0.61409	-0.32054	0.92345	0.29357	0.99985	0.01606	0.00577	-0.01612	0.99981	0.01063	-0.00559	-0.01072	0.99993	
67	0.66000	-0.10878	2.19282	0.43941	0.30493	-0.03370	-0.29197	0.46715	0.99999	-0.00510	0.00056	0.00510	0.99997	0.00532	-0.00059	-0.00532	0.99999		-6.83667	62.34171	873.92520	179.51993	2.54501	-2.60224	0.73280	0.99798	0.04577	0.04398	0.04536	-0.99892	0.01039	0.04440	-0.00837	-0.99898		501.61404	4.29330	39.13210	0.92170	-0.25770	0.42550	0.39085	0.99996	0.00735	0.00462	-0.00743	0.99984	0.01605	-0.00450	-0.01609	0.99986	
68	0.67000	-0.10860	2.20892	0.43876	0.28849	-0.03599	-0.30009	0.46787	0.99999	-0.00524	0.00060	0.00524	0.99997	0.00504	-0.00063	-0.00504	0.99999		-6.81876	62.10706	873.95144	179.54555	2.55072	-2.62782	0.73131	0.99796	0.04620	0.04409	0.04580	-0.99890	0.00996	0.04450	-0.00792	-0.99898		501.68829	3.94574	39.10298	0.61287	-0.31980	0.92245	0.29013	0.99985	0.01604	0.00575	-0.01610	0.99981	0.01061	-0.00558	-0.01070	0.99993	
69	0.68000	-0.10843	2.18173	0.44612	0.29390	-0.03318	-0.28943	0.46841	0.99999	-0.00505	0.00055	0.00505	0.99997	0.00513	-0.00058	-0.00513	0.99999		-6.85490	62.20687	873.93195	179.53435	2.54974	-2.60418	0.72906	0.99798	0.04580	0.04407	0.04539	-0.99892	0.01014	0.04449	-0.00812	-0.99898		501.62195	4.26569	39.14188	0.93526	-0.25212	0.42876	0.39151	0.99996	0.00741	0.00452	-0.00748	0.99984	0.01629	-0.00440	-0.01632	0.99986	
70	0.69000	-0.11180	2.19668	0.47251	0.28123	-0.01993	-0.29506	0.46167	0.99999	-0.00515	0.00032	0.00515	0.99997	0.00491	-0.00035	-0.00491	0.99999		-7.04731	62.01198	873.91498	179.54868	2.55897	-2.61573	0.72965	0.99796	0.04599	0.04424	0.04559	-0.99891	0.00991	0.04465	-0.00787	-0.99897		501.60532	4.28555	39.23483	0.94497	-0.26210	0.43335	0.38980	0.99996	0.00749	0.00470	-0.00756	0.99984	0.01646	-0.00457	-0.01649	0.99985	
71	0.70000	-0.11268	2.19379	0.46997	0.28388	-0.02118	-0.29510	0.46629	0.99999	-0.00515	0.00034	0.00515	0.99997	0.00496	-0.00037	-0.00495	0.99999		-6.99910	62.06059	873.91017	179.54482	2.55176	-2.62261	0.73141	0.99796	0.04611	0.04411	0.04571	-0.99890	0.00997	0.04452	-0.00794	-0.99898		501.67411	3.92187	39.20084	0.61959	-0.33036	0.90309	0.29374	0.99986	0.01570	0.00594	-0.01576	0.99982	0.01072	-0.00577	-0.01081	0.99992	
72	0.71000	-0.11168	2.18293	0.47540	0.28989	-0.01895	-0.28861	0.47055	0.99999	-0.00504	0.00031	0.00504	0.99997	0.00506	-0.00033	-0.00506	0.99999		-7.00212	62.14003	873.89598	179.53302	2.54984	-2.60468	0.72758	0.99798	0.04581	0.04407	0.04540	-0.99892	0.01016	0.04449	-0.00814	-0.99898		501.67697	3.87849	39.20319	0.61068	-0.34769	0.89806	0.29408	0.99986	0.01561	0.00623	-0.01567	0.99982	0.01056	-0.00607	-0.01066	0.99992	
73	0.72000	-0.11075	2.18119	0.43931	0.29147	-0.03603	-0.28970	0.46665	0.99999	-0.00506	0.00060	0.00506	0.99997	0.00509	-0.00063	-0.00509	0.99999		-6.71014	62.17255	873.92692	179.54269	2.52592	-2.61663	0.73085	0.99799	0.04600	0.04366	0.04561	-0.99891	0.00998	0.04407	-0.00797	-0.99900		501.60724	4.25553	39.12740	0.93403	-0.23889	0.43748	0.39272	0.99996	0.00757	0.00429	-0.00764	0.99984	0.01627	-0.00417	-0.01630	0.99986	
74	0.73000	-0.10818	2.19380	0.45732	0.28831	-0.02571	-0.29720	0.46772	0.99999	-0.00519	0.00042	0.00519	0.99997	0.00503	-0.00045	-0.00503	0.99999		-6.86949	62.09334	873.89584	179.53864	2.51856	-2.62153	0.73221	0.99799	0.04609	0.04353	0.04569	-0.99890	0.01005	0.04394	-0.00804	-0.99900		501.60815	4.32251	39.18533	0.94370	-0.26313	0.42587	0.39271	0.99996	0.00736	0.00471	-0.00743	0.99984	0.01644	-0.00459	-0.01647	0.99985	
75	0.74000	-0.13489	2.13506	0.62556	0.18855	0.06107	-0.28183	0.43881	0.99999	-0.00491	-0.00108	0.00492	0.99998	0.00328	0.00107	-0.00329	0.99999		-8.13821	60.63746	873.82071	179.65469	2.60913	-2.61091	0.71685	0.99793	0.04583	0.04520	0.04551	-0.99893	0.00809	0.04552	-0.00602	-0.99895		501.57026	4.17698	39.79735	1.05417	-0.33028	0.41643	0.39407	0.99996	0.00716	0.00590	-0.00727	0.99981	0.01836	-0.00576	-0.01840	0.99981	
76	0.75000	-0.10701	2.17876	0.45208	0.28581	-0.02612	-0.28897	0.46411	0.99999	-0.00505	0.00043	0.00504	0.99997	0.00499	-0.00046	-0.00499	0.99999		-6.84731	62.04949	873.92272	179.55081	2.52701	-2.62321	0.73305	0.99798	0.04611	0.04368	0.04572	-0.99891	0.00985	0.04409	-0.00783	-0.99900		501.60496	4.25680	39.19468	0.92262	-0.25148	0.41162	0.39760	0.99996	0.00711	0.00450	-0.00718	0.99985	0.01607	-0.00439	-0.01610	0.99986	
77	0.76000	-0.10219	2.19895	0.42544	0.29662	-0.03677	-0.29786	0.46609	0.99999	-0.00520	0.00062	0.00520	0.99997	0.00518	-0.00064	-0.00518	0.99999		-6.71371	62.16442	873.94270	179.53003	2.52429	-2.61969	0.73156	0.99799	0.04607	0.04362	0.04566	-0.99890	0.01021	0.04404	-0.00819	-0.99900		501.67804	3.95399	39.10159	0.60627	-0.31767	0.89919	0.29471	0.99986	0.01563	0.00571	-0.01569	0.99982	0.01049	-0.00554	-0.01058	0.99993	
78	0.77000	-0.10987	2.18912	0.45731	0.29728	-0.02557	-0.29457	0.46663	0.99999	-0.00514	0.00042	0.00514	0.99997	0.00519	-0.00045	-0.00519	0.99999		-6.89578	62.18677	873.90368	179.53973	2.52979	-2.62760	0.73300	0.99798	0.04620	0.04372	0.04580	-0.99890	0.01005	0.04414	-0.00803	-0.99899		501.60344	4.31101	39.18368	0.92828	-0.25805	0.41839	0.39203	0.99996	0.00723	0.00462	-0.00730	0.99984	0.01617	-0.00450	-0.01620	0.99986	
79	0.78000	-0.10857	2.17148	0.42984	0.30169	-0.03617	-0.28767	0.46733	0.99999	-0.00502	0.00061	0.00502	0.99997	0.00527	-0.00063	-0.00527	0.99999		-6.75358	62.27056	873.92748	179.53709	2.52016	-2.61871	0.72862	0.99799	0.04604	0.04355	0.04565	-0.99891	0.01008	0.04397	-0.00807	-0.99900		501.60225	4.24461	39.12309	0.90585	-0.23048	0.43427	0.39176	0.99996	0.00751	0.00414	-0.00758	0.99985	0.01578	-0.00402	-0.01581	0.99987	
80	0.79000	-0.07272	2.20401	0.12966	0.40499	-0.14161	-0.28723	0.43947	0.99998	-0.00503	0.00244	0.00501	0.99996	0.00708	-0.00247	-0.00707	0.99997		-5.20158	63.81183	874.13318	179.43744	2.42697	-2.60989	0.73260	0.99807	0.04595	0.04185	0.04549	-0.99890	0.01174	0.04235	-0.00981	-0.99905		501.63362	4.29620	38.49286	0.82836	-0.13599	0.41929	0.39123	0.99997	0.00728	0.00248	-0.00732	0.99987	0.01444	-0.00237	-0.01446	0.99989	
81	0.80000	-0.11584	2.17486	0.44876	0.28296	-0.02702	-0.29013	0.46373	0.99999	-0.00507	0.00045	0.00506	0.99998	0.00494	-0.00047	-0.00494	0.99999		-6.92063	61.97861	873.94341	179.56322	2.54364	-2.62000	0.73205	0.99797	0.04605	0.04398	0.04567	-0.99891	0.00964	0.04438	-0.00762	-0.99899		501.67233	3.89072	39.15202	0.62386	-0.33374	0.88912	0.29473	0.99986	0.01545	0.00599	-0.01552	0.99982	0.01080	-0.00582	-0.01089	0.99992	
82	0.81000	-0.14467	2.14962	0.62805	0.17669	0.06181	-0.29082	0.44502	0.99999	-0.00507	-0.00109	0.00508	0.99998	0.00308	0.00108	-0.00308	0.99999		-8.25778	60.39709	873.83675	179.66928	2.62030	-2.61900	0.72379	0.99791	0.04596	0.04540	0.04565	-0.99893	0.00786	0.04572	-0.00577	-0.99894		501.56331	4.21484	39.78750	1.04118	-0.33210	0.42412	0.39192	0.99996	0.00730	0.00593	-0.00740	0.99981	0.01813	-0.00580	-0.01817	0.99982	
83	0.82000	-0.13639	2.13529	0.60091	0.19403	0.05299	-0.28467	0.43848	0.99999	-0.00496	-0.00094	0.00497	0.99998	0.00338	0.00092	-0.00339	0.99999		-8.11155	60.67210	873.87690	179.63715	2.62965	-2.60968	0.73128	0.99791	0.04582	0.04554	0.04548	-0.99893	0.00842	0.04588	-0.00633	-0.99893		501.56781	4.20394	39.72764	1.04116	-0.33181	0.41049	0.39089	0.99996	0.00706	0.00592	-0.00716	0.99981	0.01813	-0.00579	-0.01817	0.99982	
84	0.83000	-0.11338	2.18530	0.46565	0.27876	-0.02015	-0.29538	0.46426	0.99999	-0.00516	0.00033	0.00516	0.99998	0.00487	-0.00035	-0.00487	0.99999		-7.02956	61.93773	873.92153	179.56065	2.55771	-2.61738	0.73372	0.99796	0.04601	0.04423	0.04562	-0.99891	0.00970	0.04463	-0.00766	-0.99897		501.59332	4.30320	39.22075	0.95409	-0.25350	0.41815	0.39309	0.99996	0.00722	0.00455	-0.00730	0.99984	0.01662	-0.00442	-0.01665	0.99985	
85	0.84000	-0.11002	2.18961	0.44961	0.28437	-0.02765	-0.29576	0.46397	0.99999	-0.00516	0.00046	0.00516	0.99997	0.00496	-0.00048	-0.00496	0.99999		-6.89858	62.04404	873.93096	179.54555	2.54543	-2.62834	0.72989	0.99796	0.04621	0.04400	0.04581	-0.99890	0.00996	0.04441	-0.00792	-0.99898		501.66350	3.91641	39.14611	0.60849	-0.32283	0.90895	0.29658	0.99986	0.01580	0.00580	-0.01586	0.99982	0.01053	-0.00563	-0.01062	0.99993	
86	0.85000	-0.13929	2.14073	0.63502	0.18642	0.06623	-0.28746	0.44229	0.99999	-0.00501	-0.00117	0.00502	0.99998	0.00325	0.00116	-0.00325	0.99999		-8.26993	60.60083	873.82522	179.64749	2.62601	-2.61202	0.73168	0.99791	0.04585	0.04549	0.04552	-0.99893	0.00823	0.04582	-0.00615	-0.99893		501.56898	4.19856	39.80031	1.02831	-0.35577	0.42811	0.39328	0.99995	0.00736	0.00634	-0.00747	0.99981	0.01790	-0.00621	-0.01795	0.99982	
87	0.86000	-0.14473	2.13604	0.63690	0.17680	0.06705	-0.28684	0.44252	0.99999	-0.00500	-0.00119	0.00501	0.99998	0.00308	0.00117	-0.00309	0.99999		-8.25225	60.46809	873.83014	179.64938	2.62166	-2.61312	0.73108	0.99791	0.04587	0.04541	0.04554	-0.99893	0.00820	0.04574	-0.00611	-0.99893		501.56481	4.19610	39.81074	1.04518	-0.34505	0.41400	0.39230	0.99996	0.00711	0.00615	-0.00723	0.99981	0.01820	-0.00602	-0.01824	0.99982	
88	0.87000	-0.14631	2.14608	0.63817	0.18581	0.06671	-0.28579	0.44166	0.99999	-0.00498	-0.00118	0.00499	0.99998	0.00324	0.00116	-0.00324	0.99999		-8.22353	60.61161	873.83901	179.64050	2.63645	-2.61474	0.72940	0.99790	0.04591	0.04566	0.04557	-0.99893	0.00837	0.04600	-0.00627	-0.99892		501.56691	4.20979	39.80866	1.06520	-0.34326	0.39399	0.39242	0.99996	0.00676	0.00612	-0.00688	0.99980	0.01855	-0.00599	-0.01859	0.99981	
89	0.88000	-0.14321	2.14154	0.62916	0.18569	0.06519	-0.28377	0.44015	0.99999	-0.00495	-0.00115	0.00495	0.99998	0.00323	0.00114	-0.00324	0.99999		-8.20289	60.61112	873.82676	179.64928	2.61773	-2.61160	0.73303	0.99792	0.04584	0.04534	0.04552	-0.99893	0.00820	0.04567	-0.00611	-0.99894		501.56533	4.17181	39.79569	1.04415	-0.34986	0.40960	0.39346	0.99996	0.00704	0.00624	-0.00715	0.99981	0.01818	-0.00611	-0.01822	0.99982	
90	0.89000	-0.14213	2.11482	0.65900	0.16426	0.07576	-0.27915	0.43770	0.99999	-0.00487	-0.00134	0.00487	0.99998	0.00286	0.00132	-0.00287	0.99999		-8.35844	60.29759	873.83502	179.66740	2.64247	-2.59444	0.73594	0.99791	0.04553	0.04579	0.04522	-0.99895	0.00789	0.04610	-0.00580	-0.99892		501.55783	4.15570	39.87144	1.07171	-0.35355	0.40317	0.39884	0.99996	0.00692	0.00630	-0.00704	0.99980	0.01866	-0.00617	-0.01870	0.99981	
91	0.90000	-0.14057	2.14589	0.63337	0.18414	0.06547	-0.28738	0.44580	0.99999	-0.00501	-0.00116	0.00502	0.99998	0.00321	0.00114	-0.00321	0.99999		-8.23797	60.57921	873.82179	179.65924	2.62335	-2.61412	0.72801	0.99791	0.04588	0.04545	0.04556	-0.99893	0.00803	0.04577	-0.00594	-0.99893		501.56916	4.21808	39.80151	1.05880	-0.34123	0.39847	0.39488	0.99996	0.00684	0.00608	-0.00695	0.99981	0.01844	-0.00596	-0.01848	0.99981	
92	0.91000	-0.18479	2.15306	1.06724	0.08185	0.19063	-0.30477	0.52797	0.99998	-0.00531	-0.00333	0.00532	0.99999	0.00141	0.00333	-0.00143	0.99999		-10.12341	58.97523	873.49713	179.75941	2.76313	-2.63345	0.72868	0.99778	0.04615	0.04796	0.04589	-0.99893	0.00641	0.04821	-0.00419	-0.99883		501.58460	3.90714	40.45200	0.82644	-0.52633	0.89902	0.29460	0.99983	0.01556	0.00941	-0.01569	0.99977	0.01428	-0.00919	-0.01442	0.99985	
93	0.92000	-0.10657	2.18481	0.46943	0.28252	-0.02097	-0.29387	0.46711	0.99999	-0.00513	0.00034	0.00513	0.99997	0.00493	-0.00037	-0.00493	0.99999		-7.00186	62.00425	873.91232	179.55402	2.54996	-2.62197	0.73002	0.99796	0.04609	0.04409	0.04570	-0.99891	0.00981	0.04449	-0.00778	-0.99898		501.59640	4.27690	39.20453	0.92497	-0.25501	0.41757	0.39577	0.99996	0.00722	0.00457	-0.00729	0.99984	0.01611	-0.00445	-0.01614	0.99986	
94	0.93000	-0.10801	2.18492	0.43870	0.28808	-0.03357	-0.29105	0.46714	0.99999	-0.00508	0.00056	0.00508	0.99997	0.00503	-0.00059	-0.00503	0.99999		-6.81716	62.07603	873.94645	179.54854	2.54408	-2.62208	0.72846	0.99797	0.04610	0.04398	0.04570	-0.99891	0.00990	0.04439	-0.00787	-0.99898		501.60956	4.25779	39.12592	0.92559	-0.24441	0.41375	0.39336	0.99996	0.00715	0.00438	-0.00722	0.99984	0.01612	-0.00427	-0.01615	0.99986	
