1	0.00000	0.02100	2.04919	0.53631	-0.05832	-0.14337	-0.24668	0.53349	0.99999	-0.00430	0.00251	0.00431	0.99999	-0.00101	-0.00250	0.00102	1.00000		-5.14972	56.73453	874.32745	179.87151	2.40203	-2.27714	0.58105	0.99833	0.03983	0.04179	0.03970	-0.99920	0.00391	0.04191	-0.00224	-0.99912		501.83817	3.89825	37.94374	1.23626	-0.41310	0.68012	0.37170	0.99990	0.01171	0.00746	-0.01187	0.99970	0.02149	-0.00721	-0.02157	0.99974	
2	0.01000	0.01907	2.04085	0.54248	-0.05893	-0.14158	-0.24444	0.53082	0.99999	-0.00426	0.00248	0.00427	0.99999	-0.00102	-0.00247	0.00103	1.00000		-5.02972	57.13341	874.31244	179.99738	2.39437	-2.57181	0.70822	0.99812	0.04487	0.04173	0.04483	-0.99899	0.00192	0.04178	-0.00005	-0.99913		501.83882	3.90715	37.93991	1.23686	-0.42701	0.65213	0.37154	0.99991	0.01122	0.00770	-0.01138	0.99970	0.02150	-0.00745	-0.02159	0.99974	
3	0.02000	0.01624	2.03880	0.54203	-0.06035	-0.14182	-0.24594	0.53229	0.99999	-0.00429	0.00248	0.00429	0.99999	-0.00104	-0.00248	0.00105	1.00000		-5.01420	57.12776	874.31233	179.99352	2.36880	-2.59302	0.72859	0.99812	0.04525	0.04128	0.04520	-0.99898	0.00198	0.04133	-0.00011	-0.99915		501.83621	3.91909	37.94850	1.24012	-0.41974	0.65895	0.37224	0.99991	0.01134	0.00757	-0.01150	0.99970	0.02156	-0.00733	-0.02164	0.99974	
4	0.03000	-0.02628	2.15877	0.67415	0.06151	-0.04729	-0.27648	0.56514	0.99999	-0.00483	0.00082	0.00483	0.99999	0.00108	-0.00083	-0.00107	1.00000		-6.42460	58.69415	873.98561	179.84439	2.49514	-2.53522	0.67706	0.99807	0.04435	0.04337	0.04419	-0.99901	0.00464	0.04353	-0.00271	-0.99905		501.76699	4.27517	38.76652	1.19016	-0.23301	0.65026	0.37526	0.99993	0.01126	0.00430	-0.01135	0.99972	0.02072	-0.00407	-0.02077	0.99978	
5	0.04000	-0.03034	2.16646	0.69754	0.05610	-0.03149	-0.27919	0.56394	0.99999	-0.00487	0.00055	0.00487	0.99999	0.00098	-0.00055	-0.00098	1.00000		-6.67420	58.59554	873.95652	179.86086	2.50954	-2.54900	0.68026	0.99805	0.04458	0.04363	0.04443	-0.99900	0.00437	0.04379	-0.00243	-0.99904		501.76241	4.28696	38.87808	1.19791	-0.24742	0.66463	0.37595	0.99992	0.01151	0.00456	-0.01160	0.99972	0.02085	-0.00432	-0.02091	0.99977	
6	0.05000	0.21814	2.75005	0.04579	0.78589	-0.96659	-0.49015	0.65276	0.99982	-0.00878	0.01675	0.00855	0.99987	0.01386	-0.01687	-0.01371	0.99976		6.74202	69.02547	874.01325	179.14145	1.56431	-2.61330	0.63809	0.99859	0.04600	0.02658	0.04558	-0.99883	0.01621	0.02730	-0.01498	-0.99952		501.95302	5.83213	32.04862	0.24045	0.93783	1.19834	0.36877	0.99965	0.02098	-0.01628	-0.02091	0.99977	0.00454	0.01637	-0.00420	0.99986	
7	0.06000	-0.10412	2.22833	0.54885	0.29309	-0.04090	-0.30049	0.49560	0.99999	-0.00525	0.00069	0.00524	0.99997	0.00512	-0.00071	-0.00512	0.99999		-6.64371	62.05560	873.76437	179.54024	2.48410	-2.58388	0.73129	0.99804	0.04543	0.04293	0.04504	-0.99894	0.00997	0.04334	-0.00802	-0.99903		501.69145	4.40878	39.12021	0.83975	-0.26531	0.90466	0.45696	0.99986	0.01572	0.00486	-0.01579	0.99977	0.01458	-0.00463	-0.01466	0.99988	
8	0.07000	-0.10787	2.21641	0.56296	0.27987	-0.01952	-0.29776	0.48266	0.99999	-0.00520	0.00032	0.00520	0.99997	0.00489	-0.00034	-0.00488	0.99999		-7.03867	61.91943	873.72160	179.56619	2.46824	-2.64255	0.73086	0.99801	0.04643	0.04267	0.04606	-0.99889	0.00955	0.04307	-0.00756	-0.99904		501.66852	4.47990	39.19266	0.90625	-0.26215	0.76234	0.40231	0.99990	0.01323	0.00478	-0.01330	0.99979	0.01575	-0.00458	-0.01582	0.99986	
9	0.08000	-0.11311	2.22017	0.54201	0.28066	-0.01399	-0.29820	0.48024	0.99999	-0.00521	0.00022	0.00520	0.99997	0.00490	-0.00024	-0.00490	0.99999		-7.15470	61.92270	873.73330	179.57031	2.46657	-2.66324	0.73859	0.99799	0.04679	0.04264	0.04642	-0.99888	0.00949	0.04304	-0.00749	-0.99905		501.72292	4.12366	39.23860	0.60566	-0.32888	1.20257	0.31510	0.99976	0.02093	0.00596	-0.02099	0.99973	0.01045	-0.00574	-0.01057	0.99993	
10	0.09000	-0.12070	2.21865	0.53093	0.28701	-0.01157	-0.29717	0.47347	0.99999	-0.00519	0.00018	0.00519	0.99997	0.00501	-0.00020	-0.00501	0.99999		-7.14175	61.90416	873.80136	179.55624	2.53624	-2.58458	0.73556	0.99800	0.04544	0.04386	0.04505	-0.99894	0.00973	0.04425	-0.00774	-0.99899		501.65554	4.47312	39.27743	0.91178	-0.25927	0.76297	0.39775	0.99990	0.01324	0.00474	-0.01332	0.99979	0.01585	-0.00453	-0.01591	0.99986	
11	0.10000	-0.12145	2.22000	0.49557	0.29751	-0.02108	-0.29670	0.47445	0.99999	-0.00518	0.00034	0.00518	0.99997	0.00519	-0.00037	-0.00519	0.99999		-7.00160	62.05222	873.81739	179.54427	2.52212	-2.58311	0.73256	0.99802	0.04542	0.04360	0.04502	-0.99894	0.00993	0.04401	-0.00795	-0.99900		501.66378	4.49344	39.22477	0.92296	-0.25935	0.73877	0.40014	0.99991	0.01282	0.00473	-0.01289	0.99979	0.01605	-0.00453	-0.01611	0.99986	
12	0.11000	-0.12731	2.21939	0.49254	0.28737	-0.01604	-0.29653	0.47034	0.99999	-0.00518	0.00025	0.00518	0.99997	0.00502	-0.00028	-0.00502	0.99999		-7.05639	61.88992	873.83641	179.55255	2.52799	-2.58128	0.73995	0.99801	0.04538	0.04371	0.04499	-0.99894	0.00979	0.04411	-0.00780	-0.99900		501.66564	4.48473	39.26423	0.92777	-0.26535	0.73400	0.40388	0.99991	0.01273	0.00484	-0.01281	0.99979	0.01613	-0.00463	-0.01619	0.99986	
13	0.12000	-0.15010	2.16781	0.67342	0.17920	0.07697	-0.28864	0.44281	0.99999	-0.00503	-0.00136	0.00504	0.99998	0.00312	0.00134	-0.00313	0.99999		-8.42565	60.31129	873.73480	179.66574	2.60710	-2.57236	0.73115	0.99796	0.04515	0.04518	0.04483	-0.99896	0.00787	0.04549	-0.00583	-0.99895		501.62202	4.39054	39.89047	1.02758	-0.35715	0.72258	0.40301	0.99990	0.01250	0.00646	-0.01261	0.99976	0.01785	-0.00623	-0.01793	0.99982	
14	0.13000	-0.14837	2.18653	0.65732	0.18371	0.07331	-0.29083	0.43919	0.99999	-0.00507	-0.00130	0.00508	0.99998	0.00320	0.00128	-0.00321	0.99999		-8.34090	60.36273	873.76392	179.64973	2.60977	-2.57816	0.73426	0.99795	0.04526	0.04521	0.04494	-0.99896	0.00816	0.04553	-0.00611	-0.99894		501.61933	4.40101	39.87114	1.03995	-0.35561	0.71846	0.40422	0.99990	0.01242	0.00643	-0.01254	0.99976	0.01807	-0.00621	-0.01815	0.99982	
15	0.14000	-0.15115	2.19250	0.67293	0.18145	0.08548	-0.29225	0.44031	0.99999	-0.00510	-0.00151	0.00510	0.99998	0.00316	0.00149	-0.00317	0.99999		-8.54520	60.45771	873.67502	179.67578	2.55311	-2.66120	0.73879	0.99793	0.04668	0.04423	0.04638	-0.99889	0.00772	0.04455	-0.00565	-0.99899		501.68803	4.03887	39.93459	0.72379	-0.43473	1.18494	0.31016	0.99976	0.02058	0.00785	-0.02068	0.99971	0.01247	-0.00759	-0.01263	0.99989	
16	0.15000	-0.14589	2.17950	0.67007	0.16993	0.08179	-0.28970	0.44046	0.99999	-0.00505	-0.00144	0.00506	0.99998	0.00296	0.00143	-0.00297	0.99999		-8.45889	60.29752	873.68953	179.67545	2.55555	-2.64913	0.74062	0.99794	0.04647	0.04428	0.04617	-0.99890	0.00772	0.04459	-0.00566	-0.99899		501.61940	4.37993	39.93872	1.05303	-0.36095	0.73672	0.39930	0.99990	0.01274	0.00653	-0.01286	0.99975	0.01830	-0.00630	-0.01838	0.99981	
17	0.16000	-0.14065	2.17849	0.65727	0.18361	0.07909	-0.28706	0.44039	0.99999	-0.00501	-0.00140	0.00501	0.99998	0.00320	0.00138	-0.00320	0.99999		-8.41680	60.55060	873.67388	179.66438	2.53703	-2.65360	0.74285	0.99795	0.04656	0.04395	0.04625	-0.99890	0.00790	0.04426	-0.00585	-0.99900		501.61557	4.36055	39.92366	1.02051	-0.34725	0.73407	0.40385	0.99990	0.01270	0.00629	-0.01281	0.99976	0.01773	-0.00606	-0.01781	0.99982	
18	0.17000	-0.14659	2.17643	0.64153	0.17975	0.07558	-0.28653	0.44139	0.99999	-0.00500	-0.00133	0.00500	0.99998	0.00313	0.00132	-0.00314	0.99999		-8.29966	60.40933	873.75934	179.64706	2.59586	-2.56796	0.74272	0.99797	0.04508	0.04497	0.04476	-0.99896	0.00818	0.04529	-0.00615	-0.99895		501.62636	4.37443	39.89764	1.03476	-0.35424	0.71881	0.40105	0.99990	0.01243	0.00641	-0.01255	0.99976	0.01798	-0.00618	-0.01806	0.99982	
19	0.18000	-0.15100	2.18723	0.64890	0.17827	0.07654	-0.29063	0.44051	0.99999	-0.00507	-0.00135	0.00507	0.99998	0.00310	0.00134	-0.00311	0.99999		-8.32637	60.39901	873.73972	179.64613	2.59530	-2.58067	0.74316	0.99796	0.04530	0.04496	0.04498	-0.99895	0.00821	0.04528	-0.00617	-0.99896		501.63079	4.40689	39.90143	1.05144	-0.35727	0.70806	0.40335	0.99990	0.01224	0.00646	-0.01236	0.99976	0.01827	-0.00624	-0.01835	0.99981	
20	0.19000	-0.15884	2.19298	0.64827	0.17373	0.08006	-0.29360	0.43963	0.99999	-0.00512	-0.00141	0.00512	0.99998	0.00302	0.00140	-0.00303	0.99999		-8.39516	60.33920	873.75517	179.65605	2.60944	-2.59154	0.74024	0.99794	0.04549	0.04521	0.04517	-0.99895	0.00806	0.04553	-0.00600	-0.99895		501.62507	4.40341	39.93204	1.04369	-0.35772	0.73321	0.40067	0.99990	0.01268	0.00647	-0.01280	0.99975	0.01813	-0.00624	-0.01821	0.99981	
21	0.20000	-0.15856	2.18915	0.66055	0.18110	0.08486	-0.29018	0.43909	0.99999	-0.00506	-0.00150	0.00506	0.99998	0.00315	0.00148	-0.00316	0.99999		-8.49325	60.45200	873.74041	179.64287	2.62346	-2.58476	0.74060	0.99794	0.04538	0.04544	0.04505	-0.99895	0.00829	0.04577	-0.00623	-0.99893		501.62730	4.39514	39.95821	1.04799	-0.37074	0.72244	0.40140	0.99990	0.01249	0.00670	-0.01261	0.99975	0.01821	-0.00647	-0.01829	0.99981	
22	0.21000	-0.16006	2.19674	0.66522	0.16282	0.08467	-0.29601	0.43695	0.99999	-0.00516	-0.00149	0.00517	0.99998	0.00283	0.00148	-0.00284	0.99999		-8.54314	60.16227	873.73998	179.67332	2.61915	-2.57968	0.73089	0.99794	0.04527	0.04539	0.04496	-0.99896	0.00775	0.04570	-0.00570	-0.99894		501.62437	4.41975	39.95247	1.06214	-0.35952	0.73124	0.39734	0.99990	0.01264	0.00651	-0.01276	0.99975	0.01846	-0.00627	-0.01854	0.99981	
23	0.22000	-0.15093	2.18203	0.64992	0.16869	0.07901	-0.29185	0.43560	0.99999	-0.00509	-0.00139	0.00509	0.99998	0.00294	0.00138	-0.00294	0.99999		-8.47908	60.24536	873.77216	179.66449	2.62561	-2.58502	0.74294	0.99793	0.04537	0.04550	0.04505	-0.99895	0.00792	0.04581	-0.00585	-0.99893		501.62257	4.39633	39.90994	1.05006	-0.36752	0.73316	0.40456	0.99990	0.01268	0.00665	-0.01280	0.99975	0.01824	-0.00641	-0.01833	0.99981	
24	0.23000	-0.14747	2.19612	0.63789	0.18236	0.07516	-0.29312	0.43518	0.99999	-0.00511	-0.00133	0.00512	0.99998	0.00318	0.00131	-0.00318	0.99999		-8.48844	60.52649	873.72025	179.66287	2.56820	-2.66308	0.74486	0.99792	0.04673	0.04449	0.04642	-0.99889	0.00796	0.04481	-0.00588	-0.99898		501.63063	4.42879	39.88758	1.05007	-0.36326	0.71266	0.40349	0.99990	0.01232	0.00657	-0.01244	0.99976	0.01825	-0.00634	-0.01833	0.99981	
25	0.24000	-0.15380	2.18151	0.64093	0.17527	0.07737	-0.29030	0.43760	0.99999	-0.00506	-0.00137	0.00507	0.99998	0.00305	0.00135	-0.00306	0.99999		-8.46641	60.29916	873.77037	179.65103	2.62288	-2.57846	0.74548	0.99794	0.04527	0.04544	0.04494	-0.99896	0.00814	0.04576	-0.00608	-0.99893		501.63352	4.40263	39.90816	1.03823	-0.36234	0.71517	0.40206	0.99990	0.01237	0.00655	-0.01248	0.99976	0.01804	-0.00632	-0.01812	0.99982	
26	0.25000	-0.15746	2.17755	0.64823	0.16830	0.07919	-0.28934	0.43462	0.99999	-0.00505	-0.00140	0.00505	0.99998	0.00293	0.00138	-0.00294	0.99999		-8.52335	60.29924	873.71429	179.69174	2.56565	-2.66660	0.74636	0.99792	0.04676	0.04446	0.04648	-0.99889	0.00746	0.04476	-0.00537	-0.99898		501.63344	4.37642	39.91105	1.04457	-0.36836	0.72050	0.40453	0.99990	0.01246	0.00666	-0.01257	0.99976	0.01815	-0.00643	-0.01823	0.99981	
27	0.26000	-0.15997	2.17975	0.64188	0.17592	0.07920	-0.29063	0.43664	0.99999	-0.00507	-0.00140	0.00507	0.99998	0.00306	0.00138	-0.00307	0.99999		-8.45102	60.29365	873.75244	179.66772	2.60860	-2.58459	0.73759	0.99795	0.04536	0.04520	0.04505	-0.99895	0.00785	0.04551	-0.00579	-0.99895		501.63612	4.41533	39.91530	1.05875	-0.37301	0.70100	0.39970	0.99990	0.01211	0.00673	-0.01223	0.99976	0.01840	-0.00651	-0.01848	0.99981	
28	0.27000	-0.11921	2.20386	0.31650	0.29429	-0.03620	-0.28473	0.40841	0.99999	-0.00497	0.00061	0.00497	0.99997	0.00514	-0.00063	-0.00514	0.99999		-6.75169	62.15134	873.92717	179.55751	2.44035	-2.65211	0.74405	0.99802	0.04660	0.04218	0.04623	-0.99888	0.00968	0.04258	-0.00772	-0.99906		501.67265	4.40579	39.22559	0.92490	-0.25521	0.71028	0.40301	0.99991	0.01232	0.00465	-0.01240	0.99979	0.01609	-0.00445	-0.01614	0.99986	
29	0.28000	-0.15729	2.18389	0.63498	0.18006	0.07732	-0.29154	0.43520	0.99999	-0.00508	-0.00136	0.00509	0.99998	0.00314	0.00135	-0.00314	0.99999		-8.40900	60.41745	873.72923	179.67607	2.55338	-2.66858	0.74331	0.99792	0.04681	0.04424	0.04651	-0.99889	0.00772	0.04455	-0.00565	-0.99899		501.59247	4.38539	40.00510	1.06022	-0.27175	0.74595	0.39411	0.99990	0.01293	0.00498	-0.01302	0.99975	0.01844	-0.00474	-0.01850	0.99982	
30	0.29000	-0.11679	2.23093	0.44460	0.28441	-0.02050	-0.29679	0.46295	0.99999	-0.00518	0.00033	0.00518	0.99997	0.00496	-0.00036	-0.00496	0.99999		-6.90065	61.86496	873.87323	179.56093	2.51297	-2.59289	0.73975	0.99802	0.04557	0.04345	0.04520	-0.99893	0.00964	0.04385	-0.00766	-0.99901		501.66371	4.49178	39.23963	0.95151	-0.26101	0.71368	0.39924	0.99991	0.01238	0.00476	-0.01246	0.99979	0.01655	-0.00456	-0.01661	0.99985	
31	0.30000	-0.14857	2.17407	0.64278	0.16537	0.07926	-0.28912	0.43796	0.99999	-0.00504	-0.00140	0.00505	0.99998	0.00288	0.00138	-0.00289	0.99999		-8.37141	60.11166	873.77666	179.68510	2.59947	-2.58413	0.73813	0.99796	0.04533	0.04506	0.04504	-0.99896	0.00754	0.04535	-0.00549	-0.99896		501.63766	4.37544	39.90599	1.05097	-0.37761	0.73067	0.39795	0.99990	0.01263	0.00682	-0.01275	0.99975	0.01826	-0.00659	-0.01834	0.99981	
32	0.31000	-0.11634	2.22172	0.44574	0.28866	-0.01782	-0.29174	0.46401	0.99999	-0.00509	0.00029	0.00509	0.99997	0.00504	-0.00031	-0.00504	0.99999		-6.93292	61.95582	873.86154	179.55492	2.51478	-2.58655	0.73406	0.99802	0.04547	0.04348	0.04509	-0.99894	0.00974	0.04388	-0.00776	-0.99901		501.66190	4.45389	39.25340	0.95478	-0.26646	0.71216	0.39780	0.99991	0.01235	0.00486	-0.01243	0.99978	0.01660	-0.00465	-0.01666	0.99985	
33	0.32000	-0.14629	2.19174	0.60824	0.18554	0.06912	-0.29229	0.43883	0.99999	-0.00510	-0.00122	0.00510	0.99998	0.00323	0.00121	-0.00324	0.99999		-8.22561	60.40450	873.81176	179.65730	2.61062	-2.58389	0.73997	0.99795	0.04535	0.04523	0.04504	-0.99895	0.00803	0.04555	-0.00598	-0.99894		501.64827	4.40288	39.82935	1.02827	-0.38452	0.72270	0.40091	0.99990	0.01249	0.00694	-0.01261	0.99976	0.01786	-0.00671	-0.01795	0.99982	
34	0.33000	-0.15241	2.17911	0.62840	0.16669	0.07608	-0.29177	0.43359	0.99999	-0.00509	-0.00134	0.00509	0.99998	0.00290	0.00133	-0.00291	0.99999		-8.39464	60.26859	873.73429	179.69041	2.54920	-2.67897	0.74439	0.99792	0.04698	0.04418	0.04669	-0.99888	0.00748	0.04448	-0.00540	-0.99900		501.69355	4.04020	39.87030	0.74963	-0.42987	1.17205	0.29851	0.99976	0.02035	0.00777	-0.02045	0.99971	0.01293	-0.00750	-0.01308	0.99989	
35	0.34000	-0.16164	2.16772	0.62617	0.16815	0.07658	-0.28639	0.43270	0.99999	-0.00499	-0.00135	0.00500	0.99998	0.00293	0.00134	-0.00293	0.99999		-8.41585	60.30591	873.72834	179.67766	2.54935	-2.66199	0.74394	0.99793	0.04669	0.04417	0.04640	-0.99889	0.00769	0.04448	-0.00562	-0.99899		501.70224	3.97817	39.87564	0.73665	-0.43599	1.19264	0.29524	0.99975	0.02071	0.00787	-0.02081	0.99970	0.01270	-0.00761	-0.01286	0.99989	
36	0.35000	-0.15738	2.19781	0.61004	0.18985	0.06933	-0.29411	0.43816	0.99999	-0.00513	-0.00123	0.00513	0.99998	0.00331	0.00121	-0.00331	0.99999		-8.30513	60.53215	873.78156	179.64940	2.60651	-2.58903	0.73884	0.99795	0.04545	0.04515	0.04512	-0.99895	0.00817	0.04548	-0.00611	-0.99895		501.70282	4.04297	39.82009	0.71740	-0.43961	1.19522	0.29884	0.99975	0.02076	0.00793	-0.02086	0.99971	0.01236	-0.00767	-0.01252	0.99989	
37	0.36000	-0.16392	2.18127	0.64787	0.16346	0.08618	-0.29394	0.43243	0.99999	-0.00513	-0.00152	0.00513	0.99998	0.00284	0.00150	-0.00285	0.99999		-8.61880	60.26125	873.72295	179.68272	2.57687	-2.67526	0.74467	0.99790	0.04692	0.04465	0.04663	-0.99888	0.00763	0.04496	-0.00553	-0.99897		501.63285	4.41598	39.96501	1.06445	-0.37766	0.72402	0.39877	0.99990	0.01251	0.00682	-0.01264	0.99975	0.01849	-0.00659	-0.01858	0.99981	
38	0.37000	-0.15794	2.19237	0.62405	0.18683	0.07654	-0.29103	0.43642	0.99999	-0.00507	-0.00135	0.00508	0.99998	0.00325	0.00134	-0.00326	0.99999		-8.44583	60.50743	873.79000	179.64163	2.63470	-2.58442	0.74567	0.99793	0.04538	0.04564	0.04504	-0.99895	0.00832	0.04597	-0.00625	-0.99892		501.62961	4.39289	39.90228	1.03257	-0.36539	0.71460	0.40275	0.99990	0.01235	0.00660	-0.01247	0.99976	0.01794	-0.00638	-0.01802	0.99982	
39	0.38000	-0.15465	2.17296	0.61586	0.16914	0.07133	-0.28786	0.43669	0.99999	-0.00502	-0.00126	0.00502	0.99998	0.00295	0.00124	-0.00295	0.99999		-8.36966	60.24392	873.81296	179.65439	2.63002	-2.56557	0.74074	0.99795	0.04504	0.04557	0.04472	-0.99897	0.00808	0.04589	-0.00603	-0.99893		501.63869	4.37740	39.85997	1.04670	-0.36846	0.71370	0.40085	0.99990	0.01234	0.00666	-0.01246	0.99976	0.01819	-0.00643	-0.01827	0.99981	
40	0.39000	-0.14960	2.18991	0.60253	0.17268	0.06665	-0.29445	0.43529	0.99999	-0.00514	-0.00118	0.00514	0.99998	0.00301	0.00116	-0.00301	0.99999		-8.30726	60.30481	873.82088	179.65913	2.62309	-2.58575	0.74576	0.99794	0.04539	0.04545	0.04507	-0.99895	0.00801	0.04577	-0.00594	-0.99893		501.63314	4.41627	39.83705	1.04093	-0.35172	0.72392	0.40020	0.99990	0.01252	0.00637	-0.01263	0.99976	0.01809	-0.00614	-0.01817	0.99982	
41	0.40000	-0.15029	2.16977	0.60783	0.17292	0.07116	-0.28678	0.43741	0.99999	-0.00500	-0.00126	0.00501	0.99998	0.00301	0.00124	-0.00302	0.99999		-8.39962	60.42112	873.74225	179.66846	2.55466	-2.65236	0.74231	0.99794	0.04653	0.04426	0.04623	-0.99890	0.00784	0.04457	-0.00578	-0.99899		501.62217	4.37081	39.88102	1.06043	-0.34268	0.71536	0.39937	0.99990	0.01237	0.00621	-0.01248	0.99975	0.01843	-0.00598	-0.01851	0.99981	
42	0.41000	-0.15985	2.18897	0.63951	0.17293	0.08333	-0.29304	0.43791	0.99999	-0.00511	-0.00147	0.00511	0.99998	0.00301	0.00145	-0.00302	0.99999		-8.55200	60.39858	873.70834	179.67615	2.55950	-2.66230	0.74547	0.99792	0.04670	0.04435	0.04640	-0.99889	0.00772	0.04466	-0.00565	-0.99899		501.63266	4.42055	39.93286	1.07051	-0.37646	0.70745	0.40107	0.99990	0.01222	0.00680	-0.01235	0.99975	0.01860	-0.00657	-0.01868	0.99980	
43	0.42000	-0.15876	2.17796	0.63197	0.17007	0.08121	-0.29005	0.43439	0.99999	-0.00506	-0.00143	0.00506	0.99998	0.00296	0.00142	-0.00297	0.99999		-8.43946	60.26683	873.75472	179.67587	2.60809	-2.58136	0.73891	0.99795	0.04529	0.04520	0.04499	-0.99896	0.00770	0.04550	-0.00565	-0.99895		501.68722	4.00983	39.90960	0.72412	-0.42141	1.18295	0.30160	0.99976	0.02055	0.00761	-0.02064	0.99971	0.01248	-0.00735	-0.01264	0.99989	
44	0.43000	-0.15615	2.18143	0.61705	0.17858	0.07633	-0.29024	0.43347	0.99999	-0.00506	-0.00135	0.00507	0.99998	0.00311	0.00133	-0.00312	0.99999		-8.33823	60.39617	873.77002	179.67323	2.60314	-2.59154	0.73798	0.99795	0.04547	0.04511	0.04517	-0.99895	0.00775	0.04542	-0.00570	-0.99895		501.63503	4.41128	39.90395	1.06063	-0.36463	0.69898	0.39790	0.99991	0.01208	0.00659	-0.01220	0.99976	0.01843	-0.00636	-0.01851	0.99981	
45	0.44000	-0.15965	2.18294	0.62131	0.19089	0.07745	-0.28967	0.43669	0.99999	-0.00505	-0.00137	0.00506	0.99998	0.00332	0.00135	-0.00333	0.99999		-8.34243	60.54884	873.75744	179.64977	2.60542	-2.59336	0.73884	0.99794	0.04552	0.04513	0.04520	-0.99894	0.00816	0.04546	-0.00611	-0.99895		501.63422	4.40607	39.90610	1.04528	-0.36561	0.70261	0.40165	0.99990	0.01214	0.00660	-0.01226	0.99976	0.01816	-0.00638	-0.01824	0.99981	
46	0.45000	-0.15300	2.17904	0.62486	0.17694	0.07958	-0.28817	0.43709	0.99999	-0.00502	-0.00140	0.00503	0.99998	0.00308	0.00139	-0.00309	0.99999		-8.37122	60.31631	873.78812	179.66748	2.61438	-2.59096	0.73733	0.99794	0.04547	0.04530	0.04516	-0.99895	0.00786	0.04561	-0.00580	-0.99894		501.62835	4.40318	39.92201	1.07382	-0.36880	0.68872	0.40081	0.99991	0.01190	0.00666	-0.01202	0.99975	0.01866	-0.00644	-0.01874	0.99980	
47	0.46000	-0.15611	2.18281	0.62743	0.16873	0.08145	-0.29199	0.43775	0.99999	-0.00509	-0.00144	0.00510	0.99998	0.00294	0.00142	-0.00294	0.99999		-8.41873	60.16395	873.77657	179.68034	2.61222	-2.57254	0.73779	0.99795	0.04514	0.04528	0.04484	-0.99897	0.00762	0.04558	-0.00557	-0.99895		501.63511	4.41899	39.93725	1.06254	-0.36527	0.69819	0.39854	0.99991	0.01207	0.00660	-0.01219	0.99976	0.01846	-0.00638	-0.01854	0.99981	
48	0.47000	-0.14990	2.17826	0.61485	0.17773	0.07409	-0.28936	0.43318	0.99999	-0.00505	-0.00131	0.00505	0.99998	0.00309	0.00129	-0.00310	0.99999		-8.31625	60.29748	873.79966	179.66731	2.61423	-2.58242	0.74096	0.99794	0.04532	0.04530	0.04501	-0.99896	0.00786	0.04561	-0.00580	-0.99894		501.62854	4.39811	39.89153	1.05911	-0.34710	0.70964	0.40112	0.99990	0.01227	0.00629	-0.01239	0.99975	0.01841	-0.00606	-0.01848	0.99981	
49	0.48000	-0.11377	2.21688	0.28439	0.28939	-0.04568	-0.28973	0.41104	0.99999	-0.00506	0.00077	0.00506	0.99997	0.00505	-0.00080	-0.00505	0.99999		-6.55896	61.97293	874.02815	179.55135	2.49837	-2.59288	0.73671	0.99803	0.04558	0.04319	0.04520	-0.99893	0.00979	0.04359	-0.00782	-0.99902		501.67926	4.43890	39.16152	0.94425	-0.24274	0.69859	0.40193	0.99992	0.01212	0.00444	-0.01219	0.99979	0.01643	-0.00424	-0.01648	0.99986	
50	0.49000	-0.15504	2.17647	0.61393	0.17815	0.07499	-0.28778	0.43855	0.99999	-0.00502	-0.00132	0.00502	0.99998	0.00310	0.00131	-0.00311	0.99999		-8.43693	60.43621	873.70760	179.69678	2.54241	-2.67687	0.74295	0.99793	0.04694	0.04406	0.04666	-0.99888	0.00736	0.04436	-0.00529	-0.99900		501.63132	4.38730	39.89135	1.06034	-0.36434	0.69774	0.40662	0.99991	0.01206	0.00658	-0.01218	0.99976	0.01843	-0.00636	-0.01850	0.99981	
51	0.50000	-0.16061	2.18023	0.62910	0.16697	0.07862	-0.29265	0.43506	0.99999	-0.00510	-0.00139	0.00511	0.99998	0.00291	0.00137	-0.00291	0.99999		-8.43979	60.13811	873.79214	179.67621	2.62630	-2.59689	0.74123	0.99792	0.04557	0.04552	0.04526	-0.99895	0.00772	0.04582	-0.00565	-0.99893		501.63026	4.41532	39.90886	1.06765	-0.36521	0.70265	0.39981	0.99990	0.01214	0.00660	-0.01226	0.99975	0.01855	-0.00637	-0.01863	0.99981	
52	0.51000	-0.16237	2.18933	0.62271	0.17162	0.07814	-0.29428	0.43584	0.99999	-0.00513	-0.00138	0.00514	0.99998	0.00299	0.00136	-0.00300	0.99999		-8.51539	60.33808	873.71116	179.69392	2.54803	-2.67715	0.73690	0.99792	0.04694	0.04416	0.04666	-0.99888	0.00741	0.04446	-0.00534	-0.99900		501.63033	4.40797	39.90972	1.05050	-0.36747	0.72207	0.39939	0.99990	0.01248	0.00664	-0.01260	0.99975	0.01825	-0.00641	-0.01833	0.99981	
53	0.52000	-0.16382	2.17770	0.63729	0.16623	0.08531	-0.29095	0.43439	0.99999	-0.00507	-0.00150	0.00508	0.99998	0.00289	0.00149	-0.00290	0.99999		-8.55291	60.15095	873.79474	179.67418	2.64130	-2.58322	0.74838	0.99792	0.04533	0.04578	0.04502	-0.99896	0.00776	0.04608	-0.00568	-0.99892		501.63299	4.39683	39.95855	1.05954	-0.38207	0.71102	0.40062	0.99990	0.01228	0.00690	-0.01241	0.99975	0.01841	-0.00667	-0.01849	0.99981	
54	0.53000	-0.15600	2.18854	0.62511	0.16559	0.07628	-0.29600	0.43272	0.99999	-0.00516	-0.00135	0.00517	0.99998	0.00288	0.00133	-0.00289	0.99999		-8.43348	60.16544	873.79480	179.68195	2.62537	-2.59563	0.73836	0.99793	0.04554	0.04551	0.04524	-0.99895	0.00762	0.04581	-0.00555	-0.99893		501.63106	4.44116	39.88956	1.08074	-0.37010	0.70689	0.39964	0.99990	0.01221	0.00669	-0.01234	0.99975	0.01878	-0.00646	-0.01886	0.99980	
55	0.54000	-0.15861	2.18499	0.63167	0.16474	0.07994	-0.29150	0.43273	0.99999	-0.00508	-0.00141	0.00509	0.99998	0.00287	0.00140	-0.00288	0.99999		-8.46339	60.14691	873.78684	179.67751	2.62533	-2.57990	0.74160	0.99794	0.04527	0.04550	0.04497	-0.99896	0.00768	0.04580	-0.00562	-0.99893		501.63305	4.40673	39.91933	1.06598	-0.36174	0.70108	0.40573	0.99991	0.01212	0.00654	-0.01224	0.99975	0.01853	-0.00631	-0.01860	0.99981	
56	0.55000	-0.15879	2.19562	0.63070	0.16949	0.08254	-0.29420	0.43638	0.99999	-0.00513	-0.00146	0.00513	0.99998	0.00295	0.00144	-0.00296	0.99999		-8.48761	60.24250	873.76855	179.66672	2.62299	-2.59030	0.73601	0.99793	0.04546	0.04545	0.04515	-0.99895	0.00788	0.04576	-0.00581	-0.99894		501.63667	4.40695	39.93210	1.04521	-0.37912	0.72161	0.40437	0.99990	0.01247	0.00684	-0.01259	0.99976	0.01816	-0.00662	-0.01824	0.99981	
57	0.56000	-0.15440	2.17803	0.62493	0.17038	0.07931	-0.28600	0.43428	0.99999	-0.00499	-0.00140	0.00499	0.99998	0.00297	0.00138	-0.00297	0.99999		-8.46070	60.37977	873.72748	179.67909	2.56502	-2.65749	0.74944	0.99792	0.04662	0.04444	0.04632	-0.99890	0.00767	0.04475	-0.00560	-0.99898		501.63121	4.37034	39.91925	1.06841	-0.36615	0.69508	0.40167	0.99991	0.01201	0.00662	-0.01213	0.99975	0.01857	-0.00639	-0.01865	0.99981	
58	0.57000	-0.15617	2.18309	0.62900	0.17344	0.07997	-0.29001	0.43697	0.99999	-0.00506	-0.00141	0.00506	0.99998	0.00302	0.00140	-0.00303	0.99999		-8.45387	60.43527	873.70700	179.67873	2.55145	-2.66988	0.74728	0.99792	0.04683	0.04421	0.04654	-0.99889	0.00767	0.04452	-0.00560	-0.99899		501.63436	4.40651	39.91578	1.05276	-0.37464	0.69322	0.40015	0.99991	0.01198	0.00676	-0.01210	0.99976	0.01829	-0.00654	-0.01837	0.99981	
59	0.58000	-0.15946	2.18349	0.61545	0.17356	0.07622	-0.29009	0.43526	0.99999	-0.00506	-0.00135	0.00506	0.99998	0.00302	0.00133	-0.00303	0.99999		-8.39522	60.45753	873.69830	179.67937	2.53297	-2.66877	0.73857	0.99794	0.04681	0.04389	0.04652	-0.99889	0.00765	0.04419	-0.00559	-0.99901		501.63397	4.39844	39.90069	1.06391	-0.36541	0.71065	0.40536	0.99990	0.01228	0.00661	-0.01240	0.99975	0.01849	-0.00638	-0.01857	0.99981	
60	0.59000	-0.16462	2.17793	0.63647	0.17115	0.08517	-0.28894	0.43297	0.99999	-0.00504	-0.00150	0.00504	0.99998	0.00298	0.00149	-0.00299	0.99999		-8.45942	60.31150	873.76314	179.66438	2.61547	-2.60129	0.74454	0.99793	0.04565	0.04532	0.04534	-0.99894	0.00792	0.04563	-0.00585	-0.99894		501.63023	4.37965	39.95652	1.04243	-0.36850	0.70192	0.40024	0.99990	0.01213	0.00665	-0.01225	0.99976	0.01811	-0.00643	-0.01819	0.99981	
61	0.60000	-0.16063	2.18533	0.62589	0.17860	0.07975	-0.29284	0.43365	0.99999	-0.00511	-0.00141	0.00511	0.99998	0.00311	0.00139	-0.00312	0.99999		-8.39377	60.40140	873.77386	179.65479	2.61916	-2.59814	0.74241	0.99793	0.04560	0.04538	0.04528	-0.99894	0.00809	0.04570	-0.00602	-0.99894		501.63311	4.43290	39.91459	1.05297	-0.36678	0.69390	0.39954	0.99991	0.01199	0.00662	-0.01211	0.99976	0.01830	-0.00640	-0.01838	0.99981	
62	0.61000	-0.15736	2.17297	0.61876	0.16907	0.07781	-0.28899	0.43391	0.99999	-0.00504	-0.00137	0.00504	0.99998	0.00294	0.00136	-0.00295	0.99999		-8.37546	60.24324	873.79980	179.66699	2.62533	-2.58840	0.74165	0.99793	0.04543	0.04549	0.04511	-0.99895	0.00787	0.04580	-0.00581	-0.99893		501.65498	3.97280	39.97379	0.73479	-0.34123	1.22504	0.28505	0.99975	0.02130	0.00623	-0.02138	0.99969	0.01269	-0.00596	-0.01282	0.99990	
63	0.62000	-0.15616	2.17972	0.63060	0.16682	0.08162	-0.28878	0.43361	0.99999	-0.00504	-0.00144	0.00504	0.99998	0.00290	0.00142	-0.00291	0.99999		-8.52437	60.30255	873.69592	179.69337	2.54776	-2.66997	0.73730	0.99793	0.04682	0.04415	0.04654	-0.99889	0.00742	0.04445	-0.00535	-0.99900		501.62714	4.38375	39.93314	1.06765	-0.35936	0.71059	0.39422	0.99990	0.01228	0.00650	-0.01240	0.99975	0.01855	-0.00627	-0.01863	0.99981	
64	0.63000	-0.15221	2.17896	0.62253	0.16961	0.07849	-0.28876	0.43429	0.99999	-0.00504	-0.00138	0.00504	0.99998	0.00295	0.00137	-0.00296	0.99999		-8.48496	60.31396	873.74071	179.68141	2.57010	-2.66931	0.74854	0.99791	0.04682	0.04453	0.04652	-0.99889	0.00764	0.04484	-0.00556	-0.99898		501.62397	4.36291	39.90909	1.03474	-0.36720	0.72410	0.39701	0.99990	0.01252	0.00664	-0.01264	0.99976	0.01798	-0.00641	-0.01806	0.99982	
65	0.64000	-0.15342	2.17717	0.62299	0.16478	0.07971	-0.28852	0.43354	0.99999	-0.00503	-0.00141	0.00504	0.99998	0.00287	0.00139	-0.00288	0.99999		-8.52132	60.22179	873.74366	179.69199	2.56774	-2.67482	0.74439	0.99791	0.04691	0.04450	0.04662	-0.99888	0.00746	0.04480	-0.00537	-0.99898		501.62292	4.38753	39.91501	1.06557	-0.36619	0.69796	0.39789	0.99991	0.01206	0.00662	-0.01218	0.99975	0.01852	-0.00639	-0.01860	0.99981	
66	0.65000	-0.15967	2.18011	0.61682	0.17703	0.07582	-0.28982	0.43478	0.99999	-0.00505	-0.00134	0.00506	0.99998	0.00308	0.00132	-0.00309	0.99999		-8.40552	60.30413	873.79706	179.67227	2.62571	-2.59834	0.74391	0.99792	0.04560	0.04550	0.04529	-0.99894	0.00779	0.04581	-0.00571	-0.99893		501.63234	4.37939	39.89437	1.02653	-0.36179	0.71419	0.40347	0.99990	0.01235	0.00654	-0.01246	0.99976	0.01784	-0.00631	-0.01791	0.99982	
67	0.66000	-0.16113	2.17230	0.60266	0.16775	0.07128	-0.28768	0.43113	0.99999	-0.00502	-0.00126	0.00502	0.99998	0.00292	0.00124	-0.00293	0.99999		-8.32626	60.14800	873.83500	179.67670	2.62679	-2.58769	0.74322	0.99793	0.04541	0.04553	0.04510	-0.99895	0.00771	0.04583	-0.00564	-0.99893		501.64118	4.39444	39.86766	1.06121	-0.36172	0.69109	0.39803	0.99991	0.01194	0.00653	-0.01206	0.99976	0.01844	-0.00631	-0.01852	0.99981	
68	0.67000	-0.15886	2.18322	0.60995	0.17583	0.07344	-0.29104	0.43311	0.99999	-0.00508	-0.00130	0.00508	0.99998	0.00306	0.00128	-0.00307	0.99999		-8.35276	60.26530	873.81412	179.66721	2.62565	-2.59348	0.74280	0.99793	0.04551	0.04550	0.04520	-0.99895	0.00788	0.04581	-0.00580	-0.99893		501.63542	4.42008	39.86139	1.06424	-0.37390	0.68784	0.40087	0.99991	0.01188	0.00675	-0.01200	0.99976	0.01849	-0.00653	-0.01857	0.99981	
69	0.68000	-0.15298	2.18390	0.61162	0.17007	0.07575	-0.29016	0.43505	0.99999	-0.00506	-0.00134	0.00506	0.99998	0.00296	0.00132	-0.00297	0.99999		-8.44029	60.28610	873.74916	179.68901	2.55567	-2.67532	0.74115	0.99792	0.04692	0.04429	0.04663	-0.99888	0.00750	0.04459	-0.00542	-0.99899		501.62990	4.41105	39.89695	1.07469	-0.36557	0.69300	0.39683	0.99991	0.01197	0.00661	-0.01209	0.99975	0.01868	-0.00638	-0.01876	0.99980	
70	0.69000	-0.15163	2.19106	0.61160	0.17114	0.07465	-0.29211	0.43600	0.99999	-0.00509	-0.00132	0.00510	0.99998	0.00298	0.00130	-0.00299	0.99999		-8.35087	60.20019	873.81425	179.67796	2.62257	-2.58802	0.74638	0.99793	0.04541	0.04546	0.04511	-0.99895	0.00768	0.04576	-0.00561	-0.99894		501.63225	4.41340	39.88077	1.07078	-0.37213	0.69354	0.40002	0.99991	0.01198	0.00672	-0.01210	0.99975	0.01861	-0.00649	-0.01869	0.99980	
71	0.70000	-0.14798	2.19744	0.60473	0.18304	0.07258	-0.29372	0.43293	0.99999	-0.00512	-0.00128	0.00513	0.99998	0.00319	0.00127	-0.00319	0.99999		-8.37744	60.51232	873.71936	179.68665	2.53975	-2.67919	0.73677	0.99793	0.04699	0.04401	0.04670	-0.99888	0.00753	0.04431	-0.00546	-0.99900		501.64141	4.42314	39.85831	1.04574	-0.37830	0.71255	0.39839	0.99990	0.01231	0.00683	-0.01244	0.99976	0.01817	-0.00660	-0.01825	0.99981	
72	0.71000	-0.14948	2.19542	0.62521	0.17467	0.08003	-0.29277	0.43640	0.99999	-0.00511	-0.00141	0.00511	0.99998	0.00304	0.00140	-0.00305	0.99999		-8.40252	60.27312	873.79120	179.65991	2.62939	-2.59288	0.74247	0.99792	0.04551	0.04556	0.04519	-0.99895	0.00800	0.04588	-0.00593	-0.99893		501.62213	4.40635	39.91655	1.04977	-0.36734	0.71178	0.39767	0.99990	0.01230	0.00664	-0.01242	0.99976	0.01824	-0.00641	-0.01832	0.99981	
73	0.72000	-0.14877	2.18472	0.64609	0.16647	0.08874	-0.28982	0.43526	0.99999	-0.00505	-0.00156	0.00506	0.99998	0.00290	0.00155	-0.00291	0.99999		-8.54507	60.19611	873.75845	179.68082	2.62553	-2.58791	0.73483	0.99793	0.04541	0.04551	0.04510	-0.99895	0.00763	0.04581	-0.00556	-0.99893		501.62554	4.40587	39.96347	1.07647	-0.38179	0.69524	0.39506	0.99990	0.01201	0.00689	-0.01213	0.99975	0.01870	-0.00666	-0.01879	0.99980	
74	0.73000	-0.14945	2.21014	0.63080	0.17273	0.08231	-0.29639	0.43715	0.99999	-0.00517	-0.00145	0.00517	0.99998	0.00301	0.00144	-0.00301	0.99999		-8.44553	60.27348	873.77546	179.65587	2.61923	-2.60264	0.73601	0.99792	0.04568	0.04538	0.04536	-0.99894	0.00808	0.04570	-0.00600	-0.99894		501.62855	4.44386	39.92399	1.06722	-0.37867	0.70078	0.39846	0.99990	0.01211	0.00684	-0.01223	0.99975	0.01854	-0.00661	-0.01863	0.99980	
75	0.74000	-0.15110	2.21435	0.60674	0.17264	0.07294	-0.30024	0.43322	0.99999	-0.00524	-0.00129	0.00524	0.99998	0.00301	0.00127	-0.00301	0.99999		-8.31287	60.26093	873.79928	179.66029	2.61530	-2.59243	0.73876	0.99794	0.04550	0.04531	0.04518	-0.99895	0.00799	0.04563	-0.00592	-0.99894		501.62863	4.46687	39.87517	1.06187	-0.36276	0.71162	0.39824	0.99990	0.01230	0.00656	-0.01242	0.99975	0.01845	-0.00633	-0.01853	0.99981	
76	0.75000	-0.14618	2.18286	0.61858	0.16324	0.07562	-0.28906	0.43120	0.99999	-0.00504	-0.00133	0.00505	0.99998	0.00284	0.00132	-0.00285	0.99999		-8.41920	60.26446	873.73949	179.67743	2.55853	-2.67399	0.74372	0.99792	0.04690	0.04433	0.04661	-0.99888	0.00771	0.04464	-0.00562	-0.99899		501.63274	4.39525	39.88299	1.06700	-0.37816	0.69682	0.40147	0.99990	0.01204	0.00682	-0.01216	0.99975	0.01854	-0.00660	-0.01862	0.99980	
77	0.76000	-0.15182	2.20509	0.62802	0.16275	0.08123	-0.29681	0.43701	0.99999	-0.00518	-0.00143	0.00518	0.99998	0.00283	0.00142	-0.00284	0.99999		-8.48287	60.12971	873.78938	179.66956	2.62167	-2.59957	0.74360	0.99793	0.04562	0.04543	0.04531	-0.99894	0.00784	0.04574	-0.00576	-0.99894		501.63240	4.44550	39.91506	1.06530	-0.38244	0.70279	0.40295	0.99990	0.01214	0.00690	-0.01227	0.99975	0.01851	-0.00667	-0.01859	0.99980	
78	0.77000	-0.14927	2.20484	0.61755	0.16628	0.07711	-0.29548	0.43577	0.99999	-0.00515	-0.00136	0.00516	0.99998	0.00289	0.00135	-0.00290	0.99999		-8.48654	60.28663	873.74332	179.68419	2.56923	-2.67856	0.74188	0.99790	0.04698	0.04452	0.04669	-0.99888	0.00760	0.04483	-0.00551	-0.99898		501.69104	4.05705	39.86883	0.74541	-0.44115	1.16843	0.30345	0.99976	0.02029	0.00796	-0.02039	0.99971	0.01285	-0.00770	-0.01301	0.99989	
79	0.78000	-0.14658	2.19710	0.61706	0.17314	0.07557	-0.29281	0.43176	0.99999	-0.00511	-0.00133	0.00511	0.99998	0.00301	0.00132	-0.00302	0.99999		-8.42832	60.27748	873.79820	179.66206	2.62890	-2.58746	0.74874	0.99793	0.04541	0.04555	0.04510	-0.99895	0.00796	0.04587	-0.00589	-0.99893		501.63211	4.41335	39.88937	1.05769	-0.37146	0.70665	0.39722	0.99990	0.01221	0.00671	-0.01233	0.99976	0.01838	-0.00648	-0.01846	0.99981	
80	0.79000	-0.15159	2.20328	0.63011	0.16810	0.08245	-0.29432	0.43795	0.99999	-0.00513	-0.00145	0.00514	0.99998	0.00293	0.00144	-0.00293	0.99999		-8.59080	60.28529	873.73465	179.67500	2.57695	-2.66734	0.74276	0.99791	0.04679	0.04465	0.04649	-0.99889	0.00776	0.04496	-0.00567	-0.99897		501.63629	4.41279	39.92843	1.05792	-0.37592	0.71057	0.39520	0.99990	0.01228	0.00679	-0.01240	0.99975	0.01838	-0.00656	-0.01846	0.99981	
81	0.80000	-0.14938	2.19439	0.62793	0.17852	0.08014	-0.29044	0.43466	0.99999	-0.00506	-0.00141	0.00507	0.99998	0.00311	0.00140	-0.00312	0.99999		-8.49289	60.35241	873.79045	179.65878	2.63877	-2.59388	0.74272	0.99792	0.04553	0.04572	0.04521	-0.99895	0.00803	0.04604	-0.00595	-0.99892		501.62978	4.40020	39.91370	1.05373	-0.36765	0.69717	0.39846	0.99991	0.01205	0.00664	-0.01217	0.99976	0.01831	-0.00642	-0.01839	0.99981	
82	0.81000	-0.15435	2.18807	0.62077	0.17177	0.07685	-0.29054	0.43173	0.99999	-0.00507	-0.00136	0.00507	0.99998	0.00299	0.00134	-0.00300	0.99999		-8.48585	60.36820	873.73086	179.70030	2.56151	-2.67785	0.73243	0.99791	0.04695	0.04440	0.04667	-0.99888	0.00731	0.04469	-0.00523	-0.99899		501.63441	4.39713	39.89476	1.05387	-0.37287	0.70294	0.40263	0.99990	0.01215	0.00673	-0.01227	0.99976	0.01831	-0.00651	-0.01839	0.99981	
83	0.82000	-0.15534	2.18883	0.60996	0.17390	0.07429	-0.29217	0.43018	0.99999	-0.00510	-0.00131	0.00510	0.99998	0.00303	0.00130	-0.00304	0.99999		-8.41518	60.38243	873.74361	179.68626	2.56010	-2.68385	0.74153	0.99791	0.04707	0.04436	0.04678	-0.99888	0.00756	0.04467	-0.00547	-0.99899		501.63229	4.41006	39.89038	1.05330	-0.35664	0.71064	0.39882	0.99990	0.01229	0.00645	-0.01240	0.99976	0.01830	-0.00622	-0.01838	0.99981	
84	0.83000	-0.15829	2.19174	0.61748	0.17188	0.07916	-0.29245	0.43517	0.99999	-0.00510	-0.00140	0.00510	0.99998	0.00299	0.00138	-0.00300	0.99999		-8.41180	60.22568	873.79919	179.67369	2.62238	-2.59753	0.74449	0.99793	0.04558	0.04545	0.04527	-0.99894	0.00776	0.04575	-0.00569	-0.99894		501.63335	4.42280	39.90731	1.06662	-0.37909	0.68710	0.40267	0.99991	0.01187	0.00684	-0.01199	0.99976	0.01853	-0.00662	-0.01861	0.99980	
85	0.84000	-0.15885	2.18979	0.62547	0.17030	0.08221	-0.29472	0.43433	0.99999	-0.00514	-0.00145	0.00514	0.99998	0.00296	0.00143	-0.00297	0.99999		-8.45116	60.19078	873.79003	179.67862	2.62059	-2.59802	0.73857	0.99793	0.04558	0.04542	0.04528	-0.99894	0.00768	0.04572	-0.00560	-0.99894		501.63516	4.44184	39.94041	1.08037	-0.37269	0.69389	0.39807	0.99991	0.01199	0.00673	-0.01211	0.99975	0.01877	-0.00650	-0.01885	0.99980	
86	0.85000	-0.15348	2.18811	0.60459	0.17947	0.07396	-0.29238	0.43647	0.99999	-0.00510	-0.00131	0.00510	0.99998	0.00312	0.00129	-0.00313	0.99999		-8.31267	60.32603	873.80828	179.66808	2.61752	-2.59002	0.74299	0.99794	0.04545	0.04536	0.04514	-0.99895	0.00785	0.04567	-0.00579	-0.99894		501.63713	4.41929	39.87672	1.05271	-0.37110	0.69950	0.40045	0.99990	0.01209	0.00670	-0.01221	0.99976	0.01829	-0.00648	-0.01837	0.99981	
87	0.86000	-0.14999	2.18101	0.62425	0.16944	0.07969	-0.28989	0.43357	0.99999	-0.00506	-0.00141	0.00506	0.99998	0.00295	0.00139	-0.00296	0.99999		-8.39955	60.19308	873.77794	179.67583	2.60948	-2.59486	0.73891	0.99794	0.04553	0.04522	0.04523	-0.99895	0.00771	0.04553	-0.00565	-0.99895		501.62563	4.40521	39.90788	1.07024	-0.36924	0.69271	0.39822	0.99991	0.01197	0.00667	-0.01209	0.99975	0.01860	-0.00644	-0.01868	0.99980	
88	0.87000	-0.15305	2.17248	0.61599	0.16455	0.07857	-0.29118	0.43354	0.99999	-0.00508	-0.00139	0.00508	0.99998	0.00286	0.00137	-0.00287	0.99999		-8.38560	60.12023	873.82428	179.68515	2.62969	-2.58880	0.74498	0.99793	0.04542	0.04558	0.04512	-0.99895	0.00756	0.04588	-0.00549	-0.99893		501.63766	4.42327	39.90538	1.07889	-0.37965	0.68588	0.39773	0.99991	0.01184	0.00685	-0.01197	0.99975	0.01875	-0.00663	-0.01883	0.99980	
89	0.88000	-0.15290	2.17653	0.61251	0.17366	0.07832	-0.29027	0.43447	0.99999	-0.00506	-0.00138	0.00507	0.99998	0.00302	0.00137	-0.00303	0.99999		-8.38798	60.26983	873.79913	179.67854	2.61918	-2.58837	0.74314	0.99794	0.04542	0.04540	0.04511	-0.99895	0.00767	0.04570	-0.00560	-0.99894		501.68736	4.00544	39.89069	0.70982	-0.42372	1.17865	0.29902	0.99976	0.02048	0.00765	-0.02057	0.99971	0.01223	-0.00740	-0.01239	0.99990	
90	0.89000	-0.15701	2.17376	0.62825	0.16855	0.08336	-0.29015	0.43373	0.99999	-0.00506	-0.00147	0.00506	0.99998	0.00293	0.00145	-0.00294	0.99999		-8.48579	60.22540	873.76820	179.68584	2.61653	-2.60141	0.74104	0.99793	0.04564	0.04535	0.04534	-0.99894	0.00755	0.04565	-0.00548	-0.99894		501.62182	4.37444	39.93463	1.03684	-0.37547	0.71330	0.39755	0.99990	0.01233	0.00678	-0.01245	0.99976	0.01801	-0.00655	-0.01809	0.99981	
91	0.90000	-0.15815	2.17439	0.61017	0.17450	0.07627	-0.28976	0.43684	0.99999	-0.00505	-0.00135	0.00506	0.99998	0.00304	0.00133	-0.00305	0.99999		-8.38611	60.29985	873.80946	179.66060	2.62458	-2.58893	0.74317	0.99793	0.04544	0.04548	0.04512	-0.99895	0.00799	0.04579	-0.00592	-0.99893		501.69029	4.00986	39.86237	0.72739	-0.43641	1.17704	0.29818	0.99976	0.02044	0.00788	-0.02054	0.99971	0.01254	-0.00762	-0.01269	0.99989	
92	0.91000	-0.15824	2.17523	0.59833	0.17241	0.07104	-0.29101	0.43900	0.99999	-0.00507	-0.00125	0.00508	0.99998	0.00300	0.00124	-0.00301	0.99999		-8.37565	60.39459	873.74386	179.68106	2.55364	-2.67775	0.74085	0.99792	0.04697	0.04425	0.04667	-0.99888	0.00764	0.04455	-0.00556	-0.99899		501.63070	4.40674	39.86064	1.06187	-0.35989	0.70642	0.39795	0.99990	0.01221	0.00651	-0.01233	0.99975	0.01845	-0.00628	-0.01853	0.99981	
93	0.92000	-0.16248	2.16237	0.61060	0.17689	0.07795	-0.28536	0.43344	0.99999	-0.00498	-0.00138	0.00498	0.99998	0.00308	0.00136	-0.00309	0.99999		-8.49452	60.44500	873.71261	179.66246	2.56186	-2.66287	0.74110	0.99792	0.04672	0.04438	0.04641	-0.99889	0.00796	0.04470	-0.00589	-0.99898		501.62076	4.35610	39.91512	1.04205	-0.34608	0.70318	0.39829	0.99991	0.01216	0.00626	-0.01227	0.99976	0.01811	-0.00604	-0.01819	0.99982	
94	0.93000	-0.15906	2.17464	0.62325	0.16993	0.08392	-0.28979	0.43611	0.99999	-0.00505	-0.00148	0.00506	0.99998	0.00296	0.00146	-0.00297	0.99999		-8.53491	60.25602	873.80709	179.66678	2.65005	-2.58485	0.73893	0.99791	0.04537	0.04593	0.04505	-0.99895	0.00790	0.04624	-0.00581	-0.99891		501.62362	4.38886	39.95435	1.05289	-0.36014	0.69989	0.39407	0.99991	0.01210	0.00651	-0.01221	0.99976	0.01830	-0.00629	-0.01837	0.99981	
95	0.94000	-0.15135	2.17768	0.61846	0.16453	0.07740	-0.29106	0.43327	0.99999	-0.00508	-0.00136	0.00508	0.99998	0.00286	0.00135	-0.00287	0.99999		-8.50352	60.29766	873.73298	179.69196	2.56426	-2.68117	0.74551	0.99791	0.04702	0.04444	0.04673	-0.99888	0.00746	0.04474	-0.00537	-0.99898		501.61962	4.38902	39.90008	1.05811	-0.35707	0.70094	0.40275	0.99991	0.01212	0.00646	-0.01223	0.99976	0.01839	-0.00623	-0.01847	0.99981	
