1	0.00000	0.02366	1.97131	0.54989	-0.06138	-0.13829	-0.23445	0.52931	0.99999	-0.00409	0.00242	0.00409	0.99999	-0.00106	-0.00241	0.00107	1.00000		-5.27480	56.75082	874.35133	179.88498	2.42508	-2.27722	0.59136	0.99832	0.03982	0.04220	0.03970	-0.99920	0.00369	0.04231	-0.00201	-0.99910		501.92359	3.86999	37.95753	1.26640	-0.42656	0.64836	0.37175	0.99991	0.01115	0.00769	-0.01132	0.99969	0.02202	-0.00744	-0.02210	0.99973	
2	0.01000	0.02647	1.99389	0.55156	-0.05661	-0.14000	-0.24034	0.53120	0.99999	-0.00419	0.00245	0.00419	0.99999	-0.00098	-0.00244	0.00099	1.00000		-5.29729	56.80484	874.36489	179.87419	2.44079	-2.27974	0.59066	0.99830	0.03987	0.04247	0.03974	-0.99920	0.00389	0.04259	-0.00219	-0.99909		501.91725	3.90037	37.95226	1.26624	-0.41058	0.65381	0.36861	0.99991	0.01125	0.00742	-0.01141	0.99969	0.02202	-0.00717	-0.02210	0.99973	
3	0.02000	0.03337	1.98002	0.52077	-0.05723	-0.15354	-0.23577	0.53129	0.99999	-0.00411	0.00268	0.00412	0.99999	-0.00099	-0.00268	0.00100	1.00000		-5.13180	56.85362	874.37005	179.88135	2.42327	-2.28709	0.57484	0.99831	0.03999	0.04216	0.03987	-0.99920	0.00376	0.04228	-0.00207	-0.99910		501.93503	3.87010	37.85238	1.25703	-0.41811	0.65211	0.36956	0.99991	0.01122	0.00754	-0.01138	0.99970	0.02185	-0.00730	-0.02194	0.99973	
4	0.03000	-0.01027	2.08672	0.71736	0.04584	-0.02883	-0.26440	0.56043	0.99999	-0.00461	0.00050	0.00461	0.99999	0.00080	-0.00050	-0.00080	1.00000		-6.89841	58.47751	874.07107	179.82532	2.59424	-2.51978	0.68965	0.99801	0.04410	0.04508	0.04392	-0.99902	0.00504	0.04526	-0.00305	-0.99897		501.83417	4.19136	38.87754	1.21093	-0.23911	0.66900	0.37742	0.99992	0.01159	0.00442	-0.01168	0.99971	0.02108	-0.00417	-0.02113	0.99977	
5	0.04000	-0.00778	2.10596	0.70139	0.05552	-0.03917	-0.27062	0.56785	0.99999	-0.00472	0.00068	0.00472	0.99999	0.00097	-0.00068	-0.00097	1.00000		-6.73461	58.62327	874.07164	179.81949	2.57979	-2.53930	0.68946	0.99801	0.04445	0.04483	0.04426	-0.99901	0.00514	0.04501	-0.00315	-0.99898		501.83967	4.23511	38.80599	1.20058	-0.22576	0.68386	0.37831	0.99992	0.01185	0.00419	-0.01194	0.99971	0.02090	-0.00394	-0.02095	0.99977	
6	0.05000	0.23797	2.57704	0.45313	0.63156	-0.83211	-0.45766	0.66557	0.99986	-0.00815	0.01443	0.00799	0.99991	0.01114	-0.01452	-0.01102	0.99983		4.60619	66.89727	873.87410	179.29836	1.74455	-2.60431	0.63175	0.99850	0.04581	0.02985	0.04542	-0.99888	0.01362	0.03044	-0.01224	-0.99946		502.02214	5.64986	32.61425	0.38226	0.63474	1.09369	0.37674	0.99976	0.01916	-0.01095	-0.01909	0.99979	0.00688	0.01108	-0.00667	0.99992	
7	0.06000	-0.10397	2.18253	0.62183	0.26604	-0.03276	-0.30086	0.49734	0.99999	-0.00525	0.00055	0.00525	0.99998	0.00465	-0.00057	-0.00464	0.99999		-6.79718	61.76588	873.79234	179.56377	2.53748	-2.58838	0.72413	0.99800	0.04550	0.04388	0.04512	-0.99894	0.00961	0.04427	-0.00761	-0.99899		501.79458	4.40797	39.08802	0.86877	-0.31133	0.91576	0.45603	0.99986	0.01590	0.00567	-0.01598	0.99976	0.01507	-0.00543	-0.01516	0.99987	
8	0.07000	-0.11260	2.15967	0.60418	0.26404	-0.02239	-0.29175	0.49268	0.99999	-0.00509	0.00037	0.00509	0.99998	0.00461	-0.00039	-0.00461	0.99999		-6.90228	61.75232	873.80022	179.56664	2.52828	-2.58783	0.72935	0.99801	0.04548	0.04372	0.04511	-0.99894	0.00955	0.04411	-0.00756	-0.99900		501.75151	4.42173	39.16236	0.91224	-0.23819	0.77863	0.40430	0.99990	0.01352	0.00437	-0.01359	0.99978	0.01586	-0.00416	-0.01592	0.99986	
9	0.08000	-0.11163	2.17449	0.57776	0.28212	-0.02053	-0.29460	0.48736	0.99999	-0.00514	0.00033	0.00514	0.99997	0.00492	-0.00036	-0.00492	0.99999		-6.90087	61.99987	873.78234	179.55707	2.51867	-2.59569	0.73082	0.99801	0.04563	0.04355	0.04524	-0.99893	0.00971	0.04394	-0.00772	-0.99900		501.75045	4.45341	39.18177	0.91455	-0.24458	0.76765	0.40206	0.99990	0.01333	0.00448	-0.01340	0.99978	0.01590	-0.00427	-0.01596	0.99986	
10	0.09000	-0.11146	2.17558	0.56904	0.27731	-0.01512	-0.29522	0.48845	0.99999	-0.00515	0.00024	0.00515	0.99998	0.00484	-0.00026	-0.00484	0.99999		-6.97807	61.93099	873.78340	179.58328	2.51130	-2.60986	0.72035	0.99800	0.04585	0.04344	0.04549	-0.99892	0.00926	0.04382	-0.00727	-0.99901		501.74813	4.46331	39.22714	0.92436	-0.25647	0.76382	0.39907	0.99990	0.01326	0.00469	-0.01333	0.99978	0.01607	-0.00448	-0.01613	0.99986	
11	0.10000	-0.10548	2.16723	0.55374	0.27418	-0.01820	-0.29202	0.48247	0.99999	-0.00510	0.00029	0.00510	0.99998	0.00479	-0.00032	-0.00479	0.99999		-6.91720	61.83183	873.84293	179.57323	2.52881	-2.59093	0.72773	0.99800	0.04553	0.04374	0.04516	-0.99894	0.00944	0.04412	-0.00744	-0.99900		501.73935	4.43312	39.21162	0.92751	-0.23750	0.75781	0.40190	0.99990	0.01316	0.00436	-0.01323	0.99978	0.01613	-0.00415	-0.01619	0.99986	
12	0.11000	-0.10574	2.17428	0.54614	0.28476	-0.01601	-0.29155	0.47915	0.99999	-0.00509	0.00025	0.00509	0.99997	0.00497	-0.00028	-0.00497	0.99999		-6.96463	61.99501	873.83399	179.57428	2.53021	-2.61560	0.73443	0.99798	0.04596	0.04376	0.04559	-0.99892	0.00944	0.04415	-0.00742	-0.99900		501.74032	4.42473	39.22683	0.91210	-0.24916	0.76109	0.39940	0.99990	0.01321	0.00456	-0.01328	0.99979	0.01586	-0.00435	-0.01592	0.99986	
13	0.12000	-0.10718	2.17841	0.54498	0.29041	-0.01468	-0.29103	0.47796	0.99999	-0.00508	0.00023	0.00508	0.99997	0.00507	-0.00026	-0.00507	0.99999		-7.00876	62.04999	873.82653	179.57188	2.53472	-2.60460	0.73333	0.99799	0.04577	0.04384	0.04540	-0.99892	0.00947	0.04422	-0.00746	-0.99899		501.74097	4.41628	39.23564	0.89753	-0.25709	0.75976	0.40112	0.99990	0.01319	0.00469	-0.01326	0.99979	0.01560	-0.00449	-0.01566	0.99987	
14	0.13000	-0.11023	2.17317	0.53712	0.28177	-0.01525	-0.29022	0.47679	0.99999	-0.00507	0.00024	0.00507	0.99998	0.00492	-0.00027	-0.00492	0.99999		-7.04120	61.90735	873.84173	179.57509	2.52967	-2.61342	0.73063	0.99799	0.04592	0.04375	0.04555	-0.99892	0.00942	0.04414	-0.00741	-0.99900		501.73311	4.41722	39.23858	0.92750	-0.25114	0.74402	0.40244	0.99991	0.01291	0.00459	-0.01299	0.99979	0.01613	-0.00438	-0.01619	0.99986	
15	0.14000	-0.11668	2.19001	0.51194	0.28393	-0.02528	-0.29702	0.47604	0.99999	-0.00519	0.00042	0.00518	0.99997	0.00496	-0.00044	-0.00496	0.99999		-6.92407	61.91753	873.87372	179.57271	2.53189	-2.60879	0.72986	0.99799	0.04584	0.04379	0.04547	-0.99892	0.00946	0.04418	-0.00745	-0.99900		501.75022	4.45917	39.17352	0.91767	-0.24634	0.75476	0.39610	0.99990	0.01310	0.00451	-0.01317	0.99979	0.01596	-0.00430	-0.01602	0.99986	
16	0.15000	-0.11983	2.19434	0.51062	0.29324	-0.02043	-0.29837	0.47532	0.99999	-0.00521	0.00033	0.00521	0.99997	0.00512	-0.00036	-0.00512	0.99999		-7.03327	62.06991	873.84783	179.57550	2.53470	-2.60323	0.71988	0.99799	0.04575	0.04384	0.04537	-0.99893	0.00941	0.04422	-0.00740	-0.99899		501.73896	4.45875	39.20875	0.89946	-0.24886	0.77420	0.40123	0.99990	0.01344	0.00455	-0.01351	0.99979	0.01564	-0.00434	-0.01570	0.99987	
17	0.16000	-0.12248	2.18881	0.51013	0.28280	-0.02094	-0.29597	0.47287	0.99999	-0.00517	0.00034	0.00517	0.99997	0.00494	-0.00037	-0.00494	0.99999		-7.03336	61.92390	873.88081	179.57068	2.54625	-2.60713	0.73084	0.99798	0.04582	0.04404	0.04544	-0.99892	0.00951	0.04443	-0.00749	-0.99898		501.74511	4.44737	39.21188	0.92142	-0.24528	0.75933	0.40053	0.99990	0.01318	0.00449	-0.01325	0.99978	0.01602	-0.00428	-0.01608	0.99986	
18	0.17000	-0.11282	2.16880	0.51013	0.27915	-0.01951	-0.28957	0.47125	0.99999	-0.00506	0.00032	0.00505	0.99998	0.00487	-0.00034	-0.00487	0.99999		-7.07318	61.93424	873.86139	179.58673	2.54275	-2.61341	0.72680	0.99798	0.04592	0.04399	0.04555	-0.99892	0.00923	0.04436	-0.00721	-0.99899		501.74140	4.41811	39.21385	0.92622	-0.26038	0.74865	0.40217	0.99990	0.01299	0.00475	-0.01307	0.99978	0.01610	-0.00454	-0.01616	0.99986	
19	0.18000	-0.11349	2.17184	0.51396	0.27134	-0.01541	-0.28923	0.46881	0.99999	-0.00505	0.00025	0.00505	0.99998	0.00474	-0.00027	-0.00474	0.99999		-7.11280	61.80938	873.88297	179.58086	2.55625	-2.60714	0.73362	0.99797	0.04581	0.04422	0.04544	-0.99892	0.00934	0.04460	-0.00731	-0.99898		501.74448	4.40838	39.24481	0.94929	-0.26821	0.75235	0.40301	0.99990	0.01305	0.00490	-0.01313	0.99978	0.01650	-0.00468	-0.01657	0.99985	
20	0.19000	-0.10895	2.18047	0.48240	0.28966	-0.02914	-0.29105	0.47396	0.99999	-0.00508	0.00048	0.00508	0.99997	0.00506	-0.00051	-0.00506	0.99999		-6.90149	62.09800	873.88253	179.55690	2.53262	-2.60426	0.72913	0.99799	0.04578	0.04379	0.04539	-0.99892	0.00973	0.04419	-0.00773	-0.99899		501.74541	4.42844	39.15794	0.92461	-0.23551	0.74543	0.40243	0.99991	0.01294	0.00432	-0.01301	0.99979	0.01608	-0.00411	-0.01614	0.99986	
21	0.20000	-0.11544	2.19035	0.51300	0.28345	-0.01437	-0.29541	0.47083	0.99999	-0.00516	0.00023	0.00516	0.99997	0.00495	-0.00025	-0.00495	0.99999		-7.09607	62.03451	873.83609	179.56651	2.53648	-2.61182	0.72853	0.99798	0.04590	0.04386	0.04552	-0.99892	0.00957	0.04426	-0.00756	-0.99899		501.75040	4.43291	39.24805	0.89607	-0.26400	0.75901	0.39991	0.99990	0.01317	0.00481	-0.01325	0.99979	0.01558	-0.00461	-0.01564	0.99987	
22	0.21000	-0.11120	2.18805	0.50294	0.28113	-0.01616	-0.29358	0.47298	0.99999	-0.00512	0.00026	0.00512	0.99997	0.00491	-0.00028	-0.00491	0.99999		-7.02731	62.01988	873.85616	179.56905	2.53907	-2.60531	0.72867	0.99799	0.04579	0.04391	0.04541	-0.99892	0.00953	0.04430	-0.00751	-0.99899		501.73840	4.43079	39.24897	0.91862	-0.25663	0.74842	0.40010	0.99990	0.01299	0.00469	-0.01306	0.99979	0.01597	-0.00448	-0.01603	0.99986	
23	0.22000	-0.11534	2.18342	0.48370	0.29085	-0.02590	-0.29155	0.47573	0.99999	-0.00509	0.00043	0.00509	0.99997	0.00508	-0.00045	-0.00508	0.99999		-6.83889	62.17693	873.87084	179.54671	2.52764	-2.60312	0.73018	0.99800	0.04576	0.04370	0.04537	-0.99892	0.00991	0.04410	-0.00790	-0.99900		501.75698	4.43181	39.17666	0.92001	-0.25837	0.73855	0.39790	0.99991	0.01282	0.00472	-0.01289	0.99979	0.01600	-0.00451	-0.01606	0.99986	
24	0.23000	-0.11050	2.19264	0.47194	0.29228	-0.03088	-0.29564	0.47589	0.99999	-0.00516	0.00051	0.00516	0.99997	0.00510	-0.00054	-0.00510	0.99999		-6.76138	62.18876	873.88022	179.54872	2.51529	-2.60469	0.73364	0.99800	0.04579	0.04348	0.04540	-0.99892	0.00986	0.04389	-0.00787	-0.99901		501.74506	4.45116	39.15138	0.91683	-0.23510	0.74938	0.39818	0.99991	0.01301	0.00431	-0.01308	0.99979	0.01595	-0.00410	-0.01600	0.99986	
25	0.24000	-0.11095	2.19245	0.49680	0.28345	-0.02101	-0.29600	0.47274	0.99999	-0.00517	0.00034	0.00517	0.99997	0.00495	-0.00037	-0.00495	0.99999		-6.89725	62.04881	873.87252	179.54666	2.52886	-2.60394	0.73225	0.99799	0.04578	0.04372	0.04539	-0.99892	0.00991	0.04412	-0.00790	-0.99899		501.74470	4.44031	39.21353	0.91878	-0.25434	0.75499	0.40353	0.99990	0.01310	0.00465	-0.01318	0.99979	0.01598	-0.00444	-0.01603	0.99986	
26	0.25000	-0.11067	2.19196	0.48068	0.28866	-0.02425	-0.29380	0.47195	0.99999	-0.00513	0.00040	0.00513	0.99997	0.00504	-0.00042	-0.00504	0.99999		-6.86742	62.11396	873.88762	179.55951	2.52875	-2.60249	0.73445	0.99800	0.04574	0.04372	0.04536	-0.99892	0.00968	0.04412	-0.00768	-0.99900		501.74465	4.43487	39.19222	0.91979	-0.24743	0.75485	0.39800	0.99990	0.01310	0.00453	-0.01317	0.99979	0.01599	-0.00432	-0.01605	0.99986	
27	0.26000	-0.10526	2.17583	0.46539	0.29392	-0.03186	-0.28652	0.47304	0.99999	-0.00500	0.00053	0.00500	0.99997	0.00513	-0.00056	-0.00513	0.99999		-6.77520	62.19092	873.89099	179.54582	2.51736	-2.59903	0.73622	0.99801	0.04569	0.04352	0.04530	-0.99892	0.00991	0.04392	-0.00792	-0.99900		501.75043	4.38246	39.14398	0.91152	-0.24199	0.74470	0.40518	0.99991	0.01293	0.00443	-0.01300	0.99979	0.01585	-0.00422	-0.01591	0.99986	
28	0.27000	-0.10882	2.20373	0.46293	0.29173	-0.03049	-0.29887	0.47326	0.99999	-0.00522	0.00051	0.00522	0.99997	0.00509	-0.00053	-0.00509	0.99999		-6.84012	62.10370	873.89272	179.54736	2.52096	-2.61161	0.72723	0.99799	0.04591	0.04358	0.04552	-0.99891	0.00990	0.04398	-0.00789	-0.99900		501.75868	4.48023	39.14775	0.91503	-0.25612	0.73770	0.40457	0.99991	0.01280	0.00467	-0.01287	0.99979	0.01591	-0.00447	-0.01597	0.99986	
29	0.28000	-0.11467	2.18971	0.48556	0.28243	-0.02148	-0.29269	0.47128	0.99999	-0.00511	0.00035	0.00511	0.99997	0.00493	-0.00037	-0.00493	0.99999		-6.99200	61.95455	873.89540	179.56766	2.54543	-2.61206	0.73282	0.99798	0.04591	0.04402	0.04553	-0.99892	0.00956	0.04441	-0.00754	-0.99898		501.74932	4.42429	39.21312	0.93140	-0.26073	0.74935	0.40110	0.99990	0.01300	0.00476	-0.01308	0.99978	0.01619	-0.00455	-0.01626	0.99986	
30	0.29000	-0.10997	2.17982	0.48045	0.29923	-0.02180	-0.28932	0.47193	0.99999	-0.00505	0.00035	0.00505	0.99997	0.00522	-0.00038	-0.00522	0.99999		-7.01032	62.20046	873.89073	179.55786	2.54980	-2.60911	0.73188	0.99797	0.04586	0.04409	0.04548	-0.99892	0.00973	0.04449	-0.00771	-0.99898		501.74734	4.39156	39.21958	0.86992	-0.25572	0.75640	0.40043	0.99990	0.01313	0.00466	-0.01320	0.99980	0.01512	-0.00446	-0.01518	0.99987	
31	0.30000	-0.11926	2.17763	0.49089	0.27721	-0.01777	-0.29066	0.47448	0.99999	-0.00507	0.00029	0.00507	0.99998	0.00484	-0.00031	-0.00484	0.99999		-7.08245	61.83825	873.89951	179.57637	2.55094	-2.60677	0.73139	0.99798	0.04581	0.04412	0.04544	-0.99892	0.00941	0.04451	-0.00739	-0.99898		501.74754	4.40561	39.23866	0.93330	-0.26672	0.74979	0.40114	0.99990	0.01301	0.00487	-0.01309	0.99978	0.01623	-0.00466	-0.01629	0.99986	
32	0.31000	-0.11683	2.18514	0.49357	0.28988	-0.01563	-0.29375	0.47101	0.99999	-0.00513	0.00025	0.00513	0.99997	0.00506	-0.00027	-0.00506	0.99999		-7.11187	62.02206	873.88765	179.56737	2.55596	-2.61233	0.73011	0.99797	0.04591	0.04420	0.04553	-0.99892	0.00958	0.04460	-0.00754	-0.99898		501.74853	4.44253	39.25103	0.91527	-0.26659	0.73680	0.40208	0.99991	0.01278	0.00486	-0.01286	0.99979	0.01591	-0.00465	-0.01597	0.99986	
33	0.32000	-0.11504	2.17741	0.46728	0.29172	-0.02568	-0.28979	0.47462	0.99999	-0.00506	0.00042	0.00506	0.99997	0.00509	-0.00045	-0.00509	0.99999		-6.96002	62.08486	873.89467	179.57663	2.52794	-2.61893	0.72805	0.99798	0.04602	0.04372	0.04565	-0.99891	0.00940	0.04411	-0.00738	-0.99900		501.74509	4.41390	39.18514	0.91024	-0.25223	0.73764	0.40152	0.99991	0.01280	0.00461	-0.01287	0.99979	0.01583	-0.00440	-0.01589	0.99986	
34	0.33000	-0.11430	2.19867	0.45877	0.29262	-0.02929	-0.29730	0.47042	0.99999	-0.00519	0.00049	0.00519	0.99997	0.00511	-0.00051	-0.00511	0.99999		-6.87847	62.05400	873.92375	179.56303	2.53695	-2.61586	0.73346	0.99798	0.04598	0.04387	0.04559	-0.99891	0.00964	0.04426	-0.00762	-0.99899		501.74655	4.46058	39.16845	0.91940	-0.24789	0.75150	0.39879	0.99990	0.01304	0.00454	-0.01312	0.99979	0.01599	-0.00433	-0.01605	0.99986	
35	0.34000	-0.11559	2.20226	0.48975	0.28795	-0.01647	-0.29891	0.47053	0.99999	-0.00522	0.00026	0.00522	0.99997	0.00503	-0.00029	-0.00503	0.99999		-7.05994	62.00319	873.85239	179.57030	2.52598	-2.62609	0.73006	0.99798	0.04615	0.04368	0.04577	-0.99891	0.00951	0.04407	-0.00749	-0.99900		501.75232	4.47336	39.24078	0.90939	-0.26475	0.74297	0.39948	0.99991	0.01289	0.00483	-0.01297	0.99979	0.01581	-0.00462	-0.01587	0.99986	
36	0.35000	-0.10528	2.18962	0.46370	0.28967	-0.02409	-0.28921	0.46813	0.99999	-0.00505	0.00040	0.00505	0.99997	0.00506	-0.00042	-0.00506	0.99999		-6.90368	62.03310	873.91271	179.56381	2.53125	-2.59836	0.73135	0.99800	0.04567	0.04377	0.04529	-0.99893	0.00961	0.04416	-0.00761	-0.99900		501.74518	4.39848	39.20780	0.92526	-0.25457	0.74625	0.40297	0.99991	0.01295	0.00465	-0.01302	0.99979	0.01609	-0.00444	-0.01615	0.99986	
37	0.36000	-0.10319	2.18285	0.46332	0.28203	-0.02748	-0.29149	0.46782	0.99999	-0.00509	0.00046	0.00509	0.99998	0.00492	-0.00048	-0.00492	0.99999		-6.83211	61.96266	873.90561	179.56837	2.51919	-2.60834	0.73241	0.99800	0.04584	0.04356	0.04546	-0.99892	0.00953	0.04395	-0.00753	-0.99901		501.74699	4.43284	39.17187	0.93703	-0.25082	0.73642	0.40097	0.99991	0.01278	0.00459	-0.01285	0.99978	0.01630	-0.00438	-0.01635	0.99986	
38	0.37000	-0.10851	2.17730	0.46692	0.28618	-0.02530	-0.28949	0.47288	0.99999	-0.00505	0.00042	0.00505	0.99997	0.00500	-0.00044	-0.00499	0.99999		-6.84580	62.04923	873.89038	179.56126	2.51728	-2.60574	0.73446	0.99800	0.04580	0.04353	0.04542	-0.99892	0.00965	0.04392	-0.00765	-0.99901		501.75329	4.43225	39.18561	0.93086	-0.25612	0.72480	0.40175	0.99991	0.01258	0.00467	-0.01265	0.99979	0.01619	-0.00447	-0.01625	0.99986	
39	0.38000	-0.10993	2.19870	0.45643	0.28705	-0.02939	-0.29716	0.46800	0.99999	-0.00519	0.00049	0.00519	0.99997	0.00501	-0.00051	-0.00501	0.99999		-6.80537	62.08275	873.88241	179.56555	2.50264	-2.61471	0.72601	0.99801	0.04595	0.04327	0.04558	-0.99892	0.00957	0.04367	-0.00758	-0.99902		501.74674	4.46279	39.17225	0.92837	-0.23461	0.74775	0.39984	0.99991	0.01298	0.00431	-0.01305	0.99978	0.01615	-0.00409	-0.01620	0.99986	
40	0.39000	-0.11610	2.18299	0.45285	0.29197	-0.02945	-0.29152	0.47378	0.99999	-0.00509	0.00049	0.00509	0.99997	0.00510	-0.00051	-0.00510	0.99999		-6.78504	62.18572	873.90733	179.56049	2.52740	-2.61278	0.73254	0.99799	0.04592	0.04370	0.04554	-0.99892	0.00967	0.04410	-0.00766	-0.99900		501.75536	4.44777	39.15674	0.92144	-0.25302	0.73144	0.39870	0.99991	0.01269	0.00462	-0.01277	0.99979	0.01602	-0.00442	-0.01608	0.99986	
41	0.40000	-0.11959	2.18626	0.46008	0.28426	-0.02657	-0.29418	0.47095	0.99999	-0.00514	0.00044	0.00513	0.99997	0.00496	-0.00046	-0.00496	0.99999		-6.85986	62.05668	873.89557	179.55949	2.52136	-2.61049	0.73563	0.99800	0.04588	0.04359	0.04550	-0.99892	0.00968	0.04399	-0.00768	-0.99900		501.75870	4.44373	39.18031	0.92221	-0.25668	0.74708	0.39877	0.99990	0.01296	0.00469	-0.01304	0.99979	0.01604	-0.00448	-0.01609	0.99986	
42	0.41000	-0.12014	2.18637	0.47282	0.29369	-0.01977	-0.29118	0.46623	0.99999	-0.00508	0.00032	0.00508	0.99997	0.00513	-0.00035	-0.00513	0.99999		-6.99371	62.20278	873.88953	179.54837	2.54503	-2.60286	0.73530	0.99798	0.04576	0.04400	0.04537	-0.99892	0.00989	0.04440	-0.00787	-0.99898		501.75000	4.43766	39.23034	0.93320	-0.25545	0.73002	0.40009	0.99991	0.01267	0.00467	-0.01274	0.99979	0.01623	-0.00446	-0.01629	0.99986	
43	0.42000	-0.11401	2.19130	0.46192	0.28529	-0.02804	-0.29431	0.47095	0.99999	-0.00514	0.00046	0.00514	0.99997	0.00498	-0.00049	-0.00498	0.99999		-6.90273	62.06049	873.92414	179.56119	2.55203	-2.59947	0.73611	0.99798	0.04569	0.04413	0.04531	-0.99893	0.00967	0.04453	-0.00765	-0.99898		501.75136	4.44099	39.17532	0.92341	-0.23827	0.74733	0.39952	0.99991	0.01297	0.00437	-0.01304	0.99979	0.01606	-0.00416	-0.01612	0.99986	
44	0.43000	-0.11823	2.18902	0.46913	0.29147	-0.02019	-0.29365	0.46778	0.99999	-0.00513	0.00033	0.00513	0.99997	0.00509	-0.00035	-0.00509	0.99999		-7.04810	62.15645	873.89586	179.55936	2.55266	-2.60573	0.73057	0.99797	0.04580	0.04414	0.04542	-0.99892	0.00971	0.04454	-0.00768	-0.99898		501.75147	4.45955	39.22988	0.95091	-0.25909	0.73027	0.39799	0.99991	0.01267	0.00473	-0.01275	0.99978	0.01654	-0.00452	-0.01660	0.99985	
45	0.44000	-0.12027	2.19523	0.48317	0.28284	-0.01505	-0.29823	0.46683	0.99999	-0.00521	0.00024	0.00521	0.99997	0.00494	-0.00026	-0.00494	0.99999		-7.13726	62.00118	873.89728	179.56631	2.56713	-2.61454	0.73073	0.99796	0.04595	0.04440	0.04557	-0.99891	0.00960	0.04479	-0.00756	-0.99897		501.74704	4.48203	39.26214	0.93113	-0.25733	0.73617	0.40055	0.99991	0.01277	0.00470	-0.01285	0.99979	0.01619	-0.00449	-0.01625	0.99986	
46	0.45000	-0.11529	2.17952	0.46874	0.28665	-0.02177	-0.29064	0.46780	0.99999	-0.00507	0.00036	0.00507	0.99997	0.00500	-0.00038	-0.00500	0.99999		-7.02124	62.05969	873.91090	179.55247	2.55872	-2.60374	0.72863	0.99797	0.04578	0.04424	0.04538	-0.99892	0.00983	0.04464	-0.00780	-0.99897		501.74744	4.43080	39.21202	0.92830	-0.25836	0.73543	0.40206	0.99991	0.01276	0.00472	-0.01284	0.99979	0.01614	-0.00451	-0.01620	0.99986	
47	0.46000	-0.11666	2.18129	0.48234	0.28546	-0.01431	-0.29197	0.46613	0.99999	-0.00510	0.00022	0.00510	0.99997	0.00498	-0.00025	-0.00498	0.99999		-7.12479	62.03046	873.88729	179.55811	2.54842	-2.61461	0.72726	0.99797	0.04596	0.04406	0.04557	-0.99891	0.00973	0.04446	-0.00770	-0.99898		501.74615	4.42665	39.26971	0.91776	-0.26275	0.74134	0.39859	0.99991	0.01286	0.00479	-0.01294	0.99979	0.01596	-0.00459	-0.01602	0.99986	
48	0.47000	-0.11574	2.19044	0.45221	0.29811	-0.02858	-0.29456	0.47009	0.99999	-0.00514	0.00047	0.00514	0.99997	0.00520	-0.00050	-0.00520	0.99999		-6.88988	62.20114	873.90392	179.55620	2.53144	-2.61253	0.73013	0.99799	0.04592	0.04377	0.04554	-0.99892	0.00975	0.04417	-0.00774	-0.99899		501.74921	4.44955	39.17885	0.91795	-0.24975	0.74356	0.39680	0.99991	0.01291	0.00457	-0.01298	0.99979	0.01596	-0.00436	-0.01602	0.99986	
49	0.48000	-0.11765	2.17595	0.47580	0.28705	-0.01822	-0.29102	0.46799	0.99999	-0.00508	0.00029	0.00508	0.99997	0.00501	-0.00032	-0.00501	0.99999		-7.01366	62.02342	873.88353	179.56125	2.53235	-2.60448	0.72978	0.99799	0.04578	0.04379	0.04540	-0.99892	0.00966	0.04418	-0.00765	-0.99899		501.74545	4.42892	39.22329	0.92241	-0.26614	0.74151	0.40210	0.99991	0.01286	0.00485	-0.01294	0.99979	0.01604	-0.00465	-0.01610	0.99986	
50	0.49000	-0.10736	2.18904	0.46589	0.29494	-0.02323	-0.29340	0.46879	0.99999	-0.00512	0.00038	0.00512	0.99997	0.00515	-0.00041	-0.00515	0.99999		-6.91383	62.12550	873.88844	179.56976	2.53174	-2.60934	0.73473	0.99799	0.04586	0.04378	0.04548	-0.99892	0.00951	0.04417	-0.00750	-0.99900		501.74096	4.47018	39.19912	0.94441	-0.25014	0.70884	0.40582	0.99991	0.01230	0.00457	-0.01237	0.99979	0.01643	-0.00437	-0.01648	0.99985	
51	0.50000	-0.10852	2.18247	0.47975	0.28450	-0.01630	-0.28947	0.46920	0.99999	-0.00505	0.00026	0.00505	0.99998	0.00497	-0.00028	-0.00497	0.99999		-7.00316	61.97029	873.87805	179.57779	2.52927	-2.61240	0.73886	0.99799	0.04590	0.04375	0.04553	-0.99892	0.00937	0.04413	-0.00736	-0.99900		501.74247	4.41895	39.24195	0.93105	-0.26379	0.72198	0.39938	0.99991	0.01252	0.00481	-0.01260	0.99979	0.01619	-0.00460	-0.01625	0.99986	
52	0.51000	-0.10654	2.18725	0.46884	0.29013	-0.02109	-0.29212	0.46552	0.99999	-0.00510	0.00034	0.00510	0.99997	0.00506	-0.00037	-0.00506	0.99999		-6.91657	62.04418	873.90547	179.57463	2.53828	-2.60587	0.73497	0.99799	0.04579	0.04390	0.04542	-0.99892	0.00943	0.04429	-0.00742	-0.99899		501.75249	4.44376	39.20646	0.93364	-0.26469	0.71915	0.40098	0.99991	0.01247	0.00482	-0.01255	0.99979	0.01624	-0.00462	-0.01629	0.99986	
53	0.52000	-0.10570	2.18827	0.45442	0.28352	-0.02661	-0.29500	0.46560	0.99999	-0.00515	0.00044	0.00515	0.99997	0.00495	-0.00046	-0.00495	0.99999		-6.84376	61.93154	873.90991	179.57060	2.52011	-2.60517	0.73078	0.99800	0.04578	0.04358	0.04541	-0.99892	0.00949	0.04397	-0.00749	-0.99900		501.74615	4.44622	39.18830	0.92525	-0.24944	0.74467	0.39881	0.99991	0.01292	0.00456	-0.01300	0.99979	0.01609	-0.00435	-0.01615	0.99986	
54	0.53000	-0.10755	2.18904	0.44793	0.29193	-0.02954	-0.29399	0.46975	0.99999	-0.00513	0.00049	0.00513	0.99997	0.00510	-0.00052	-0.00510	0.99999		-6.82142	62.10597	873.88961	179.57855	2.50834	-2.61661	0.72867	0.99800	0.04597	0.04338	0.04561	-0.99892	0.00935	0.04376	-0.00735	-0.99901		501.74265	4.43733	39.16837	0.90744	-0.23918	0.75128	0.39993	0.99991	0.01304	0.00438	-0.01311	0.99979	0.01578	-0.00417	-0.01584	0.99987	
55	0.54000	-0.11021	2.19076	0.45346	0.29514	-0.02668	-0.29523	0.46815	0.99999	-0.00515	0.00044	0.00515	0.99997	0.00515	-0.00047	-0.00515	0.99999		-6.87028	62.12666	873.90910	179.55730	2.53195	-2.60714	0.73302	0.99799	0.04583	0.04378	0.04544	-0.99892	0.00973	0.04418	-0.00772	-0.99899		501.75283	4.47415	39.17781	0.93557	-0.26819	0.72159	0.40176	0.99991	0.01252	0.00489	-0.01259	0.99979	0.01627	-0.00468	-0.01633	0.99986	
56	0.55000	-0.11617	2.19796	0.47292	0.29343	-0.01911	-0.29842	0.46870	0.99999	-0.00521	0.00031	0.00521	0.99997	0.00512	-0.00033	-0.00512	0.99999		-7.00803	62.12570	873.88723	179.56300	2.54271	-2.61484	0.73676	0.99798	0.04596	0.04397	0.04558	-0.99891	0.00964	0.04436	-0.00762	-0.99899		501.74319	4.47490	39.22855	0.91726	-0.25504	0.74730	0.40247	0.99991	0.01297	0.00466	-0.01304	0.99979	0.01595	-0.00445	-0.01601	0.99986	
57	0.56000	-0.11202	2.20508	0.43582	0.30003	-0.03409	-0.29931	0.47136	0.99999	-0.00523	0.00057	0.00522	0.99997	0.00524	-0.00060	-0.00524	0.99999		-6.81391	62.22765	873.90322	179.55545	2.52410	-2.61125	0.73296	0.99799	0.04590	0.04364	0.04551	-0.99892	0.00976	0.04404	-0.00775	-0.99900		501.75650	4.47312	39.13487	0.89194	-0.24372	0.74937	0.40031	0.99991	0.01301	0.00446	-0.01308	0.99979	0.01551	-0.00425	-0.01557	0.99987	
58	0.57000	-0.07840	2.20652	0.17174	0.40007	-0.12495	-0.28616	0.43853	0.99998	-0.00501	0.00215	0.00499	0.99996	0.00699	-0.00218	-0.00698	0.99997		-5.47611	63.76451	874.09103	179.44524	2.45021	-2.59064	0.73232	0.99806	0.04561	0.04227	0.04516	-0.99891	0.01160	0.04275	-0.00967	-0.99904		501.78140	4.44750	38.59974	0.82199	-0.15402	0.72342	0.40184	0.99992	0.01259	0.00287	-0.01263	0.99982	0.01431	-0.00269	-0.01435	0.99989	
59	0.58000	-0.11161	2.19309	0.45439	0.29150	-0.02553	-0.29537	0.46970	0.99999	-0.00516	0.00042	0.00516	0.99997	0.00509	-0.00045	-0.00509	0.99999		-6.97938	62.13602	873.90640	179.55070	2.54958	-2.61200	0.73418	0.99797	0.04592	0.04408	0.04553	-0.99891	0.00986	0.04448	-0.00783	-0.99898		501.75498	4.47928	39.19088	0.93840	-0.25859	0.71626	0.40094	0.99991	0.01243	0.00472	-0.01250	0.99979	0.01632	-0.00451	-0.01638	0.99986	
60	0.59000	-0.10981	2.18336	0.46753	0.28621	-0.02157	-0.29059	0.46862	0.99999	-0.00507	0.00035	0.00507	0.99997	0.00500	-0.00038	-0.00500	0.99999		-7.04811	62.08709	873.86949	179.56703	2.53593	-2.60527	0.72649	0.99799	0.04579	0.04386	0.04541	-0.99892	0.00956	0.04425	-0.00755	-0.99899		501.74267	4.40249	39.21699	0.92130	-0.25744	0.75188	0.40030	0.99990	0.01305	0.00470	-0.01312	0.99979	0.01602	-0.00449	-0.01608	0.99986	
61	0.60000	-0.13721	2.15295	0.61257	0.19382	0.05792	-0.28841	0.44503	0.99999	-0.00503	-0.00103	0.00503	0.99998	0.00338	0.00101	-0.00338	0.99999		-8.20479	60.70396	873.84047	179.65471	2.62619	-2.61089	0.73081	0.99791	0.04583	0.04550	0.04550	-0.99893	0.00811	0.04582	-0.00602	-0.99893		501.72662	4.36945	39.76721	1.01483	-0.34129	0.73068	0.40380	0.99990	0.01264	0.00618	-0.01275	0.99976	0.01763	-0.00596	-0.01771	0.99983	
62	0.61000	-0.10993	2.19310	0.47128	0.29197	-0.01681	-0.29362	0.46633	0.99999	-0.00513	0.00027	0.00512	0.99997	0.00510	-0.00029	-0.00510	0.99999		-7.08349	62.14930	873.88272	179.55478	2.54678	-2.60345	0.73670	0.99798	0.04577	0.04403	0.04538	-0.99892	0.00978	0.04444	-0.00776	-0.99898		501.74083	4.44270	39.25399	0.92162	-0.26009	0.73424	0.40068	0.99991	0.01274	0.00474	-0.01281	0.99979	0.01603	-0.00454	-0.01608	0.99986	
63	0.62000	-0.07364	2.21632	0.13777	0.40491	-0.13735	-0.28880	0.43787	0.99998	-0.00506	0.00236	0.00504	0.99996	0.00708	-0.00240	-0.00707	0.99997		-5.25002	63.88546	874.11505	179.43828	2.42768	-2.62304	0.73208	0.99806	0.04618	0.04186	0.04572	-0.99889	0.01173	0.04236	-0.00979	-0.99905		501.78980	4.46198	38.52842	0.81406	-0.14172	0.72076	0.39906	0.99992	0.01254	0.00265	-0.01258	0.99982	0.01418	-0.00247	-0.01421	0.99990	
64	0.63000	-0.11554	2.19581	0.46974	0.28984	-0.01825	-0.29516	0.46851	0.99999	-0.00515	0.00029	0.00515	0.99997	0.00506	-0.00032	-0.00506	0.99999		-6.99654	62.11313	873.90438	179.56242	2.55364	-2.60472	0.73778	0.99797	0.04578	0.04416	0.04540	-0.99892	0.00965	0.04455	-0.00763	-0.99898		501.73732	4.45711	39.25351	0.93536	-0.24632	0.73895	0.40282	0.99991	0.01282	0.00451	-0.01290	0.99978	0.01627	-0.00430	-0.01632	0.99986	
65	0.64000	-0.11138	2.19180	0.46314	0.28906	-0.02177	-0.29303	0.46827	0.99999	-0.00512	0.00035	0.00511	0.99997	0.00505	-0.00038	-0.00504	0.99999		-6.93495	62.10167	873.88340	179.55881	2.51906	-2.61728	0.73762	0.99799	0.04600	0.04355	0.04562	-0.99891	0.00970	0.04395	-0.00769	-0.99900		501.75066	4.46288	39.21325	0.94695	-0.26186	0.70382	0.40477	0.99991	0.01221	0.00477	-0.01228	0.99979	0.01647	-0.00457	-0.01653	0.99985	
66	0.65000	-0.10953	2.18803	0.47880	0.29150	-0.01615	-0.29010	0.46667	0.99999	-0.00506	0.00026	0.00506	0.99997	0.00509	-0.00028	-0.00509	0.99999		-7.00145	62.12648	873.88855	179.56012	2.54226	-2.60821	0.72820	0.99798	0.04584	0.04396	0.04546	-0.99892	0.00969	0.04436	-0.00767	-0.99899		501.73875	4.41244	39.24626	0.92182	-0.25836	0.73391	0.39965	0.99991	0.01273	0.00471	-0.01281	0.99979	0.01603	-0.00451	-0.01609	0.99986	
67	0.66000	-0.10438	2.19916	0.44282	0.29254	-0.03033	-0.29492	0.46739	0.99999	-0.00515	0.00050	0.00515	0.99997	0.00511	-0.00053	-0.00511	0.99999		-6.79963	62.10593	873.93180	179.56578	2.53225	-2.60439	0.73639	0.99799	0.04577	0.04379	0.04540	-0.99892	0.00958	0.04418	-0.00757	-0.99899		501.74384	4.43557	39.15777	0.91047	-0.24810	0.74475	0.39999	0.99991	0.01293	0.00454	-0.01300	0.99979	0.01583	-0.00433	-0.01589	0.99986	
68	0.67000	-0.10505	2.19987	0.44625	0.29361	-0.02816	-0.29548	0.46756	0.99999	-0.00516	0.00047	0.00516	0.99997	0.00513	-0.00049	-0.00512	0.99999		-6.85609	62.10917	873.90662	179.56503	2.52069	-2.61550	0.73096	0.99799	0.04597	0.04359	0.04559	-0.99891	0.00959	0.04398	-0.00758	-0.99900		501.74677	4.45062	39.17382	0.91982	-0.24711	0.74059	0.40323	0.99991	0.01285	0.00452	-0.01293	0.99979	0.01600	-0.00431	-0.01605	0.99986	
69	0.68000	-0.10771	2.20634	0.45327	0.28742	-0.02605	-0.29945	0.46885	0.99999	-0.00523	0.00043	0.00523	0.99997	0.00502	-0.00045	-0.00502	0.99999		-6.90069	62.00092	873.91696	179.57249	2.53059	-2.62296	0.73276	0.99798	0.04609	0.04376	0.04572	-0.99891	0.00947	0.04415	-0.00745	-0.99900		501.74849	4.46367	39.17492	0.91550	-0.25669	0.75218	0.39939	0.99990	0.01305	0.00469	-0.01313	0.99979	0.01592	-0.00448	-0.01598	0.99986	
70	0.69000	-0.11743	2.18804	0.48647	0.28231	-0.01312	-0.29223	0.47014	0.99999	-0.00510	0.00020	0.00510	0.99997	0.00493	-0.00023	-0.00493	0.99999		-7.09721	61.92164	873.89606	179.56842	2.54959	-2.60995	0.73309	0.99797	0.04587	0.04409	0.04549	-0.99892	0.00955	0.04448	-0.00752	-0.99898		501.74780	4.42704	39.26170	0.92248	-0.26810	0.72775	0.40350	0.99991	0.01262	0.00488	-0.01270	0.99979	0.01604	-0.00468	-0.01610	0.99986	
71	0.70000	-0.11426	2.18300	0.46353	0.28856	-0.02191	-0.29222	0.46952	0.99999	-0.00510	0.00036	0.00510	0.99997	0.00504	-0.00038	-0.00504	0.99999		-6.99480	62.03086	873.90841	179.57135	2.54018	-2.61472	0.73190	0.99798	0.04595	0.04393	0.04557	-0.99892	0.00950	0.04432	-0.00747	-0.99899		501.73596	4.42714	39.21279	0.91996	-0.25294	0.73942	0.40016	0.99991	0.01283	0.00462	-0.01290	0.99979	0.01600	-0.00441	-0.01606	0.99986	
72	0.71000	-0.12031	2.18768	0.48062	0.26619	-0.01300	-0.29505	0.46788	0.99999	-0.00515	0.00020	0.00515	0.99998	0.00465	-0.00023	-0.00465	0.99999		-7.14141	61.68758	873.90913	179.58850	2.54636	-2.62327	0.73184	0.99797	0.04609	0.04405	0.04572	-0.99891	0.00921	0.04443	-0.00717	-0.99899		501.74251	4.46051	39.27054	0.97230	-0.26785	0.71104	0.40131	0.99991	0.01233	0.00488	-0.01241	0.99978	0.01691	-0.00467	-0.01697	0.99985	
73	0.72000	-0.11910	2.19423	0.45534	0.28732	-0.02509	-0.29353	0.47111	0.99999	-0.00512	0.00041	0.00512	0.99997	0.00502	-0.00044	-0.00501	0.99999		-6.96964	62.01638	873.91147	179.57564	2.53306	-2.61754	0.72863	0.99798	0.04599	0.04381	0.04562	-0.99891	0.00942	0.04420	-0.00740	-0.99900		501.74129	4.43703	39.20239	0.92870	-0.23947	0.73400	0.40167	0.99991	0.01274	0.00439	-0.01281	0.99979	0.01615	-0.00418	-0.01621	0.99986	
74	0.73000	-0.11264	2.19145	0.44355	0.29098	-0.02924	-0.29263	0.46759	0.99999	-0.00511	0.00048	0.00511	0.99997	0.00508	-0.00051	-0.00508	0.99999		-6.91276	62.08092	873.92699	179.56346	2.53704	-2.61332	0.72984	0.99798	0.04593	0.04387	0.04555	-0.99892	0.00963	0.04427	-0.00761	-0.99899		501.73739	4.42609	39.17109	0.91909	-0.23743	0.73465	0.39432	0.99991	0.01275	0.00435	-0.01282	0.99979	0.01599	-0.00414	-0.01604	0.99986	
75	0.74000	-0.11118	2.19018	0.45563	0.27816	-0.02289	-0.29445	0.46655	0.99999	-0.00514	0.00038	0.00514	0.99998	0.00486	-0.00040	-0.00485	0.99999		-7.00776	61.89454	873.92367	179.57449	2.54090	-2.61444	0.73343	0.99798	0.04594	0.04395	0.04557	-0.99892	0.00944	0.04433	-0.00742	-0.99899		501.74008	4.41310	39.21106	0.91658	-0.24704	0.75564	0.39832	0.99990	0.01312	0.00452	-0.01319	0.99979	0.01594	-0.00431	-0.01600	0.99986	
76	0.75000	-0.11033	2.19779	0.45951	0.28910	-0.02212	-0.29576	0.46765	0.99999	-0.00516	0.00036	0.00516	0.99997	0.00505	-0.00039	-0.00505	0.99999		-7.00155	62.07277	873.90530	179.56581	2.54123	-2.61121	0.73700	0.99798	0.04589	0.04395	0.04551	-0.99892	0.00959	0.04434	-0.00757	-0.99899		501.74223	4.43954	39.20880	0.91537	-0.25896	0.74599	0.40201	0.99991	0.01295	0.00473	-0.01302	0.99979	0.01592	-0.00452	-0.01598	0.99986	
77	0.76000	-0.10480	2.19538	0.46459	0.28283	-0.02292	-0.29478	0.46979	0.99999	-0.00515	0.00038	0.00514	0.99997	0.00494	-0.00040	-0.00494	0.99999		-6.97898	61.99442	873.90133	179.55765	2.53275	-2.61547	0.73223	0.99798	0.04597	0.04379	0.04559	-0.99891	0.00973	0.04419	-0.00771	-0.99899		501.73965	4.43745	39.20093	0.92751	-0.26053	0.73137	0.39967	0.99991	0.01269	0.00475	-0.01276	0.99979	0.01613	-0.00455	-0.01619	0.99986	
78	0.77000	-0.11400	2.19218	0.46399	0.28697	-0.02101	-0.29313	0.46922	0.99999	-0.00512	0.00034	0.00512	0.99997	0.00501	-0.00037	-0.00501	0.99999		-6.97399	62.07100	873.89282	179.55388	2.53229	-2.60498	0.73070	0.99799	0.04579	0.04378	0.04541	-0.99892	0.00979	0.04418	-0.00778	-0.99899		501.74523	4.43392	39.21882	0.92589	-0.25935	0.73427	0.40419	0.99991	0.01274	0.00473	-0.01281	0.99979	0.01610	-0.00453	-0.01616	0.99986	
79	0.78000	-0.10857	2.18246	0.44370	0.29315	-0.02896	-0.28749	0.46517	0.99999	-0.00502	0.00048	0.00502	0.99997	0.00512	-0.00051	-0.00512	0.99999		-6.83280	62.19114	873.91157	179.55945	2.52564	-2.59876	0.73078	0.99800	0.04568	0.04367	0.04530	-0.99893	0.00968	0.04407	-0.00768	-0.99900		501.74798	4.40418	39.15931	0.91754	-0.25037	0.72351	0.40383	0.99991	0.01256	0.00457	-0.01263	0.99979	0.01596	-0.00437	-0.01601	0.99986	
80	0.79000	-0.11539	2.21183	0.46375	0.29648	-0.02145	-0.30158	0.46416	0.99999	-0.00527	0.00035	0.00526	0.99997	0.00518	-0.00037	-0.00517	0.99999		-6.95751	62.21087	873.87057	179.55167	2.52251	-2.61709	0.73472	0.99799	0.04600	0.04361	0.04562	-0.99891	0.00983	0.04401	-0.00782	-0.99900		501.74477	4.49990	39.20878	0.91929	-0.26184	0.73783	0.40487	0.99991	0.01280	0.00478	-0.01288	0.99979	0.01598	-0.00457	-0.01604	0.99986	
81	0.80000	-0.10943	2.18976	0.42952	0.29973	-0.03434	-0.29248	0.46881	0.99999	-0.00511	0.00057	0.00510	0.99997	0.00523	-0.00060	-0.00523	0.99999		-6.76449	62.27696	873.90849	179.53242	2.51326	-2.60498	0.73275	0.99801	0.04581	0.04343	0.04541	-0.99892	0.01015	0.04385	-0.00815	-0.99900		501.74136	4.43330	39.14428	0.89725	-0.23070	0.73590	0.40384	0.99991	0.01278	0.00423	-0.01284	0.99980	0.01561	-0.00403	-0.01566	0.99987	
82	0.81000	-0.11512	2.20218	0.45687	0.28920	-0.02068	-0.29687	0.46750	0.99999	-0.00518	0.00034	0.00518	0.99997	0.00505	-0.00036	-0.00505	0.99999		-6.97328	62.11059	873.89954	179.56111	2.53665	-2.61814	0.73026	0.99798	0.04602	0.04386	0.04563	-0.99891	0.00967	0.04426	-0.00765	-0.99899		501.74550	4.46047	39.22926	0.93071	-0.25393	0.73936	0.40067	0.99991	0.01283	0.00464	-0.01290	0.99979	0.01618	-0.00443	-0.01624	0.99986	
83	0.82000	-0.11189	2.19946	0.44337	0.28907	-0.02676	-0.29634	0.46883	0.99999	-0.00517	0.00044	0.00517	0.99997	0.00505	-0.00047	-0.00505	0.99999		-6.90654	62.09736	873.90662	179.55365	2.52366	-2.62432	0.72949	0.99798	0.04613	0.04363	0.04574	-0.99891	0.00980	0.04403	-0.00778	-0.99900		501.74498	4.46219	39.18988	0.92607	-0.24497	0.73003	0.40033	0.99991	0.01267	0.00448	-0.01274	0.99979	0.01611	-0.00428	-0.01616	0.99986	
84	0.83000	-0.11263	2.18083	0.44524	0.28647	-0.02685	-0.29064	0.47098	0.99999	-0.00507	0.00044	0.00507	0.99997	0.00500	-0.00047	-0.00500	0.99999		-6.92350	62.04238	873.90372	179.55522	2.52445	-2.60080	0.72911	0.99800	0.04572	0.04365	0.04533	-0.99892	0.00975	0.04405	-0.00776	-0.99900		501.74747	4.43916	39.19453	0.94682	-0.23958	0.71813	0.40039	0.99991	0.01246	0.00439	-0.01253	0.99979	0.01647	-0.00418	-0.01652	0.99985	
85	0.84000	-0.11056	2.19372	0.43616	0.29606	-0.03142	-0.29487	0.46612	0.99999	-0.00515	0.00052	0.00515	0.99997	0.00517	-0.00055	-0.00517	0.99999		-6.88935	62.18809	873.89189	179.56262	2.51389	-2.61013	0.72863	0.99800	0.04587	0.04347	0.04550	-0.99892	0.00962	0.04386	-0.00763	-0.99901		501.75197	4.46178	39.14503	0.92442	-0.25785	0.73066	0.40085	0.99991	0.01268	0.00471	-0.01275	0.99979	0.01607	-0.00450	-0.01613	0.99986	
86	0.85000	-0.11239	2.19469	0.44146	0.29775	-0.02983	-0.29578	0.47083	0.99999	-0.00516	0.00049	0.00516	0.99997	0.00520	-0.00052	-0.00520	0.99999		-6.90765	62.18295	873.91403	179.55807	2.53215	-2.61414	0.73039	0.99798	0.04595	0.04378	0.04556	-0.99891	0.00972	0.04418	-0.00771	-0.99899		501.75749	4.47870	39.16241	0.93238	-0.25623	0.71826	0.40157	0.99991	0.01246	0.00468	-0.01254	0.99979	0.01622	-0.00447	-0.01627	0.99986	
87	0.86000	-0.12565	2.18374	0.48680	0.28359	-0.01066	-0.29149	0.46887	0.99999	-0.00509	0.00016	0.00509	0.99997	0.00495	-0.00019	-0.00495	0.99999		-7.17831	61.96737	873.88567	179.57698	2.55673	-2.60694	0.73213	0.99797	0.04581	0.04423	0.04544	-0.99892	0.00940	0.04461	-0.00738	-0.99898		501.74546	4.41321	39.29303	0.92118	-0.26306	0.74597	0.39694	0.99990	0.01294	0.00480	-0.01302	0.99979	0.01602	-0.00459	-0.01608	0.99986	
88	0.87000	-0.12292	2.17466	0.46254	0.28151	-0.02000	-0.28923	0.46577	0.99999	-0.00505	0.00032	0.00505	0.99998	0.00491	-0.00035	-0.00491	0.99999		-7.03275	61.92867	873.91244	179.57497	2.54522	-2.60111	0.72916	0.99798	0.04571	0.04402	0.04534	-0.99893	0.00943	0.04441	-0.00741	-0.99899		501.75674	4.42355	39.22718	0.93997	-0.26242	0.71811	0.39776	0.99991	0.01246	0.00478	-0.01253	0.99979	0.01635	-0.00458	-0.01640	0.99985	
89	0.88000	-0.12310	2.19819	0.44423	0.28854	-0.02987	-0.29728	0.47074	0.99999	-0.00519	0.00050	0.00519	0.99997	0.00504	-0.00052	-0.00504	0.99999		-6.88263	62.00948	873.92282	179.56650	2.53270	-2.61220	0.73311	0.99799	0.04591	0.04380	0.04553	-0.99892	0.00957	0.04419	-0.00756	-0.99899		501.76053	4.45775	39.15339	0.92185	-0.25991	0.73952	0.40284	0.99991	0.01283	0.00474	-0.01291	0.99979	0.01603	-0.00454	-0.01609	0.99986	
90	0.89000	-0.12125	2.18207	0.46424	0.28324	-0.02034	-0.29141	0.46876	0.99999	-0.00509	0.00033	0.00509	0.99997	0.00494	-0.00036	-0.00494	0.99999		-7.00243	61.94956	873.91119	179.56815	2.54125	-2.61148	0.73226	0.99798	0.04590	0.04395	0.04552	-0.99892	0.00955	0.04434	-0.00753	-0.99899		501.75818	4.43006	39.22017	0.93845	-0.26243	0.72967	0.39964	0.99991	0.01266	0.00479	-0.01273	0.99979	0.01632	-0.00458	-0.01638	0.99986	
91	0.90000	-0.11926	2.18324	0.46110	0.28393	-0.01847	-0.29345	0.46916	0.99999	-0.00512	0.00030	0.00512	0.99997	0.00496	-0.00032	-0.00496	0.99999		-7.01929	61.96045	873.90200	179.56499	2.53459	-2.61026	0.73329	0.99799	0.04588	0.04383	0.04550	-0.99892	0.00960	0.04422	-0.00758	-0.99899		501.76210	4.44821	39.24001	0.93363	-0.26676	0.73483	0.40085	0.99991	0.01275	0.00486	-0.01282	0.99979	0.01623	-0.00466	-0.01629	0.99986	
92	0.91000	-0.19020	2.14319	1.05745	0.08485	0.18910	-0.30045	0.52801	0.99998	-0.00524	-0.00331	0.00524	0.99999	0.00146	0.00330	-0.00148	0.99999		-10.10299	58.98294	873.45548	179.77536	2.72519	-2.62731	0.72394	0.99782	0.04602	0.04732	0.04579	-0.99893	0.00610	0.04755	-0.00392	-0.99886		501.68689	4.40784	40.46845	1.13858	-0.46835	0.75390	0.40134	0.99988	0.01299	0.00843	-0.01316	0.99972	0.01976	-0.00817	-0.01987	0.99977	
93	0.92000	-0.12062	2.17696	0.47052	0.28582	-0.01415	-0.29175	0.46282	0.99999	-0.00509	0.00022	0.00509	0.99997	0.00499	-0.00025	-0.00499	0.99999		-7.05548	62.02598	873.87884	179.55960	2.53366	-2.61277	0.73111	0.99798	0.04592	0.04381	0.04554	-0.99892	0.00969	0.04421	-0.00768	-0.99899		501.76060	4.43107	39.27713	0.92626	-0.26314	0.73961	0.40076	0.99991	0.01283	0.00480	-0.01291	0.99979	0.01610	-0.00459	-0.01617	0.99986	
94	0.93000	-0.11394	2.19936	0.43520	0.29636	-0.03191	-0.29673	0.46750	0.99999	-0.00518	0.00053	0.00518	0.99997	0.00517	-0.00056	-0.00517	0.99999		-6.79122	62.18524	873.91531	179.55966	2.52005	-2.62138	0.72761	0.99799	0.04607	0.04357	0.04569	-0.99891	0.00969	0.04397	-0.00768	-0.99900		501.76427	4.45598	39.14405	0.90849	-0.25467	0.75414	0.40437	0.99990	0.01309	0.00465	-0.01316	0.99979	0.01580	-0.00444	-0.01586	0.99986	
