1	0.00000	0.04261	1.97022	0.49682	-0.05300	-0.14817	-0.23603	0.53151	0.99999	-0.00412	0.00259	0.00412	0.99999	-0.00092	-0.00259	0.00093	1.00000		-5.03424	56.87294	874.33487	179.90637	2.35658	-2.29179	0.60315	0.99836	0.04006	0.04102	0.03995	-0.99920	0.00328	0.04112	-0.00163	-0.99915		501.78237	3.65561	37.91779	1.24436	-0.39528	0.47843	0.37507	0.99994	0.00820	0.00708	-0.00835	0.99973	0.02166	-0.00690	-0.02172	0.99974	
2	0.01000	0.04277	1.97063	0.49556	-0.04807	-0.14971	-0.23578	0.53606	0.99999	-0.00411	0.00262	0.00412	0.99999	-0.00083	-0.00261	0.00084	1.00000		-5.01132	56.92726	874.32665	179.90726	2.36126	-2.28761	0.59215	0.99835	0.03998	0.04110	0.03988	-0.99920	0.00326	0.04120	-0.00162	-0.99915		501.79279	3.67690	37.90413	1.26250	-0.40368	0.46266	0.37156	0.99994	0.00792	0.00722	-0.00807	0.99973	0.02198	-0.00705	-0.02203	0.99973	
3	0.02000	0.04832	1.96516	0.50967	-0.05700	-0.14408	-0.23492	0.53356	0.99999	-0.00410	0.00252	0.00410	0.99999	-0.00099	-0.00251	0.00099	1.00000		-5.06315	56.74553	874.37936	179.90489	2.41678	-2.29982	0.59381	0.99831	0.04020	0.04207	0.04009	-0.99919	0.00335	0.04217	-0.00166	-0.99911		501.78247	3.66723	37.93348	1.25872	-0.39989	0.46544	0.37021	0.99994	0.00797	0.00716	-0.00812	0.99973	0.02191	-0.00698	-0.02197	0.99973	
4	0.03000	0.00691	2.09198	0.64942	0.07586	-0.04753	-0.27074	0.56480	0.99999	-0.00473	0.00082	0.00473	0.99999	0.00133	-0.00083	-0.00132	1.00000		-6.43648	58.82330	874.09602	179.82431	2.54840	-2.57108	0.70334	0.99801	0.04499	0.04428	0.04481	-0.99898	0.00506	0.04446	-0.00306	-0.99901		501.69317	4.01167	38.76254	1.16984	-0.20776	0.52642	0.36768	0.99995	0.00911	0.00381	-0.00919	0.99975	0.02038	-0.00363	-0.02042	0.99979	
5	0.04000	0.00170	2.08520	0.63699	0.05884	-0.05201	-0.26935	0.56327	0.99999	-0.00470	0.00090	0.00470	0.99999	0.00103	-0.00091	-0.00103	1.00000		-6.40271	58.56714	874.12560	179.84575	2.54505	-2.56988	0.70232	0.99801	0.04496	0.04424	0.04479	-0.99899	0.00468	0.04440	-0.00269	-0.99901		501.69620	4.02496	38.73508	1.21040	-0.20006	0.49146	0.37297	0.99996	0.00850	0.00367	-0.00858	0.99974	0.02109	-0.00349	-0.02112	0.99977	
6	0.05000	0.22687	2.66948	-0.00251	0.77435	-0.97785	-0.47867	0.65324	0.99982	-0.00858	0.01695	0.00835	0.99987	0.01366	-0.01707	-0.01351	0.99976		6.85947	68.84350	874.11442	179.15198	1.57731	-2.63614	0.63235	0.99856	0.04640	0.02681	0.04598	-0.99881	0.01605	0.02753	-0.01479	-0.99951		502.06987	5.37041	31.72816	0.03800	0.67874	1.29211	0.31655	0.99968	0.02256	-0.01183	-0.02255	0.99975	0.00093	0.01185	-0.00066	0.99993	
7	0.06000	-0.18375	2.12978	1.11627	0.08459	0.16852	-0.31398	0.56086	0.99998	-0.00548	-0.00295	0.00548	0.99998	0.00146	0.00294	-0.00148	0.99999		-9.81103	58.90771	873.42528	179.75352	2.72232	-2.63347	0.72679	0.99782	0.04615	0.04725	0.04589	-0.99893	0.00648	0.04750	-0.00430	-0.99886		501.62174	4.23504	40.29236	1.05328	-0.54803	0.74669	0.45027	0.99987	0.01285	0.00980	-0.01303	0.99975	0.01826	-0.00956	-0.01838	0.99979	
8	0.07000	-0.12064	2.13011	0.54050	0.27599	-0.01886	-0.28965	0.49104	0.99999	-0.00506	0.00031	0.00506	0.99998	0.00482	-0.00033	-0.00482	0.99999		-7.03514	61.89172	873.79124	179.56580	2.52981	-2.61140	0.72917	0.99799	0.04589	0.04375	0.04552	-0.99892	0.00958	0.04414	-0.00757	-0.99900		501.63771	4.24047	39.18418	0.93090	-0.26307	0.58700	0.39715	0.99994	0.01017	0.00476	-0.01024	0.99982	0.01620	-0.00459	-0.01625	0.99986	
9	0.08000	-0.11383	2.12269	0.51112	0.26160	-0.01855	-0.28638	0.48282	0.99999	-0.00500	0.00030	0.00500	0.99998	0.00457	-0.00032	-0.00457	0.99999		-7.03691	61.68576	873.84919	179.57019	2.54625	-2.60926	0.74014	0.99798	0.04586	0.04404	0.04548	-0.99892	0.00952	0.04443	-0.00749	-0.99898		501.62571	4.21152	39.19962	0.95367	-0.27167	0.58104	0.39817	0.99994	0.01006	0.00491	-0.01014	0.99981	0.01659	-0.00474	-0.01664	0.99985	
10	0.09000	-0.10309	2.14304	0.44765	0.29668	-0.03703	-0.28831	0.48013	0.99999	-0.00503	0.00062	0.00503	0.99997	0.00518	-0.00065	-0.00518	0.99999		-6.76019	62.22671	873.88020	179.53224	2.53468	-2.60981	0.73959	0.99799	0.04589	0.04380	0.04549	-0.99891	0.01017	0.04422	-0.00816	-0.99899		501.62412	4.22859	39.09551	0.91455	-0.24427	0.58129	0.39503	0.99994	0.01008	0.00442	-0.01015	0.99982	0.01592	-0.00426	-0.01596	0.99986	
11	0.10000	-0.13481	2.09734	0.65409	0.16456	0.07292	-0.28237	0.44998	0.99999	-0.00492	-0.00129	0.00493	0.99998	0.00287	0.00127	-0.00287	0.99999		-8.37508	60.28025	873.79551	179.66829	2.63875	-2.60707	0.74275	0.99791	0.04575	0.04573	0.04544	-0.99894	0.00788	0.04604	-0.00578	-0.99892		501.54349	4.10555	39.93961	1.05202	-0.26743	0.60793	0.38831	0.99993	0.01052	0.00486	-0.01061	0.99978	0.01831	-0.00467	-0.01836	0.99982	
12	0.11000	-0.10180	2.13618	0.45189	0.28499	-0.02620	-0.28486	0.47258	0.99999	-0.00497	0.00043	0.00497	0.99998	0.00498	-0.00046	-0.00497	0.99999		-6.87925	62.09818	873.85826	179.52885	2.52445	-2.60527	0.74251	0.99800	0.04582	0.04362	0.04541	-0.99892	0.01022	0.04405	-0.00821	-0.99900		501.57040	4.17958	39.18586	0.92753	-0.20977	0.62247	0.39625	0.99993	0.01080	0.00384	-0.01086	0.99981	0.01615	-0.00366	-0.01619	0.99986	
13	0.12000	-0.10035	2.13235	0.41466	0.29186	-0.03739	-0.28438	0.47576	0.99999	-0.00497	0.00063	0.00496	0.99997	0.00510	-0.00065	-0.00509	0.99999		-6.66653	62.22371	873.88483	179.52768	2.50751	-2.60591	0.74322	0.99801	0.04582	0.04333	0.04542	-0.99892	0.01022	0.04375	-0.00824	-0.99901		501.58357	4.16514	39.19645	0.91280	-0.15798	0.61344	0.38415	0.99994	0.01066	0.00293	-0.01071	0.99982	0.01590	-0.00276	-0.01593	0.99987	
14	0.13000	-0.13932	2.09320	0.62553	0.17778	0.07059	-0.28201	0.44459	0.99999	-0.00492	-0.00125	0.00492	0.99998	0.00310	0.00123	-0.00310	0.99999		-8.23092	60.53851	873.78324	179.64586	2.61521	-2.60822	0.74855	0.99792	0.04579	0.04530	0.04546	-0.99893	0.00825	0.04563	-0.00617	-0.99894		501.58523	4.13810	39.82766	1.03482	-0.36077	0.57611	0.39462	0.99993	0.00994	0.00648	-0.01005	0.99979	0.01800	-0.00630	-0.01806	0.99982	
15	0.14000	-0.14347	2.08995	0.61949	0.17192	0.07129	-0.27824	0.44106	0.99999	-0.00485	-0.00126	0.00486	0.99998	0.00299	0.00124	-0.00300	0.99999		-8.21259	60.45134	873.79290	179.64575	2.60893	-2.60460	0.74787	0.99793	0.04572	0.04519	0.04540	-0.99894	0.00824	0.04552	-0.00618	-0.99894		501.58687	4.10219	39.85091	1.04169	-0.35103	0.56543	0.39266	0.99993	0.00976	0.00630	-0.00987	0.99979	0.01812	-0.00613	-0.01818	0.99982	
16	0.15000	-0.14222	2.09729	0.61597	0.16880	0.07120	-0.28305	0.44273	0.99999	-0.00494	-0.00126	0.00494	0.99998	0.00294	0.00124	-0.00295	0.99999		-8.22058	60.38005	873.79676	179.65468	2.60495	-2.61043	0.74435	0.99793	0.04582	0.04513	0.04550	-0.99893	0.00809	0.04545	-0.00602	-0.99895		501.58942	4.14412	39.84001	1.06152	-0.36439	0.56819	0.39364	0.99993	0.00980	0.00654	-0.00992	0.99978	0.01846	-0.00636	-0.01853	0.99981	
17	0.16000	-0.13772	2.08933	0.59611	0.17411	0.06603	-0.27940	0.44418	0.99999	-0.00487	-0.00117	0.00488	0.99998	0.00303	0.00115	-0.00304	0.99999		-8.15377	60.45261	873.82569	179.65291	2.61321	-2.60381	0.74706	0.99793	0.04570	0.04527	0.04538	-0.99894	0.00812	0.04559	-0.00605	-0.99894		501.64566	3.75725	39.79442	0.74487	-0.41944	1.01850	0.29806	0.99982	0.01768	0.00755	-0.01777	0.99976	0.01287	-0.00732	-0.01300	0.99989	
18	0.17000	-0.10697	2.15152	0.41332	0.28765	-0.02711	-0.29117	0.46815	0.99999	-0.00508	0.00045	0.00508	0.99997	0.00502	-0.00047	-0.00502	0.99999		-6.82435	62.11741	873.88245	179.55397	2.51528	-2.62240	0.73796	0.99799	0.04609	0.04348	0.04571	-0.99891	0.00978	0.04389	-0.00778	-0.99901		501.61700	4.23680	39.17908	0.91819	-0.25214	0.57140	0.39316	0.99994	0.00990	0.00456	-0.00997	0.99982	0.01598	-0.00440	-0.01602	0.99986	
19	0.18000	-0.13695	2.11103	0.60295	0.17622	0.06962	-0.28740	0.44295	0.99999	-0.00501	-0.00123	0.00502	0.99998	0.00307	0.00122	-0.00308	0.99999		-8.28647	60.42973	873.79528	179.66367	2.61240	-2.62039	0.73854	0.99792	0.04598	0.04526	0.04567	-0.99892	0.00795	0.04558	-0.00586	-0.99894		501.58368	4.16812	39.83295	1.04875	-0.36146	0.56896	0.39766	0.99993	0.00981	0.00649	-0.00993	0.99978	0.01824	-0.00631	-0.01830	0.99981	
20	0.19000	-0.10830	2.14679	0.41438	0.28590	-0.02527	-0.28910	0.46810	0.99999	-0.00505	0.00042	0.00505	0.99997	0.00499	-0.00044	-0.00499	0.99999		-6.89368	62.02726	873.91833	179.55629	2.54275	-2.62280	0.74521	0.99797	0.04610	0.04396	0.04572	-0.99891	0.00977	0.04436	-0.00774	-0.99899		501.61295	4.23041	39.19463	0.94898	-0.25895	0.55931	0.39554	0.99994	0.00969	0.00468	-0.00976	0.99982	0.01652	-0.00452	-0.01656	0.99985	
21	0.20000	-0.14131	2.09939	0.57885	0.18219	0.06090	-0.28309	0.44285	0.99999	-0.00494	-0.00108	0.00494	0.99998	0.00317	0.00106	-0.00318	0.99999		-8.19182	60.47308	873.84350	179.65599	2.61924	-2.62200	0.74168	0.99791	0.04602	0.04538	0.04570	-0.99892	0.00809	0.04570	-0.00600	-0.99894		501.57773	4.13521	39.78483	1.04870	-0.33877	0.56464	0.39882	0.99993	0.00974	0.00609	-0.00985	0.99979	0.01824	-0.00591	-0.01830	0.99982	
22	0.21000	-0.10951	2.14230	0.40123	0.28713	-0.02940	-0.28847	0.46806	0.99999	-0.00504	0.00049	0.00503	0.99997	0.00501	-0.00051	-0.00501	0.99999		-6.86425	62.02334	873.93700	179.56702	2.54030	-2.62323	0.74417	0.99797	0.04610	0.04393	0.04572	-0.99891	0.00958	0.04432	-0.00755	-0.99899		501.67155	3.85709	39.15174	0.62919	-0.31796	1.02462	0.29699	0.99982	0.01782	0.00574	-0.01788	0.99978	0.01088	-0.00555	-0.01098	0.99992	
23	0.22000	-0.14601	2.10507	0.57788	0.17736	0.06353	-0.28598	0.44418	0.99999	-0.00499	-0.00112	0.00499	0.99998	0.00309	0.00111	-0.00310	0.99999		-8.23414	60.36259	873.86393	179.66017	2.63096	-2.61763	0.74686	0.99790	0.04594	0.04558	0.04562	-0.99893	0.00802	0.04590	-0.00592	-0.99893		501.58163	4.15624	39.80397	1.04693	-0.35071	0.56624	0.39603	0.99993	0.00977	0.00630	-0.00988	0.99979	0.01821	-0.00612	-0.01827	0.99981	
24	0.23000	-0.14560	2.10125	0.57875	0.18143	0.06383	-0.28271	0.43872	0.99999	-0.00493	-0.00113	0.00493	0.99998	0.00316	0.00111	-0.00317	0.99999		-8.21948	60.44200	873.86289	179.66512	2.63087	-2.61735	0.74162	0.99790	0.04593	0.04559	0.04562	-0.99893	0.00793	0.04590	-0.00584	-0.99893		501.57424	4.15253	39.80720	1.05646	-0.34199	0.55018	0.39935	0.99994	0.00949	0.00614	-0.00960	0.99979	0.01838	-0.00597	-0.01844	0.99981	
25	0.24000	-0.13963	2.08255	0.58095	0.17155	0.06471	-0.27581	0.43726	0.99999	-0.00481	-0.00114	0.00481	0.99998	0.00299	0.00113	-0.00299	0.99999		-8.20703	60.31853	873.87866	179.68236	2.64019	-2.60947	0.74303	0.99790	0.04578	0.04576	0.04548	-0.99894	0.00764	0.04606	-0.00554	-0.99892		501.57904	4.09783	39.80937	1.05910	-0.34802	0.55346	0.39826	0.99993	0.00955	0.00625	-0.00966	0.99978	0.01842	-0.00607	-0.01848	0.99981	
26	0.25000	-0.13907	2.09510	0.58656	0.18302	0.06921	-0.27836	0.43894	0.99999	-0.00485	-0.00122	0.00486	0.99998	0.00319	0.00121	-0.00319	0.99999		-8.26013	60.50166	873.82664	179.65561	2.62057	-2.61940	0.74594	0.99791	0.04597	0.04540	0.04565	-0.99892	0.00809	0.04572	-0.00600	-0.99894		501.57338	4.09963	39.85629	1.04058	-0.33987	0.56902	0.39664	0.99993	0.00982	0.00611	-0.00993	0.99979	0.01810	-0.00593	-0.01816	0.99982	
27	0.26000	-0.10788	2.14546	0.41593	0.27654	-0.02122	-0.28723	0.46248	0.99999	-0.00501	0.00035	0.00501	0.99998	0.00483	-0.00037	-0.00483	0.99999		-6.90105	61.90850	873.90540	179.55995	2.52561	-2.63002	0.74578	0.99798	0.04622	0.04367	0.04584	-0.99890	0.00969	0.04407	-0.00767	-0.99900		501.61293	4.21404	39.21445	0.96585	-0.26324	0.54602	0.39710	0.99994	0.00945	0.00475	-0.00953	0.99981	0.01681	-0.00459	-0.01686	0.99985	
28	0.27000	-0.13090	2.09920	0.57787	0.18118	0.06602	-0.28044	0.44175	0.99999	-0.00489	-0.00117	0.00489	0.99998	0.00316	0.00115	-0.00316	0.99999		-8.17417	60.50827	873.83292	179.64989	2.61010	-2.61257	0.74674	0.99792	0.04586	0.04521	0.04553	-0.99893	0.00818	0.04554	-0.00610	-0.99894		501.57434	4.12209	39.82221	1.04445	-0.34198	0.55311	0.39529	0.99994	0.00954	0.00614	-0.00965	0.99979	0.01817	-0.00597	-0.01823	0.99982	
29	0.28000	-0.13628	2.10564	0.57248	0.18218	0.06335	-0.28255	0.44021	0.99999	-0.00493	-0.00112	0.00493	0.99998	0.00317	0.00111	-0.00318	0.99999		-8.11436	60.54324	873.84157	179.65714	2.61303	-2.61560	0.75421	0.99792	0.04591	0.04527	0.04559	-0.99893	0.00806	0.04559	-0.00598	-0.99894		501.54044	4.12319	39.89483	1.05636	-0.25758	0.57508	0.38710	0.99994	0.00995	0.00468	-0.01004	0.99978	0.01839	-0.00450	-0.01844	0.99982	
30	0.29000	-0.10609	2.15259	0.39415	0.29300	-0.02616	-0.28953	0.46535	0.99999	-0.00506	0.00043	0.00505	0.99997	0.00512	-0.00046	-0.00511	0.99999		-6.80178	62.22144	873.90136	179.53557	2.51545	-2.62729	0.74553	0.99799	0.04619	0.04347	0.04579	-0.99890	0.01011	0.04389	-0.00810	-0.99900		501.61275	4.24782	39.19481	0.95789	-0.26009	0.54025	0.39417	0.99995	0.00935	0.00470	-0.00943	0.99982	0.01667	-0.00454	-0.01672	0.99985	
31	0.30000	-0.14211	2.08427	0.57968	0.16292	0.06705	-0.27850	0.44320	0.99999	-0.00486	-0.00118	0.00486	0.99998	0.00284	0.00117	-0.00284	0.99999		-8.17490	60.31236	873.84458	179.66869	2.61451	-2.61629	0.74721	0.99792	0.04591	0.04530	0.04560	-0.99893	0.00786	0.04562	-0.00578	-0.99894		501.57370	4.11174	39.82613	1.06733	-0.34284	0.55640	0.39669	0.99993	0.00960	0.00616	-0.00971	0.99978	0.01857	-0.00598	-0.01863	0.99981	
32	0.31000	-0.10661	2.14601	0.37357	0.28308	-0.03777	-0.28852	0.46335	0.99999	-0.00504	0.00063	0.00504	0.99998	0.00494	-0.00066	-0.00494	0.99999		-6.66634	62.08955	873.93594	179.55402	2.51463	-2.62460	0.74885	0.99799	0.04613	0.04347	0.04575	-0.99891	0.00978	0.04387	-0.00778	-0.99901		501.61043	4.21842	39.11575	0.94871	-0.23936	0.56957	0.39601	0.99994	0.00987	0.00434	-0.00994	0.99981	0.01651	-0.00418	-0.01656	0.99985	
33	0.32000	-0.10931	2.15269	0.38293	0.29337	-0.03152	-0.28942	0.46559	0.99999	-0.00505	0.00052	0.00505	0.99997	0.00512	-0.00055	-0.00512	0.99999		-6.78826	62.23696	873.92003	179.54254	2.53112	-2.62392	0.74872	0.99798	0.04613	0.04375	0.04574	-0.99890	0.01000	0.04416	-0.00798	-0.99899		501.67785	3.87401	39.14165	0.63239	-0.31432	1.01107	0.29519	0.99983	0.01758	0.00568	-0.01765	0.99978	0.01094	-0.00549	-0.01104	0.99992	
34	0.33000	-0.11342	2.14577	0.39594	0.28066	-0.02357	-0.28961	0.46138	0.99999	-0.00506	0.00039	0.00505	0.99998	0.00490	-0.00041	-0.00490	0.99999		-6.94629	62.06261	873.90902	179.56210	2.53163	-2.63090	0.74260	0.99797	0.04624	0.04377	0.04586	-0.99890	0.00966	0.04417	-0.00764	-0.99899		501.61433	4.23610	39.21269	0.95495	-0.26156	0.55116	0.39406	0.99994	0.00954	0.00472	-0.00962	0.99982	0.01662	-0.00457	-0.01667	0.99985	
35	0.34000	-0.13801	2.10826	0.54779	0.18714	0.05576	-0.28229	0.43772	0.99999	-0.00492	-0.00099	0.00493	0.99998	0.00326	0.00097	-0.00327	0.99999		-8.13712	60.63753	873.85796	179.64859	2.61656	-2.62539	0.74465	0.99791	0.04608	0.04532	0.04576	-0.99892	0.00822	0.04565	-0.00613	-0.99894		501.57820	4.13126	39.76393	1.03025	-0.32372	0.56268	0.39576	0.99994	0.00972	0.00583	-0.00982	0.99979	0.01792	-0.00565	-0.01798	0.99982	
36	0.35000	-0.13950	2.10392	0.56799	0.17843	0.06350	-0.28086	0.43978	0.99999	-0.00490	-0.00112	0.00490	0.99998	0.00311	0.00111	-0.00311	0.99999		-8.27106	60.49594	873.83675	179.66296	2.62365	-2.61428	0.73844	0.99791	0.04588	0.04546	0.04556	-0.99893	0.00796	0.04578	-0.00588	-0.99893		501.57830	4.11151	39.80608	1.04006	-0.34916	0.55614	0.39408	0.99993	0.00959	0.00627	-0.00971	0.99979	0.01809	-0.00609	-0.01815	0.99982	
37	0.36000	-0.13888	2.09126	0.56119	0.18266	0.06224	-0.27607	0.43975	0.99999	-0.00481	-0.00110	0.00482	0.99998	0.00318	0.00109	-0.00319	0.99999		-8.22938	60.54025	873.85192	179.65079	2.62753	-2.60941	0.74523	0.99791	0.04581	0.04552	0.04548	-0.99893	0.00818	0.04584	-0.00609	-0.99893		501.57415	4.09384	39.80280	1.05474	-0.34047	0.55014	0.39493	0.99994	0.00949	0.00612	-0.00960	0.99979	0.01835	-0.00594	-0.01841	0.99981	
38	0.37000	-0.14788	2.10210	0.56500	0.17099	0.06373	-0.28227	0.43713	0.99999	-0.00492	-0.00113	0.00493	0.99998	0.00298	0.00111	-0.00298	0.99999		-8.23740	60.35714	873.83868	179.67535	2.61421	-2.62452	0.74070	0.99791	0.04605	0.04530	0.04574	-0.99892	0.00775	0.04561	-0.00566	-0.99894		501.54155	4.09362	39.89814	1.06220	-0.25773	0.58986	0.38596	0.99994	0.01021	0.00469	-0.01029	0.99978	0.01849	-0.00450	-0.01854	0.99982	
39	0.38000	-0.15086	2.09951	0.58834	0.16906	0.07407	-0.28241	0.43665	0.99999	-0.00492	-0.00131	0.00493	0.99998	0.00294	0.00129	-0.00295	0.99999		-8.35288	60.29563	873.84442	179.67500	2.64056	-2.62463	0.74840	0.99789	0.04605	0.04576	0.04574	-0.99892	0.00778	0.04607	-0.00567	-0.99892		501.57990	4.12709	39.86738	1.05713	-0.36383	0.55870	0.39620	0.99993	0.00963	0.00653	-0.00975	0.99978	0.01839	-0.00635	-0.01845	0.99981	
40	0.39000	-0.10916	2.15925	0.37399	0.28926	-0.03404	-0.29351	0.46325	0.99999	-0.00513	0.00057	0.00512	0.99997	0.00505	-0.00059	-0.00505	0.99999		-6.73900	62.05818	873.95369	179.55144	2.53241	-2.63252	0.73979	0.99797	0.04627	0.04378	0.04589	-0.99890	0.00985	0.04418	-0.00782	-0.99899		501.61238	4.23495	39.13475	0.91170	-0.25061	0.57549	0.39403	0.99994	0.00997	0.00453	-0.01004	0.99982	0.01587	-0.00437	-0.01591	0.99986	
41	0.40000	-0.11077	2.14830	0.37329	0.29498	-0.03576	-0.28858	0.46301	0.99999	-0.00504	0.00060	0.00504	0.99997	0.00515	-0.00062	-0.00515	0.99999		-6.68014	62.16183	873.92491	179.55048	2.51037	-2.63856	0.74700	0.99798	0.04638	0.04339	0.04599	-0.99889	0.00985	0.04380	-0.00784	-0.99901		501.61738	4.23014	39.12098	0.93105	-0.25154	0.55355	0.40017	0.99994	0.00959	0.00455	-0.00966	0.99982	0.01621	-0.00439	-0.01625	0.99986	
42	0.41000	-0.13926	2.10142	0.55011	0.18338	0.06043	-0.27943	0.43820	0.99999	-0.00487	-0.00107	0.00488	0.99998	0.00319	0.00105	-0.00320	0.99999		-8.07705	60.49057	873.87087	179.66051	2.61095	-2.61718	0.74577	0.99792	0.04593	0.04523	0.04562	-0.99893	0.00800	0.04555	-0.00592	-0.99894		501.59028	4.14668	39.78076	1.06922	-0.35777	0.52633	0.39719	0.99994	0.00907	0.00641	-0.00919	0.99978	0.01860	-0.00624	-0.01866	0.99981	
43	0.42000	-0.13528	2.09933	0.57099	0.18027	0.06878	-0.27913	0.43705	0.99999	-0.00487	-0.00122	0.00487	0.99998	0.00314	0.00120	-0.00315	0.99999		-8.19936	60.43997	873.85136	179.66959	2.62247	-2.61136	0.74885	0.99792	0.04582	0.04544	0.04551	-0.99893	0.00785	0.04575	-0.00576	-0.99894		501.57909	4.12010	39.84249	1.05864	-0.35227	0.54390	0.39929	0.99994	0.00938	0.00632	-0.00949	0.99979	0.01842	-0.00615	-0.01848	0.99981	
44	0.43000	-0.10433	2.14298	0.39635	0.28298	-0.02288	-0.28486	0.46424	0.99999	-0.00497	0.00038	0.00497	0.99998	0.00494	-0.00040	-0.00494	0.99999		-6.86207	61.99793	873.89782	179.56450	2.51010	-2.63578	0.74247	0.99798	0.04632	0.04340	0.04594	-0.99890	0.00961	0.04380	-0.00759	-0.99901		501.61562	4.19411	39.19747	0.95273	-0.27775	0.55195	0.39424	0.99994	0.00955	0.00501	-0.00963	0.99982	0.01658	-0.00485	-0.01663	0.99985	
45	0.44000	-0.13717	2.10415	0.57035	0.18026	0.06932	-0.28211	0.43835	0.99999	-0.00492	-0.00122	0.00492	0.99998	0.00314	0.00121	-0.00315	0.99999		-8.22933	60.45902	873.83346	179.65338	2.61101	-2.62058	0.74314	0.99792	0.04600	0.04523	0.04567	-0.99892	0.00813	0.04555	-0.00604	-0.99894		501.57517	4.15468	39.85048	1.05819	-0.34669	0.53446	0.39806	0.99994	0.00921	0.00622	-0.00933	0.99979	0.01841	-0.00605	-0.01847	0.99981	
46	0.45000	-0.13921	2.10916	0.56067	0.17891	0.06598	-0.28456	0.43924	0.99999	-0.00496	-0.00117	0.00497	0.99998	0.00312	0.00115	-0.00312	0.99999		-8.19104	60.46168	873.87245	179.66541	2.63470	-2.62201	0.74699	0.99790	0.04601	0.04565	0.04570	-0.99892	0.00794	0.04597	-0.00583	-0.99893		501.57721	4.16406	39.82092	1.06057	-0.34720	0.54322	0.39776	0.99994	0.00937	0.00623	-0.00948	0.99978	0.01845	-0.00606	-0.01851	0.99981	
47	0.46000	-0.14696	2.11339	0.57702	0.17858	0.07235	-0.28611	0.44037	0.99999	-0.00499	-0.00128	0.00499	0.99998	0.00311	0.00126	-0.00312	0.99999		-8.31989	60.45068	873.83214	179.65274	2.62460	-2.62084	0.74254	0.99791	0.04600	0.04547	0.04568	-0.99892	0.00815	0.04579	-0.00605	-0.99893		501.57794	4.17252	39.86559	1.06551	-0.35317	0.55130	0.39715	0.99993	0.00951	0.00634	-0.00962	0.99978	0.01854	-0.00616	-0.01860	0.99981	
48	0.47000	-0.14396	2.11573	0.56085	0.17355	0.06424	-0.28879	0.44044	0.99999	-0.00504	-0.00114	0.00504	0.99998	0.00302	0.00112	-0.00303	0.99999		-8.23006	60.40843	873.85669	179.67085	2.61857	-2.63770	0.74481	0.99790	0.04628	0.04537	0.04597	-0.99891	0.00784	0.04569	-0.00574	-0.99894		501.57682	4.17067	39.82203	1.04873	-0.34137	0.56827	0.39869	0.99993	0.00981	0.00614	-0.00992	0.99978	0.01824	-0.00596	-0.01830	0.99981	
49	0.48000	-0.14443	2.11780	0.55623	0.17980	0.06277	-0.28634	0.43808	0.99999	-0.00499	-0.00111	0.00500	0.99998	0.00313	0.00110	-0.00314	0.99999		-8.22276	60.50466	873.85940	179.65363	2.62994	-2.62778	0.74444	0.99790	0.04612	0.04556	0.04580	-0.99892	0.00814	0.04589	-0.00604	-0.99893		501.58219	4.15729	39.80303	1.03584	-0.33950	0.55875	0.39439	0.99993	0.00964	0.00610	-0.00975	0.99979	0.01802	-0.00593	-0.01808	0.99982	
50	0.49000	-0.10945	2.14295	0.38702	0.28208	-0.02739	-0.28408	0.46248	0.99999	-0.00496	0.00045	0.00496	0.99998	0.00492	-0.00048	-0.00492	0.99999		-6.90328	62.04542	873.93517	179.54729	2.54289	-2.61550	0.74444	0.99797	0.04598	0.04396	0.04559	-0.99891	0.00992	0.04437	-0.00789	-0.99898		501.67933	3.82143	39.15438	0.63116	-0.32910	1.00330	0.30053	0.99983	0.01745	0.00594	-0.01751	0.99979	0.01091	-0.00574	-0.01102	0.99992	
51	0.50000	-0.13685	2.11064	0.53602	0.18293	0.05593	-0.28290	0.43566	0.99999	-0.00493	-0.00099	0.00494	0.99998	0.00319	0.00098	-0.00319	0.99999		-8.12967	60.58106	873.87955	179.65120	2.62838	-2.62453	0.74823	0.99790	0.04607	0.04553	0.04574	-0.99892	0.00818	0.04586	-0.00608	-0.99893		501.58521	4.14429	39.76451	1.05192	-0.33356	0.55761	0.39601	0.99994	0.00962	0.00600	-0.00973	0.99979	0.01830	-0.00582	-0.01836	0.99981	
52	0.51000	-0.10613	2.14944	0.38110	0.27846	-0.02762	-0.28890	0.46380	0.99999	-0.00504	0.00046	0.00504	0.99998	0.00486	-0.00048	-0.00486	0.99999		-6.88709	62.01188	873.94295	179.55571	2.54095	-2.63264	0.74970	0.99796	0.04627	0.04393	0.04589	-0.99890	0.00978	0.04433	-0.00775	-0.99899		501.61721	4.22804	39.17725	0.95496	-0.26094	0.55304	0.39638	0.99994	0.00958	0.00471	-0.00965	0.99982	0.01662	-0.00455	-0.01667	0.99985	
53	0.52000	-0.13231	2.11787	0.53285	0.19029	0.05285	-0.28596	0.43869	0.99999	-0.00499	-0.00094	0.00499	0.99998	0.00332	0.00092	-0.00332	0.99999		-8.06228	60.67637	873.87280	179.64525	2.61825	-2.62157	0.74253	0.99791	0.04602	0.04535	0.04569	-0.99892	0.00827	0.04568	-0.00619	-0.99894		501.58152	4.16741	39.73353	1.03609	-0.33917	0.54976	0.39640	0.99994	0.00949	0.00609	-0.00959	0.99979	0.01802	-0.00592	-0.01808	0.99982	
54	0.53000	-0.14264	2.09995	0.57435	0.17687	0.07160	-0.27899	0.43644	0.99999	-0.00487	-0.00126	0.00487	0.99998	0.00308	0.00125	-0.00309	0.99999		-8.29708	60.48923	873.83347	179.65143	2.62777	-2.61895	0.74059	0.99791	0.04597	0.04552	0.04565	-0.99892	0.00817	0.04585	-0.00608	-0.99893		501.65409	3.74684	39.82697	0.73570	-0.43886	1.00716	0.29750	0.99982	0.01748	0.00788	-0.01758	0.99976	0.01270	-0.00766	-0.01284	0.99989	
55	0.54000	-0.13918	2.10564	0.55635	0.17239	0.06299	-0.28304	0.43805	0.99999	-0.00494	-0.00111	0.00494	0.99998	0.00300	0.00110	-0.00301	0.99999		-8.14619	60.40530	873.85420	179.66428	2.61071	-2.63002	0.74725	0.99791	0.04615	0.04523	0.04584	-0.99892	0.00794	0.04555	-0.00585	-0.99894		501.58146	4.13143	39.80142	1.05185	-0.34972	0.56084	0.39412	0.99993	0.00967	0.00628	-0.00979	0.99978	0.01830	-0.00610	-0.01836	0.99981	
56	0.55000	-0.13782	2.10170	0.56313	0.17762	0.06716	-0.28126	0.43893	0.99999	-0.00490	-0.00119	0.00491	0.99998	0.00309	0.00117	-0.00310	0.99999		-8.19251	60.45934	873.84773	179.66565	2.61215	-2.61257	0.74487	0.99792	0.04585	0.04526	0.04553	-0.99893	0.00791	0.04557	-0.00583	-0.99894		501.57988	4.13301	39.82778	1.06337	-0.35685	0.55167	0.40075	0.99993	0.00951	0.00641	-0.00963	0.99978	0.01850	-0.00623	-0.01856	0.99981	
57	0.56000	-0.13624	2.11288	0.55952	0.17277	0.06339	-0.28490	0.43798	0.99999	-0.00497	-0.00112	0.00497	0.99998	0.00301	0.00111	-0.00302	0.99999		-8.13379	60.37766	873.85158	179.66589	2.60380	-2.63083	0.74696	0.99791	0.04616	0.04511	0.04585	-0.99892	0.00791	0.04543	-0.00583	-0.99895		501.57661	4.14685	39.80364	1.05830	-0.33832	0.55242	0.39087	0.99994	0.00953	0.00608	-0.00964	0.99978	0.01841	-0.00590	-0.01847	0.99981	
58	0.57000	-0.10089	2.15703	0.38179	0.28750	-0.02758	-0.29083	0.46530	0.99999	-0.00508	0.00046	0.00508	0.99997	0.00502	-0.00048	-0.00502	0.99999		-6.79873	62.06365	873.92007	179.55415	2.51568	-2.62885	0.74802	0.99798	0.04621	0.04349	0.04582	-0.99890	0.00979	0.04389	-0.00777	-0.99901		501.60901	4.21797	39.17485	0.92594	-0.25877	0.57315	0.39376	0.99994	0.00993	0.00468	-0.01000	0.99982	0.01611	-0.00452	-0.01616	0.99986	
59	0.58000	-0.13844	2.09759	0.57248	0.16883	0.06976	-0.27938	0.43993	0.99999	-0.00487	-0.00123	0.00488	0.99998	0.00294	0.00122	-0.00295	0.99999		-8.24271	60.30985	873.82684	179.68295	2.60163	-2.61840	0.74353	0.99793	0.04593	0.04509	0.04564	-0.99893	0.00760	0.04539	-0.00553	-0.99895		501.57718	4.10263	39.83887	1.05195	-0.35084	0.55450	0.39449	0.99993	0.00956	0.00630	-0.00968	0.99979	0.01830	-0.00612	-0.01836	0.99981	
60	0.59000	-0.10041	2.14198	0.38703	0.27876	-0.02552	-0.28495	0.46621	0.99999	-0.00498	0.00042	0.00497	0.99998	0.00487	-0.00045	-0.00487	0.99999		-6.85944	61.93998	873.92748	179.57722	2.52419	-2.62366	0.74141	0.99798	0.04610	0.04366	0.04573	-0.99891	0.00939	0.04404	-0.00737	-0.99900		501.61024	4.17248	39.18284	0.93522	-0.26500	0.55867	0.39328	0.99994	0.00967	0.00478	-0.00975	0.99982	0.01628	-0.00463	-0.01632	0.99986	
61	0.60000	-0.13239	2.10291	0.54897	0.17934	0.06040	-0.28028	0.44121	0.99999	-0.00489	-0.00107	0.00489	0.99998	0.00312	0.00105	-0.00313	0.99999		-8.14119	60.44161	873.86560	179.66722	2.60983	-2.62353	0.74482	0.99792	0.04604	0.04522	0.04573	-0.99892	0.00789	0.04553	-0.00580	-0.99895		501.57314	4.11780	39.78496	1.05115	-0.34277	0.54684	0.39765	0.99994	0.00943	0.00616	-0.00954	0.99979	0.01829	-0.00598	-0.01834	0.99981	
62	0.61000	-0.10642	2.14955	0.36737	0.28263	-0.03241	-0.28834	0.46531	0.99999	-0.00503	0.00054	0.00503	0.99998	0.00493	-0.00057	-0.00493	0.99999		-6.78717	61.98261	873.94880	179.55980	2.52101	-2.63222	0.74343	0.99798	0.04626	0.04359	0.04588	-0.99890	0.00969	0.04399	-0.00768	-0.99900		501.60450	4.21583	39.15705	0.94218	-0.24060	0.54586	0.39407	0.99995	0.00946	0.00436	-0.00953	0.99982	0.01640	-0.00420	-0.01644	0.99986	
63	0.62000	-0.11193	2.14124	0.36790	0.27434	-0.03285	-0.28726	0.46784	0.99999	-0.00502	0.00055	0.00501	0.99998	0.00479	-0.00057	-0.00479	0.99999		-6.77889	61.85831	873.97522	179.57317	2.53827	-2.61851	0.74869	0.99798	0.04601	0.04390	0.04564	-0.99891	0.00947	0.04429	-0.00744	-0.99899		501.61356	4.22042	39.14387	0.97121	-0.25520	0.54183	0.39758	0.99995	0.00938	0.00461	-0.00946	0.99981	0.01691	-0.00445	-0.01695	0.99985	
64	0.63000	-0.14099	2.10013	0.56951	0.17167	0.06733	-0.28327	0.43686	0.99999	-0.00494	-0.00119	0.00494	0.99998	0.00299	0.00118	-0.00300	0.99999		-8.28856	60.33862	873.85531	179.66382	2.62402	-2.62116	0.74334	0.99791	0.04600	0.04546	0.04568	-0.99892	0.00795	0.04578	-0.00586	-0.99893		501.57476	4.14877	39.81628	1.05643	-0.35231	0.54051	0.39481	0.99994	0.00932	0.00632	-0.00943	0.99979	0.01838	-0.00615	-0.01844	0.99981	
65	0.64000	-0.10902	2.14139	0.37936	0.27712	-0.02805	-0.28428	0.46445	0.99999	-0.00496	0.00047	0.00496	0.99998	0.00484	-0.00049	-0.00484	0.99999		-6.86713	61.93808	873.94721	179.56477	2.53369	-2.62420	0.74800	0.99797	0.04612	0.04381	0.04574	-0.99891	0.00961	0.04421	-0.00759	-0.99899		501.60852	4.18704	39.16207	0.94933	-0.26342	0.53865	0.39438	0.99995	0.00932	0.00475	-0.00940	0.99982	0.01652	-0.00460	-0.01657	0.99985	
66	0.65000	-0.13496	2.10200	0.54736	0.18255	0.06110	-0.27863	0.43780	0.99999	-0.00486	-0.00108	0.00486	0.99998	0.00318	0.00107	-0.00319	0.99999		-8.18401	60.53480	873.88296	179.65463	2.63160	-2.61162	0.74469	0.99791	0.04584	0.04559	0.04552	-0.99893	0.00811	0.04591	-0.00602	-0.99893		501.57817	4.12064	39.77634	1.05896	-0.35199	0.52993	0.39372	0.99994	0.00913	0.00631	-0.00925	0.99979	0.01842	-0.00614	-0.01848	0.99981	
67	0.66000	-0.10596	2.15596	0.37270	0.28852	-0.03202	-0.29042	0.46653	0.99999	-0.00507	0.00053	0.00507	0.99997	0.00504	-0.00056	-0.00504	0.99999		-6.79366	62.12545	873.94820	179.55214	2.53891	-2.63100	0.74608	0.99797	0.04625	0.04389	0.04586	-0.99890	0.00984	0.04430	-0.00781	-0.99899		501.61128	4.22708	39.14127	0.94080	-0.25343	0.55025	0.39458	0.99994	0.00953	0.00458	-0.00960	0.99982	0.01638	-0.00442	-0.01642	0.99986	
68	0.67000	-0.14121	2.11431	0.57392	0.17249	0.06990	-0.28667	0.43916	0.99999	-0.00500	-0.00123	0.00500	0.99998	0.00300	0.00122	-0.00301	0.99999		-8.28297	60.40824	873.85004	179.66206	2.62755	-2.62900	0.74481	0.99790	0.04614	0.04552	0.04582	-0.99892	0.00799	0.04584	-0.00589	-0.99893		501.57678	4.16588	39.83772	1.05477	-0.35427	0.53854	0.39509	0.99994	0.00928	0.00635	-0.00940	0.99979	0.01835	-0.00618	-0.01841	0.99981	
69	0.68000	-0.13942	2.10291	0.56400	0.17211	0.06759	-0.28214	0.44027	0.99999	-0.00492	-0.00119	0.00492	0.99998	0.00300	0.00118	-0.00300	0.99999		-8.22049	60.42072	873.85058	179.65639	2.62347	-2.61904	0.74552	0.99791	0.04597	0.04545	0.04565	-0.99892	0.00808	0.04577	-0.00599	-0.99893		501.57649	4.14808	39.82968	1.06973	-0.35403	0.52836	0.39603	0.99994	0.00910	0.00635	-0.00922	0.99978	0.01861	-0.00618	-0.01867	0.99981	
70	0.69000	-0.13727	2.11996	0.53622	0.18457	0.05567	-0.28662	0.44118	0.99999	-0.00500	-0.00099	0.00500	0.99998	0.00322	0.00097	-0.00322	0.99999		-8.03096	60.59942	873.86960	179.64478	2.60521	-2.61967	0.74822	0.99792	0.04599	0.04512	0.04566	-0.99892	0.00827	0.04545	-0.00619	-0.99895		501.53966	4.14294	39.74653	1.03455	-0.30254	0.59829	0.39051	0.99993	0.01034	0.00547	-0.01044	0.99978	0.01800	-0.00528	-0.01806	0.99982	
71	0.70000	-0.10868	2.15473	0.36304	0.28992	-0.03501	-0.28894	0.46533	0.99999	-0.00505	0.00059	0.00504	0.99997	0.00506	-0.00061	-0.00506	0.99999		-6.68517	62.17800	873.93301	179.53523	2.51477	-2.62902	0.74916	0.99799	0.04622	0.04346	0.04582	-0.99890	0.01012	0.04388	-0.00810	-0.99900		501.61932	4.22503	39.11594	0.94349	-0.26165	0.54372	0.39712	0.99994	0.00941	0.00472	-0.00949	0.99982	0.01642	-0.00457	-0.01647	0.99985	
72	0.71000	-0.13692	2.09543	0.54840	0.17879	0.06027	-0.28020	0.43930	0.99999	-0.00489	-0.00107	0.00489	0.99998	0.00311	0.00105	-0.00312	0.99999		-8.08801	60.53638	873.86449	179.65509	2.61508	-2.62236	0.74633	0.99791	0.04603	0.04530	0.04571	-0.99892	0.00810	0.04563	-0.00601	-0.99894		501.57028	4.11599	39.78268	1.04833	-0.33701	0.54710	0.39298	0.99994	0.00944	0.00606	-0.00955	0.99979	0.01824	-0.00588	-0.01830	0.99982	
73	0.72000	-0.13488	2.09929	0.54510	0.17657	0.05899	-0.27974	0.44087	0.99999	-0.00488	-0.00104	0.00488	0.99998	0.00308	0.00103	-0.00308	0.99999		-8.09221	60.48848	873.86598	179.66168	2.60572	-2.63118	0.74805	0.99791	0.04617	0.04514	0.04586	-0.99892	0.00799	0.04546	-0.00590	-0.99895		501.58034	4.12694	39.76052	1.06743	-0.36114	0.53748	0.39762	0.99994	0.00926	0.00648	-0.00938	0.99978	0.01857	-0.00630	-0.01863	0.99981	
74	0.73000	-0.10575	2.16643	0.38448	0.28855	-0.02363	-0.29394	0.46250	0.99999	-0.00513	0.00039	0.00513	0.99997	0.00504	-0.00041	-0.00504	0.99999		-6.90006	62.11293	873.92328	179.54572	2.52642	-2.64286	0.74211	0.99797	0.04646	0.04367	0.04607	-0.99889	0.00995	0.04408	-0.00792	-0.99900		501.60880	4.27456	39.20060	0.96474	-0.27410	0.52764	0.39820	0.99995	0.00913	0.00494	-0.00921	0.99982	0.01679	-0.00478	-0.01684	0.99985	
75	0.74000	-0.13279	2.11703	0.54579	0.17491	0.05745	-0.28699	0.43778	0.99999	-0.00501	-0.00102	0.00501	0.99998	0.00305	0.00100	-0.00305	0.99999		-8.11044	60.39862	873.89015	179.66103	2.62117	-2.62799	0.74336	0.99790	0.04612	0.04541	0.04580	-0.99892	0.00801	0.04573	-0.00591	-0.99894		501.58483	4.16889	39.73889	1.06650	-0.36464	0.53164	0.39972	0.99994	0.00916	0.00654	-0.00928	0.99978	0.01855	-0.00636	-0.01861	0.99981	
76	0.75000	-0.13511	2.11103	0.55119	0.17206	0.06147	-0.28462	0.43841	0.99999	-0.00496	-0.00109	0.00497	0.99998	0.00300	0.00107	-0.00300	0.99999		-8.18464	60.34500	873.88897	179.66617	2.62596	-2.62246	0.74488	0.99790	0.04602	0.04550	0.04571	-0.99892	0.00792	0.04582	-0.00582	-0.99893		501.57513	4.13409	39.78477	1.05218	-0.35198	0.54977	0.39650	0.99994	0.00948	0.00632	-0.00959	0.99979	0.01830	-0.00614	-0.01836	0.99981	
77	0.76000	-0.10713	2.15446	0.36545	0.29248	-0.03163	-0.28779	0.46138	0.99999	-0.00503	0.00053	0.00502	0.99997	0.00511	-0.00055	-0.00510	0.99999		-6.81615	62.14087	873.95454	179.55582	2.53683	-2.63517	0.75017	0.99796	0.04632	0.04386	0.04593	-0.99890	0.00978	0.04426	-0.00774	-0.99899		501.60823	4.20661	39.16132	0.93393	-0.25941	0.54662	0.39575	0.99994	0.00947	0.00468	-0.00954	0.99982	0.01626	-0.00453	-0.01630	0.99986	
78	0.77000	-0.13654	2.10374	0.54998	0.18249	0.06183	-0.27952	0.43760	0.99999	-0.00487	-0.00109	0.00488	0.99998	0.00318	0.00108	-0.00319	0.99999		-8.19671	60.50171	873.88228	179.66277	2.63178	-2.62787	0.74569	0.99789	0.04612	0.04560	0.04580	-0.99892	0.00798	0.04592	-0.00588	-0.99893		501.57510	4.11167	39.79617	1.05050	-0.34819	0.53697	0.39599	0.99994	0.00926	0.00625	-0.00937	0.99979	0.01828	-0.00608	-0.01833	0.99981	
79	0.78000	-0.10815	2.16338	0.35590	0.28566	-0.03692	-0.29282	0.46579	0.99999	-0.00511	0.00062	0.00511	0.99997	0.00499	-0.00064	-0.00499	0.99999		-6.73556	62.00679	873.97818	179.55676	2.53096	-2.63851	0.74450	0.99797	0.04637	0.04376	0.04599	-0.99889	0.00976	0.04416	-0.00773	-0.99899		501.61369	4.22333	39.11517	0.92375	-0.25658	0.56398	0.39964	0.99994	0.00977	0.00464	-0.00984	0.99982	0.01608	-0.00448	-0.01612	0.99986	
80	0.79000	-0.13347	2.10349	0.52940	0.18625	0.05265	-0.27974	0.43749	0.99999	-0.00488	-0.00093	0.00488	0.99998	0.00325	0.00092	-0.00325	0.99999		-8.04685	60.55002	873.88813	179.65221	2.60979	-2.63296	0.74552	0.99791	0.04621	0.04521	0.04589	-0.99891	0.00816	0.04553	-0.00606	-0.99894		501.57461	4.11099	39.72952	1.03617	-0.33884	0.54603	0.39582	0.99994	0.00942	0.00609	-0.00953	0.99979	0.01803	-0.00591	-0.01808	0.99982	
81	0.80000	-0.10876	2.16592	0.37330	0.28230	-0.02992	-0.29350	0.46012	0.99999	-0.00512	0.00050	0.00512	0.99997	0.00493	-0.00052	-0.00493	0.99999		-6.81872	61.95640	873.95538	179.56197	2.53062	-2.63357	0.74958	0.99797	0.04628	0.04375	0.04590	-0.99890	0.00967	0.04415	-0.00764	-0.99900		501.60855	4.23985	39.17207	0.93746	-0.25206	0.55091	0.39429	0.99994	0.00954	0.00456	-0.00961	0.99982	0.01632	-0.00440	-0.01636	0.99986	
82	0.81000	-0.13100	2.11476	0.53732	0.18279	0.05655	-0.28425	0.43962	0.99999	-0.00496	-0.00100	0.00496	0.99998	0.00318	0.00099	-0.00319	0.99999		-8.09295	60.52437	873.87125	179.66560	2.60331	-2.63153	0.74263	0.99791	0.04618	0.04510	0.04587	-0.99892	0.00792	0.04542	-0.00583	-0.99895		501.57132	4.13689	39.76556	1.04300	-0.34346	0.54906	0.39529	0.99994	0.00947	0.00617	-0.00958	0.99979	0.01814	-0.00599	-0.01820	0.99982	
83	0.82000	-0.13137	2.11626	0.54496	0.18434	0.05953	-0.28454	0.43641	0.99999	-0.00496	-0.00105	0.00497	0.99998	0.00321	0.00104	-0.00322	0.99999		-8.11539	60.54723	873.88032	179.66393	2.61526	-2.62487	0.74921	0.99791	0.04606	0.04531	0.04575	-0.99892	0.00795	0.04563	-0.00586	-0.99894		501.56590	4.15039	39.78164	1.05407	-0.33744	0.53963	0.39831	0.99994	0.00931	0.00606	-0.00942	0.99979	0.01834	-0.00589	-0.01840	0.99981	
84	0.83000	-0.20893	2.08831	1.15859	-0.02628	0.27857	-0.29894	0.49508	0.99997	-0.00522	-0.00486	0.00522	0.99999	-0.00048	0.00486	0.00046	0.99999		-11.36720	57.35617	873.43462	179.86067	2.82645	-2.64707	0.74466	0.99772	0.04630	0.04915	0.04613	-0.99892	0.00471	0.04931	-0.00243	-0.99878		501.50250	4.15471	41.08370	1.25696	-0.56876	0.56162	0.39501	0.99990	0.00958	0.01014	-0.00980	0.99971	0.02184	-0.00993	-0.02194	0.99971	
85	0.84000	-0.13366	2.11627	0.56222	0.17614	0.06873	-0.28484	0.44281	0.99999	-0.00497	-0.00121	0.00497	0.99998	0.00307	0.00120	-0.00307	0.99999		-8.24005	60.43839	873.85190	179.65762	2.61696	-2.63012	0.74678	0.99790	0.04616	0.04534	0.04584	-0.99892	0.00806	0.04566	-0.00597	-0.99894		501.57020	4.13870	39.83762	1.05830	-0.35904	0.55198	0.39637	0.99993	0.00952	0.00644	-0.00963	0.99978	0.01841	-0.00627	-0.01847	0.99981	
86	0.85000	-0.13540	2.11326	0.55406	0.17247	0.06370	-0.28488	0.43723	0.99999	-0.00497	-0.00113	0.00497	0.99998	0.00300	0.00111	-0.00301	0.99999		-8.17318	60.39198	873.87228	179.65570	2.61746	-2.62768	0.74178	0.99791	0.04612	0.04534	0.04580	-0.99892	0.00810	0.04567	-0.00600	-0.99894		501.57424	4.15455	39.79290	1.06282	-0.35971	0.53704	0.39946	0.99994	0.00925	0.00645	-0.00937	0.99979	0.01849	-0.00628	-0.01855	0.99981	
87	0.86000	-0.10538	2.15678	0.39216	0.27107	-0.02071	-0.28978	0.46132	0.99999	-0.00506	0.00034	0.00506	0.99998	0.00473	-0.00036	-0.00473	0.99999		-6.92809	61.86688	873.94593	179.56262	2.54356	-2.63142	0.74623	0.99796	0.04625	0.04398	0.04587	-0.99890	0.00966	0.04438	-0.00763	-0.99899		501.59197	4.19680	39.22950	0.93650	-0.25440	0.55578	0.40260	0.99994	0.00963	0.00460	-0.00970	0.99982	0.01630	-0.00444	-0.01634	0.99986	
88	0.87000	-0.10026	2.15838	0.36622	0.28826	-0.03277	-0.28875	0.46440	0.99999	-0.00504	0.00055	0.00504	0.99997	0.00503	-0.00057	-0.00503	0.99999		-6.78162	62.15826	873.93607	179.55217	2.52169	-2.63410	0.74072	0.99798	0.04630	0.04359	0.04591	-0.99890	0.00983	0.04400	-0.00781	-0.99900		501.60239	4.20808	39.14725	0.92491	-0.24769	0.55172	0.39576	0.99994	0.00956	0.00448	-0.00963	0.99982	0.01610	-0.00432	-0.01614	0.99986	
89	0.88000	-0.10027	2.14214	0.37639	0.27108	-0.02947	-0.28471	0.46289	0.99999	-0.00497	0.00049	0.00497	0.99998	0.00473	-0.00051	-0.00473	0.99999		-6.83666	61.89281	873.95160	179.56436	2.53499	-2.62695	0.74621	0.99797	0.04617	0.04383	0.04579	-0.99890	0.00962	0.04423	-0.00760	-0.99899		501.60511	4.18186	39.15623	0.95698	-0.26695	0.54374	0.39434	0.99994	0.00941	0.00482	-0.00949	0.99982	0.01666	-0.00466	-0.01670	0.99985	
90	0.89000	-0.09775	2.14432	0.37937	0.28554	-0.02776	-0.28241	0.46392	0.99999	-0.00493	0.00046	0.00493	0.99998	0.00499	-0.00048	-0.00498	0.99999		-6.87875	62.11261	873.93109	179.55797	2.53807	-2.62833	0.74666	0.99797	0.04620	0.04388	0.04581	-0.99890	0.00974	0.04428	-0.00771	-0.99899		501.59302	4.16399	39.18234	0.93553	-0.24905	0.55116	0.39603	0.99994	0.00955	0.00450	-0.00962	0.99982	0.01628	-0.00435	-0.01633	0.99986	
91	0.90000	-0.12941	2.11087	0.55785	0.17557	0.06418	-0.28200	0.44028	0.99999	-0.00492	-0.00113	0.00492	0.99998	0.00306	0.00112	-0.00306	0.99999		-8.25390	60.44046	873.87130	179.66133	2.64170	-2.62071	0.74888	0.99789	0.04600	0.04577	0.04568	-0.99892	0.00801	0.04609	-0.00590	-0.99892		501.56918	4.11851	39.79843	1.04315	-0.35726	0.54167	0.39741	0.99994	0.00934	0.00641	-0.00945	0.99979	0.01815	-0.00624	-0.01821	0.99981	
92	0.91000	-0.12994	2.11079	0.56371	0.17382	0.06765	-0.28144	0.43797	0.99999	-0.00491	-0.00120	0.00491	0.99998	0.00303	0.00118	-0.00303	0.99999		-8.31198	60.39979	873.86546	179.65887	2.64043	-2.61596	0.74847	0.99790	0.04591	0.04575	0.04559	-0.99893	0.00805	0.04607	-0.00595	-0.99892		501.56755	4.12250	39.82390	1.05962	-0.35837	0.54020	0.39356	0.99994	0.00931	0.00643	-0.00943	0.99979	0.01843	-0.00625	-0.01849	0.99981	
93	0.92000	-0.12625	2.11651	0.52814	0.19028	0.05514	-0.28150	0.43793	0.99999	-0.00491	-0.00098	0.00491	0.99998	0.00332	0.00096	-0.00332	0.99999		-8.11763	60.64899	873.87570	179.65115	2.62083	-2.62634	0.74220	0.99790	0.04610	0.04540	0.04577	-0.99892	0.00818	0.04573	-0.00608	-0.99894		501.57143	4.13732	39.75127	1.05610	-0.34433	0.53235	0.39470	0.99994	0.00918	0.00618	-0.00929	0.99979	0.01837	-0.00601	-0.01843	0.99981	
94	0.93000	-0.13030	2.11134	0.56272	0.17920	0.06926	-0.28178	0.43514	0.99999	-0.00491	-0.00122	0.00492	0.99998	0.00312	0.00121	-0.00313	0.99999		-8.32437	60.48259	873.83209	179.66710	2.62035	-2.62502	0.74072	0.99791	0.04606	0.04540	0.04575	-0.99892	0.00790	0.04572	-0.00580	-0.99894		501.56313	4.13066	39.83969	1.05958	-0.35626	0.54240	0.39241	0.99994	0.00935	0.00639	-0.00947	0.99979	0.01843	-0.00622	-0.01849	0.99981	
