1	0.00000	-0.15277	2.11865	1.30429	-0.30025	0.12596	-0.30609	0.64607	0.99998	-0.00535	-0.00217	0.00534	0.99997	-0.00525	0.00220	0.00524	0.99998		-9.13164	52.76905	873.77192	-179.85176	2.67549	-2.32847	0.58760	0.99809	0.04051	0.04675	0.04058	-0.99918	-0.00069	0.04668	0.00258	-0.99891		501.78874	3.99398	39.53343	1.47638	-0.69451	0.75399	0.37381	0.99984	0.01284	0.01246	-0.01316	0.99959	0.02560	-0.01212	-0.02576	0.99959	
2	0.01000	-0.01133	2.01218	0.58795	-0.06450	-0.12624	-0.24021	0.53692	0.99999	-0.00419	0.00221	0.00419	0.99999	-0.00112	-0.00220	0.00113	1.00000		-5.42126	56.52322	874.29313	179.91222	2.42994	-2.27274	0.58199	0.99831	0.03972	0.04230	0.03962	-0.99921	0.00321	0.04240	-0.00153	-0.99910		501.82274	3.68672	38.03736	1.25865	-0.45129	0.67763	0.37043	0.99990	0.01165	0.00813	-0.01183	0.99969	0.02187	-0.00788	-0.02197	0.99973	
3	0.02000	-0.00930	2.01611	0.56252	-0.06366	-0.13543	-0.24447	0.53207	0.99999	-0.00426	0.00237	0.00427	0.99999	-0.00110	-0.00236	0.00111	1.00000		-5.27351	56.48842	874.38825	179.88878	2.48257	-2.27281	0.59790	0.99828	0.03974	0.04320	0.03962	-0.99921	0.00366	0.04332	-0.00194	-0.99906		501.81470	3.71895	37.99019	1.24856	-0.42556	0.68051	0.37095	0.99990	0.01171	0.00768	-0.01188	0.99969	0.02170	-0.00743	-0.02179	0.99973	
4	0.03000	-0.05480	2.13521	0.71597	0.05046	-0.02887	-0.27747	0.55839	0.99999	-0.00484	0.00050	0.00484	0.99999	0.00088	-0.00050	-0.00088	1.00000		-6.83491	58.33160	874.02911	179.84326	2.57747	-2.52540	0.68726	0.99802	0.04419	0.04481	0.04402	-0.99902	0.00471	0.04497	-0.00273	-0.99898		501.73958	4.07605	38.90602	1.20160	-0.24550	0.68693	0.37311	0.99992	0.01190	0.00454	-0.01199	0.99971	0.02092	-0.00428	-0.02097	0.99977	
5	0.04000	-0.05453	2.13723	0.71832	0.05280	-0.02850	-0.27886	0.56206	0.99999	-0.00487	0.00049	0.00487	0.99999	0.00092	-0.00050	-0.00092	1.00000		-6.85443	58.41030	874.01814	179.84962	2.57685	-2.54005	0.69062	0.99801	0.04444	0.04480	0.04427	-0.99901	0.00461	0.04496	-0.00262	-0.99899		501.74534	4.09843	38.89114	1.20775	-0.26032	0.68397	0.37058	0.99992	0.01184	0.00479	-0.01194	0.99971	0.02102	-0.00454	-0.02108	0.99977	
6	0.05000	0.19687	2.70431	0.05198	0.76263	-0.95746	-0.48520	0.65605	0.99982	-0.00869	0.01660	0.00847	0.99987	0.01345	-0.01671	-0.01331	0.99977		6.47050	68.63532	874.04765	179.17113	1.59887	-2.59419	0.63156	0.99859	0.04566	0.02722	0.04524	-0.99885	0.01571	0.02790	-0.01446	-0.99951		502.04303	5.66751	31.90769	0.23338	0.72531	1.13755	0.38425	0.99972	0.01990	-0.01258	-0.01985	0.99979	0.00432	0.01266	-0.00407	0.99991	
7	0.06000	-0.13100	2.18523	0.57730	0.27504	-0.02401	-0.29915	0.49403	0.99999	-0.00522	0.00039	0.00522	0.99997	0.00480	-0.00042	-0.00480	0.99999		-6.96974	61.83615	873.73463	179.57137	2.51959	-2.57948	0.72612	0.99802	0.04533	0.04358	0.04496	-0.99894	0.00945	0.04396	-0.00747	-0.99901		501.70008	4.21277	39.21649	0.86564	-0.31614	0.94563	0.45520	0.99985	0.01642	0.00577	-0.01650	0.99975	0.01501	-0.00552	-0.01511	0.99987	
8	0.07000	-0.12392	2.17496	0.55179	0.27323	-0.01442	-0.29500	0.47994	0.99999	-0.00515	0.00023	0.00515	0.99998	0.00477	-0.00025	-0.00477	0.99999		-7.07657	61.81686	873.76780	179.54399	2.53272	-2.56722	0.73814	0.99802	0.04514	0.04379	0.04475	-0.99895	0.00993	0.04419	-0.00795	-0.99899		501.65325	4.27320	39.24397	0.91904	-0.26915	0.80810	0.40176	0.99989	0.01403	0.00492	-0.01410	0.99977	0.01597	-0.00470	-0.01604	0.99986	
9	0.08000	-0.12677	2.17266	0.53512	0.27690	-0.01372	-0.29400	0.47804	0.99999	-0.00513	0.00022	0.00513	0.99998	0.00483	-0.00024	-0.00483	0.99999		-7.09846	62.00476	873.72007	179.56517	2.47048	-2.64491	0.74701	0.99801	0.04647	0.04271	0.04610	-0.99889	0.00957	0.04310	-0.00758	-0.99904		501.65663	4.29045	39.23799	0.94178	-0.28358	0.78347	0.40668	0.99989	0.01359	0.00517	-0.01367	0.99977	0.01637	-0.00495	-0.01644	0.99985	
10	0.09000	-0.12924	2.15330	0.53901	0.26871	-0.00322	-0.28702	0.47510	0.99999	-0.00501	0.00003	0.00501	0.99998	0.00469	-0.00006	-0.00469	0.99999		-7.16189	61.82141	873.76477	179.55843	2.53115	-2.57231	0.74411	0.99802	0.04522	0.04377	0.04484	-0.99895	0.00968	0.04416	-0.00770	-0.99899		501.63770	4.22306	39.33224	0.93065	-0.28403	0.79533	0.40506	0.99989	0.01380	0.00518	-0.01388	0.99977	0.01617	-0.00496	-0.01624	0.99986	
11	0.10000	-0.15971	2.13005	0.68597	0.16689	0.08131	-0.28701	0.44485	0.99999	-0.00500	-0.00143	0.00501	0.99998	0.00290	0.00142	-0.00291	0.99999		-8.39161	60.27661	873.71529	179.64874	2.61103	-2.56119	0.74737	0.99796	0.04496	0.04523	0.04464	-0.99897	0.00816	0.04556	-0.00612	-0.99894		501.61505	4.17992	39.90398	1.04099	-0.38117	0.77696	0.40426	0.99989	0.01344	0.00690	-0.01356	0.99974	0.01808	-0.00665	-0.01817	0.99981	
12	0.11000	-0.15703	2.12279	0.67872	0.17454	0.08236	-0.28535	0.44136	0.99999	-0.00498	-0.00145	0.00498	0.99998	0.00304	0.00144	-0.00305	0.99999		-8.41606	60.42496	873.68755	179.65604	2.59427	-2.57255	0.73815	0.99797	0.04516	0.04495	0.04484	-0.99896	0.00803	0.04526	-0.00600	-0.99896		501.60199	4.19495	39.92184	1.04938	-0.37164	0.76499	0.40436	0.99989	0.01323	0.00673	-0.01335	0.99974	0.01823	-0.00649	-0.01831	0.99981	
13	0.12000	-0.15657	2.13043	0.66020	0.17863	0.07723	-0.28696	0.44363	0.99999	-0.00500	-0.00136	0.00501	0.99998	0.00311	0.00135	-0.00312	0.99999		-8.35469	60.46201	873.69594	179.65991	2.58824	-2.57486	0.74189	0.99797	0.04519	0.04484	0.04488	-0.99896	0.00796	0.04516	-0.00593	-0.99896		501.60214	4.20532	39.87770	1.05343	-0.37005	0.76332	0.40361	0.99989	0.01320	0.00670	-0.01332	0.99974	0.01830	-0.00646	-0.01838	0.99981	
14	0.13000	-0.15770	2.14111	0.65406	0.17777	0.07779	-0.28958	0.43943	0.99999	-0.00505	-0.00137	0.00505	0.99998	0.00310	0.00136	-0.00310	0.99999		-8.37197	60.39024	873.75164	179.65665	2.62621	-2.57445	0.74595	0.99794	0.04519	0.04550	0.04487	-0.99896	0.00804	0.04582	-0.00599	-0.99893		501.59981	4.19563	39.89747	1.02710	-0.36519	0.78121	0.40622	0.99989	0.01352	0.00662	-0.01363	0.99975	0.01784	-0.00637	-0.01792	0.99982	
15	0.14000	-0.15862	2.12820	0.67258	0.15899	0.08809	-0.28855	0.43912	0.99999	-0.00503	-0.00155	0.00504	0.99998	0.00277	0.00154	-0.00277	0.99999		-8.57177	60.10581	873.72288	179.68379	2.61611	-2.57633	0.74380	0.99795	0.04520	0.04535	0.04490	-0.99896	0.00756	0.04564	-0.00551	-0.99894		501.59318	4.21907	39.97005	1.07856	-0.37032	0.75370	0.40443	0.99989	0.01303	0.00671	-0.01315	0.99974	0.01874	-0.00646	-0.01882	0.99980	
16	0.15000	-0.15885	2.13122	0.64749	0.17334	0.07954	-0.28673	0.43824	0.99999	-0.00500	-0.00140	0.00500	0.99998	0.00302	0.00139	-0.00303	0.99999		-8.45837	60.28506	873.77662	179.66380	2.63826	-2.58175	0.74466	0.99793	0.04531	0.04572	0.04500	-0.99896	0.00794	0.04603	-0.00586	-0.99892		501.59816	4.18988	39.91514	1.05677	-0.36206	0.76516	0.40518	0.99989	0.01324	0.00656	-0.01335	0.99974	0.01836	-0.00632	-0.01844	0.99981	
17	0.16000	-0.16173	2.13382	0.64566	0.17380	0.08197	-0.28842	0.43353	0.99999	-0.00503	-0.00145	0.00503	0.99998	0.00303	0.00143	-0.00303	0.99999		-8.54251	60.29662	873.75689	179.68195	2.62584	-2.59355	0.74045	0.99793	0.04550	0.04551	0.04520	-0.99895	0.00762	0.04581	-0.00555	-0.99893		501.59741	4.20528	39.93043	1.06642	-0.37536	0.77087	0.40200	0.99989	0.01333	0.00680	-0.01345	0.99974	0.01852	-0.00655	-0.01861	0.99981	
18	0.17000	-0.16724	2.13281	0.64550	0.17377	0.08130	-0.28815	0.43802	0.99999	-0.00502	-0.00143	0.00503	0.99998	0.00303	0.00142	-0.00303	0.99999		-8.52504	60.25006	873.77176	179.67456	2.63407	-2.58416	0.75088	0.99793	0.04535	0.04565	0.04504	-0.99896	0.00775	0.04596	-0.00567	-0.99893		501.59830	4.18437	39.92203	1.04023	-0.36994	0.77974	0.40431	0.99989	0.01349	0.00670	-0.01361	0.99974	0.01806	-0.00646	-0.01815	0.99981	
19	0.18000	-0.17043	2.13501	0.65452	0.16192	0.08648	-0.29016	0.43938	0.99999	-0.00506	-0.00152	0.00506	0.99998	0.00282	0.00151	-0.00283	0.99999		-8.60572	60.07276	873.77942	179.68971	2.64286	-2.59068	0.74956	0.99792	0.04545	0.04582	0.04515	-0.99895	0.00749	0.04611	-0.00541	-0.99892		501.59566	4.21382	39.95806	1.06889	-0.37849	0.75452	0.40454	0.99989	0.01304	0.00685	-0.01317	0.99974	0.01857	-0.00661	-0.01865	0.99980	
20	0.19000	-0.16442	2.13469	0.62976	0.17623	0.07784	-0.28897	0.43744	0.99999	-0.00504	-0.00137	0.00504	0.99998	0.00307	0.00136	-0.00308	0.99999		-8.46400	60.28596	873.79561	179.66982	2.64026	-2.59186	0.75011	0.99792	0.04549	0.04576	0.04517	-0.99895	0.00784	0.04606	-0.00576	-0.99892		501.60074	4.19809	39.89879	1.03656	-0.37348	0.77058	0.39741	0.99989	0.01333	0.00676	-0.01345	0.99975	0.01800	-0.00652	-0.01809	0.99982	
21	0.20000	-0.16395	2.13027	0.62775	0.17549	0.07874	-0.28665	0.43724	0.99999	-0.00500	-0.00139	0.00500	0.99998	0.00306	0.00137	-0.00306	0.99999		-8.46344	60.28785	873.77688	179.67116	2.62941	-2.58226	0.74118	0.99793	0.04532	0.04557	0.04501	-0.99896	0.00780	0.04588	-0.00573	-0.99893		501.59955	4.20638	39.92012	1.06522	-0.36185	0.75112	0.40115	0.99989	0.01299	0.00656	-0.01311	0.99974	0.01851	-0.00632	-0.01859	0.99981	
22	0.21000	-0.16154	2.13299	0.64346	0.16079	0.08323	-0.28901	0.43478	0.99999	-0.00504	-0.00147	0.00504	0.99998	0.00280	0.00145	-0.00281	0.99999		-8.50036	60.07505	873.79283	179.68608	2.63648	-2.58858	0.74888	0.99792	0.04541	0.04570	0.04512	-0.99895	0.00755	0.04600	-0.00547	-0.99893		501.59627	4.17922	39.93777	1.04572	-0.36856	0.77883	0.39892	0.99989	0.01347	0.00668	-0.01359	0.99974	0.01816	-0.00643	-0.01825	0.99981	
23	0.22000	-0.15961	2.11960	0.65170	0.15826	0.08859	-0.28429	0.43760	0.99999	-0.00496	-0.00156	0.00496	0.99998	0.00275	0.00155	-0.00276	0.99999		-8.54785	60.08716	873.77364	179.68268	2.63443	-2.59706	0.74736	0.99792	0.04557	0.04566	0.04526	-0.99895	0.00762	0.04596	-0.00553	-0.99893		501.59101	4.16420	39.96268	1.05153	-0.37831	0.76413	0.40240	0.99989	0.01321	0.00685	-0.01334	0.99974	0.01826	-0.00660	-0.01835	0.99981	
24	0.23000	-0.15716	2.13007	0.64006	0.16043	0.08366	-0.28530	0.43470	0.99999	-0.00497	-0.00147	0.00498	0.99998	0.00279	0.00146	-0.00280	0.99999		-8.45203	60.10498	873.77723	179.67157	2.62403	-2.57502	0.75250	0.99794	0.04519	0.04548	0.04488	-0.99896	0.00778	0.04578	-0.00573	-0.99894		501.59465	4.16255	39.92757	1.06125	-0.37913	0.76733	0.39966	0.99989	0.01327	0.00686	-0.01339	0.99974	0.01843	-0.00662	-0.01852	0.99981	
25	0.24000	-0.15941	2.14103	0.63328	0.16322	0.08209	-0.29049	0.43709	0.99999	-0.00507	-0.00145	0.00507	0.99998	0.00284	0.00143	-0.00285	0.99999		-8.41976	60.15319	873.77702	179.66991	2.62001	-2.57511	0.75048	0.99795	0.04519	0.04541	0.04488	-0.99896	0.00781	0.04571	-0.00576	-0.99894		501.60321	4.20730	39.92079	1.05017	-0.37348	0.76348	0.40089	0.99989	0.01320	0.00676	-0.01332	0.99974	0.01824	-0.00652	-0.01833	0.99981	
26	0.25000	-0.16420	2.13416	0.64158	0.16136	0.08440	-0.28779	0.43827	0.99999	-0.00502	-0.00149	0.00502	0.99998	0.00281	0.00147	-0.00282	0.99999		-8.43849	60.16353	873.76130	179.67265	2.61870	-2.57735	0.75625	0.99795	0.04523	0.04539	0.04492	-0.99896	0.00776	0.04569	-0.00571	-0.99894		501.59660	4.19268	39.93294	1.06687	-0.37747	0.76609	0.40499	0.99989	0.01325	0.00684	-0.01337	0.99974	0.01853	-0.00659	-0.01862	0.99980	
27	0.26000	-0.16618	2.13366	0.63885	0.15700	0.08676	-0.28919	0.43453	0.99999	-0.00504	-0.00153	0.00505	0.99998	0.00273	0.00151	-0.00274	0.99999		-8.47861	60.12454	873.77031	179.67960	2.62735	-2.58624	0.74763	0.99793	0.04538	0.04554	0.04508	-0.99895	0.00766	0.04584	-0.00559	-0.99893		501.59526	4.21417	39.95803	1.08981	-0.38508	0.75117	0.40565	0.99989	0.01298	0.00697	-0.01311	0.99973	0.01893	-0.00672	-0.01902	0.99980	
28	0.27000	-0.16333	2.12590	0.62151	0.16276	0.07910	-0.28441	0.43481	0.99999	-0.00496	-0.00139	0.00496	0.99998	0.00283	0.00138	-0.00284	0.99999		-8.40366	60.23146	873.77275	179.66660	2.61157	-2.58649	0.75324	0.99794	0.04539	0.04525	0.04508	-0.99895	0.00787	0.04556	-0.00581	-0.99894		501.60111	4.16931	39.90880	1.06645	-0.38044	0.75365	0.40333	0.99989	0.01303	0.00688	-0.01315	0.99974	0.01852	-0.00664	-0.01861	0.99980	
29	0.28000	-0.16376	2.12846	0.61883	0.17565	0.07865	-0.28291	0.43237	0.99999	-0.00493	-0.00139	0.00494	0.99998	0.00306	0.00137	-0.00307	0.99999		-8.41939	60.42049	873.78478	179.65729	2.63144	-2.58353	0.75361	0.99793	0.04535	0.04559	0.04503	-0.99895	0.00804	0.04591	-0.00598	-0.99893		501.59114	4.16668	39.91609	1.06487	-0.36342	0.75239	0.40198	0.99989	0.01301	0.00659	-0.01313	0.99974	0.01850	-0.00634	-0.01858	0.99981	
30	0.29000	-0.16871	2.12385	0.62784	0.16342	0.08252	-0.28499	0.43616	0.99999	-0.00497	-0.00145	0.00497	0.99998	0.00284	0.00144	-0.00285	0.99999		-8.51156	60.23062	873.77881	179.67043	2.62949	-2.57868	0.75215	0.99794	0.04525	0.04557	0.04494	-0.99896	0.00781	0.04588	-0.00575	-0.99893		501.60041	4.18370	39.92337	1.07230	-0.37840	0.75472	0.40340	0.99989	0.01305	0.00685	-0.01317	0.99974	0.01863	-0.00660	-0.01871	0.99980	
31	0.30000	-0.15991	2.11837	0.63545	0.16266	0.08510	-0.28190	0.43088	0.99999	-0.00492	-0.00150	0.00492	0.99998	0.00283	0.00149	-0.00284	0.99999		-8.58405	60.19896	873.77555	179.66426	2.64008	-2.57212	0.74846	0.99793	0.04515	0.04575	0.04483	-0.99896	0.00792	0.04606	-0.00585	-0.99892		501.59111	4.15734	39.94593	1.06702	-0.37618	0.74513	0.40037	0.99989	0.01288	0.00681	-0.01300	0.99974	0.01854	-0.00657	-0.01862	0.99981	
32	0.31000	-0.16201	2.11488	0.62151	0.16391	0.07961	-0.27988	0.43401	0.99999	-0.00488	-0.00140	0.00488	0.99998	0.00285	0.00139	-0.00286	0.99999		-8.50786	60.21227	873.80468	179.66800	2.64674	-2.57437	0.75114	0.99793	0.04518	0.04587	0.04487	-0.99896	0.00786	0.04618	-0.00579	-0.99892		501.59503	4.14080	39.91060	1.06194	-0.37120	0.76221	0.39922	0.99989	0.01318	0.00672	-0.01330	0.99974	0.01845	-0.00648	-0.01853	0.99981	
33	0.32000	-0.16804	2.13089	0.60960	0.16853	0.07694	-0.28726	0.43586	0.99999	-0.00501	-0.00136	0.00501	0.99998	0.00293	0.00134	-0.00294	0.99999		-8.46927	60.25516	873.81335	179.66658	2.63962	-2.58932	0.75074	0.99792	0.04544	0.04574	0.04513	-0.99895	0.00789	0.04605	-0.00581	-0.99892		501.61695	4.21196	39.89070	1.07012	-0.38613	0.74029	0.40078	0.99989	0.01279	0.00698	-0.01292	0.99974	0.01859	-0.00674	-0.01868	0.99980	
34	0.33000	-0.17123	2.12233	0.61807	0.16846	0.08126	-0.28517	0.43655	0.99999	-0.00497	-0.00143	0.00498	0.99998	0.00293	0.00142	-0.00294	0.99999		-8.52529	60.25968	873.78391	179.68701	2.63537	-2.58355	0.74592	0.99793	0.04533	0.04569	0.04503	-0.99896	0.00753	0.04598	-0.00546	-0.99893		501.61245	4.18733	39.92342	1.05936	-0.38658	0.75504	0.40398	0.99989	0.01305	0.00699	-0.01318	0.99974	0.01840	-0.00675	-0.01849	0.99981	
35	0.34000	-0.17069	2.11972	0.62894	0.16061	0.08361	-0.28445	0.43259	0.99999	-0.00496	-0.00147	0.00496	0.99998	0.00280	0.00146	-0.00280	0.99999		-8.53142	60.13243	873.77376	179.69324	2.62682	-2.58795	0.74113	0.99793	0.04540	0.04554	0.04511	-0.99895	0.00742	0.04583	-0.00535	-0.99893		501.60240	4.16340	39.94470	1.06271	-0.37475	0.76370	0.40171	0.99989	0.01321	0.00679	-0.01333	0.99974	0.01846	-0.00654	-0.01855	0.99981	
36	0.35000	-0.17141	2.12837	0.62206	0.16261	0.08105	-0.28750	0.43317	0.99999	-0.00501	-0.00143	0.00502	0.99998	0.00283	0.00141	-0.00284	0.99999		-8.44998	60.11846	873.79430	179.67905	2.62751	-2.58911	0.74811	0.99793	0.04543	0.04554	0.04513	-0.99895	0.00767	0.04584	-0.00560	-0.99893		501.60399	4.18888	39.91910	1.05562	-0.37267	0.75699	0.40356	0.99989	0.01309	0.00675	-0.01321	0.99974	0.01834	-0.00650	-0.01842	0.99981	
37	0.36000	-0.16292	2.12463	0.60730	0.17487	0.07659	-0.28558	0.43718	0.99999	-0.00498	-0.00135	0.00498	0.99998	0.00304	0.00134	-0.00305	0.99999		-8.37451	60.30734	873.76847	179.68079	2.59897	-2.57638	0.74781	0.99796	0.04520	0.04505	0.04490	-0.99896	0.00760	0.04534	-0.00557	-0.99896		501.59852	4.18633	39.89427	1.04905	-0.37612	0.75602	0.40499	0.99989	0.01307	0.00680	-0.01319	0.99975	0.01822	-0.00656	-0.01831	0.99981	
38	0.37000	-0.16010	2.12352	0.60548	0.16687	0.07521	-0.28394	0.43409	0.99999	-0.00495	-0.00133	0.00496	0.99998	0.00291	0.00131	-0.00291	0.99999		-8.32618	60.17495	873.80938	179.67946	2.61223	-2.59212	0.75372	0.99794	0.04548	0.04528	0.04518	-0.99895	0.00765	0.04558	-0.00559	-0.99895		501.60036	4.17475	39.87968	1.07346	-0.37390	0.75140	0.40261	0.99989	0.01299	0.00677	-0.01311	0.99974	0.01865	-0.00653	-0.01873	0.99980	
39	0.38000	-0.15998	2.13454	0.62770	0.16762	0.08367	-0.28753	0.43482	0.99999	-0.00501	-0.00147	0.00502	0.99998	0.00292	0.00146	-0.00293	0.99999		-8.44234	60.16036	873.79564	179.68033	2.62990	-2.58005	0.74541	0.99793	0.04527	0.04559	0.04497	-0.99896	0.00764	0.04588	-0.00557	-0.99893		501.59621	4.20216	39.93422	1.06584	-0.38337	0.73788	0.40419	0.99989	0.01275	0.00693	-0.01288	0.99975	0.01851	-0.00669	-0.01860	0.99980	
40	0.39000	-0.16270	2.13567	0.60568	0.17038	0.07847	-0.28918	0.43314	0.99999	-0.00504	-0.00138	0.00505	0.99998	0.00297	0.00137	-0.00297	0.99999		-8.36242	60.22985	873.79523	179.67639	2.60990	-2.59487	0.75633	0.99794	0.04553	0.04523	0.04523	-0.99895	0.00770	0.04554	-0.00564	-0.99895		501.59349	4.19441	39.92885	1.05186	-0.35508	0.76793	0.40187	0.99989	0.01329	0.00644	-0.01340	0.99974	0.01827	-0.00620	-0.01836	0.99981	
41	0.40000	-0.16333	2.13603	0.63272	0.15646	0.08574	-0.29068	0.43554	0.99999	-0.00507	-0.00151	0.00507	0.99998	0.00272	0.00150	-0.00273	0.99999		-8.53726	60.11956	873.72025	179.69960	2.55973	-2.66711	0.75332	0.99792	0.04677	0.04437	0.04649	-0.99889	0.00732	0.04466	-0.00524	-0.99899		501.59798	4.21646	39.95016	1.07935	-0.38298	0.75078	0.40379	0.99989	0.01298	0.00693	-0.01310	0.99974	0.01875	-0.00668	-0.01884	0.99980	
42	0.41000	-0.16178	2.12425	0.60914	0.15942	0.07783	-0.28523	0.43281	0.99999	-0.00497	-0.00137	0.00498	0.99998	0.00277	0.00136	-0.00278	0.99999		-8.38267	60.09498	873.80592	179.67274	2.61771	-2.58312	0.75065	0.99794	0.04533	0.04537	0.04502	-0.99896	0.00776	0.04567	-0.00571	-0.99894		501.59928	4.16927	39.89600	1.05278	-0.37657	0.75470	0.40399	0.99989	0.01305	0.00681	-0.01317	0.99975	0.01829	-0.00657	-0.01837	0.99981	
43	0.42000	-0.16755	2.12489	0.64142	0.15333	0.09026	-0.28605	0.43339	0.99999	-0.00499	-0.00159	0.00499	0.99998	0.00267	0.00158	-0.00268	0.99999		-8.58978	60.00390	873.80001	179.68105	2.64471	-2.57829	0.75673	0.99792	0.04524	0.04584	0.04494	-0.99896	0.00764	0.04614	-0.00556	-0.99892		501.59448	4.17421	39.97673	1.07692	-0.39222	0.75021	0.40286	0.99989	0.01296	0.00709	-0.01309	0.99974	0.01870	-0.00685	-0.01879	0.99980	
44	0.43000	-0.16693	2.14574	0.61238	0.16486	0.07937	-0.29326	0.43236	0.99999	-0.00511	-0.00140	0.00512	0.99998	0.00287	0.00139	-0.00288	0.99999		-8.46785	60.19637	873.79254	179.66780	2.62419	-2.60307	0.75300	0.99792	0.04568	0.04547	0.04537	-0.99894	0.00787	0.04578	-0.00579	-0.99893		501.59696	4.22718	39.90563	1.06441	-0.37565	0.76493	0.40283	0.99989	0.01323	0.00680	-0.01335	0.99974	0.01849	-0.00656	-0.01858	0.99981	
45	0.44000	-0.16311	2.12528	0.62120	0.16329	0.08278	-0.28764	0.43609	0.99999	-0.00502	-0.00146	0.00502	0.99998	0.00284	0.00144	-0.00285	0.99999		-8.53841	60.21107	873.78751	179.67915	2.63814	-2.59537	0.74894	0.99792	0.04554	0.04573	0.04523	-0.99895	0.00768	0.04603	-0.00559	-0.99892		501.59936	4.20239	39.92017	1.06851	-0.39195	0.74832	0.40178	0.99989	0.01293	0.00708	-0.01306	0.99974	0.01856	-0.00684	-0.01865	0.99980	
46	0.45000	-0.16309	2.12440	0.62065	0.15387	0.08227	-0.28533	0.43488	0.99999	-0.00498	-0.00145	0.00498	0.99998	0.00268	0.00144	-0.00269	0.99999		-8.53909	60.07489	873.80756	179.68138	2.64900	-2.58554	0.75368	0.99791	0.04537	0.04592	0.04506	-0.99895	0.00764	0.04622	-0.00555	-0.99892		501.59459	4.16925	39.93100	1.07311	-0.37914	0.75868	0.40520	0.99989	0.01311	0.00686	-0.01324	0.99974	0.01864	-0.00662	-0.01873	0.99980	
47	0.46000	-0.15967	2.12863	0.61660	0.16003	0.08102	-0.28599	0.43445	0.99999	-0.00499	-0.00143	0.00499	0.99998	0.00279	0.00141	-0.00279	0.99999		-8.59214	60.27406	873.73213	179.69186	2.57460	-2.67465	0.75251	0.99790	0.04691	0.04462	0.04662	-0.99888	0.00747	0.04492	-0.00537	-0.99898		501.59192	4.17474	39.92632	1.06462	-0.36761	0.75937	0.40095	0.99989	0.01313	0.00666	-0.01325	0.99974	0.01849	-0.00642	-0.01858	0.99981	
48	0.47000	-0.16161	2.12895	0.62972	0.15762	0.08619	-0.28584	0.43257	0.99999	-0.00498	-0.00152	0.00499	0.99998	0.00274	0.00150	-0.00275	0.99999		-8.65532	60.23918	873.71339	179.68887	2.57557	-2.67197	0.75508	0.99790	0.04686	0.04463	0.04657	-0.99889	0.00752	0.04494	-0.00542	-0.99898		501.60209	4.18871	39.95477	1.08549	-0.38504	0.74655	0.40037	0.99989	0.01290	0.00697	-0.01303	0.99974	0.01886	-0.00672	-0.01894	0.99980	
49	0.48000	-0.16338	2.13239	0.61581	0.15739	0.08210	-0.28823	0.43393	0.99999	-0.00503	-0.00145	0.00503	0.99998	0.00274	0.00143	-0.00275	0.99999		-8.51704	60.12745	873.81191	179.68048	2.64290	-2.58955	0.75326	0.99792	0.04544	0.04581	0.04513	-0.99895	0.00765	0.04611	-0.00557	-0.99892		501.60633	4.20979	39.92583	1.09063	-0.38825	0.74519	0.40513	0.99989	0.01287	0.00702	-0.01301	0.99974	0.01894	-0.00678	-0.01903	0.99980	
50	0.49000	-0.16387	2.12048	0.62518	0.15883	0.08649	-0.28447	0.43197	0.99999	-0.00496	-0.00152	0.00496	0.99998	0.00276	0.00151	-0.00277	0.99999		-8.55095	60.14529	873.79652	179.67796	2.64023	-2.58158	0.75140	0.99792	0.04530	0.04576	0.04499	-0.99896	0.00769	0.04606	-0.00561	-0.99892		501.60214	4.16983	39.95703	1.05146	-0.38900	0.75943	0.40012	0.99989	0.01313	0.00703	-0.01325	0.99975	0.01826	-0.00679	-0.01835	0.99981	
51	0.50000	-0.16164	2.14354	0.59198	0.17783	0.07238	-0.29018	0.43308	0.99999	-0.00506	-0.00128	0.00506	0.99998	0.00310	0.00126	-0.00310	0.99999		-8.31636	60.41297	873.80334	179.66048	2.61829	-2.59778	0.75345	0.99793	0.04559	0.04537	0.04528	-0.99894	0.00799	0.04568	-0.00592	-0.99894		501.60620	4.20721	39.86389	1.04441	-0.37478	0.76629	0.40548	0.99989	0.01325	0.00678	-0.01337	0.99975	0.01814	-0.00654	-0.01823	0.99981	
52	0.51000	-0.16293	2.13464	0.61942	0.16717	0.08364	-0.28918	0.43028	0.99999	-0.00504	-0.00147	0.00505	0.99998	0.00291	0.00146	-0.00292	0.99999		-8.46526	60.23218	873.78541	179.67595	2.62307	-2.59311	0.74483	0.99793	0.04550	0.04546	0.04520	-0.99895	0.00772	0.04577	-0.00565	-0.99894		501.60991	4.21731	39.93805	1.06945	-0.38997	0.74560	0.40209	0.99989	0.01288	0.00705	-0.01301	0.99974	0.01857	-0.00681	-0.01866	0.99980	
53	0.52000	-0.15910	2.12867	0.58850	0.17055	0.07142	-0.28587	0.43565	0.99999	-0.00499	-0.00126	0.00499	0.99998	0.00297	0.00125	-0.00298	0.99999		-8.26672	60.27780	873.81144	179.66870	2.60875	-2.58956	0.75286	0.99794	0.04544	0.04521	0.04513	-0.99895	0.00783	0.04552	-0.00578	-0.99895		501.61001	4.19044	39.87311	1.06070	-0.36149	0.76095	0.40092	0.99989	0.01316	0.00655	-0.01328	0.99974	0.01843	-0.00631	-0.01851	0.99981	
54	0.53000	-0.15916	2.13822	0.64038	0.16268	0.09077	-0.29110	0.43405	0.99999	-0.00508	-0.00160	0.00508	0.99998	0.00283	0.00158	-0.00284	0.99999		-8.56330	60.13731	873.77045	179.68338	2.62905	-2.60005	0.75074	0.99792	0.04562	0.04557	0.04532	-0.99894	0.00760	0.04587	-0.00552	-0.99893		501.59355	4.21826	39.97473	1.05636	-0.38945	0.76415	0.40402	0.99989	0.01321	0.00704	-0.01334	0.99974	0.01834	-0.00680	-0.01844	0.99981	
55	0.54000	-0.15747	2.13524	0.62083	0.15993	0.08389	-0.28749	0.43395	0.99999	-0.00501	-0.00148	0.00502	0.99998	0.00278	0.00146	-0.00279	0.99999		-8.47297	60.08867	873.79593	179.69263	2.62836	-2.58790	0.74950	0.99793	0.04540	0.04557	0.04510	-0.99895	0.00743	0.04586	-0.00536	-0.99893		501.59447	4.18352	39.94738	1.06596	-0.36755	0.76994	0.40716	0.99989	0.01332	0.00666	-0.01344	0.99974	0.01852	-0.00641	-0.01860	0.99981	
56	0.55000	-0.16045	2.14537	0.61256	0.17648	0.08120	-0.29108	0.43393	0.99999	-0.00508	-0.00143	0.00508	0.99998	0.00307	0.00142	-0.00308	0.99999		-8.44756	60.30693	873.79853	179.67426	2.63348	-2.59517	0.74859	0.99792	0.04554	0.04564	0.04523	-0.99895	0.00776	0.04595	-0.00568	-0.99893		501.60360	4.21857	39.92759	1.05728	-0.37292	0.76411	0.40187	0.99989	0.01321	0.00675	-0.01334	0.99974	0.01836	-0.00651	-0.01845	0.99981	
57	0.56000	-0.15606	2.13193	0.59901	0.17135	0.07710	-0.28552	0.43752	0.99999	-0.00498	-0.00136	0.00498	0.99998	0.00298	0.00135	-0.00299	0.99999		-8.40663	60.24459	873.81370	179.67299	2.62641	-2.58908	0.74793	0.99793	0.04543	0.04552	0.04513	-0.99895	0.00777	0.04582	-0.00570	-0.99893		501.59680	4.18771	39.89789	1.05982	-0.37259	0.74716	0.40538	0.99989	0.01292	0.00674	-0.01304	0.99975	0.01841	-0.00650	-0.01850	0.99981	
58	0.57000	-0.16348	2.13631	0.60174	0.17184	0.07785	-0.28897	0.43427	0.99999	-0.00504	-0.00137	0.00504	0.99998	0.00299	0.00136	-0.00300	0.99999		-8.43014	60.24406	873.81267	179.68129	2.63420	-2.59823	0.75693	0.99792	0.04559	0.04566	0.04528	-0.99894	0.00764	0.04596	-0.00556	-0.99893		501.60235	4.20618	39.90386	1.06475	-0.37930	0.75921	0.40459	0.99989	0.01313	0.00686	-0.01325	0.99974	0.01849	-0.00662	-0.01858	0.99981	
59	0.58000	-0.16464	2.13386	0.60763	0.16185	0.07911	-0.28736	0.43091	0.99999	-0.00501	-0.00139	0.00502	0.99998	0.00282	0.00138	-0.00282	0.99999		-8.47193	60.09959	873.81585	179.68539	2.63388	-2.59151	0.75102	0.99792	0.04547	0.04566	0.04517	-0.99895	0.00756	0.04595	-0.00549	-0.99893		501.60189	4.19857	39.90733	1.07942	-0.37823	0.74706	0.40246	0.99989	0.01291	0.00685	-0.01304	0.99974	0.01875	-0.00660	-0.01884	0.99980	
60	0.59000	-0.16566	2.13622	0.62193	0.16950	0.08474	-0.28944	0.43270	0.99999	-0.00505	-0.00149	0.00505	0.99998	0.00295	0.00148	-0.00296	0.99999		-8.56501	60.22120	873.79306	179.67357	2.64830	-2.59193	0.74896	0.99791	0.04548	0.04590	0.04517	-0.99895	0.00778	0.04621	-0.00569	-0.99892		501.59815	4.22187	39.94361	1.06404	-0.37903	0.74034	0.40495	0.99989	0.01280	0.00685	-0.01292	0.99975	0.01848	-0.00662	-0.01857	0.99981	
61	0.60000	-0.16305	2.14344	0.60288	0.16637	0.07638	-0.29120	0.43478	0.99999	-0.00508	-0.00135	0.00508	0.99998	0.00290	0.00133	-0.00290	0.99999		-8.44255	60.18041	873.82636	179.67937	2.64468	-2.59375	0.75368	0.99791	0.04551	0.04584	0.04521	-0.99895	0.00768	0.04614	-0.00559	-0.99892		501.60642	4.21872	39.88181	1.06448	-0.38277	0.75287	0.40134	0.99989	0.01301	0.00692	-0.01314	0.99974	0.01849	-0.00668	-0.01858	0.99981	
62	0.61000	-0.16002	2.13870	0.60879	0.17419	0.08027	-0.28933	0.43601	0.99999	-0.00505	-0.00142	0.00505	0.99998	0.00303	0.00140	-0.00304	0.99999		-8.50792	60.32554	873.79462	179.66272	2.63273	-2.59339	0.75253	0.99792	0.04552	0.04562	0.04520	-0.99895	0.00796	0.04593	-0.00588	-0.99893		501.60020	4.20866	39.91081	1.05219	-0.37917	0.75628	0.40501	0.99989	0.01308	0.00686	-0.01320	0.99975	0.01827	-0.00662	-0.01836	0.99981	
63	0.62000	-0.16179	2.13906	0.60369	0.17231	0.07846	-0.28715	0.43420	0.99999	-0.00501	-0.00138	0.00501	0.99998	0.00300	0.00137	-0.00301	0.99999		-8.46346	60.33256	873.79013	179.67441	2.62649	-2.59395	0.74681	0.99793	0.04552	0.04552	0.04521	-0.99895	0.00775	0.04582	-0.00568	-0.99893		501.59790	4.19271	39.91153	1.05169	-0.36357	0.74511	0.40419	0.99990	0.01289	0.00658	-0.01300	0.99975	0.01827	-0.00635	-0.01835	0.99981	
64	0.63000	-0.15957	2.13764	0.59528	0.17709	0.07644	-0.28636	0.43007	0.99999	-0.00499	-0.00135	0.00500	0.99998	0.00308	0.00133	-0.00309	0.99999		-8.40849	60.39098	873.80750	179.65675	2.63115	-2.57900	0.75287	0.99793	0.04527	0.04559	0.04495	-0.99896	0.00805	0.04591	-0.00598	-0.99893		501.60020	4.17427	39.89934	1.04045	-0.37130	0.76551	0.40474	0.99989	0.01324	0.00672	-0.01336	0.99975	0.01807	-0.00648	-0.01816	0.99981	
65	0.64000	-0.15606	2.13604	0.60289	0.17442	0.08013	-0.28693	0.43425	0.99999	-0.00500	-0.00141	0.00501	0.99998	0.00304	0.00140	-0.00304	0.99999		-8.50193	60.47705	873.73083	179.67995	2.56212	-2.66564	0.75074	0.99792	0.04676	0.04439	0.04646	-0.99889	0.00766	0.04470	-0.00558	-0.99898		501.59817	4.20388	39.91862	1.06568	-0.37796	0.73944	0.40292	0.99989	0.01278	0.00684	-0.01291	0.99975	0.01851	-0.00660	-0.01860	0.99981	
66	0.65000	-0.15738	2.12186	0.60284	0.15906	0.07752	-0.28239	0.43231	0.99999	-0.00492	-0.00137	0.00493	0.99998	0.00277	0.00135	-0.00278	0.99999		-8.37055	60.17388	873.80897	179.68124	2.62752	-2.58415	0.75537	0.99793	0.04534	0.04554	0.04504	-0.99896	0.00762	0.04584	-0.00556	-0.99893		501.59874	4.16432	39.90618	1.07742	-0.37113	0.74069	0.40357	0.99990	0.01280	0.00672	-0.01293	0.99974	0.01872	-0.00648	-0.01880	0.99980	
67	0.66000	-0.16237	2.12780	0.60781	0.17148	0.08142	-0.28248	0.43213	0.99999	-0.00493	-0.00144	0.00493	0.99998	0.00299	0.00142	-0.00299	0.99999		-8.42041	60.35494	873.78516	179.66742	2.62881	-2.59076	0.75097	0.99793	0.04547	0.04556	0.04515	-0.99895	0.00787	0.04587	-0.00580	-0.99893		501.59815	4.16610	39.92644	1.06649	-0.37812	0.74238	0.40627	0.99989	0.01283	0.00684	-0.01296	0.99974	0.01853	-0.00660	-0.01861	0.99980	
68	0.67000	-0.16139	2.13941	0.60578	0.16156	0.07923	-0.28911	0.43242	0.99999	-0.00504	-0.00140	0.00505	0.99998	0.00281	0.00138	-0.00282	0.99999		-8.39773	60.18828	873.80039	179.67073	2.61985	-2.60149	0.74850	0.99793	0.04565	0.04540	0.04534	-0.99894	0.00782	0.04571	-0.00574	-0.99894		501.59711	4.19127	39.91032	1.05982	-0.36945	0.76447	0.40308	0.99989	0.01322	0.00669	-0.01334	0.99974	0.01841	-0.00645	-0.01850	0.99981	
69	0.68000	-0.16293	2.13962	0.61126	0.16667	0.08280	-0.28781	0.43079	0.99999	-0.00502	-0.00146	0.00502	0.99998	0.00290	0.00145	-0.00291	0.99999		-8.46233	60.24481	873.78551	179.66856	2.62359	-2.58661	0.75146	0.99793	0.04539	0.04547	0.04508	-0.99895	0.00784	0.04577	-0.00578	-0.99894		501.60050	4.18969	39.92549	1.05965	-0.38755	0.76421	0.40541	0.99989	0.01321	0.00701	-0.01334	0.99974	0.01840	-0.00676	-0.01849	0.99981	
70	0.69000	-0.15960	2.12916	0.60338	0.16257	0.07822	-0.28463	0.43211	0.99999	-0.00496	-0.00138	0.00497	0.99998	0.00283	0.00137	-0.00284	0.99999		-8.41071	60.19329	873.80407	179.67484	2.62303	-2.60056	0.75576	0.99792	0.04563	0.04546	0.04533	-0.99894	0.00775	0.04576	-0.00567	-0.99894		501.61094	4.17710	39.90261	1.06988	-0.37736	0.75318	0.40253	0.99989	0.01302	0.00683	-0.01314	0.99974	0.01858	-0.00659	-0.01867	0.99980	
71	0.70000	-0.15733	2.12912	0.60610	0.16754	0.07795	-0.28546	0.43032	0.99999	-0.00498	-0.00137	0.00498	0.99998	0.00292	0.00136	-0.00292	0.99999		-8.44117	60.25120	873.78675	179.68350	2.62133	-2.58474	0.74394	0.99794	0.04535	0.04544	0.04505	-0.99896	0.00758	0.04573	-0.00552	-0.99894		501.61030	4.18819	39.88830	1.07319	-0.39411	0.74891	0.40592	0.99989	0.01294	0.00712	-0.01307	0.99974	0.01864	-0.00688	-0.01873	0.99980	
72	0.71000	-0.15257	2.14179	0.58897	0.17251	0.07200	-0.28971	0.43331	0.99999	-0.00505	-0.00127	0.00506	0.99998	0.00300	0.00126	-0.00301	0.99999		-8.36732	60.29129	873.80864	179.66893	2.62196	-2.59627	0.75079	0.99793	0.04556	0.04544	0.04525	-0.99894	0.00784	0.04575	-0.00577	-0.99894		501.59839	4.20230	39.87059	1.04547	-0.36567	0.76791	0.40340	0.99989	0.01328	0.00663	-0.01340	0.99975	0.01816	-0.00638	-0.01825	0.99981	
73	0.72000	-0.16402	2.13072	0.61157	0.16325	0.08050	-0.28810	0.43183	0.99999	-0.00502	-0.00142	0.00503	0.99998	0.00284	0.00140	-0.00285	0.99999		-8.49292	60.13624	873.81038	179.67764	2.63863	-2.59480	0.74952	0.99792	0.04553	0.04573	0.04522	-0.99895	0.00770	0.04604	-0.00562	-0.99892		501.59808	4.20535	39.91774	1.07245	-0.37294	0.75327	0.40548	0.99989	0.01302	0.00675	-0.01315	0.99974	0.01863	-0.00651	-0.01872	0.99980	
74	0.73000	-0.16373	2.13012	0.61660	0.16579	0.08473	-0.28761	0.43410	0.99999	-0.00502	-0.00149	0.00502	0.99998	0.00289	0.00148	-0.00289	0.99999		-8.57060	60.16050	873.80110	179.67982	2.63787	-2.58412	0.74782	0.99792	0.04534	0.04572	0.04504	-0.99896	0.00766	0.04602	-0.00558	-0.99892		501.59437	4.21049	39.95014	1.08179	-0.38213	0.75231	0.40678	0.99989	0.01300	0.00692	-0.01313	0.99974	0.01879	-0.00667	-0.01888	0.99980	
75	0.74000	-0.16038	2.12247	0.59502	0.16916	0.07450	-0.28216	0.43095	0.99999	-0.00492	-0.00131	0.00492	0.99998	0.00295	0.00130	-0.00295	0.99999		-8.40064	60.21894	873.81455	179.67412	2.63073	-2.58732	0.75015	0.99793	0.04540	0.04559	0.04509	-0.99895	0.00775	0.04590	-0.00568	-0.99893		501.59440	4.16139	39.88063	1.05098	-0.36416	0.74736	0.40378	0.99989	0.01292	0.00659	-0.01304	0.99975	0.01826	-0.00636	-0.01834	0.99981	
76	0.75000	-0.16132	2.12828	0.59423	0.17037	0.07362	-0.28438	0.43274	0.99999	-0.00496	-0.00130	0.00496	0.99998	0.00297	0.00128	-0.00297	0.99999		-8.37342	60.24524	873.82750	179.67615	2.63443	-2.59578	0.75166	0.99792	0.04555	0.04566	0.04524	-0.99895	0.00773	0.04596	-0.00565	-0.99893		501.61159	4.17858	39.86108	1.05581	-0.38816	0.74296	0.40013	0.99989	0.01284	0.00701	-0.01297	0.99975	0.01834	-0.00677	-0.01843	0.99981	
77	0.76000	-0.16338	2.12719	0.60622	0.17465	0.07949	-0.28434	0.43185	0.99999	-0.00496	-0.00140	0.00496	0.99998	0.00304	0.00139	-0.00305	0.99999		-8.45273	60.29913	873.80587	179.67574	2.63591	-2.57922	0.75443	0.99793	0.04526	0.04569	0.04495	-0.99896	0.00772	0.04599	-0.00565	-0.99893		501.60624	4.19004	39.90545	1.05930	-0.38303	0.74566	0.40614	0.99989	0.01289	0.00692	-0.01301	0.99975	0.01840	-0.00669	-0.01849	0.99981	
78	0.77000	-0.15511	2.11047	0.60218	0.17268	0.07950	-0.27731	0.43442	0.99999	-0.00484	-0.00140	0.00484	0.99998	0.00301	0.00139	-0.00301	0.99999		-8.44725	60.32694	873.77944	179.67960	2.61682	-2.59018	0.74717	0.99794	0.04545	0.04536	0.04514	-0.99895	0.00765	0.04566	-0.00559	-0.99894		501.59674	4.14571	39.91739	1.07708	-0.37511	0.74043	0.40091	0.99990	0.01280	0.00679	-0.01292	0.99974	0.01871	-0.00655	-0.01880	0.99980	
79	0.78000	-0.15433	2.12110	0.60243	0.16716	0.07760	-0.28093	0.43276	0.99999	-0.00490	-0.00137	0.00490	0.99998	0.00291	0.00135	-0.00292	0.99999		-8.38890	60.21918	873.81018	179.67941	2.62861	-2.57844	0.75407	0.99794	0.04524	0.04556	0.04494	-0.99896	0.00765	0.04586	-0.00559	-0.99893		501.60627	4.15143	39.90330	1.06837	-0.37411	0.75685	0.40671	0.99989	0.01309	0.00677	-0.01321	0.99974	0.01856	-0.00653	-0.01865	0.99980	
80	0.79000	-0.15859	2.14223	0.60226	0.16918	0.07800	-0.28923	0.43116	0.99999	-0.00504	-0.00138	0.00505	0.99998	0.00295	0.00136	-0.00295	0.99999		-8.39206	60.24130	873.79482	179.67618	2.62252	-2.59064	0.75833	0.99793	0.04546	0.04545	0.04515	-0.99895	0.00771	0.04576	-0.00565	-0.99894		501.59855	4.19439	39.90804	1.04548	-0.36857	0.77029	0.40281	0.99989	0.01332	0.00668	-0.01344	0.99974	0.01816	-0.00643	-0.01825	0.99981	
81	0.80000	-0.15537	2.13516	0.62108	0.16483	0.08655	-0.28714	0.43581	0.99999	-0.00501	-0.00152	0.00501	0.99998	0.00287	0.00151	-0.00288	0.99999		-8.56893	60.30255	873.71655	179.69043	2.56610	-2.66567	0.75170	0.99792	0.04675	0.04447	0.04646	-0.99889	0.00748	0.04477	-0.00540	-0.99898		501.59981	4.17313	39.95481	1.04505	-0.38678	0.77259	0.40194	0.99989	0.01336	0.00699	-0.01348	0.99974	0.01815	-0.00675	-0.01824	0.99981	
82	0.81000	-0.15836	2.12334	0.59468	0.16795	0.07600	-0.28455	0.43063	0.99999	-0.00496	-0.00134	0.00497	0.99998	0.00292	0.00133	-0.00293	0.99999		-8.36350	60.27176	873.79969	179.67444	2.61151	-2.58598	0.74799	0.99794	0.04538	0.04526	0.04507	-0.99895	0.00773	0.04556	-0.00568	-0.99895		501.60690	4.20930	39.89459	1.09134	-0.37104	0.73684	0.40096	0.99990	0.01273	0.00672	-0.01286	0.99974	0.01896	-0.00648	-0.01905	0.99980	
83	0.82000	-0.15962	2.12471	0.58471	0.16141	0.07128	-0.28489	0.43210	0.99999	-0.00497	-0.00126	0.00497	0.99998	0.00281	0.00124	-0.00282	0.99999		-8.29145	60.18539	873.81667	179.68025	2.61068	-2.58643	0.75731	0.99794	0.04538	0.04525	0.04508	-0.99895	0.00763	0.04555	-0.00557	-0.99895		501.60467	4.18444	39.86474	1.07982	-0.36635	0.74859	0.40594	0.99989	0.01294	0.00664	-0.01306	0.99974	0.01876	-0.00639	-0.01884	0.99980	
84	0.83000	-0.16062	2.13744	0.59884	0.17618	0.07793	-0.28978	0.43121	0.99999	-0.00505	-0.00138	0.00506	0.99998	0.00307	0.00136	-0.00307	0.99999		-8.41839	60.39391	873.78939	179.65756	2.62256	-2.58108	0.75174	0.99794	0.04531	0.04544	0.04499	-0.99896	0.00803	0.04576	-0.00597	-0.99893		501.60409	4.23607	39.90260	1.07012	-0.38266	0.73691	0.40429	0.99990	0.01273	0.00692	-0.01286	0.99974	0.01859	-0.00668	-0.01868	0.99980	
85	0.84000	-0.16115	2.13966	0.59538	0.16982	0.07679	-0.28947	0.43320	0.99999	-0.00505	-0.00135	0.00505	0.99998	0.00296	0.00134	-0.00296	0.99999		-8.41902	60.30970	873.80759	179.66205	2.62858	-2.59815	0.75602	0.99792	0.04560	0.04555	0.04528	-0.99894	0.00797	0.04586	-0.00589	-0.99893		501.60829	4.22919	39.89555	1.07685	-0.37630	0.73381	0.40517	0.99990	0.01268	0.00681	-0.01281	0.99974	0.01871	-0.00657	-0.01879	0.99980	
86	0.85000	-0.16291	2.13011	0.59791	0.17173	0.07573	-0.28445	0.43000	0.99999	-0.00496	-0.00134	0.00496	0.99998	0.00299	0.00132	-0.00300	0.99999		-8.41115	60.34583	873.80502	179.66356	2.63271	-2.58787	0.75223	0.99793	0.04542	0.04562	0.04510	-0.99895	0.00794	0.04593	-0.00587	-0.99893		501.60258	4.18663	39.88610	1.07073	-0.37615	0.74195	0.40639	0.99989	0.01282	0.00681	-0.01295	0.99974	0.01860	-0.00657	-0.01869	0.99980	
87	0.86000	-0.16099	2.13318	0.60877	0.15161	0.08160	-0.28776	0.43324	0.99999	-0.00502	-0.00144	0.00502	0.99998	0.00264	0.00142	-0.00265	1.00000		-8.52100	60.03866	873.83165	179.69572	2.65004	-2.60292	0.75311	0.99790	0.04566	0.04595	0.04537	-0.99894	0.00740	0.04624	-0.00530	-0.99892		501.59228	4.18099	39.94127	1.09149	-0.36693	0.75837	0.40537	0.99989	0.01311	0.00665	-0.01324	0.99973	0.01896	-0.00640	-0.01905	0.99980	
88	0.87000	-0.16610	2.11849	0.61053	0.16714	0.08063	-0.28240	0.43135	0.99999	-0.00492	-0.00142	0.00493	0.99998	0.00291	0.00141	-0.00292	0.99999		-8.50539	60.27545	873.79428	179.66858	2.63520	-2.59769	0.75174	0.99792	0.04559	0.04567	0.04527	-0.99894	0.00786	0.04598	-0.00578	-0.99893		501.60543	4.16346	39.90673	1.06594	-0.38946	0.73543	0.40659	0.99989	0.01271	0.00703	-0.01283	0.99975	0.01851	-0.00680	-0.01860	0.99980	
89	0.88000	-0.16208	2.13988	0.59161	0.17617	0.07391	-0.28702	0.43252	0.99999	-0.00501	-0.00130	0.00501	0.99998	0.00307	0.00129	-0.00307	0.99999		-8.39969	60.37120	873.80699	179.66864	2.63619	-2.59460	0.75932	0.99792	0.04553	0.04568	0.04522	-0.99895	0.00786	0.04599	-0.00578	-0.99893		501.59921	4.18865	39.87417	1.06450	-0.37455	0.74760	0.40477	0.99989	0.01292	0.00678	-0.01305	0.99974	0.01849	-0.00654	-0.01858	0.99981	
90	0.89000	-0.15965	2.12355	0.58913	0.17365	0.07217	-0.28295	0.43137	0.99999	-0.00493	-0.00127	0.00494	0.99998	0.00302	0.00126	-0.00303	0.99999		-8.35967	60.32892	873.82861	179.66594	2.63504	-2.57977	0.75291	0.99793	0.04528	0.04566	0.04496	-0.99896	0.00789	0.04597	-0.00582	-0.99893		501.59313	4.15814	39.86630	1.06344	-0.36777	0.75387	0.40478	0.99989	0.01304	0.00666	-0.01316	0.99974	0.01847	-0.00642	-0.01856	0.99981	
91	0.90000	-0.16171	2.12233	0.60218	0.17156	0.07868	-0.28404	0.43044	0.99999	-0.00495	-0.00139	0.00496	0.99998	0.00299	0.00137	-0.00299	0.99999		-8.45067	60.31770	873.80269	179.68382	2.63318	-2.59821	0.74130	0.99792	0.04558	0.04564	0.04528	-0.99895	0.00760	0.04594	-0.00551	-0.99893		501.59134	4.18134	39.90792	1.07342	-0.37419	0.74058	0.40802	0.99990	0.01280	0.00677	-0.01292	0.99974	0.01865	-0.00653	-0.01873	0.99980	
92	0.91000	-0.16505	2.13219	0.60453	0.16447	0.07960	-0.28781	0.43076	0.99999	-0.00502	-0.00140	0.00502	0.99998	0.00286	0.00139	-0.00287	0.99999		-8.50122	60.27508	873.72045	179.69315	2.55593	-2.67480	0.74457	0.99792	0.04690	0.04430	0.04662	-0.99889	0.00743	0.04459	-0.00535	-0.99899		501.60048	4.20002	39.91560	1.08003	-0.37785	0.74024	0.40257	0.99989	0.01279	0.00684	-0.01292	0.99974	0.01876	-0.00659	-0.01885	0.99980	
93	0.92000	-0.16430	2.12776	0.60012	0.16499	0.07696	-0.28686	0.43144	0.99999	-0.00500	-0.00136	0.00501	0.99998	0.00287	0.00134	-0.00288	0.99999		-8.39231	60.18530	873.78911	179.68828	2.61010	-2.59286	0.74796	0.99794	0.04549	0.04525	0.04519	-0.99895	0.00750	0.04554	-0.00543	-0.99895		501.60314	4.20131	39.88775	1.07504	-0.38576	0.73229	0.40897	0.99990	0.01265	0.00697	-0.01278	0.99974	0.01867	-0.00673	-0.01876	0.99980	
94	0.93000	-0.16015	2.12952	0.61102	0.15605	0.08136	-0.28766	0.43212	0.99999	-0.00502	-0.00143	0.00502	0.99998	0.00272	0.00142	-0.00272	0.99999		-8.43578	60.02381	873.81645	179.68756	2.63181	-2.59174	0.74993	0.99792	0.04547	0.04562	0.04517	-0.99895	0.00752	0.04592	-0.00545	-0.99893		501.59340	4.18933	39.91739	1.08126	-0.37865	0.74920	0.39998	0.99989	0.01295	0.00685	-0.01308	0.99974	0.01878	-0.00661	-0.01887	0.99980	
95	0.94000	-0.15900	2.11916	0.60129	0.17000	0.07781	-0.28071	0.43709	0.99999	-0.00489	-0.00137	0.00490	0.99998	0.00296	0.00136	-0.00297	0.99999		-8.37350	60.25936	873.81495	179.68091	2.62755	-2.59322	0.76131	0.99793	0.04550	0.04554	0.04520	-0.99895	0.00764	0.04584	-0.00556	-0.99893		501.59591	4.16952	39.88531	1.08307	-0.37751	0.71860	0.40337	0.99990	0.01241	0.00682	-0.01254	0.99974	0.01882	-0.00659	-0.01890	0.99980	
