1	0.00000	0.05088	2.03251	0.49659	-0.04572	-0.15486	-0.24655	0.53644	0.99999	-0.00430	0.00271	0.00430	0.99999	-0.00079	-0.00270	0.00080	1.00000		-4.93456	56.84676	874.33312	179.89897	2.35339	-2.28110	0.59565	0.99836	0.03987	0.04096	0.03977	-0.99920	0.00340	0.04106	-0.00176	-0.99915		501.62651	3.65784	37.87505	1.25371	-0.39413	0.50896	0.36976	0.99994	0.00873	0.00707	-0.00888	0.99972	0.02182	-0.00688	-0.02188	0.99974	
2	0.01000	0.04802	2.03923	0.50056	-0.03807	-0.15216	-0.24777	0.53251	0.99999	-0.00432	0.00266	0.00432	0.99999	-0.00065	-0.00266	0.00066	1.00000		-5.00123	56.94679	874.32115	179.90347	2.35473	-2.28353	0.59509	0.99836	0.03991	0.04099	0.03981	-0.99920	0.00332	0.04109	-0.00168	-0.99915		501.63041	3.65732	37.88805	1.24841	-0.40869	0.52468	0.36740	0.99993	0.00900	0.00733	-0.00916	0.99972	0.02172	-0.00713	-0.02179	0.99974	
3	0.02000	0.05095	2.03145	0.49212	-0.03462	-0.15764	-0.24367	0.53398	0.99999	-0.00425	0.00275	0.00425	0.99999	-0.00059	-0.00275	0.00060	1.00000		-4.90948	56.95506	874.37769	179.87987	2.39428	-2.27581	0.59590	0.99834	0.03980	0.04166	0.03968	-0.99921	0.00375	0.04178	-0.00209	-0.99912		501.63612	3.64642	37.84003	1.23739	-0.40888	0.49712	0.37032	0.99994	0.00852	0.00732	-0.00868	0.99973	0.02153	-0.00714	-0.02159	0.99974	
4	0.03000	-0.00816	2.12126	0.70914	0.04394	-0.02298	-0.27114	0.55705	0.99999	-0.00473	0.00040	0.00473	0.99999	0.00077	-0.00040	-0.00077	1.00000		-6.82755	58.23749	874.05372	179.84160	2.56860	-2.54532	0.69714	0.99801	0.04453	0.04465	0.04437	-0.99900	0.00475	0.04482	-0.00276	-0.99899		501.55442	3.96071	38.91712	1.23992	-0.27728	0.49733	0.36801	0.99995	0.00857	0.00503	-0.00868	0.99973	0.02160	-0.00484	-0.02164	0.99975	
5	0.04000	-0.00868	2.13605	0.68163	0.06489	-0.03887	-0.27501	0.56317	0.99999	-0.00480	0.00067	0.00480	0.99999	0.00114	-0.00068	-0.00113	1.00000		-6.62399	58.54162	874.05911	179.83997	2.55905	-2.53761	0.70577	0.99802	0.04440	0.04448	0.04423	-0.99901	0.00477	0.04465	-0.00279	-0.99900		501.54957	4.01166	38.81979	1.23628	-0.24483	0.49423	0.36753	0.99995	0.00853	0.00446	-0.00863	0.99973	0.02154	-0.00427	-0.02158	0.99976	
6	0.05000	0.22964	2.67600	0.06259	0.75791	-0.95479	-0.46903	0.64855	0.99983	-0.00841	0.01655	0.00818	0.99988	0.01336	-0.01666	-0.01323	0.99977		6.50224	68.55888	874.07893	179.18355	1.60267	-2.60875	0.63137	0.99857	0.04591	0.02729	0.04550	-0.99884	0.01551	0.02797	-0.01424	-0.99951		501.83971	5.46046	31.89300	0.24782	0.71735	0.94908	0.37511	0.99978	0.01662	-0.01245	-0.01656	0.99985	0.00453	0.01252	-0.00432	0.99991	
7	0.06000	-0.10100	2.19887	0.58668	0.27654	-0.02127	-0.30096	0.49182	0.99999	-0.00525	0.00035	0.00525	0.99997	0.00483	-0.00037	-0.00483	0.99999		-6.99592	61.77670	873.77806	179.56807	2.52881	-2.60007	0.73225	0.99800	0.04570	0.04373	0.04532	-0.99893	0.00953	0.04412	-0.00753	-0.99900		501.51005	4.12748	39.19627	0.88086	-0.33894	0.76455	0.45283	0.99989	0.01325	0.00612	-0.01334	0.99979	0.01529	-0.00592	-0.01537	0.99986	
8	0.07000	-0.09903	2.20269	0.53345	0.28175	-0.02841	-0.29974	0.48903	0.99999	-0.00523	0.00047	0.00523	0.99997	0.00492	-0.00050	-0.00492	0.99999		-6.89749	61.86031	873.81463	179.54950	2.52336	-2.58975	0.74004	0.99801	0.04553	0.04363	0.04514	-0.99893	0.00984	0.04403	-0.00785	-0.99900		501.47438	4.22494	39.13559	0.94268	-0.26285	0.61406	0.39832	0.99993	0.01064	0.00476	-0.01072	0.99981	0.01640	-0.00459	-0.01645	0.99985	
9	0.08000	-0.09476	2.19622	0.52843	0.29473	-0.01887	-0.29443	0.48306	0.99999	-0.00514	0.00030	0.00514	0.99997	0.00514	-0.00033	-0.00514	0.99999		-7.02607	62.08506	873.81680	179.53268	2.54420	-2.58174	0.74221	0.99800	0.04540	0.04398	0.04500	-0.99894	0.01015	0.04439	-0.00815	-0.99898		501.46043	4.17309	39.20849	0.91085	-0.27174	0.61482	0.39565	0.99993	0.01065	0.00491	-0.01073	0.99982	0.01584	-0.00474	-0.01590	0.99986	
10	0.09000	-0.09411	2.20225	0.51115	0.28310	-0.01858	-0.29752	0.48061	0.99999	-0.00519	0.00030	0.00519	0.99997	0.00494	-0.00032	-0.00494	0.99999		-7.00418	61.93895	873.83694	179.54825	2.53842	-2.59364	0.74864	0.99800	0.04560	0.04389	0.04521	-0.99893	0.00988	0.04429	-0.00788	-0.99899		501.46226	4.20224	39.20722	0.93892	-0.28580	0.60542	0.40195	0.99993	0.01048	0.00516	-0.01057	0.99981	0.01633	-0.00499	-0.01639	0.99985	
11	0.10000	-0.09214	2.21394	0.50160	0.28161	-0.01994	-0.30045	0.47616	0.99999	-0.00525	0.00032	0.00524	0.99997	0.00492	-0.00035	-0.00491	0.99999		-6.96394	61.92468	873.82994	179.54417	2.52194	-2.59716	0.74507	0.99801	0.04566	0.04359	0.04527	-0.99893	0.00994	0.04400	-0.00795	-0.99900		501.46197	4.21508	39.19891	0.94601	-0.28562	0.60553	0.39337	0.99993	0.01048	0.00516	-0.01057	0.99981	0.01646	-0.00498	-0.01651	0.99985	
12	0.11000	-0.09713	2.19339	0.49299	0.28162	-0.01557	-0.29223	0.47397	0.99999	-0.00510	0.00025	0.00510	0.99998	0.00492	-0.00027	-0.00492	0.99999		-6.98157	61.97563	873.83285	179.54919	2.52635	-2.59838	0.74554	0.99800	0.04568	0.04368	0.04529	-0.99893	0.00986	0.04408	-0.00786	-0.99900		501.45943	4.16526	39.23604	0.95762	-0.29367	0.59987	0.39587	0.99993	0.01038	0.00530	-0.01047	0.99981	0.01666	-0.00513	-0.01671	0.99985	
13	0.12000	-0.09826	2.21157	0.47508	0.29249	-0.02177	-0.29736	0.47762	0.99999	-0.00519	0.00035	0.00519	0.99997	0.00511	-0.00038	-0.00510	0.99999		-6.86522	62.10847	873.83997	179.52678	2.51698	-2.59570	0.74396	0.99801	0.04565	0.04349	0.04524	-0.99892	0.01024	0.04392	-0.00825	-0.99900		501.45358	4.20689	39.21429	0.95492	-0.26816	0.58629	0.40105	0.99994	0.01015	0.00485	-0.01023	0.99981	0.01662	-0.00468	-0.01667	0.99985	
14	0.13000	-0.09749	2.20109	0.45699	0.28492	-0.02645	-0.29488	0.47593	0.99999	-0.00515	0.00044	0.00515	0.99997	0.00497	-0.00046	-0.00497	0.99999		-6.76889	62.01194	873.86809	179.53993	2.51712	-2.59164	0.75103	0.99801	0.04557	0.04351	0.04517	-0.99893	0.01001	0.04392	-0.00802	-0.99900		501.45815	4.18932	39.17196	0.96344	-0.27801	0.58277	0.40043	0.99994	0.01009	0.00502	-0.01017	0.99981	0.01676	-0.00485	-0.01681	0.99985	
15	0.14000	-0.09892	2.19992	0.45262	0.29351	-0.02719	-0.29256	0.47208	0.99999	-0.00511	0.00045	0.00511	0.99997	0.00512	-0.00047	-0.00512	0.99999		-6.76202	62.13627	873.86098	179.54109	2.51169	-2.59289	0.74846	0.99802	0.04559	0.04341	0.04520	-0.99893	0.00998	0.04382	-0.00800	-0.99901		501.45916	4.16997	39.17232	0.93178	-0.27692	0.58334	0.39965	0.99994	0.01010	0.00500	-0.01018	0.99982	0.01621	-0.00483	-0.01626	0.99986	
16	0.15000	-0.10517	2.21617	0.45896	0.29378	-0.02055	-0.29847	0.47223	0.99999	-0.00521	0.00033	0.00521	0.99997	0.00513	-0.00036	-0.00513	0.99999		-6.88355	62.10441	873.85084	179.54320	2.51726	-2.60304	0.74643	0.99800	0.04576	0.04351	0.04537	-0.99892	0.00996	0.04392	-0.00796	-0.99900		501.46392	4.20225	39.21325	0.93003	-0.28275	0.59984	0.39692	0.99993	0.01039	0.00510	-0.01047	0.99981	0.01618	-0.00493	-0.01623	0.99986	
17	0.16000	-0.09853	2.19000	0.45536	0.29029	-0.02118	-0.28941	0.47108	0.99999	-0.00505	0.00034	0.00505	0.99997	0.00507	-0.00037	-0.00507	0.99999		-6.89510	62.04942	873.87012	179.54323	2.52881	-2.59147	0.75142	0.99800	0.04556	0.04371	0.04517	-0.99893	0.00996	0.04412	-0.00796	-0.99899		501.45377	4.14311	39.22059	0.94204	-0.26982	0.58944	0.39796	0.99994	0.01021	0.00488	-0.01029	0.99981	0.01639	-0.00471	-0.01644	0.99985	
18	0.17000	-0.09790	2.20867	0.46275	0.29406	-0.01839	-0.29519	0.46970	0.99999	-0.00515	0.00029	0.00515	0.99997	0.00513	-0.00032	-0.00513	0.99999		-6.98410	62.05576	873.87134	179.55606	2.53964	-2.59278	0.74747	0.99800	0.04558	0.04391	0.04519	-0.99893	0.00974	0.04431	-0.00774	-0.99899		501.45053	4.18953	39.23948	0.93739	-0.26748	0.58066	0.39615	0.99994	0.01006	0.00483	-0.01013	0.99982	0.01631	-0.00467	-0.01636	0.99986	
19	0.18000	-0.09443	2.20469	0.44117	0.29316	-0.02585	-0.29465	0.47301	0.99999	-0.00514	0.00043	0.00514	0.99997	0.00512	-0.00045	-0.00512	0.99999		-6.89730	62.03905	873.89794	179.54974	2.53646	-2.60797	0.74838	0.99799	0.04585	0.04385	0.04546	-0.99892	0.00986	0.04426	-0.00785	-0.99899		501.45426	4.18951	39.18835	0.94318	-0.27641	0.57654	0.39449	0.99994	0.00998	0.00499	-0.01006	0.99981	0.01641	-0.00482	-0.01646	0.99985	
20	0.19000	-0.10351	2.22293	0.44281	0.29582	-0.02369	-0.30330	0.46961	0.99999	-0.00530	0.00039	0.00529	0.99997	0.00516	-0.00041	-0.00516	0.99999		-6.94669	62.02887	873.89745	179.54977	2.54158	-2.60341	0.74430	0.99799	0.04577	0.04394	0.04538	-0.99892	0.00986	0.04434	-0.00785	-0.99899		501.44889	4.22230	39.21765	0.91763	-0.26577	0.60779	0.39931	0.99993	0.01053	0.00481	-0.01061	0.99982	0.01596	-0.00464	-0.01601	0.99986	
21	0.20000	-0.10401	2.20995	0.43527	0.30297	-0.02840	-0.29680	0.47001	0.99999	-0.00518	0.00047	0.00518	0.99997	0.00529	-0.00050	-0.00529	0.99999		-6.87675	62.16393	873.89690	179.55049	2.53312	-2.61469	0.74249	0.99798	0.04596	0.04379	0.04557	-0.99891	0.00985	0.04420	-0.00784	-0.99899		501.45663	4.18969	39.17541	0.91680	-0.26147	0.59360	0.39847	0.99994	0.01029	0.00473	-0.01036	0.99982	0.01595	-0.00456	-0.01600	0.99986	
22	0.21000	-0.11024	2.20729	0.42368	0.29580	-0.03052	-0.29909	0.46543	0.99999	-0.00522	0.00051	0.00522	0.99997	0.00516	-0.00053	-0.00516	0.99999		-6.83169	62.04897	873.91228	179.55565	2.52830	-2.62072	0.74588	0.99798	0.04606	0.04371	0.04568	-0.99891	0.00976	0.04411	-0.00775	-0.99900		501.46042	4.20576	39.16204	0.92717	-0.26181	0.59871	0.40106	0.99993	0.01037	0.00474	-0.01045	0.99982	0.01613	-0.00457	-0.01618	0.99986	
23	0.22000	-0.11143	2.21465	0.41825	0.29248	-0.03148	-0.29956	0.46785	0.99999	-0.00523	0.00052	0.00523	0.99997	0.00511	-0.00055	-0.00510	0.99999		-6.80337	61.98625	873.91282	179.55667	2.52258	-2.60553	0.75141	0.99800	0.04580	0.04361	0.04542	-0.99892	0.00973	0.04401	-0.00773	-0.99900		501.46843	4.20998	39.16091	0.94133	-0.26223	0.59000	0.39554	0.99994	0.01022	0.00474	-0.01030	0.99981	0.01638	-0.00458	-0.01643	0.99985	
24	0.23000	-0.10811	2.20651	0.43335	0.29264	-0.02409	-0.29538	0.46477	0.99999	-0.00516	0.00039	0.00516	0.99997	0.00511	-0.00042	-0.00511	0.99999		-6.89522	62.00542	873.90239	179.56035	2.52854	-2.60829	0.74944	0.99799	0.04584	0.04372	0.04546	-0.99892	0.00967	0.04412	-0.00767	-0.99900		501.45647	4.18664	39.21289	0.96927	-0.26748	0.58496	0.40005	0.99994	0.01013	0.00484	-0.01021	0.99981	0.01687	-0.00467	-0.01692	0.99985	
25	0.24000	-0.09689	2.21621	0.42668	0.29365	-0.02514	-0.29648	0.46675	0.99999	-0.00518	0.00041	0.00517	0.99997	0.00513	-0.00044	-0.00513	0.99999		-6.86795	62.03725	873.89403	179.54822	2.51478	-2.61307	0.74404	0.99800	0.04594	0.04347	0.04555	-0.99891	0.00988	0.04388	-0.00788	-0.99901		501.45868	4.20752	39.19812	0.95495	-0.27476	0.56805	0.39503	0.99994	0.00983	0.00496	-0.00991	0.99981	0.01662	-0.00480	-0.01667	0.99985	
26	0.25000	-0.09285	2.21439	0.43104	0.29498	-0.02331	-0.29668	0.47074	0.99999	-0.00518	0.00038	0.00518	0.99997	0.00515	-0.00041	-0.00515	0.99999		-6.86599	62.08777	873.89390	179.55611	2.53184	-2.61399	0.75094	0.99798	0.04595	0.04377	0.04556	-0.99891	0.00975	0.04417	-0.00774	-0.99899		501.45206	4.19438	39.20699	0.94386	-0.27818	0.58683	0.39503	0.99994	0.01016	0.00502	-0.01024	0.99981	0.01642	-0.00486	-0.01647	0.99985	
27	0.26000	-0.09623	2.22325	0.40569	0.30860	-0.03454	-0.29892	0.46773	0.99999	-0.00522	0.00058	0.00522	0.99997	0.00539	-0.00060	-0.00539	0.99998		-6.67902	62.28968	873.89021	179.52946	2.50931	-2.60847	0.74705	0.99801	0.04587	0.04336	0.04547	-0.99891	0.01020	0.04378	-0.00820	-0.99901		501.47127	4.24418	39.12501	0.95080	-0.27341	0.55233	0.40072	0.99994	0.00956	0.00493	-0.00964	0.99982	0.01655	-0.00477	-0.01659	0.99985	
28	0.27000	-0.09639	2.19864	0.41874	0.28807	-0.02734	-0.29032	0.46648	0.99999	-0.00507	0.00045	0.00507	0.99997	0.00503	-0.00048	-0.00503	0.99999		-6.77246	62.02750	873.89187	179.55556	2.50867	-2.59191	0.75263	0.99802	0.04556	0.04337	0.04518	-0.99893	0.00973	0.04377	-0.00775	-0.99901		501.45234	4.14522	39.18124	0.94204	-0.26919	0.57792	0.39954	0.99994	0.01001	0.00486	-0.01009	0.99981	0.01639	-0.00470	-0.01644	0.99985	
29	0.28000	-0.09891	2.21708	0.41403	0.29806	-0.02656	-0.29772	0.46626	0.99999	-0.00520	0.00044	0.00520	0.99997	0.00520	-0.00046	-0.00520	0.99999		-6.79692	62.18956	873.88302	179.54367	2.50715	-2.61513	0.75227	0.99800	0.04597	0.04333	0.04558	-0.99891	0.00995	0.04374	-0.00796	-0.99901		501.45223	4.21696	39.19540	0.94491	-0.26867	0.56325	0.40039	0.99994	0.00975	0.00485	-0.00983	0.99982	0.01644	-0.00469	-0.01649	0.99985	
30	0.29000	-0.13294	2.17154	0.59206	0.19384	0.06492	-0.29084	0.44044	0.99999	-0.00507	-0.00115	0.00508	0.99998	0.00338	0.00113	-0.00338	0.99999		-8.15534	60.63986	873.81202	179.63965	2.60629	-2.59837	0.75571	0.99794	0.04562	0.04514	0.04529	-0.99894	0.00834	0.04547	-0.00628	-0.99895		501.41980	4.12854	39.81666	1.05583	-0.36483	0.56259	0.39264	0.99993	0.00970	0.00655	-0.00982	0.99978	0.01836	-0.00637	-0.01843	0.99981	
31	0.30000	-0.13400	2.17879	0.60930	0.19184	0.07100	-0.29219	0.43908	0.99999	-0.00510	-0.00126	0.00510	0.99998	0.00334	0.00124	-0.00335	0.99999		-8.28348	60.61068	873.78590	179.65208	2.61591	-2.59269	0.74443	0.99794	0.04551	0.04532	0.04519	-0.99895	0.00813	0.04564	-0.00607	-0.99894		501.42227	4.13105	39.84055	1.05879	-0.38348	0.56813	0.40009	0.99993	0.00979	0.00687	-0.00992	0.99978	0.01841	-0.00669	-0.01848	0.99981	
32	0.31000	-0.10316	2.21110	0.41815	0.29499	-0.02432	-0.29463	0.46565	0.99999	-0.00514	0.00040	0.00514	0.99997	0.00515	-0.00042	-0.00515	0.99999		-6.90281	62.13937	873.89470	179.53732	2.52975	-2.59707	0.75016	0.99800	0.04567	0.04373	0.04527	-0.99892	0.01007	0.04414	-0.00807	-0.99899		501.45697	4.18174	39.20305	0.93412	-0.27889	0.57507	0.39884	0.99994	0.00996	0.00503	-0.01004	0.99982	0.01625	-0.00487	-0.01630	0.99986	
33	0.32000	-0.13412	2.17062	0.58897	0.19717	0.06416	-0.28922	0.43680	0.99999	-0.00504	-0.00114	0.00505	0.99998	0.00343	0.00112	-0.00344	0.99999		-8.23132	60.69524	873.81524	179.63448	2.61914	-2.60766	0.75031	0.99792	0.04579	0.04536	0.04545	-0.99893	0.00845	0.04570	-0.00637	-0.99894		501.42170	4.10961	39.82386	1.04148	-0.34714	0.57443	0.40007	0.99993	0.00991	0.00624	-0.01003	0.99979	0.01811	-0.00606	-0.01818	0.99982	
34	0.33000	-0.10589	2.20968	0.42881	0.28563	-0.01980	-0.29731	0.46568	0.99999	-0.00519	0.00032	0.00519	0.99997	0.00499	-0.00035	-0.00499	0.99999		-7.01976	61.99164	873.88610	179.55559	2.53498	-2.61366	0.75522	0.99798	0.04594	0.04383	0.04556	-0.99891	0.00977	0.04423	-0.00775	-0.99899		501.46690	4.22749	39.22563	0.95909	-0.28702	0.55250	0.40068	0.99994	0.00956	0.00517	-0.00964	0.99981	0.01669	-0.00501	-0.01674	0.99985	
35	0.34000	-0.09563	2.19699	0.41236	0.29073	-0.02690	-0.29037	0.46504	0.99999	-0.00507	0.00044	0.00507	0.99997	0.00508	-0.00047	-0.00507	0.99999		-6.91325	62.06703	873.90873	179.54823	2.53429	-2.60528	0.74882	0.99799	0.04580	0.04381	0.04541	-0.99892	0.00989	0.04422	-0.00788	-0.99899		501.45499	4.16793	39.18872	0.94832	-0.27392	0.55766	0.39839	0.99994	0.00965	0.00494	-0.00973	0.99982	0.01650	-0.00478	-0.01655	0.99985	
36	0.35000	-0.13681	2.16369	0.59949	0.19921	0.06950	-0.28775	0.43455	0.99999	-0.00502	-0.00123	0.00502	0.99998	0.00347	0.00121	-0.00348	0.99999		-8.32233	60.66713	873.80492	179.64500	2.62878	-2.59490	0.74954	0.99792	0.04556	0.04554	0.04523	-0.99894	0.00827	0.04586	-0.00619	-0.99893		501.43075	4.10376	39.85872	1.03085	-0.36263	0.56647	0.39512	0.99993	0.00977	0.00651	-0.00989	0.99979	0.01793	-0.00633	-0.01799	0.99982	
37	0.36000	-0.13729	2.17076	0.59604	0.18826	0.06828	-0.29135	0.44070	0.99999	-0.00508	-0.00121	0.00508	0.99998	0.00328	0.00119	-0.00329	0.99999		-8.28591	60.49495	873.81999	179.65091	2.62156	-2.61266	0.74633	0.99792	0.04586	0.04541	0.04554	-0.99893	0.00817	0.04574	-0.00609	-0.99893		501.42028	4.10201	39.83839	1.04133	-0.36978	0.59854	0.39687	0.99992	0.01033	0.00664	-0.01045	0.99978	0.01811	-0.00645	-0.01817	0.99981	
38	0.37000	-0.13871	2.17080	0.60929	0.18356	0.07191	-0.29357	0.43907	0.99999	-0.00512	-0.00127	0.00512	0.99998	0.00320	0.00126	-0.00320	0.99999		-8.31495	60.39054	873.81947	179.65759	2.61845	-2.60443	0.75131	0.99792	0.04571	0.04537	0.04539	-0.99894	0.00805	0.04568	-0.00597	-0.99894		501.42611	4.13976	39.84969	1.06107	-0.38527	0.57079	0.39822	0.99993	0.00984	0.00691	-0.00996	0.99978	0.01845	-0.00672	-0.01852	0.99981	
39	0.38000	-0.13916	2.16413	0.59623	0.18798	0.06907	-0.28804	0.44155	0.99999	-0.00502	-0.00122	0.00503	0.99998	0.00327	0.00121	-0.00328	0.99999		-8.24287	60.46901	873.81787	179.65753	2.60868	-2.61101	0.74441	0.99793	0.04583	0.04519	0.04551	-0.99893	0.00804	0.04551	-0.00597	-0.99895		501.42504	4.11213	39.84527	1.06600	-0.36687	0.55266	0.39600	0.99993	0.00952	0.00658	-0.00965	0.99978	0.01854	-0.00640	-0.01860	0.99981	
40	0.39000	-0.10191	2.20343	0.41518	0.29104	-0.02474	-0.29298	0.46243	0.99999	-0.00512	0.00041	0.00511	0.99997	0.00508	-0.00043	-0.00508	0.99999		-6.84191	62.01840	873.87917	179.56099	2.50589	-2.61467	0.74502	0.99800	0.04595	0.04333	0.04558	-0.99891	0.00965	0.04372	-0.00765	-0.99901		501.45264	4.16328	39.20239	0.94507	-0.27879	0.57614	0.39749	0.99994	0.00997	0.00503	-0.01006	0.99981	0.01644	-0.00487	-0.01649	0.99985	
41	0.40000	-0.10048	2.22675	0.41096	0.29159	-0.02643	-0.29998	0.46742	0.99999	-0.00524	0.00044	0.00524	0.99997	0.00509	-0.00046	-0.00509	0.99999		-6.80127	61.96607	873.90804	179.55403	2.51752	-2.61057	0.74763	0.99800	0.04589	0.04352	0.04550	-0.99892	0.00978	0.04392	-0.00778	-0.99900		501.45145	4.20172	39.19791	0.93620	-0.26519	0.58797	0.39297	0.99994	0.01018	0.00480	-0.01026	0.99981	0.01629	-0.00463	-0.01634	0.99986	
42	0.41000	-0.09454	2.21173	0.40563	0.30855	-0.02665	-0.29496	0.46707	0.99999	-0.00515	0.00044	0.00515	0.99997	0.00539	-0.00047	-0.00539	0.99998		-6.79760	62.26521	873.89201	179.54135	2.51452	-2.61592	0.74825	0.99800	0.04599	0.04346	0.04560	-0.99891	0.01000	0.04387	-0.00800	-0.99901		501.44093	4.18165	39.19464	0.92911	-0.26428	0.58305	0.40002	0.99994	0.01010	0.00478	-0.01018	0.99982	0.01617	-0.00461	-0.01622	0.99986	
43	0.42000	-0.09418	2.21136	0.39360	0.29507	-0.03139	-0.29517	0.46303	0.99999	-0.00515	0.00052	0.00515	0.99997	0.00515	-0.00055	-0.00515	0.99999		-6.73612	62.05153	873.92524	179.55470	2.50983	-2.60309	0.74841	0.99801	0.04576	0.04339	0.04537	-0.99892	0.00975	0.04379	-0.00776	-0.99901		501.45088	4.19149	39.16271	0.94993	-0.27171	0.56176	0.39744	0.99994	0.00972	0.00490	-0.00980	0.99982	0.01653	-0.00474	-0.01658	0.99985	
44	0.43000	-0.13129	2.16899	0.59359	0.19111	0.06871	-0.29048	0.43809	0.99999	-0.00507	-0.00122	0.00507	0.99998	0.00333	0.00120	-0.00334	0.99999		-8.22423	60.52949	873.81577	179.65529	2.60690	-2.61010	0.75120	0.99793	0.04581	0.04516	0.04549	-0.99893	0.00808	0.04548	-0.00601	-0.99895		501.42198	4.11978	39.84451	1.06519	-0.36896	0.55387	0.39738	0.99993	0.00955	0.00662	-0.00967	0.99978	0.01853	-0.00644	-0.01859	0.99981	
45	0.44000	-0.10536	2.21927	0.42476	0.28609	-0.02052	-0.30062	0.46431	0.99999	-0.00525	0.00033	0.00525	0.99997	0.00499	-0.00036	-0.00499	0.99999		-6.92720	61.94289	873.89021	179.56123	2.52374	-2.61741	0.74889	0.99799	0.04600	0.04364	0.04562	-0.99891	0.00966	0.04403	-0.00765	-0.99900		501.45071	4.23623	39.22769	0.96665	-0.27803	0.55663	0.39772	0.99994	0.00963	0.00502	-0.00971	0.99981	0.01682	-0.00485	-0.01687	0.99985	
46	0.45000	-0.13133	2.17602	0.57253	0.19362	0.06044	-0.29297	0.43582	0.99999	-0.00511	-0.00107	0.00511	0.99998	0.00337	0.00105	-0.00338	0.99999		-8.14673	60.60199	873.83685	179.64987	2.61013	-2.61891	0.74896	0.99792	0.04597	0.04521	0.04565	-0.99892	0.00819	0.04554	-0.00610	-0.99894		501.42524	4.12633	39.77935	1.04561	-0.36905	0.57111	0.39934	0.99993	0.00985	0.00662	-0.00997	0.99979	0.01818	-0.00644	-0.01825	0.99981	
47	0.46000	-0.10623	2.22617	0.41052	0.28990	-0.02645	-0.30153	0.46304	0.99999	-0.00526	0.00044	0.00526	0.99997	0.00506	-0.00046	-0.00506	0.99999		-6.88948	62.03844	873.90762	179.55281	2.52867	-2.62835	0.74841	0.99798	0.04620	0.04371	0.04581	-0.99890	0.00982	0.04412	-0.00780	-0.99900		501.45701	4.22632	39.19306	0.95813	-0.26911	0.58091	0.39385	0.99994	0.01006	0.00487	-0.01014	0.99981	0.01667	-0.00470	-0.01672	0.99985	
48	0.47000	-0.10820	2.22144	0.41110	0.29281	-0.02531	-0.29899	0.46696	0.99999	-0.00522	0.00042	0.00522	0.99997	0.00511	-0.00044	-0.00511	0.99999		-6.92245	62.08439	873.90463	179.55267	2.53522	-2.60992	0.74769	0.99798	0.04588	0.04383	0.04549	-0.99892	0.00981	0.04423	-0.00780	-0.99899		501.45902	4.20461	39.19834	0.93797	-0.27483	0.57910	0.40050	0.99994	0.01003	0.00496	-0.01011	0.99982	0.01632	-0.00480	-0.01637	0.99985	
49	0.48000	-0.09726	2.22205	0.39796	0.30147	-0.02950	-0.29880	0.46579	0.99999	-0.00522	0.00049	0.00522	0.99997	0.00526	-0.00051	-0.00526	0.99999		-6.87686	62.22989	873.91818	179.53490	2.53611	-2.61846	0.75149	0.99798	0.04604	0.04383	0.04564	-0.99891	0.01013	0.04425	-0.00811	-0.99899		501.45305	4.21327	39.17036	0.93829	-0.27272	0.58087	0.39503	0.99994	0.01006	0.00492	-0.01014	0.99982	0.01633	-0.00476	-0.01638	0.99985	
50	0.49000	-0.09791	2.21369	0.39258	0.29949	-0.03058	-0.29444	0.46146	0.99999	-0.00514	0.00051	0.00514	0.99997	0.00523	-0.00053	-0.00523	0.99999		-6.84783	62.19071	873.91940	179.54105	2.53910	-2.60135	0.75145	0.99799	0.04574	0.04389	0.04534	-0.99892	0.01001	0.04430	-0.00800	-0.99899		501.46483	4.18177	39.16659	0.93866	-0.27945	0.56834	0.39699	0.99994	0.00984	0.00504	-0.00992	0.99982	0.01633	-0.00488	-0.01638	0.99985	
51	0.50000	-0.13031	2.16826	0.59950	0.18285	0.06999	-0.28722	0.43613	0.99999	-0.00501	-0.00124	0.00501	0.99998	0.00318	0.00122	-0.00319	0.99999		-8.32880	60.46610	873.81743	179.65526	2.62576	-2.59972	0.74507	0.99792	0.04563	0.04549	0.04531	-0.99894	0.00809	0.04581	-0.00601	-0.99893		501.42381	4.10925	39.83748	1.07973	-0.37735	0.54665	0.39494	0.99993	0.00941	0.00676	-0.00954	0.99978	0.01878	-0.00659	-0.01884	0.99980	
52	0.51000	-0.10112	2.21744	0.40445	0.30734	-0.02554	-0.29517	0.46174	0.99999	-0.00515	0.00042	0.00515	0.99997	0.00537	-0.00045	-0.00536	0.99999		-6.89266	62.32552	873.87737	179.53470	2.52014	-2.61785	0.74922	0.99799	0.04603	0.04355	0.04563	-0.99891	0.01012	0.04397	-0.00811	-0.99900		501.45825	4.19536	39.18952	0.93200	-0.28791	0.56439	0.39282	0.99994	0.00977	0.00518	-0.00985	0.99982	0.01622	-0.00503	-0.01627	0.99986	
53	0.52000	-0.10603	2.21628	0.40392	0.29732	-0.02586	-0.29782	0.46409	0.99999	-0.00520	0.00042	0.00520	0.99997	0.00519	-0.00045	-0.00519	0.99999		-6.85628	62.16347	873.89262	179.53981	2.51835	-2.61795	0.74987	0.99799	0.04603	0.04353	0.04563	-0.99891	0.01003	0.04394	-0.00802	-0.99900		501.45717	4.20968	39.19002	0.94158	-0.27989	0.57430	0.40026	0.99994	0.00994	0.00505	-0.01002	0.99982	0.01638	-0.00488	-0.01643	0.99985	
54	0.53000	-0.10166	2.21330	0.38897	0.30052	-0.03357	-0.29426	0.46242	0.99999	-0.00514	0.00056	0.00514	0.99997	0.00525	-0.00059	-0.00525	0.99999		-6.70726	62.19669	873.91608	179.54149	2.51644	-2.60459	0.75261	0.99800	0.04579	0.04350	0.04540	-0.99892	0.00999	0.04391	-0.00799	-0.99900		501.45915	4.18435	39.14290	0.93932	-0.26468	0.57029	0.39989	0.99994	0.00988	0.00478	-0.00995	0.99982	0.01635	-0.00462	-0.01639	0.99985	
55	0.54000	-0.09786	2.21323	0.38613	0.30952	-0.03426	-0.29372	0.46040	0.99999	-0.00513	0.00057	0.00513	0.99997	0.00540	-0.00060	-0.00540	0.99998		-6.70507	62.34416	873.89237	179.53838	2.49743	-2.61336	0.74784	0.99801	0.04595	0.04316	0.04555	-0.99891	0.01004	0.04357	-0.00805	-0.99902		501.45962	4.17569	39.13369	0.91820	-0.27744	0.57265	0.39976	0.99994	0.00992	0.00500	-0.00999	0.99982	0.01598	-0.00484	-0.01602	0.99986	
56	0.55000	-0.09964	2.21527	0.40431	0.28740	-0.02819	-0.29478	0.46172	0.99999	-0.00515	0.00047	0.00514	0.99997	0.00502	-0.00049	-0.00502	0.99999		-6.77934	61.95958	873.91986	179.54887	2.51570	-2.60807	0.74976	0.99800	0.04585	0.04349	0.04546	-0.99892	0.00986	0.04389	-0.00787	-0.99901		501.44911	4.17413	39.18422	0.94296	-0.26080	0.57244	0.39861	0.99994	0.00991	0.00472	-0.00999	0.99982	0.01641	-0.00455	-0.01646	0.99985	
57	0.56000	-0.09810	2.22677	0.40826	0.29901	-0.02592	-0.29866	0.46396	0.99999	-0.00521	0.00043	0.00521	0.99997	0.00522	-0.00045	-0.00522	0.99999		-6.83346	62.11408	873.89587	179.54706	2.51164	-2.61434	0.75189	0.99800	0.04596	0.04341	0.04557	-0.99891	0.00990	0.04382	-0.00790	-0.99901		501.45985	4.21522	39.18846	0.94678	-0.28108	0.56863	0.39828	0.99994	0.00984	0.00507	-0.00992	0.99981	0.01647	-0.00491	-0.01652	0.99985	
58	0.57000	-0.09142	2.21818	0.39077	0.30945	-0.03376	-0.29446	0.46340	0.99999	-0.00514	0.00056	0.00514	0.99997	0.00540	-0.00059	-0.00540	0.99998		-6.71739	62.26955	873.92843	179.54280	2.52315	-2.61213	0.75163	0.99799	0.04592	0.04361	0.04553	-0.99891	0.00998	0.04402	-0.00797	-0.99900		501.44861	4.18521	39.14142	0.93100	-0.26710	0.57120	0.39648	0.99994	0.00989	0.00482	-0.00997	0.99982	0.01620	-0.00466	-0.01625	0.99986	
59	0.58000	-0.09897	2.22764	0.40609	0.29464	-0.02676	-0.30084	0.46160	0.99999	-0.00525	0.00044	0.00525	0.99997	0.00514	-0.00047	-0.00514	0.99999		-6.84572	62.02772	873.91052	179.55399	2.52020	-2.61394	0.74550	0.99799	0.04595	0.04357	0.04556	-0.99891	0.00978	0.04397	-0.00778	-0.99900		501.45485	4.22156	39.17839	0.94238	-0.27444	0.57286	0.39604	0.99994	0.00992	0.00495	-0.01000	0.99982	0.01640	-0.00479	-0.01645	0.99985	
60	0.59000	-0.09832	2.22107	0.39000	0.30337	-0.03255	-0.29619	0.46643	0.99999	-0.00517	0.00054	0.00517	0.99997	0.00530	-0.00057	-0.00529	0.99999		-6.77672	62.16645	873.91913	179.54385	2.51747	-2.61071	0.74546	0.99800	0.04590	0.04351	0.04551	-0.99891	0.00995	0.04392	-0.00795	-0.99900		501.45099	4.18212	39.15230	0.92660	-0.26611	0.58273	0.39297	0.99994	0.01009	0.00481	-0.01017	0.99982	0.01612	-0.00464	-0.01617	0.99986	
61	0.60000	-0.10846	2.22712	0.41247	0.30079	-0.02193	-0.30107	0.46674	0.99999	-0.00526	0.00036	0.00525	0.99997	0.00525	-0.00038	-0.00525	0.99999		-6.94987	62.12380	873.91403	179.54828	2.53895	-2.61205	0.74850	0.99798	0.04592	0.04389	0.04553	-0.99891	0.00989	0.04430	-0.00788	-0.99899		501.45948	4.22941	39.20549	0.94715	-0.29384	0.57683	0.39864	0.99994	0.00998	0.00529	-0.01007	0.99981	0.01648	-0.00513	-0.01653	0.99985	
62	0.61000	-0.10922	2.21299	0.42255	0.29383	-0.01772	-0.29424	0.46260	0.99999	-0.00514	0.00028	0.00514	0.99997	0.00513	-0.00031	-0.00513	0.99999		-7.02026	62.04592	873.90022	179.55460	2.53875	-2.61078	0.75121	0.99798	0.04589	0.04389	0.04551	-0.99892	0.00978	0.04429	-0.00777	-0.99899		501.45019	4.17058	39.25397	0.94249	-0.27965	0.57969	0.39659	0.99994	0.01004	0.00505	-0.01012	0.99981	0.01640	-0.00488	-0.01645	0.99985	
63	0.62000	-0.13478	2.17420	0.58951	0.18981	0.06763	-0.28968	0.43814	0.99999	-0.00505	-0.00120	0.00506	0.99998	0.00331	0.00118	-0.00331	0.99999		-8.28670	60.50630	873.83535	179.66260	2.62834	-2.60946	0.74957	0.99791	0.04580	0.04554	0.04548	-0.99893	0.00797	0.04586	-0.00588	-0.99893		501.41978	4.10974	39.83964	1.05745	-0.36132	0.56139	0.39502	0.99993	0.00968	0.00649	-0.00980	0.99978	0.01839	-0.00631	-0.01845	0.99981	
64	0.63000	-0.13097	2.17142	0.57652	0.18990	0.06317	-0.28952	0.43897	0.99999	-0.00505	-0.00112	0.00505	0.99998	0.00331	0.00110	-0.00331	0.99999		-8.23235	60.54046	873.82892	179.66454	2.61813	-2.61201	0.73576	0.99792	0.04584	0.04536	0.04552	-0.99893	0.00793	0.04568	-0.00585	-0.99894		501.42283	4.09874	39.79546	1.05002	-0.37516	0.57627	0.39823	0.99993	0.00994	0.00673	-0.01006	0.99978	0.01826	-0.00655	-0.01832	0.99981	
65	0.64000	-0.10026	2.22799	0.42311	0.28927	-0.01869	-0.30188	0.46289	0.99999	-0.00527	0.00030	0.00527	0.99997	0.00505	-0.00033	-0.00505	0.99999		-7.01916	61.99995	873.89914	179.54614	2.53923	-2.61927	0.74597	0.99797	0.04605	0.04389	0.04565	-0.99891	0.00994	0.04430	-0.00791	-0.99899		501.45602	4.22466	39.23760	0.93552	-0.28707	0.57667	0.39422	0.99994	0.00998	0.00517	-0.01006	0.99982	0.01628	-0.00501	-0.01633	0.99985	
66	0.65000	-0.10018	2.21817	0.41204	0.29230	-0.02219	-0.29590	0.46051	0.99999	-0.00517	0.00036	0.00516	0.99997	0.00510	-0.00039	-0.00510	0.99999		-6.94382	62.07378	873.89626	179.54500	2.52606	-2.61257	0.74912	0.99799	0.04593	0.04366	0.04554	-0.99891	0.00994	0.04407	-0.00793	-0.99900		501.46078	4.19146	39.20595	0.94512	-0.29303	0.56543	0.39737	0.99994	0.00978	0.00528	-0.00987	0.99982	0.01644	-0.00511	-0.01649	0.99985	
67	0.66000	-0.12924	2.18091	0.57252	0.18865	0.06060	-0.29177	0.43682	0.99999	-0.00509	-0.00107	0.00509	0.99998	0.00329	0.00106	-0.00329	0.99999		-8.14367	60.54751	873.83312	179.64682	2.60624	-2.61018	0.75082	0.99793	0.04582	0.04514	0.04549	-0.99893	0.00823	0.04547	-0.00616	-0.99895		501.43131	4.11003	39.77579	1.04528	-0.37424	0.57524	0.39790	0.99993	0.00992	0.00671	-0.01004	0.99978	0.01818	-0.00653	-0.01824	0.99981	
68	0.67000	-0.13119	2.17196	0.59392	0.18931	0.07139	-0.28920	0.43723	0.99999	-0.00504	-0.00126	0.00505	0.99998	0.00330	0.00125	-0.00330	0.99999		-8.28551	60.56769	873.81096	179.64999	2.62077	-2.60341	0.75101	0.99792	0.04570	0.04540	0.04537	-0.99894	0.00818	0.04573	-0.00610	-0.99894		501.41774	4.08636	39.85161	1.02650	-0.37359	0.57912	0.39646	0.99993	0.00999	0.00670	-0.01011	0.99979	0.01785	-0.00652	-0.01791	0.99982	
69	0.68000	-0.13572	2.17487	0.58461	0.18664	0.06428	-0.29113	0.43673	0.99999	-0.00508	-0.00114	0.00508	0.99998	0.00325	0.00112	-0.00326	0.99999		-8.16318	60.52532	873.82194	179.65099	2.60397	-2.60433	0.74538	0.99794	0.04571	0.04511	0.04539	-0.99894	0.00815	0.04543	-0.00609	-0.99895		501.42600	4.11998	39.80325	1.06266	-0.36146	0.56299	0.39663	0.99993	0.00971	0.00649	-0.00983	0.99978	0.01848	-0.00631	-0.01855	0.99981	
70	0.69000	-0.10767	2.23587	0.40975	0.27453	-0.02332	-0.30764	0.46282	0.99999	-0.00537	0.00038	0.00537	0.99997	0.00479	-0.00041	-0.00479	0.99999		-6.87608	61.82206	873.90513	179.56305	2.51058	-2.63742	0.74647	0.99798	0.04635	0.04341	0.04597	-0.99890	0.00963	0.04380	-0.00762	-0.99901		501.46084	4.26902	39.20972	0.96847	-0.27738	0.57704	0.39442	0.99994	0.00999	0.00501	-0.01007	0.99981	0.01685	-0.00484	-0.01690	0.99985	
71	0.70000	-0.13401	2.17282	0.59307	0.17720	0.07103	-0.29146	0.43619	0.99999	-0.00508	-0.00125	0.00509	0.99998	0.00309	0.00124	-0.00309	0.99999		-8.27077	60.37158	873.82791	179.66267	2.61411	-2.60680	0.75301	0.99793	0.04575	0.04529	0.04543	-0.99894	0.00796	0.04561	-0.00588	-0.99894		501.43032	4.11941	39.84518	1.07280	-0.38010	0.56424	0.39541	0.99993	0.00972	0.00682	-0.00985	0.99978	0.01866	-0.00663	-0.01872	0.99980	
72	0.71000	-0.09630	2.21292	0.38870	0.29694	-0.02884	-0.29516	0.46034	0.99999	-0.00515	0.00048	0.00515	0.99997	0.00518	-0.00050	-0.00518	0.99999		-6.81046	62.14838	873.91312	179.53679	2.51497	-2.60902	0.75128	0.99800	0.04587	0.04347	0.04548	-0.99891	0.01007	0.04388	-0.00808	-0.99900		501.46079	4.19474	39.17140	0.93541	-0.28215	0.56429	0.39774	0.99994	0.00977	0.00508	-0.00985	0.99982	0.01628	-0.00492	-0.01633	0.99985	
73	0.72000	-0.10189	2.23002	0.42478	0.29062	-0.01648	-0.30197	0.45991	0.99999	-0.00527	0.00026	0.00527	0.99997	0.00507	-0.00029	-0.00507	0.99999		-7.01631	62.02735	873.89438	179.54919	2.53273	-2.61761	0.75416	0.99798	0.04602	0.04378	0.04563	-0.99891	0.00988	0.04419	-0.00786	-0.99899		501.45988	4.24072	39.24180	0.95329	-0.29751	0.56322	0.40033	0.99994	0.00974	0.00536	-0.00983	0.99981	0.01659	-0.00519	-0.01664	0.99985	
74	0.73000	-0.09880	2.22048	0.37881	0.30018	-0.03732	-0.29609	0.46241	0.99999	-0.00517	0.00062	0.00517	0.99997	0.00524	-0.00065	-0.00524	0.99999		-6.72175	62.18560	873.92072	179.54794	2.51137	-2.61431	0.74711	0.99800	0.04596	0.04341	0.04557	-0.99891	0.00988	0.04382	-0.00788	-0.99901		501.46589	4.18641	39.11156	0.93128	-0.26574	0.57982	0.39790	0.99994	0.01004	0.00480	-0.01012	0.99982	0.01621	-0.00464	-0.01625	0.99986	
75	0.74000	-0.13292	2.16995	0.57895	0.18455	0.06570	-0.29135	0.43849	0.99999	-0.00508	-0.00116	0.00508	0.99998	0.00321	0.00115	-0.00322	0.99999		-8.25715	60.44294	873.83781	179.66319	2.61150	-2.61772	0.75290	0.99792	0.04594	0.04525	0.04562	-0.99893	0.00795	0.04556	-0.00587	-0.99894		501.42690	4.12922	39.81153	1.06673	-0.36528	0.57052	0.39897	0.99993	0.00984	0.00656	-0.00996	0.99978	0.01855	-0.00638	-0.01862	0.99981	
76	0.75000	-0.13050	2.17738	0.58424	0.19357	0.06719	-0.28956	0.43601	0.99999	-0.00505	-0.00119	0.00505	0.99998	0.00337	0.00117	-0.00338	0.99999		-8.28317	60.55506	873.82872	179.65105	2.62192	-2.60959	0.75320	0.99792	0.04581	0.04542	0.04548	-0.99893	0.00817	0.04575	-0.00608	-0.99893		501.42086	4.09084	39.82147	1.05326	-0.37062	0.57330	0.39833	0.99993	0.00989	0.00665	-0.01001	0.99978	0.01832	-0.00647	-0.01838	0.99981	
77	0.76000	-0.13840	2.18141	0.57635	0.18741	0.06561	-0.29570	0.43884	0.99999	-0.00516	-0.00116	0.00516	0.99998	0.00326	0.00115	-0.00327	0.99999		-8.25246	60.43468	873.84989	179.65628	2.62722	-2.60599	0.74983	0.99792	0.04574	0.04552	0.04542	-0.99894	0.00808	0.04584	-0.00599	-0.99893		501.42988	4.15259	39.80616	1.05734	-0.38004	0.56885	0.39863	0.99993	0.00980	0.00681	-0.00993	0.99978	0.01839	-0.00663	-0.01845	0.99981	
78	0.77000	-0.13770	2.16763	0.57383	0.19144	0.06553	-0.28846	0.43785	0.99999	-0.00503	-0.00116	0.00503	0.99998	0.00333	0.00114	-0.00334	0.99999		-8.24241	60.51068	873.84728	179.65297	2.62087	-2.60514	0.75206	0.99792	0.04573	0.04540	0.04541	-0.99894	0.00813	0.04573	-0.00605	-0.99894		501.42119	4.08373	39.82849	1.03022	-0.36268	0.57886	0.39455	0.99993	0.00999	0.00651	-0.01010	0.99979	0.01791	-0.00633	-0.01798	0.99982	
79	0.78000	-0.13626	2.18127	0.59579	0.17564	0.07315	-0.29640	0.43866	0.99999	-0.00517	-0.00129	0.00517	0.99998	0.00306	0.00128	-0.00307	0.99999		-8.35411	60.26498	873.83981	179.66252	2.62610	-2.61693	0.74778	0.99791	0.04593	0.04550	0.04561	-0.99893	0.00798	0.04582	-0.00588	-0.99893		501.41963	4.13125	39.87017	1.05780	-0.37465	0.58964	0.39420	0.99993	0.01017	0.00673	-0.01029	0.99978	0.01839	-0.00654	-0.01846	0.99981	
80	0.79000	-0.13422	2.17311	0.57241	0.19185	0.06418	-0.28985	0.43764	0.99999	-0.00505	-0.00114	0.00506	0.99998	0.00334	0.00112	-0.00335	0.99999		-8.20140	60.52783	873.84505	179.65923	2.61570	-2.60400	0.75030	0.99793	0.04570	0.04532	0.04539	-0.99894	0.00801	0.04564	-0.00594	-0.99894		501.42851	4.10795	39.80650	1.04863	-0.37279	0.56764	0.39484	0.99993	0.00979	0.00669	-0.00991	0.99978	0.01824	-0.00651	-0.01830	0.99981	
81	0.80000	-0.12667	2.18206	0.56903	0.19075	0.06170	-0.29424	0.44052	0.99999	-0.00513	-0.00109	0.00514	0.99998	0.00332	0.00108	-0.00333	0.99999		-8.16282	60.51521	873.84417	179.65665	2.60882	-2.61270	0.75273	0.99793	0.04586	0.04520	0.04554	-0.99893	0.00806	0.04552	-0.00599	-0.99895		501.42644	4.12891	39.78282	1.04171	-0.37673	0.58303	0.39519	0.99993	0.01005	0.00676	-0.01018	0.99978	0.01811	-0.00658	-0.01818	0.99981	
82	0.81000	-0.12876	2.16429	0.57745	0.18337	0.06509	-0.28618	0.43576	0.99999	-0.00499	-0.00115	0.00499	0.99998	0.00319	0.00114	-0.00320	0.99999		-8.18627	60.43625	873.83543	179.66728	2.60913	-2.60587	0.75119	0.99793	0.04573	0.04521	0.04542	-0.99894	0.00787	0.04552	-0.00580	-0.99895		501.42982	4.08460	39.80809	1.06357	-0.37316	0.55874	0.39788	0.99993	0.00963	0.00669	-0.00975	0.99978	0.01850	-0.00651	-0.01856	0.99981	
83	0.82000	-0.12858	2.15970	0.58035	0.18006	0.06556	-0.28540	0.43742	0.99999	-0.00498	-0.00116	0.00498	0.99998	0.00314	0.00114	-0.00314	0.99999		-8.18440	60.39295	873.84739	179.66196	2.61421	-2.60086	0.75320	0.99793	0.04565	0.04530	0.04533	-0.99894	0.00796	0.04561	-0.00589	-0.99894		501.42794	4.07065	39.81255	1.05602	-0.37751	0.55850	0.39978	0.99993	0.00962	0.00677	-0.00975	0.99978	0.01836	-0.00659	-0.01843	0.99981	
84	0.83000	-0.10073	2.22676	0.41845	0.29534	-0.01812	-0.29914	0.46377	0.99999	-0.00522	0.00029	0.00522	0.99997	0.00516	-0.00032	-0.00515	0.99999		-6.95697	62.10673	873.88893	179.54021	2.52771	-2.61591	0.75305	0.99799	0.04599	0.04369	0.04560	-0.99891	0.01003	0.04410	-0.00802	-0.99899		501.45867	4.20665	39.24520	0.94475	-0.29716	0.57003	0.39853	0.99994	0.00986	0.00535	-0.00995	0.99982	0.01644	-0.00519	-0.01649	0.99985	
85	0.84000	-0.13489	2.18255	0.58959	0.18892	0.06940	-0.29495	0.43944	0.99999	-0.00514	-0.00123	0.00515	0.99998	0.00329	0.00121	-0.00330	0.99999		-8.25320	60.51676	873.82317	179.65234	2.61587	-2.60153	0.75249	0.99793	0.04567	0.04532	0.04534	-0.99894	0.00813	0.04564	-0.00606	-0.99894		501.43045	4.15675	39.83205	1.07582	-0.38895	0.55584	0.39782	0.99993	0.00957	0.00697	-0.00970	0.99978	0.01871	-0.00679	-0.01878	0.99980	
86	0.85000	-0.13423	2.16335	0.58366	0.18657	0.06607	-0.28790	0.43861	0.99999	-0.00502	-0.00117	0.00502	0.99998	0.00325	0.00115	-0.00326	0.99999		-8.21842	60.52686	873.81575	179.65157	2.60282	-2.61052	0.74967	0.99793	0.04582	0.04509	0.04550	-0.99893	0.00814	0.04541	-0.00608	-0.99895		501.43023	4.10121	39.81923	1.04953	-0.37295	0.55797	0.39615	0.99993	0.00962	0.00669	-0.00974	0.99979	0.01825	-0.00651	-0.01832	0.99981	
87	0.86000	-0.13064	2.18601	0.56507	0.19470	0.06073	-0.29513	0.43586	0.99999	-0.00515	-0.00108	0.00515	0.99998	0.00339	0.00106	-0.00340	0.99999		-8.16226	60.63362	873.83718	179.64165	2.61003	-2.62053	0.74624	0.99792	0.04600	0.04520	0.04567	-0.99892	0.00833	0.04554	-0.00625	-0.99894		501.43190	4.14552	39.79153	1.04208	-0.36970	0.56954	0.39735	0.99993	0.00982	0.00663	-0.00994	0.99979	0.01812	-0.00645	-0.01819	0.99981	
88	0.87000	-0.13180	2.18133	0.57623	0.18964	0.06811	-0.29165	0.43885	0.99999	-0.00509	-0.00121	0.00509	0.99998	0.00330	0.00119	-0.00331	0.99999		-8.28163	60.54210	873.83878	179.64571	2.62722	-2.60023	0.75664	0.99792	0.04565	0.04551	0.04532	-0.99894	0.00826	0.04584	-0.00618	-0.99893		501.42427	4.12543	39.83947	1.06626	-0.37607	0.55984	0.39777	0.99993	0.00965	0.00674	-0.00977	0.99978	0.01854	-0.00656	-0.01861	0.99981	
89	0.88000	-0.12867	2.17732	0.56888	0.19374	0.06328	-0.29165	0.43490	0.99999	-0.00509	-0.00112	0.00509	0.99998	0.00338	0.00110	-0.00338	0.99999		-8.24228	60.61281	873.81679	179.64523	2.60763	-2.60065	0.74135	0.99794	0.04565	0.04517	0.04533	-0.99894	0.00825	0.04550	-0.00619	-0.99895		501.41941	4.11562	39.81173	1.04704	-0.36592	0.56844	0.39252	0.99993	0.00980	0.00657	-0.00992	0.99978	0.01821	-0.00639	-0.01827	0.99981	
90	0.89000	-0.09821	2.23289	0.40094	0.29417	-0.02628	-0.30229	0.46145	0.99999	-0.00528	0.00043	0.00528	0.99997	0.00514	-0.00046	-0.00513	0.99999		-6.92522	62.08194	873.91971	179.55376	2.53321	-2.61666	0.74559	0.99798	0.04600	0.04380	0.04561	-0.99891	0.00980	0.04420	-0.00778	-0.99899		501.45558	4.22741	39.18718	0.94388	-0.28122	0.57551	0.39552	0.99994	0.00996	0.00507	-0.01004	0.99981	0.01642	-0.00491	-0.01647	0.99985	
91	0.90000	-0.13166	2.17602	0.58435	0.17677	0.06918	-0.29293	0.43936	0.99999	-0.00511	-0.00122	0.00511	0.99998	0.00308	0.00121	-0.00309	0.99999		-8.32630	60.34132	873.84463	179.66388	2.62628	-2.61462	0.75327	0.99791	0.04589	0.04550	0.04557	-0.99893	0.00795	0.04582	-0.00586	-0.99893		501.41993	4.12957	39.84248	1.07622	-0.37348	0.55392	0.39826	0.99993	0.00954	0.00670	-0.00967	0.99978	0.01872	-0.00652	-0.01878	0.99980	
92	0.91000	-0.13826	2.18036	0.58694	0.18191	0.07000	-0.29473	0.43635	0.99999	-0.00514	-0.00124	0.00514	0.99998	0.00317	0.00122	-0.00318	0.99999		-8.32013	60.41490	873.83931	179.66826	2.62822	-2.62306	0.74601	0.99790	0.04603	0.04554	0.04572	-0.99892	0.00788	0.04586	-0.00578	-0.99893		501.42745	4.13730	39.84159	1.05665	-0.38259	0.56155	0.39733	0.99993	0.00968	0.00686	-0.00980	0.99978	0.01837	-0.00668	-0.01844	0.99981	
93	0.92000	-0.13790	2.18448	0.58078	0.17980	0.06864	-0.29650	0.43739	0.99999	-0.00517	-0.00121	0.00517	0.99998	0.00313	0.00120	-0.00314	0.99999		-8.29416	60.34222	873.84887	179.66194	2.62181	-2.60846	0.75668	0.99792	0.04578	0.04543	0.04546	-0.99893	0.00798	0.04574	-0.00589	-0.99894		501.42313	4.14706	39.83484	1.06268	-0.37489	0.57218	0.39535	0.99993	0.00986	0.00673	-0.00999	0.99978	0.01848	-0.00654	-0.01855	0.99981	
94	0.93000	-0.13479	2.18540	0.57884	0.20053	0.06704	-0.29351	0.43444	0.99999	-0.00512	-0.00119	0.00512	0.99998	0.00349	0.00117	-0.00350	0.99999		-8.24408	60.65641	873.84215	179.65082	2.63009	-2.60744	0.75017	0.99791	0.04577	0.04556	0.04544	-0.99893	0.00818	0.04589	-0.00609	-0.99893		501.42054	4.15124	39.81760	1.06402	-0.37883	0.55051	0.39625	0.99993	0.00948	0.00679	-0.00961	0.99978	0.01851	-0.00661	-0.01857	0.99981	
