1	0.00000	0.04612	1.98602	0.59699	-0.03264	-0.17318	-0.24100	0.53404	0.99999	-0.00420	0.00303	0.00421	0.99999	-0.00056	-0.00302	0.00057	0.99999		-4.63062	57.01323	874.42182	179.87173	2.36466	-2.29579	0.57717	0.99835	0.04015	0.04114	0.04002	-0.99919	0.00389	0.04126	-0.00224	-0.99915		501.82155	4.00372	37.70188	1.25703	-0.38151	0.57141	0.37041	0.99993	0.00982	0.00688	-0.00997	0.99971	0.02187	-0.00666	-0.02194	0.99974	
2	0.01000	0.03687	1.98763	0.65606	-0.06087	-0.14350	-0.24116	0.52631	0.99999	-0.00421	0.00251	0.00421	0.99999	-0.00105	-0.00250	0.00106	1.00000		-4.95123	56.98795	874.42046	-179.98003	2.40716	-2.59269	0.71202	0.99809	0.04522	0.04197	0.04520	-0.99898	0.00155	0.04200	0.00035	-0.99912		501.80957	3.98194	37.91741	1.29205	-0.40637	0.57145	0.36875	0.99993	0.00981	0.00732	-0.00997	0.99970	0.02248	-0.00709	-0.02255	0.99972	
3	0.02000	0.04614	1.98568	0.64566	-0.05614	-0.14861	-0.23773	0.53150	0.99999	-0.00415	0.00260	0.00415	0.99999	-0.00097	-0.00259	0.00098	1.00000		-4.96440	56.72863	874.39504	179.91251	2.39421	-2.28701	0.58971	0.99833	0.03997	0.04168	0.03987	-0.99920	0.00319	0.04177	-0.00153	-0.99913		501.80985	3.96293	37.87077	1.28335	-0.40964	0.56343	0.36953	0.99993	0.00967	0.00737	-0.00983	0.99970	0.02233	-0.00715	-0.02240	0.99972	
4	0.03000	0.00994	2.10822	0.77659	0.06556	-0.05480	-0.27229	0.55864	0.99999	-0.00475	0.00095	0.00475	0.99999	0.00115	-0.00096	-0.00114	1.00000		-6.21471	58.65878	874.13538	179.83633	2.53620	-2.54424	0.69223	0.99804	0.04452	0.04408	0.04435	-0.99900	0.00482	0.04425	-0.00285	-0.99902		501.72344	4.35636	38.66973	1.25737	-0.21628	0.56613	0.37751	0.99994	0.00980	0.00399	-0.00988	0.99971	0.02191	-0.00377	-0.02194	0.99975	
5	0.04000	0.01162	2.09895	0.78345	0.06669	-0.05228	-0.27116	0.56000	0.99999	-0.00473	0.00091	0.00473	0.99999	0.00117	-0.00091	-0.00116	1.00000		-6.21629	58.72109	874.10996	179.82857	2.52255	-2.55906	0.69178	0.99803	0.04478	0.04383	0.04461	-0.99899	0.00495	0.04401	-0.00299	-0.99903		501.71671	4.33573	38.69477	1.22488	-0.20261	0.59381	0.37196	0.99994	0.01029	0.00376	-0.01036	0.99972	0.02134	-0.00354	-0.02138	0.99977	
6	0.05000	0.26213	2.67380	0.21354	0.68498	-0.92733	-0.48123	0.63344	0.99983	-0.00859	0.01608	0.00840	0.99989	0.01209	-0.01618	-0.01195	0.99980		6.30679	67.64639	874.05064	179.29707	1.56451	-2.64798	0.60112	0.99856	0.04653	0.02670	0.04618	-0.99884	0.01352	0.02730	-0.01226	-0.99955		501.94296	5.86861	32.05022	0.32721	0.73090	1.04861	0.37490	0.99975	0.01837	-0.01265	-0.01830	0.99981	0.00594	0.01276	-0.00571	0.99990	
7	0.06000	-0.07432	2.17126	0.69550	0.27072	-0.04604	-0.29751	0.49683	0.99999	-0.00520	0.00078	0.00519	0.99998	0.00473	-0.00080	-0.00473	0.99999		-6.31953	61.81698	873.82182	179.57703	2.45606	-2.62611	0.73141	0.99803	0.04613	0.04247	0.04578	-0.99891	0.00934	0.04285	-0.00738	-0.99905		501.64452	4.46180	38.97016	0.89247	-0.27557	0.85918	0.45217	0.99988	0.01492	0.00504	-0.01499	0.99977	0.01550	-0.00481	-0.01558	0.99987	
8	0.07000	-0.07839	2.17131	0.68402	0.26185	-0.03499	-0.29815	0.48656	0.99999	-0.00521	0.00059	0.00520	0.99998	0.00457	-0.00061	-0.00457	0.99999		-6.48520	61.68721	873.83567	179.58858	2.47307	-2.61564	0.72792	0.99803	0.04594	0.04278	0.04559	-0.99892	0.00914	0.04315	-0.00717	-0.99904		501.63453	4.55893	39.05044	0.95673	-0.22910	0.68637	0.40270	0.99992	0.01191	0.00420	-0.01198	0.99979	0.01665	-0.00400	-0.01670	0.99985	
9	0.08000	-0.07430	2.15865	0.67697	0.27236	-0.02804	-0.28995	0.48095	0.99999	-0.00506	0.00047	0.00506	0.99998	0.00476	-0.00049	-0.00475	0.99999		-6.64452	61.94368	873.79336	179.59666	2.42822	-2.69352	0.73938	0.99800	0.04729	0.04199	0.04695	-0.99886	0.00902	0.04237	-0.00703	-0.99908		501.61612	4.48721	39.10358	0.93530	-0.22997	0.69807	0.40146	0.99992	0.01212	0.00421	-0.01218	0.99979	0.01627	-0.00401	-0.01632	0.99986	
10	0.09000	-0.07487	2.17282	0.64977	0.27235	-0.03472	-0.29619	0.48180	0.99999	-0.00517	0.00058	0.00517	0.99998	0.00476	-0.00061	-0.00475	0.99999		-6.54120	61.79877	873.84766	179.57808	2.47218	-2.62552	0.72419	0.99802	0.04612	0.04275	0.04577	-0.99891	0.00933	0.04313	-0.00736	-0.99904		501.62309	4.51684	39.06762	0.92497	-0.22176	0.70419	0.39939	0.99992	0.01223	0.00407	-0.01229	0.99979	0.01609	-0.00387	-0.01614	0.99986	
11	0.10000	-0.07728	2.16300	0.68009	0.25137	-0.01577	-0.29257	0.47441	0.99999	-0.00511	0.00025	0.00511	0.99998	0.00439	-0.00028	-0.00439	0.99999		-6.84105	61.44977	873.87642	179.60065	2.50862	-2.60911	0.74183	0.99801	0.04583	0.04341	0.04548	-0.99893	0.00896	0.04377	-0.00696	-0.99902		501.61513	4.51700	39.19655	1.00412	-0.24311	0.67419	0.39292	0.99992	0.01169	0.00445	-0.01177	0.99978	0.01747	-0.00424	-0.01752	0.99984	
12	0.11000	-0.07529	2.17518	0.63437	0.28016	-0.03057	-0.29276	0.47720	0.99999	-0.00511	0.00051	0.00511	0.99998	0.00489	-0.00053	-0.00489	0.99999		-6.70568	61.96532	873.85678	179.60326	2.45127	-2.70037	0.74284	0.99798	0.04741	0.04240	0.04707	-0.99885	0.00893	0.04277	-0.00692	-0.99906		501.61289	4.49437	39.10668	0.93285	-0.22028	0.68982	0.39619	0.99992	0.01198	0.00404	-0.01204	0.99980	0.01623	-0.00384	-0.01628	0.99986	
13	0.12000	-0.07957	2.17852	0.63888	0.27824	-0.02531	-0.29506	0.47385	0.99999	-0.00515	0.00042	0.00515	0.99998	0.00486	-0.00044	-0.00486	0.99999		-6.76565	61.81026	873.90164	179.58514	2.51086	-2.63790	0.73494	0.99798	0.04634	0.04343	0.04598	-0.99890	0.00925	0.04381	-0.00723	-0.99901		501.61296	4.50458	39.15105	0.94203	-0.22960	0.70313	0.39668	0.99992	0.01220	0.00421	-0.01227	0.99979	0.01639	-0.00401	-0.01644	0.99986	
14	0.13000	-0.08482	2.16980	0.63824	0.26926	-0.02260	-0.29366	0.47220	0.99999	-0.00513	0.00037	0.00513	0.99998	0.00470	-0.00039	-0.00470	0.99999		-6.86982	61.71800	873.83486	179.60680	2.45505	-2.69849	0.74223	0.99797	0.04737	0.04246	0.04704	-0.99885	0.00887	0.04284	-0.00686	-0.99906		501.61242	4.49297	39.17259	0.95040	-0.23718	0.68967	0.40281	0.99992	0.01197	0.00434	-0.01204	0.99979	0.01654	-0.00414	-0.01659	0.99985	
15	0.14000	-0.08645	2.15533	0.63734	0.27227	-0.01944	-0.28564	0.47399	0.99999	-0.00499	0.00032	0.00499	0.99998	0.00475	-0.00034	-0.00475	0.99999		-6.86252	61.72742	873.90330	179.60443	2.51415	-2.62916	0.72831	0.99799	0.04617	0.04350	0.04583	-0.99891	0.00891	0.04387	-0.00690	-0.99901		501.60131	4.43670	39.20533	0.95172	-0.22580	0.69113	0.39065	0.99992	0.01200	0.00414	-0.01206	0.99979	0.01656	-0.00394	-0.01661	0.99985	
16	0.15000	-0.08438	2.16384	0.61938	0.27297	-0.02782	-0.29114	0.47050	0.99999	-0.00508	0.00046	0.00508	0.99998	0.00477	-0.00049	-0.00476	0.99999		-6.71938	61.69843	873.93100	179.59167	2.50731	-2.63036	0.73648	0.99799	0.04620	0.04337	0.04585	-0.99891	0.00913	0.04375	-0.00712	-0.99902		501.60976	4.49234	39.13117	0.95541	-0.23289	0.66900	0.39070	0.99992	0.01161	0.00426	-0.01168	0.99979	0.01663	-0.00406	-0.01667	0.99985	
17	0.16000	-0.08314	2.17433	0.62343	0.27773	-0.02499	-0.29343	0.47084	0.99999	-0.00512	0.00041	0.00512	0.99998	0.00485	-0.00044	-0.00485	0.99999		-6.74216	61.76887	873.92554	179.59508	2.51285	-2.62973	0.74137	0.99799	0.04619	0.04347	0.04584	-0.99891	0.00907	0.04384	-0.00706	-0.99901		501.60898	4.50994	39.16089	0.94799	-0.23048	0.67339	0.39755	0.99992	0.01168	0.00422	-0.01175	0.99979	0.01650	-0.00402	-0.01654	0.99986	
18	0.17000	-0.07849	2.16827	0.61099	0.27839	-0.02697	-0.28918	0.46971	0.99999	-0.00505	0.00045	0.00505	0.99998	0.00486	-0.00047	-0.00486	0.99999		-6.67762	61.78554	873.95748	179.59122	2.52459	-2.61297	0.74327	0.99799	0.04590	0.04368	0.04554	-0.99892	0.00914	0.04405	-0.00713	-0.99900		501.60237	4.48373	39.15772	0.95732	-0.21876	0.67198	0.39498	0.99992	0.01166	0.00401	-0.01173	0.99979	0.01666	-0.00382	-0.01671	0.99985	
19	0.18000	-0.07147	2.18494	0.59719	0.28153	-0.03084	-0.29392	0.47184	0.99999	-0.00513	0.00051	0.00513	0.99997	0.00492	-0.00054	-0.00491	0.99999		-6.65755	61.94545	873.88909	179.60103	2.43820	-2.70368	0.74970	0.99798	0.04747	0.04216	0.04713	-0.99885	0.00896	0.04254	-0.00696	-0.99907		501.60707	4.49218	39.13359	0.93746	-0.21578	0.69111	0.39473	0.99992	0.01200	0.00396	-0.01206	0.99979	0.01631	-0.00377	-0.01636	0.99986	
20	0.19000	-0.07365	2.17732	0.60716	0.27064	-0.02842	-0.29139	0.46584	0.99999	-0.00509	0.00047	0.00509	0.99998	0.00473	-0.00050	-0.00472	0.99999		-6.61257	61.72016	873.94119	179.59267	2.49696	-2.62611	0.73891	0.99800	0.04613	0.04319	0.04577	-0.99891	0.00910	0.04357	-0.00710	-0.99903		501.61283	4.49500	39.13181	0.97452	-0.23405	0.66670	0.40062	0.99992	0.01156	0.00428	-0.01164	0.99979	0.01696	-0.00409	-0.01701	0.99985	
21	0.20000	-0.07151	2.19054	0.61361	0.27486	-0.02375	-0.29759	0.46805	0.99999	-0.00520	0.00039	0.00519	0.99998	0.00480	-0.00041	-0.00480	0.99999		-6.67496	61.80322	873.92156	179.58826	2.50081	-2.63746	0.73916	0.99799	0.04633	0.04326	0.04597	-0.99890	0.00919	0.04363	-0.00718	-0.99902		501.60218	4.51324	39.17217	0.94530	-0.23018	0.69910	0.39680	0.99992	0.01213	0.00422	-0.01220	0.99979	0.01645	-0.00402	-0.01650	0.99986	
22	0.21000	-0.07400	2.18767	0.60351	0.27934	-0.02890	-0.29453	0.46746	0.99999	-0.00514	0.00048	0.00514	0.99998	0.00488	-0.00050	-0.00488	0.99999		-6.58644	61.84985	873.90628	179.55978	2.49302	-2.62308	0.74822	0.99801	0.04610	0.04310	0.04572	-0.99891	0.00967	0.04350	-0.00768	-0.99902		501.60533	4.49891	39.13824	0.93684	-0.21976	0.68357	0.39568	0.99992	0.01187	0.00403	-0.01193	0.99980	0.01630	-0.00384	-0.01635	0.99986	
23	0.22000	-0.07182	2.18570	0.58857	0.28430	-0.03202	-0.29342	0.46722	0.99999	-0.00512	0.00053	0.00512	0.99997	0.00496	-0.00056	-0.00496	0.99999		-6.55357	62.00874	873.91540	179.57901	2.48519	-2.63255	0.73359	0.99801	0.04625	0.04298	0.04589	-0.99890	0.00933	0.04336	-0.00734	-0.99903		501.66083	4.13660	39.09584	0.62619	-0.28481	1.12973	0.30448	0.99979	0.01966	0.00519	-0.01972	0.99975	0.01083	-0.00497	-0.01093	0.99993	
24	0.23000	-0.07922	2.19572	0.60369	0.28110	-0.02538	-0.29663	0.46496	0.99999	-0.00518	0.00042	0.00518	0.99997	0.00491	-0.00044	-0.00491	0.99999		-6.72661	62.01756	873.83998	179.58002	2.43978	-2.70364	0.74354	0.99798	0.04748	0.04218	0.04713	-0.99885	0.00933	0.04257	-0.00732	-0.99907		501.61120	4.50402	39.16201	0.93992	-0.23554	0.69666	0.39582	0.99992	0.01209	0.00431	-0.01216	0.99979	0.01635	-0.00411	-0.01640	0.99986	
25	0.24000	-0.08314	2.19021	0.60196	0.27131	-0.02401	-0.29616	0.46580	0.99999	-0.00517	0.00040	0.00517	0.99998	0.00474	-0.00042	-0.00474	0.99999		-6.73071	61.76210	873.91210	179.56979	2.50640	-2.62321	0.73844	0.99800	0.04609	0.04334	0.04572	-0.99891	0.00950	0.04373	-0.00750	-0.99902		501.61415	4.49008	39.16912	0.92526	-0.23439	0.68972	0.39513	0.99992	0.01197	0.00428	-0.01204	0.99980	0.01610	-0.00409	-0.01615	0.99986	
26	0.25000	-0.07768	2.18776	0.59638	0.27771	-0.02827	-0.29379	0.46628	0.99999	-0.00513	0.00047	0.00513	0.99998	0.00485	-0.00049	-0.00485	0.99999		-6.76047	61.97661	873.83726	179.58757	2.43165	-2.71452	0.74053	0.99798	0.04766	0.04204	0.04732	-0.99884	0.00920	0.04243	-0.00719	-0.99907		501.60332	4.49199	39.14934	0.94508	-0.22175	0.68440	0.39648	0.99992	0.01188	0.00407	-0.01194	0.99979	0.01645	-0.00387	-0.01649	0.99986	
27	0.26000	-0.07706	2.19629	0.60922	0.27810	-0.02118	-0.29803	0.46959	0.99999	-0.00520	0.00034	0.00520	0.99997	0.00485	-0.00037	-0.00485	0.99999		-6.91025	61.95453	873.83148	179.58978	2.44621	-2.71161	0.74887	0.99797	0.04761	0.04229	0.04727	-0.99884	0.00917	0.04268	-0.00715	-0.99906		501.59663	4.52801	39.19626	0.95452	-0.22951	0.68365	0.40366	0.99992	0.01186	0.00420	-0.01193	0.99979	0.01661	-0.00401	-0.01666	0.99985	
28	0.27000	-0.07178	2.19567	0.59625	0.27818	-0.02865	-0.29672	0.46632	0.99999	-0.00518	0.00048	0.00518	0.99997	0.00486	-0.00050	-0.00486	0.99999		-6.74728	61.83045	873.92315	179.56142	2.51840	-2.63369	0.74058	0.99798	0.04629	0.04354	0.04591	-0.99890	0.00967	0.04394	-0.00765	-0.99900		501.60799	4.50250	39.13475	0.93487	-0.23172	0.69172	0.39480	0.99992	0.01200	0.00424	-0.01207	0.99979	0.01627	-0.00404	-0.01632	0.99986	
29	0.28000	-0.07224	2.19030	0.58284	0.28936	-0.03427	-0.29444	0.46845	0.99999	-0.00514	0.00057	0.00514	0.99997	0.00505	-0.00060	-0.00505	0.99999		-6.68264	62.01010	873.90065	179.56334	2.48410	-2.63597	0.74745	0.99800	0.04632	0.04294	0.04595	-0.99890	0.00961	0.04334	-0.00761	-0.99903		501.61193	4.49522	39.09731	0.93203	-0.23018	0.69029	0.39816	0.99992	0.01198	0.00421	-0.01205	0.99980	0.01622	-0.00402	-0.01627	0.99986	
30	0.29000	-0.08161	2.19698	0.60002	0.28083	-0.02567	-0.29754	0.46711	0.99999	-0.00519	0.00042	0.00519	0.99997	0.00490	-0.00045	-0.00490	0.99999		-6.76890	61.86031	873.94241	179.58382	2.52435	-2.63187	0.74021	0.99798	0.04624	0.04366	0.04587	-0.99890	0.00928	0.04404	-0.00726	-0.99900		501.61560	4.52159	39.15737	0.94237	-0.24241	0.67925	0.39346	0.99992	0.01178	0.00442	-0.01185	0.99980	0.01640	-0.00423	-0.01645	0.99986	
31	0.30000	-0.08190	2.17357	0.57777	0.27989	-0.03540	-0.29066	0.46946	0.99999	-0.00508	0.00059	0.00507	0.99998	0.00489	-0.00062	-0.00488	0.99999		-6.64866	61.94056	873.86502	179.59235	2.42668	-2.71225	0.74870	0.99798	0.04762	0.04196	0.04728	-0.99884	0.00911	0.04234	-0.00711	-0.99908		501.61453	4.49142	39.09711	0.95359	-0.22113	0.66494	0.39467	0.99993	0.01154	0.00405	-0.01161	0.99979	0.01660	-0.00386	-0.01664	0.99985	
32	0.31000	-0.08311	2.18174	0.58406	0.28030	-0.03352	-0.29552	0.46878	0.99999	-0.00516	0.00056	0.00516	0.99997	0.00489	-0.00059	-0.00489	0.99999		-6.57252	61.83603	873.95203	179.58575	2.50860	-2.62584	0.73900	0.99799	0.04613	0.04339	0.04577	-0.99891	0.00923	0.04377	-0.00722	-0.99902		501.61784	4.52061	39.09602	0.94812	-0.23886	0.67658	0.39444	0.99992	0.01174	0.00436	-0.01181	0.99979	0.01650	-0.00417	-0.01655	0.99985	
33	0.32000	-0.07429	2.19120	0.57948	0.28485	-0.03398	-0.29549	0.47202	0.99999	-0.00516	0.00057	0.00516	0.99997	0.00497	-0.00059	-0.00497	0.99999		-6.54918	61.89995	873.96073	179.58635	2.50328	-2.63506	0.73928	0.99799	0.04629	0.04330	0.04593	-0.99890	0.00922	0.04368	-0.00721	-0.99902		501.61684	4.50267	39.09618	0.92874	-0.23773	0.68642	0.39617	0.99992	0.01191	0.00434	-0.01198	0.99980	0.01616	-0.00415	-0.01621	0.99986	
34	0.33000	-0.07783	2.19163	0.60507	0.26822	-0.02395	-0.29830	0.46584	0.99999	-0.00521	0.00039	0.00521	0.99998	0.00468	-0.00042	-0.00468	0.99999		-6.67904	61.63604	873.95861	179.60246	2.51282	-2.64358	0.73839	0.99798	0.04643	0.04348	0.04608	-0.99890	0.00895	0.04384	-0.00693	-0.99901		501.61362	4.52535	39.16271	0.95705	-0.23962	0.68085	0.39426	0.99992	0.01181	0.00438	-0.01188	0.99979	0.01665	-0.00418	-0.01670	0.99985	
35	0.34000	-0.07152	2.17828	0.59056	0.27507	-0.02999	-0.29294	0.46923	0.99999	-0.00511	0.00050	0.00511	0.99998	0.00480	-0.00052	-0.00480	0.99999		-6.56238	61.72999	873.97964	179.59486	2.51732	-2.62447	0.74459	0.99799	0.04610	0.04355	0.04575	-0.99891	0.00907	0.04392	-0.00706	-0.99901		501.60648	4.48301	39.13010	0.94508	-0.22600	0.69035	0.39833	0.99992	0.01198	0.00414	-0.01205	0.99979	0.01645	-0.00394	-0.01649	0.99986	
36	0.35000	-0.06813	2.20260	0.56050	0.30000	-0.03935	-0.29702	0.46772	0.99999	-0.00519	0.00066	0.00518	0.99997	0.00524	-0.00069	-0.00524	0.99999		-6.44246	62.11714	873.96564	179.56921	2.49481	-2.63982	0.74444	0.99799	0.04638	0.04314	0.04601	-0.99890	0.00952	0.04353	-0.00751	-0.99902		501.61193	4.52154	39.08636	0.92522	-0.20828	0.68798	0.39347	0.99992	0.01195	0.00383	-0.01201	0.99980	0.01610	-0.00364	-0.01615	0.99986	
37	0.36000	-0.07276	2.19212	0.59010	0.27968	-0.02655	-0.29661	0.46560	0.99999	-0.00518	0.00044	0.00518	0.99997	0.00488	-0.00046	-0.00488	0.99999		-6.63923	61.81040	873.96797	179.58727	2.51329	-2.63061	0.74708	0.99799	0.04621	0.04347	0.04585	-0.99891	0.00921	0.04385	-0.00720	-0.99901		501.66675	4.16463	39.13347	0.64929	-0.29776	1.13026	0.30077	0.99979	0.01967	0.00542	-0.01973	0.99974	0.01123	-0.00520	-0.01133	0.99992	
38	0.37000	-0.08207	2.18854	0.58264	0.27187	-0.02838	-0.29787	0.46753	0.99999	-0.00520	0.00047	0.00520	0.99998	0.00475	-0.00050	-0.00474	0.99999		-6.62860	61.68053	873.93503	179.58191	2.50215	-2.63020	0.73904	0.99799	0.04621	0.04327	0.04585	-0.99891	0.00929	0.04366	-0.00729	-0.99902		501.61512	4.54397	39.15341	0.97272	-0.22481	0.67419	0.39238	0.99992	0.01170	0.00412	-0.01177	0.99979	0.01693	-0.00392	-0.01698	0.99985	
39	0.38000	-0.08466	2.20579	0.58658	0.28314	-0.03051	-0.30295	0.46658	0.99999	-0.00529	0.00051	0.00529	0.99997	0.00494	-0.00053	-0.00494	0.99999		-6.62313	61.87253	873.95836	179.58365	2.51255	-2.62694	0.74693	0.99799	0.04615	0.04346	0.04579	-0.99891	0.00927	0.04384	-0.00726	-0.99901		501.61704	4.56491	39.12160	0.94330	-0.22930	0.68772	0.40076	0.99992	0.01194	0.00420	-0.01200	0.99979	0.01641	-0.00400	-0.01646	0.99986	
40	0.39000	-0.08190	2.18699	0.57049	0.28463	-0.03647	-0.29425	0.47168	0.99999	-0.00514	0.00061	0.00514	0.99997	0.00497	-0.00064	-0.00497	0.99999		-6.56755	61.90945	873.94238	179.56006	2.50264	-2.62903	0.73781	0.99799	0.04620	0.04327	0.04583	-0.99890	0.00967	0.04367	-0.00767	-0.99902		501.61568	4.48831	39.09404	0.92781	-0.21379	0.69213	0.39692	0.99992	0.01202	0.00393	-0.01208	0.99980	0.01615	-0.00373	-0.01619	0.99986	
41	0.40000	-0.08261	2.19095	0.59709	0.27833	-0.02400	-0.29686	0.46628	0.99999	-0.00518	0.00039	0.00518	0.99997	0.00486	-0.00042	-0.00486	0.99999		-6.82262	61.97793	873.88468	179.61133	2.46234	-2.71967	0.74855	0.99795	0.04774	0.04259	0.04741	-0.99884	0.00881	0.04296	-0.00678	-0.99905		501.61038	4.52456	39.16190	0.95455	-0.23751	0.67325	0.39689	0.99992	0.01168	0.00434	-0.01175	0.99979	0.01661	-0.00415	-0.01666	0.99985	
42	0.41000	-0.08757	2.18505	0.59744	0.27803	-0.02372	-0.29460	0.46745	0.99999	-0.00514	0.00039	0.00514	0.99998	0.00485	-0.00041	-0.00485	0.99999		-6.79775	61.86543	873.94025	179.58499	2.52385	-2.62676	0.74225	0.99798	0.04615	0.04366	0.04579	-0.99891	0.00925	0.04404	-0.00724	-0.99900		501.61794	4.51197	39.15874	0.94207	-0.23386	0.67389	0.39505	0.99992	0.01169	0.00427	-0.01176	0.99980	0.01639	-0.00408	-0.01644	0.99986	
43	0.42000	-0.07737	2.19711	0.57843	0.28305	-0.03045	-0.29815	0.46738	0.99999	-0.00521	0.00051	0.00520	0.99997	0.00494	-0.00053	-0.00494	0.99999		-6.72258	61.91942	873.91980	179.55785	2.50835	-2.63886	0.73660	0.99798	0.04638	0.04336	0.04600	-0.99889	0.00972	0.04376	-0.00771	-0.99901		501.61264	4.53901	39.13472	0.94512	-0.22388	0.66662	0.39638	0.99992	0.01157	0.00410	-0.01163	0.99980	0.01645	-0.00391	-0.01649	0.99986	
44	0.43000	-0.08122	2.19334	0.58903	0.28980	-0.02646	-0.29481	0.46666	0.99999	-0.00515	0.00044	0.00515	0.99997	0.00506	-0.00046	-0.00506	0.99999		-6.75619	62.05642	873.93881	179.57539	2.52401	-2.62479	0.74358	0.99798	0.04612	0.04365	0.04575	-0.99891	0.00942	0.04404	-0.00740	-0.99900		501.61685	4.51736	39.15228	0.94446	-0.23077	0.67396	0.39523	0.99992	0.01169	0.00422	-0.01176	0.99980	0.01643	-0.00403	-0.01648	0.99986	
45	0.44000	-0.07857	2.20377	0.58436	0.28771	-0.02924	-0.29918	0.46510	0.99999	-0.00522	0.00048	0.00522	0.99997	0.00502	-0.00051	-0.00502	0.99999		-6.70156	62.01709	873.93726	179.56226	2.51448	-2.63964	0.73683	0.99798	0.04639	0.04347	0.04601	-0.99889	0.00965	0.04387	-0.00763	-0.99901		501.61722	4.53454	39.12637	0.94302	-0.23492	0.69030	0.39512	0.99992	0.01198	0.00430	-0.01205	0.99979	0.01641	-0.00410	-0.01646	0.99986	
46	0.45000	-0.07933	2.19277	0.58393	0.28563	-0.02740	-0.29718	0.46571	0.99999	-0.00519	0.00045	0.00519	0.99997	0.00499	-0.00048	-0.00499	0.99999		-6.74857	62.10670	873.87301	179.59787	2.44521	-2.71417	0.74288	0.99797	0.04765	0.04228	0.04731	-0.99884	0.00903	0.04266	-0.00701	-0.99906		501.61574	4.54549	39.14811	0.94972	-0.23110	0.66291	0.39666	0.99992	0.01150	0.00422	-0.01157	0.99980	0.01653	-0.00403	-0.01657	0.99985	
47	0.46000	-0.08104	2.19474	0.57662	0.28698	-0.03168	-0.29572	0.46627	0.99999	-0.00516	0.00053	0.00516	0.99997	0.00501	-0.00055	-0.00501	0.99999		-6.61132	61.98338	873.90063	179.56693	2.48809	-2.62828	0.73139	0.99801	0.04618	0.04302	0.04581	-0.99890	0.00954	0.04341	-0.00755	-0.99903		501.60786	4.50515	39.12164	0.94383	-0.21096	0.69781	0.39549	0.99992	0.01212	0.00388	-0.01218	0.99979	0.01643	-0.00368	-0.01647	0.99986	
48	0.47000	-0.08429	2.18941	0.59472	0.28673	-0.02376	-0.29641	0.46676	0.99999	-0.00517	0.00039	0.00517	0.99997	0.00501	-0.00041	-0.00500	0.99999		-6.73521	62.10658	873.87099	179.60461	2.45010	-2.70979	0.74587	0.99797	0.04757	0.04237	0.04723	-0.99884	0.00891	0.04275	-0.00689	-0.99906		501.61064	4.51140	39.17547	0.93396	-0.23182	0.68943	0.39500	0.99992	0.01196	0.00424	-0.01203	0.99980	0.01625	-0.00405	-0.01630	0.99986	
49	0.48000	-0.15003	2.15010	1.17105	0.08144	0.17732	-0.30281	0.53361	0.99998	-0.00528	-0.00310	0.00528	0.99999	0.00140	0.00309	-0.00142	0.99999		-9.67411	58.83398	873.50953	179.76640	2.69772	-2.63424	0.73981	0.99784	0.04615	0.04683	0.04591	-0.99893	0.00624	0.04707	-0.00407	-0.99888		501.54132	4.48736	40.36210	1.16171	-0.42957	0.67834	0.39446	0.99990	0.01168	0.00774	-0.01184	0.99973	0.02018	-0.00750	-0.02027	0.99977	
50	0.49000	-0.07755	2.19780	0.59067	0.28781	-0.02757	-0.29587	0.46890	0.99999	-0.00517	0.00046	0.00516	0.99997	0.00502	-0.00048	-0.00502	0.99999		-6.62967	61.96862	873.92814	179.57397	2.49920	-2.64301	0.74156	0.99799	0.04644	0.04321	0.04607	-0.99889	0.00944	0.04361	-0.00743	-0.99902		501.62155	4.51571	39.13899	0.94157	-0.24186	0.67198	0.39687	0.99992	0.01166	0.00441	-0.01173	0.99980	0.01638	-0.00422	-0.01643	0.99986	
51	0.50000	-0.07131	2.17111	0.58257	0.27822	-0.02731	-0.28585	0.46566	0.99999	-0.00499	0.00045	0.00499	0.99998	0.00486	-0.00048	-0.00486	0.99999		-6.63230	61.82923	873.96321	179.58522	2.51130	-2.62596	0.74327	0.99799	0.04613	0.04344	0.04577	-0.99891	0.00924	0.04382	-0.00723	-0.99901		501.62001	4.46337	39.14827	0.96125	-0.24168	0.65049	0.39874	0.99993	0.01128	0.00441	-0.01135	0.99980	0.01673	-0.00422	-0.01678	0.99985	
52	0.51000	-0.07587	2.18822	0.58919	0.28169	-0.02609	-0.29428	0.46693	0.99999	-0.00514	0.00043	0.00514	0.99997	0.00492	-0.00046	-0.00492	0.99999		-6.67285	61.83339	873.96839	179.57350	2.52693	-2.63249	0.73525	0.99797	0.04626	0.04370	0.04588	-0.99890	0.00946	0.04409	-0.00744	-0.99900		501.61928	4.52753	39.15363	0.96585	-0.24410	0.65354	0.39724	0.99993	0.01133	0.00445	-0.01141	0.99979	0.01681	-0.00426	-0.01686	0.99985	
53	0.52000	-0.07709	2.19171	0.57805	0.28741	-0.03165	-0.29621	0.46380	0.99999	-0.00517	0.00053	0.00517	0.99997	0.00502	-0.00055	-0.00502	0.99999		-6.67100	62.03428	873.89914	179.60475	2.44653	-2.72284	0.74542	0.99796	0.04780	0.04231	0.04746	-0.99883	0.00892	0.04269	-0.00689	-0.99906		501.62097	4.52189	39.10409	0.93870	-0.23529	0.67095	0.39677	0.99992	0.01164	0.00430	-0.01171	0.99980	0.01633	-0.00411	-0.01638	0.99986	
54	0.53000	-0.07683	2.19511	0.55594	0.29146	-0.03955	-0.29702	0.46378	0.99999	-0.00519	0.00066	0.00518	0.99997	0.00509	-0.00069	-0.00509	0.99999		-6.52009	61.96521	873.97959	179.57475	2.50472	-2.63685	0.74262	0.99799	0.04633	0.04331	0.04596	-0.99890	0.00942	0.04370	-0.00741	-0.99902		501.62214	4.53389	39.06164	0.94707	-0.23029	0.67163	0.39672	0.99992	0.01165	0.00421	-0.01172	0.99980	0.01648	-0.00402	-0.01653	0.99986	
55	0.54000	-0.07693	2.18248	0.58125	0.28429	-0.02672	-0.29109	0.46681	0.99999	-0.00508	0.00044	0.00508	0.99997	0.00496	-0.00047	-0.00496	0.99999		-6.72526	61.88244	873.96436	179.58887	2.52042	-2.63084	0.74714	0.99798	0.04621	0.04360	0.04586	-0.99891	0.00919	0.04398	-0.00717	-0.99901		501.66357	4.12526	39.14924	0.63635	-0.28556	1.11476	0.29692	0.99980	0.01940	0.00520	-0.01945	0.99975	0.01101	-0.00498	-0.01111	0.99993	
56	0.55000	-0.08238	2.19101	0.57124	0.29868	-0.03174	-0.29333	0.46684	0.99999	-0.00512	0.00053	0.00512	0.99997	0.00522	-0.00055	-0.00521	0.99999		-6.66460	62.09942	873.95862	179.57265	2.52001	-2.63426	0.73744	0.99798	0.04629	0.04358	0.04592	-0.99890	0.00947	0.04397	-0.00745	-0.99901		501.62026	4.50645	39.12606	0.93207	-0.23202	0.67899	0.39875	0.99992	0.01178	0.00424	-0.01185	0.99980	0.01622	-0.00405	-0.01627	0.99986	
57	0.56000	-0.08143	2.18851	0.57476	0.27873	-0.03142	-0.29540	0.46656	0.99999	-0.00516	0.00052	0.00516	0.99998	0.00487	-0.00055	-0.00486	0.99999		-6.68347	61.77720	873.93902	179.57225	2.50280	-2.62627	0.73929	0.99800	0.04615	0.04328	0.04578	-0.99891	0.00946	0.04367	-0.00746	-0.99902		501.61046	4.50837	39.12254	0.95502	-0.22961	0.68138	0.39801	0.99992	0.01182	0.00420	-0.01189	0.99979	0.01662	-0.00401	-0.01667	0.99985	
58	0.57000	-0.07724	2.20412	0.57223	0.29253	-0.03198	-0.29759	0.46644	0.99999	-0.00520	0.00053	0.00519	0.99997	0.00511	-0.00056	-0.00511	0.99999		-6.66866	61.99843	873.93249	179.56377	2.51142	-2.63903	0.73301	0.99798	0.04638	0.04342	0.04600	-0.99890	0.00962	0.04382	-0.00761	-0.99901		501.61446	4.51070	39.12611	0.92841	-0.22821	0.69364	0.39800	0.99992	0.01204	0.00418	-0.01211	0.99980	0.01615	-0.00398	-0.01620	0.99986	
59	0.58000	-0.07428	2.18853	0.55433	0.28613	-0.03835	-0.29142	0.46568	0.99999	-0.00509	0.00064	0.00509	0.99997	0.00500	-0.00067	-0.00499	0.99999		-6.54793	61.96918	873.97779	179.57886	2.51041	-2.62839	0.74219	0.99799	0.04618	0.04342	0.04581	-0.99891	0.00935	0.04380	-0.00734	-0.99901		501.62006	4.47286	39.09623	0.93500	-0.21418	0.68603	0.39769	0.99992	0.01191	0.00393	-0.01197	0.99980	0.01627	-0.00374	-0.01632	0.99986	
60	0.59000	-0.07364	2.19110	0.57675	0.28094	-0.02968	-0.29505	0.46996	0.99999	-0.00515	0.00049	0.00515	0.99997	0.00491	-0.00052	-0.00490	0.99999		-6.67441	61.92309	873.93734	179.58870	2.50345	-2.63241	0.74068	0.99799	0.04624	0.04330	0.04588	-0.99890	0.00918	0.04368	-0.00717	-0.99902		501.67679	4.14774	39.11446	0.64124	-0.29972	1.12031	0.30442	0.99980	0.01949	0.00545	-0.01955	0.99975	0.01109	-0.00523	-0.01119	0.99992	
61	0.60000	-0.07407	2.20653	0.56577	0.28676	-0.03434	-0.30097	0.46707	0.99999	-0.00526	0.00057	0.00525	0.99997	0.00501	-0.00060	-0.00500	0.99999		-6.57278	61.99834	873.96315	179.56993	2.50211	-2.64402	0.74162	0.99798	0.04646	0.04326	0.04609	-0.99889	0.00951	0.04366	-0.00750	-0.99902		501.61544	4.54250	39.11206	0.94641	-0.22009	0.69173	0.39280	0.99992	0.01201	0.00404	-0.01207	0.99979	0.01647	-0.00384	-0.01652	0.99986	
62	0.61000	-0.08241	2.19654	0.58324	0.27466	-0.02536	-0.29772	0.46330	0.99999	-0.00520	0.00042	0.00520	0.99998	0.00480	-0.00044	-0.00479	0.99999		-6.67932	61.82259	873.94515	179.58128	2.50730	-2.63271	0.74024	0.99799	0.04625	0.04336	0.04589	-0.99890	0.00931	0.04375	-0.00730	-0.99902		501.62196	4.52498	39.17500	0.96244	-0.23521	0.68075	0.39088	0.99992	0.01181	0.00430	-0.01188	0.99979	0.01675	-0.00411	-0.01680	0.99985	
63	0.62000	-0.08066	2.18504	0.57248	0.27870	-0.03031	-0.29186	0.46808	0.99999	-0.00510	0.00050	0.00509	0.99998	0.00487	-0.00053	-0.00486	0.99999		-6.58862	61.91588	873.96791	179.58208	2.50643	-2.62768	0.73710	0.99799	0.04616	0.04335	0.04580	-0.99891	0.00929	0.04373	-0.00729	-0.99902		501.61383	4.47033	39.15026	0.93949	-0.22163	0.69122	0.39851	0.99992	0.01200	0.00407	-0.01206	0.99979	0.01635	-0.00387	-0.01640	0.99986	
64	0.63000	-0.08136	2.19204	0.56901	0.27580	-0.03158	-0.29859	0.46679	0.99999	-0.00521	0.00053	0.00521	0.99997	0.00482	-0.00055	-0.00481	0.99999		-6.57638	61.86075	873.96117	179.57756	2.49564	-2.64204	0.73962	0.99799	0.04642	0.04316	0.04605	-0.99890	0.00937	0.04354	-0.00737	-0.99902		501.62499	4.52343	39.11449	0.93637	-0.24268	0.69009	0.39570	0.99992	0.01197	0.00443	-0.01204	0.99979	0.01629	-0.00424	-0.01634	0.99986	
65	0.64000	-0.07405	2.19044	0.54231	0.29331	-0.04256	-0.29254	0.46679	0.99999	-0.00511	0.00072	0.00511	0.99997	0.00512	-0.00074	-0.00512	0.99999		-6.47106	62.22704	873.91246	179.59088	2.43506	-2.70924	0.74532	0.99798	0.04757	0.04210	0.04722	-0.99884	0.00914	0.04249	-0.00713	-0.99907		501.62401	4.49311	39.05193	0.92511	-0.21940	0.68331	0.39715	0.99992	0.01186	0.00402	-0.01193	0.99980	0.01610	-0.00383	-0.01615	0.99986	
66	0.65000	-0.07598	2.18199	0.58221	0.28095	-0.02706	-0.29083	0.46844	0.99999	-0.00508	0.00045	0.00508	0.99998	0.00491	-0.00047	-0.00490	0.99999		-6.68200	61.92892	873.94529	179.58911	2.50647	-2.62235	0.74637	0.99800	0.04606	0.04336	0.04571	-0.99891	0.00916	0.04373	-0.00716	-0.99902		501.61004	4.50595	39.15737	0.97396	-0.22986	0.64605	0.39825	0.99993	0.01121	0.00420	-0.01128	0.99979	0.01695	-0.00401	-0.01700	0.99985	
67	0.66000	-0.08024	2.19095	0.59006	0.28105	-0.02515	-0.29446	0.46655	0.99999	-0.00514	0.00041	0.00514	0.99997	0.00491	-0.00044	-0.00491	0.99999		-6.72215	61.88770	873.94634	179.58130	2.51780	-2.63092	0.74589	0.99798	0.04622	0.04355	0.04586	-0.99890	0.00932	0.04393	-0.00730	-0.99901		501.61072	4.50168	39.16902	0.94914	-0.23153	0.67807	0.39750	0.99992	0.01177	0.00424	-0.01183	0.99979	0.01652	-0.00404	-0.01656	0.99985	
68	0.67000	-0.07995	2.20330	0.56082	0.29078	-0.03476	-0.29912	0.46308	0.99999	-0.00522	0.00058	0.00522	0.99997	0.00508	-0.00061	-0.00508	0.99999		-6.61170	62.01043	873.96205	179.57594	2.51049	-2.63998	0.74398	0.99798	0.04638	0.04341	0.04602	-0.99890	0.00941	0.04380	-0.00739	-0.99901		501.62751	4.55409	39.09479	0.95166	-0.23741	0.66140	0.39973	0.99992	0.01147	0.00433	-0.01154	0.99980	0.01656	-0.00414	-0.01661	0.99985	
69	0.68000	-0.08252	2.18340	0.57429	0.27992	-0.02826	-0.29217	0.46908	0.99999	-0.00510	0.00047	0.00510	0.99998	0.00489	-0.00049	-0.00489	0.99999		-6.71684	61.80175	873.93963	179.57510	2.51241	-2.62168	0.73911	0.99799	0.04606	0.04345	0.04570	-0.99891	0.00941	0.04384	-0.00741	-0.99901		501.61629	4.48567	39.15574	0.94881	-0.22348	0.67131	0.39845	0.99992	0.01165	0.00409	-0.01172	0.99980	0.01651	-0.00390	-0.01656	0.99986	
70	0.69000	-0.09044	2.18173	0.59343	0.26935	-0.02213	-0.29407	0.46563	0.99999	-0.00513	0.00036	0.00513	0.99998	0.00470	-0.00039	-0.00470	0.99999		-6.80083	61.68552	873.95629	179.60689	2.51909	-2.64323	0.73948	0.99797	0.04642	0.04359	0.04607	-0.99890	0.00888	0.04395	-0.00685	-0.99901		501.61449	4.52313	39.18764	0.98682	-0.23519	0.65085	0.39905	0.99993	0.01129	0.00430	-0.01136	0.99979	0.01717	-0.00410	-0.01722	0.99984	
71	0.70000	-0.08924	2.18336	0.58141	0.28268	-0.02569	-0.29189	0.46498	0.99999	-0.00510	0.00042	0.00509	0.99997	0.00494	-0.00045	-0.00493	0.99999		-6.74422	61.86052	873.95130	179.58684	2.51485	-2.63374	0.74246	0.99798	0.04627	0.04350	0.04591	-0.99890	0.00922	0.04388	-0.00720	-0.99901		501.62101	4.48832	39.16713	0.95522	-0.23969	0.67259	0.39378	0.99992	0.01167	0.00438	-0.01174	0.99979	0.01662	-0.00418	-0.01667	0.99985	
72	0.71000	-0.08357	2.18162	0.58363	0.28182	-0.02702	-0.29224	0.46757	0.99999	-0.00510	0.00045	0.00510	0.99998	0.00492	-0.00047	-0.00492	0.99999		-6.72415	61.87452	873.93093	179.59966	2.50695	-2.63580	0.73867	0.99799	0.04629	0.04337	0.04594	-0.99890	0.00899	0.04374	-0.00698	-0.99902		501.60670	4.48982	39.15660	0.95222	-0.22316	0.67336	0.39690	0.99992	0.01169	0.00409	-0.01175	0.99979	0.01657	-0.00389	-0.01662	0.99985	
73	0.72000	-0.08797	2.19906	0.59471	0.28508	-0.02142	-0.29807	0.46375	0.99999	-0.00520	0.00035	0.00520	0.99997	0.00498	-0.00037	-0.00498	0.99999		-6.77662	61.87669	873.95041	179.58011	2.53227	-2.63971	0.74806	0.99796	0.04638	0.04380	0.04601	-0.99890	0.00936	0.04418	-0.00732	-0.99900		501.61776	4.55676	39.19005	0.97349	-0.24019	0.64811	0.39659	0.99993	0.01124	0.00438	-0.01131	0.99979	0.01694	-0.00419	-0.01699	0.99985	
74	0.73000	-0.07677	2.18471	0.57150	0.28116	-0.03147	-0.29474	0.46445	0.99999	-0.00515	0.00052	0.00514	0.99997	0.00491	-0.00055	-0.00491	0.99999		-6.62361	61.84113	873.95467	179.58589	2.50352	-2.63074	0.73741	0.99799	0.04621	0.04330	0.04586	-0.99891	0.00922	0.04368	-0.00722	-0.99902		501.61795	4.53475	39.12602	0.96234	-0.23014	0.65136	0.39267	0.99993	0.01130	0.00421	-0.01137	0.99980	0.01675	-0.00402	-0.01680	0.99985	
75	0.74000	-0.07728	2.18988	0.58455	0.28659	-0.02810	-0.29356	0.46594	0.99999	-0.00513	0.00047	0.00512	0.99997	0.00500	-0.00049	-0.00500	0.99999		-6.65238	61.93026	873.94590	179.57886	2.51511	-2.63087	0.74212	0.99798	0.04622	0.04350	0.04586	-0.99890	0.00936	0.04388	-0.00734	-0.99901		501.60434	4.51601	39.14581	0.95749	-0.21703	0.66024	0.39542	0.99993	0.01146	0.00398	-0.01152	0.99979	0.01667	-0.00379	-0.01671	0.99985	
76	0.75000	-0.07764	2.20165	0.57812	0.28325	-0.02864	-0.29847	0.46599	0.99999	-0.00521	0.00047	0.00521	0.99997	0.00495	-0.00050	-0.00494	0.99999		-6.63494	61.88587	873.96036	179.58411	2.51347	-2.63663	0.74995	0.99798	0.04632	0.04347	0.04596	-0.99890	0.00927	0.04385	-0.00725	-0.99901		501.61363	4.52339	39.15146	0.94187	-0.22390	0.67871	0.39161	0.99992	0.01178	0.00410	-0.01185	0.99980	0.01639	-0.00391	-0.01644	0.99986	
77	0.76000	-0.07519	2.19713	0.55977	0.28526	-0.03631	-0.29474	0.46751	0.99999	-0.00515	0.00061	0.00514	0.99997	0.00498	-0.00063	-0.00498	0.99999		-6.51565	61.93627	873.96900	179.57738	2.50077	-2.62471	0.75152	0.99800	0.04611	0.04325	0.04575	-0.99891	0.00937	0.04363	-0.00737	-0.99902		501.61467	4.50671	39.09120	0.94634	-0.22114	0.67174	0.39548	0.99992	0.01166	0.00405	-0.01172	0.99980	0.01647	-0.00386	-0.01652	0.99986	
78	0.77000	-0.08479	2.20705	0.56551	0.28672	-0.03339	-0.30102	0.46572	0.99999	-0.00526	0.00056	0.00525	0.99997	0.00501	-0.00058	-0.00500	0.99999		-6.56314	61.99251	873.95199	179.58946	2.50328	-2.64190	0.73668	0.99798	0.04640	0.04330	0.04605	-0.99890	0.00917	0.04368	-0.00716	-0.99902		501.68099	4.18949	39.09410	0.62551	-0.28240	1.13078	0.29461	0.99979	0.01968	0.00514	-0.01973	0.99975	0.01082	-0.00493	-0.01092	0.99993	
79	0.78000	-0.08461	2.19776	0.55462	0.28762	-0.03862	-0.29747	0.46677	0.99999	-0.00519	0.00065	0.00519	0.99997	0.00502	-0.00067	-0.00502	0.99999		-6.48652	62.00308	873.96117	179.56694	2.49349	-2.63404	0.74098	0.99800	0.04628	0.04311	0.04591	-0.99890	0.00955	0.04351	-0.00755	-0.99902		501.62509	4.53624	39.08254	0.95103	-0.21712	0.67653	0.39265	0.99992	0.01174	0.00398	-0.01181	0.99979	0.01655	-0.00379	-0.01660	0.99986	
80	0.79000	-0.09345	2.18335	0.60028	0.27367	-0.01804	-0.29293	0.46190	0.99999	-0.00511	0.00029	0.00511	0.99998	0.00478	-0.00031	-0.00478	0.99999		-6.80961	61.82474	873.93205	179.58218	2.51295	-2.63831	0.74125	0.99798	0.04635	0.04346	0.04599	-0.99890	0.00930	0.04385	-0.00729	-0.99901		501.61746	4.49639	39.21344	0.95823	-0.23907	0.66683	0.39475	0.99992	0.01157	0.00437	-0.01164	0.99979	0.01667	-0.00417	-0.01672	0.99985	
81	0.80000	-0.08131	2.18704	0.56899	0.27748	-0.03196	-0.29325	0.46581	0.99999	-0.00512	0.00053	0.00512	0.99998	0.00485	-0.00056	-0.00484	0.99999		-6.68084	61.98779	873.90173	179.60445	2.44689	-2.71336	0.74397	0.99797	0.04763	0.04232	0.04730	-0.99884	0.00892	0.04269	-0.00690	-0.99906		501.61277	4.49394	39.12885	0.94677	-0.21778	0.67106	0.39827	0.99992	0.01165	0.00399	-0.01171	0.99980	0.01648	-0.00380	-0.01652	0.99986	
82	0.81000	-0.08525	2.19031	0.57875	0.27337	-0.02690	-0.29716	0.46298	0.99999	-0.00519	0.00045	0.00519	0.99998	0.00477	-0.00047	-0.00477	0.99999		-6.79387	61.90100	873.84749	179.61070	2.44005	-2.71562	0.74309	0.99797	0.04767	0.04220	0.04734	-0.99884	0.00880	0.04257	-0.00679	-0.99907		501.61575	4.51166	39.16855	0.95166	-0.22220	0.69107	0.39379	0.99992	0.01200	0.00408	-0.01206	0.99979	0.01656	-0.00388	-0.01661	0.99985	
83	0.82000	-0.07953	2.18958	0.57822	0.27271	-0.02948	-0.29577	0.46805	0.99999	-0.00516	0.00049	0.00516	0.99998	0.00476	-0.00051	-0.00476	0.99999		-6.77856	61.89383	873.83984	179.61221	2.42758	-2.72163	0.74268	0.99798	0.04777	0.04199	0.04744	-0.99884	0.00877	0.04236	-0.00676	-0.99908		501.61689	4.49736	39.13507	0.93220	-0.22640	0.68753	0.39280	0.99992	0.01193	0.00415	-0.01200	0.99980	0.01622	-0.00395	-0.01627	0.99986	
84	0.83000	-0.07768	2.19189	0.57002	0.29025	-0.03102	-0.29226	0.46583	0.99999	-0.00510	0.00052	0.00510	0.99997	0.00507	-0.00054	-0.00507	0.99999		-6.70162	62.06179	873.93920	179.57465	2.51223	-2.63027	0.73117	0.99799	0.04621	0.04344	0.04585	-0.99890	0.00943	0.04383	-0.00742	-0.99901		501.61610	4.48492	39.13362	0.93367	-0.22865	0.67758	0.39609	0.99992	0.01176	0.00418	-0.01183	0.99980	0.01625	-0.00399	-0.01629	0.99986	
85	0.84000	-0.07843	2.17649	0.59435	0.27473	-0.02272	-0.28762	0.46173	0.99999	-0.00502	0.00037	0.00502	0.99998	0.00480	-0.00040	-0.00479	0.99999		-6.80725	61.82114	873.94702	179.59154	2.51978	-2.62917	0.74483	0.99798	0.04618	0.04359	0.04583	-0.99891	0.00914	0.04396	-0.00712	-0.99901		501.61600	4.44530	39.18285	0.95173	-0.23735	0.67642	0.39828	0.99992	0.01173	0.00434	-0.01181	0.99979	0.01656	-0.00414	-0.01661	0.99985	
86	0.85000	-0.16177	2.14957	1.19365	0.08139	0.19253	-0.30335	0.52568	0.99998	-0.00529	-0.00337	0.00529	0.99999	0.00140	0.00336	-0.00142	0.99999		-10.03750	58.96604	873.47161	179.80132	2.67981	-2.71444	0.74631	0.99779	0.04752	0.04654	0.04731	-0.99886	0.00568	0.04675	-0.00346	-0.99890		501.54675	4.49360	40.46679	1.15721	-0.45830	0.67703	0.39285	0.99990	0.01165	0.00824	-0.01182	0.99973	0.02010	-0.00800	-0.02020	0.99976	
87	0.86000	-0.08304	2.17594	0.58027	0.27082	-0.02596	-0.29046	0.46387	0.99999	-0.00507	0.00043	0.00507	0.99998	0.00473	-0.00045	-0.00473	0.99999		-6.72846	61.70722	873.93805	179.58994	2.51087	-2.63670	0.74272	0.99798	0.04631	0.04343	0.04596	-0.99890	0.00916	0.04381	-0.00715	-0.99901		501.61850	4.47621	39.16318	0.96007	-0.23981	0.68072	0.39739	0.99992	0.01181	0.00438	-0.01188	0.99979	0.01670	-0.00419	-0.01676	0.99985	
88	0.87000	-0.08580	2.18490	0.58625	0.27125	-0.02249	-0.29496	0.46221	0.99999	-0.00515	0.00037	0.00515	0.99998	0.00474	-0.00039	-0.00473	0.99999		-6.74768	61.68988	873.94091	179.58217	2.51978	-2.63094	0.73946	0.99798	0.04622	0.04358	0.04586	-0.99890	0.00930	0.04396	-0.00729	-0.99901		501.61107	4.51133	39.19260	0.96486	-0.22939	0.67039	0.39722	0.99992	0.01163	0.00420	-0.01170	0.99979	0.01679	-0.00400	-0.01684	0.99985	
89	0.88000	-0.08044	2.18325	0.57627	0.27527	-0.02694	-0.29352	0.46697	0.99999	-0.00512	0.00045	0.00512	0.99998	0.00481	-0.00047	-0.00480	0.99999		-6.72225	61.84472	873.89218	179.59262	2.45161	-2.71002	0.74807	0.99797	0.04758	0.04239	0.04724	-0.99884	0.00912	0.04278	-0.00710	-0.99906		501.61441	4.51016	39.16161	0.96420	-0.22449	0.67033	0.39453	0.99992	0.01163	0.00411	-0.01170	0.99979	0.01678	-0.00392	-0.01683	0.99985	
90	0.89000	-0.07531	2.18507	0.56382	0.28338	-0.03263	-0.29430	0.46338	0.99999	-0.00514	0.00054	0.00514	0.99997	0.00495	-0.00057	-0.00495	0.99999		-6.58595	61.85717	873.94796	179.56879	2.50035	-2.63107	0.73744	0.99799	0.04623	0.04323	0.04586	-0.99890	0.00952	0.04363	-0.00752	-0.99902		501.61376	4.52320	39.11451	0.95272	-0.22835	0.66727	0.39701	0.99992	0.01158	0.00418	-0.01165	0.99979	0.01658	-0.00399	-0.01663	0.99985	
91	0.90000	-0.07625	2.17556	0.57808	0.27939	-0.02503	-0.29074	0.46044	0.99999	-0.00508	0.00041	0.00507	0.99998	0.00488	-0.00044	-0.00488	0.99999		-6.68120	61.83360	873.95831	179.58980	2.51208	-2.63055	0.74510	0.99799	0.04621	0.04345	0.04585	-0.99891	0.00916	0.04383	-0.00715	-0.99901		501.61092	4.48787	39.17380	0.94759	-0.22111	0.67234	0.39283	0.99992	0.01167	0.00405	-0.01173	0.99980	0.01649	-0.00386	-0.01654	0.99986	
92	0.91000	-0.07533	2.18854	0.58127	0.28267	-0.02538	-0.29249	0.46342	0.99999	-0.00511	0.00042	0.00510	0.99997	0.00493	-0.00044	-0.00493	0.99999		-6.68022	61.87623	873.96866	179.58739	2.52584	-2.63134	0.74257	0.99798	0.04623	0.04369	0.04586	-0.99891	0.00922	0.04407	-0.00719	-0.99900		501.61738	4.49293	39.17547	0.96108	-0.23240	0.67700	0.39518	0.99992	0.01175	0.00425	-0.01182	0.99979	0.01672	-0.00406	-0.01677	0.99985	
93	0.92000	-0.07734	2.18479	0.57034	0.28146	-0.03076	-0.29263	0.46207	0.99999	-0.00511	0.00051	0.00511	0.99998	0.00491	-0.00054	-0.00491	0.99999		-6.60620	61.86560	873.97397	179.58267	2.51549	-2.63153	0.74117	0.99798	0.04623	0.04351	0.04587	-0.99890	0.00929	0.04389	-0.00728	-0.99901		501.62062	4.50811	39.13055	0.95983	-0.23361	0.66139	0.39373	0.99993	0.01147	0.00427	-0.01154	0.99979	0.01670	-0.00408	-0.01675	0.99985	
94	0.93000	-0.08366	2.18762	0.58878	0.28167	-0.02047	-0.29487	0.46667	0.99999	-0.00515	0.00033	0.00515	0.99997	0.00492	-0.00036	-0.00492	0.99999		-6.77087	61.86306	873.95775	179.58736	2.53093	-2.62629	0.74414	0.99798	0.04614	0.04378	0.04578	-0.99891	0.00922	0.04416	-0.00719	-0.99900		501.61343	4.50034	39.20053	0.94087	-0.24033	0.68539	0.39370	0.99992	0.01189	0.00439	-0.01196	0.99979	0.01637	-0.00419	-0.01642	0.99986	
