NO_OF_FRAMES	2280
NO_OF_CAMERAS	24
NO_OF_BODIES	3
FREQUENCY	100
NO_OF_ANALOG	0
ANALOG_FREQUENCY	0
DESCRIPTION	--
TIME_STAMP	2018-09-03, 18:14:00	1826597.52685717
DATA_INCLUDED	6D
BODY_NAMES	RB2(Black)	RB1(Orange)	PCube
RB2(Black) X	Y	Z	Roll	Pitch	Yaw	Residual	Rot[0]	Rot[1]	Rot[2]	Rot[3]	Rot[4]	Rot[5]	Rot[6]	Rot[7]	Rot[8]		RB1(Orange) X	Y	Z	Roll	Pitch	Yaw	Residual	Rot[0]	Rot[1]	Rot[2]	Rot[3]	Rot[4]	Rot[5]	Rot[6]	Rot[7]	Rot[8]		PCube X	Y	Z	Roll	Pitch	Yaw	Residual	Rot[0]	Rot[1]	Rot[2]	Rot[3]	Rot[4]	Rot[5]	Rot[6]	Rot[7]	Rot[8]	
0.49741	0.97864	-0.34338	-0.06353	0.17687	-0.34823	0.47586	0.99998	-0.00608	-0.00308	0.00608	0.99998	-0.00113	0.00309	0.00111	0.99999		-12.02534	61.50732	871.87362	126.90398	-86.51674	127.59072	0.46253	-0.03706	0.01108	0.99925	-0.04814	0.99876	-0.01286	-0.99815	-0.04858	-0.03648		501.08185	6.15862	41.20390	1.01749	-0.79782	-0.28554	0.23964	0.99989	-0.00523	0.01383	0.00498	0.99983	0.01783	-0.01392	-0.01776	0.99975	
0.50318	0.96674	-0.37728	-0.07894	0.16509	-0.34595	0.47181	0.99998	-0.00604	-0.00287	0.00604	0.99998	-0.00140	0.00288	0.00138	0.99999		-11.84321	61.27618	871.94844	127.04456	-86.52151	127.71815	0.45923	-0.03712	0.01086	0.99925	-0.04799	0.99877	-0.01263	-0.99816	-0.04843	-0.03655		501.08955	6.15107	41.13665	1.05405	-0.78859	-0.29363	0.23892	0.99989	-0.00538	0.01367	0.00512	0.99982	0.01847	-0.01376	-0.01839	0.99974	
0.49264	0.94074	-0.39652	-0.08021	0.15947	-0.33576	0.46914	0.99998	-0.00586	-0.00278	0.00586	0.99998	-0.00142	0.00278	0.00140	1.00000		-11.74069	61.29196	871.96089	126.94675	-86.53615	127.61737	0.45889	-0.03688	0.01081	0.99926	-0.04786	0.99878	-0.01257	-0.99817	-0.04829	-0.03632		501.10695	6.08621	41.10013	1.04340	-0.79003	-0.30027	0.23451	0.99989	-0.00549	0.01369	0.00524	0.99982	0.01828	-0.01379	-0.01821	0.99974	
0.46810	0.56220	-0.84738	-0.51229	0.06040	-0.23776	0.40024	0.99999	-0.00416	-0.00102	0.00415	0.99995	-0.00895	0.00105	0.00894	0.99996		-10.18260	55.34066	872.82016	123.83304	-86.59706	124.09301	0.54167	-0.03327	0.00372	0.99944	-0.04916	0.99878	-0.00535	-0.99824	-0.04931	-0.03305		500.63862	4.84724	40.79584	1.09253	0.09005	0.28652	0.15286	0.99999	0.00503	-0.00148	-0.00500	0.99981	0.01907	0.00157	-0.01907	0.99982	
0.48624	0.43611	-0.65547	-0.58617	0.13094	-0.20008	0.38758	0.99999	-0.00352	-0.00225	0.00349	0.99994	-0.01024	0.00229	0.01023	0.99995		-11.23161	54.35371	872.68277	125.10459	-86.58207	125.29641	0.54427	-0.03445	0.00251	0.99940	-0.04866	0.99881	-0.00418	-0.99822	-0.04877	-0.03429		500.78066	4.58759	41.31092	1.18754	-0.14291	0.10503	0.32209	1.00000	0.00178	0.00253	-0.00183	0.99978	0.02072	-0.00249	-0.02072	0.99978	
0.65975	0.26572	-0.80387	-0.98013	0.06270	-0.19451	0.46055	0.99999	-0.00341	-0.00104	0.00339	0.99985	-0.01711	0.00109	0.01711	0.99985		-10.30142	48.03536	872.98817	127.94793	-87.05369	127.60478	0.55288	-0.03137	-0.00663	0.99949	-0.04072	0.99916	0.00535	-0.99868	-0.04053	-0.03161		500.68715	3.76832	40.74070	0.86835	0.03133	0.75757	0.19012	0.99991	0.01323	-0.00035	-0.01322	0.99980	0.01516	0.00055	-0.01516	0.99989	
0.29322	0.30701	0.09025	-0.63474	0.39786	-0.18403	0.43984	0.99997	-0.00329	-0.00691	0.00321	0.99993	-0.01110	0.00694	0.01108	0.99991		-14.92243	53.57476	871.89837	132.46875	-86.62594	132.64470	0.48965	-0.03987	0.00220	0.99920	-0.04329	0.99905	-0.00393	-0.99827	-0.04341	-0.03974		500.63297	4.69841	42.95724	1.37410	-0.34758	0.01554	0.20003	0.99998	0.00013	0.00607	-0.00027	0.99971	0.02398	-0.00607	-0.02398	0.99969	
0.26944	0.41889	-0.46653	-0.43255	0.20191	-0.20498	0.44070	0.99999	-0.00360	-0.00350	0.00358	0.99997	-0.00756	0.00352	0.00755	0.99997		-11.93609	56.56420	872.29579	129.27644	-86.72931	129.64291	0.48307	-0.03640	0.00559	0.99932	-0.04393	0.99901	-0.00719	-0.99837	-0.04416	-0.03612		500.77088	4.93136	41.84045	1.17150	-0.11087	0.00583	0.19755	1.00000	0.00006	0.00194	-0.00010	0.99979	0.02044	-0.00194	-0.02045	0.99979	
0.24997	0.41937	-0.46227	-0.42865	0.20323	-0.20434	0.44074	0.99999	-0.00359	-0.00352	0.00357	0.99997	-0.00749	0.00355	0.00748	0.99997		-11.92245	56.63097	872.29567	129.45078	-86.72692	129.82001	0.48562	-0.03656	0.00564	0.99932	-0.04385	0.99901	-0.00724	-0.99837	-0.04409	-0.03628		500.79315	4.95824	41.84638	1.19804	-0.12650	-0.03186	0.19870	1.00000	-0.00060	0.00220	0.00056	0.99978	0.02091	-0.00221	-0.02091	0.99978	
0.24404	0.41361	-0.47058	-0.41673	0.19803	-0.19940	0.44376	0.99999	-0.00351	-0.00343	0.00348	0.99997	-0.00729	0.00346	0.00727	0.99997		-11.82765	56.83053	872.29593	129.34378	-86.72677	129.72433	0.48113	-0.03649	0.00584	0.99932	-0.04392	0.99901	-0.00744	-0.99837	-0.04416	-0.03620		500.80292	4.93863	41.80028	1.18870	-0.13639	-0.04620	0.20223	1.00000	-0.00086	0.00236	0.00081	0.99978	0.02075	-0.00238	-0.02075	0.99978	
0.23637	0.40834	-0.46152	-0.43217	0.20254	-0.19824	0.44049	0.99999	-0.00349	-0.00351	0.00346	0.99997	-0.00755	0.00354	0.00754	0.99997		-11.88527	56.59707	872.30999	129.58827	-86.72475	129.95625	0.48410	-0.03669	0.00561	0.99931	-0.04379	0.99901	-0.00722	-0.99837	-0.04403	-0.03641		500.80004	4.92284	41.83708	1.20145	-0.13540	-0.04212	0.20492	1.00000	-0.00078	0.00235	0.00074	0.99978	0.02097	-0.00236	-0.02097	0.99978	
0.22423	0.40330	-0.44453	-0.42946	0.20797	-0.19602	0.44483	0.99999	-0.00345	-0.00360	0.00342	0.99997	-0.00751	0.00363	0.00750	0.99997		-11.94919	56.65580	872.28456	129.65683	-86.71776	130.02271	0.47946	-0.03682	0.00557	0.99931	-0.04385	0.99901	-0.00719	-0.99836	-0.04408	-0.03654		500.81785	4.92553	41.86002	1.22111	-0.15626	-0.06614	0.21004	1.00000	-0.00121	0.00270	0.00115	0.99977	0.02131	-0.00273	-0.02131	0.99977	
0.22237	0.39577	-0.43295	-0.43357	0.21137	-0.19497	0.44113	0.99999	-0.00343	-0.00366	0.00340	0.99997	-0.00758	0.00369	0.00757	0.99996		-11.99129	56.58707	872.29157	129.98512	-86.71982	130.34393	0.47477	-0.03704	0.00545	0.99930	-0.04361	0.99902	-0.00706	-0.99836	-0.04384	-0.03677		500.81956	4.92568	41.87375	1.22780	-0.17281	-0.07746	0.20525	0.99999	-0.00142	0.00299	0.00135	0.99977	0.02143	-0.00302	-0.02143	0.99977	
0.21382	0.39601	-0.43327	-0.43144	0.21210	-0.19176	0.43965	0.99999	-0.00337	-0.00368	0.00335	0.99997	-0.00754	0.00370	0.00753	0.99996		-11.99224	56.63685	872.27449	129.70889	-86.71855	130.07352	0.47698	-0.03685	0.00555	0.99931	-0.04380	0.99901	-0.00717	-0.99836	-0.04404	-0.03657		500.82160	4.89949	41.89008	1.21307	-0.16450	-0.07934	0.20515	0.99999	-0.00145	0.00284	0.00138	0.99977	0.02117	-0.00287	-0.02117	0.99977	
0.21266	0.40662	-0.43468	-0.42196	0.21384	-0.19578	0.44034	0.99999	-0.00344	-0.00371	0.00342	0.99997	-0.00738	0.00373	0.00736	0.99997		-12.01740	56.77657	872.27152	129.78981	-86.70748	130.15459	0.47485	-0.03704	0.00555	0.99930	-0.04390	0.99901	-0.00717	-0.99835	-0.04413	-0.03676		500.81869	4.94043	41.90842	1.22426	-0.16310	-0.07976	0.21240	0.99999	-0.00145	0.00282	0.00139	0.99977	0.02137	-0.00285	-0.02137	0.99977	
0.20886	0.40107	-0.44969	-0.42740	0.20541	-0.19321	0.44075	0.99999	-0.00340	-0.00356	0.00337	0.99997	-0.00747	0.00359	0.00746	0.99997		-11.88109	56.68605	872.30619	129.89359	-86.72006	130.25102	0.47545	-0.03697	0.00543	0.99930	-0.04367	0.99902	-0.00704	-0.99836	-0.04390	-0.03670		500.82650	4.91973	41.84926	1.22555	-0.15729	-0.08097	0.20825	1.00000	-0.00147	0.00271	0.00141	0.99977	0.02139	-0.00275	-0.02139	0.99977	
0.20182	0.42477	-0.42311	-0.43000	0.21698	-0.20500	0.44110	0.99999	-0.00361	-0.00376	0.00358	0.99997	-0.00752	0.00379	0.00750	0.99996		-12.06416	56.62255	872.27021	129.84164	-86.70558	130.19724	0.46987	-0.03709	0.00539	0.99930	-0.04389	0.99901	-0.00701	-0.99835	-0.04412	-0.03682		500.82364	4.99505	41.92453	1.23065	-0.17320	-0.06997	0.21359	0.99999	-0.00129	0.00300	0.00122	0.99977	0.02148	-0.00302	-0.02148	0.99976	
0.19995	0.41495	-0.45809	-0.41272	0.20286	-0.19944	0.44319	0.99999	-0.00351	-0.00352	0.00348	0.99997	-0.00722	0.00354	0.00720	0.99997		-11.83646	56.90604	872.29086	129.61497	-86.71192	129.98837	0.47574	-0.03686	0.00570	0.99930	-0.04394	0.99901	-0.00732	-0.99835	-0.04418	-0.03657		500.83187	4.96472	41.83871	1.22304	-0.15288	-0.06696	0.21761	1.00000	-0.00123	0.00264	0.00117	0.99977	0.02135	-0.00267	-0.02134	0.99977	
0.19908	0.39749	-0.42446	-0.43576	0.21349	-0.19558	0.44253	0.99999	-0.00344	-0.00370	0.00341	0.99997	-0.00762	0.00373	0.00761	0.99996		-11.99744	56.57174	872.27213	129.74521	-86.70825	130.10304	0.46842	-0.03699	0.00543	0.99930	-0.04392	0.99901	-0.00705	-0.99835	-0.04415	-0.03671		500.82543	4.94850	41.90365	1.25019	-0.15908	-0.08908	0.20989	0.99999	-0.00161	0.00274	0.00155	0.99976	0.02182	-0.00278	-0.02182	0.99976	
0.19503	0.42026	-0.40194	-0.43618	0.22323	-0.20152	0.44130	0.99999	-0.00355	-0.00387	0.00352	0.99996	-0.00763	0.00390	0.00761	0.99996		-12.14042	56.54327	872.26186	129.90596	-86.69141	130.26224	0.47173	-0.03730	0.00539	0.99929	-0.04404	0.99900	-0.00703	-0.99833	-0.04427	-0.03703		500.83123	4.96851	41.95347	1.23525	-0.18807	-0.08407	0.21768	0.99999	-0.00154	0.00325	0.00147	0.99977	0.02156	-0.00328	-0.02156	0.99976	
0.19220	0.41713	-0.43453	-0.42091	0.21149	-0.20180	0.43974	0.99999	-0.00355	-0.00367	0.00352	0.99997	-0.00736	0.00369	0.00735	0.99997		-11.96160	56.78332	872.26585	129.69484	-86.70274	130.05743	0.47608	-0.03701	0.00551	0.99930	-0.04402	0.99901	-0.00714	-0.99834	-0.04426	-0.03674		500.83953	5.00158	41.89199	1.22785	-0.16565	-0.09674	0.21359	0.99999	-0.00175	0.00285	0.00169	0.99977	0.02143	-0.00289	-0.02143	0.99977	
0.18925	0.39979	-0.40720	-0.44396	0.22103	-0.19676	0.44435	0.99999	-0.00346	-0.00383	0.00343	0.99996	-0.00776	0.00386	0.00775	0.99996		-12.09636	56.44628	872.26804	129.99422	-86.70233	130.33922	0.47078	-0.03724	0.00520	0.99929	-0.04385	0.99901	-0.00683	-0.99834	-0.04407	-0.03697		500.83681	4.96437	41.93982	1.26204	-0.18722	-0.11011	0.21533	0.99999	-0.00199	0.00322	0.00192	0.99976	0.02203	-0.00327	-0.02202	0.99975	
0.18595	0.40794	-0.41037	-0.43988	0.22034	-0.19936	0.44106	0.99999	-0.00351	-0.00382	0.00348	0.99996	-0.00769	0.00385	0.00768	0.99996		-12.08092	56.50796	872.26780	129.97256	-86.69759	130.31413	0.47099	-0.03727	0.00514	0.99929	-0.04393	0.99901	-0.00678	-0.99834	-0.04415	-0.03701		500.83242	4.95737	41.94062	1.24618	-0.17622	-0.07865	0.21690	0.99999	-0.00144	0.00305	0.00137	0.99976	0.02175	-0.00308	-0.02175	0.99976	
0.18688	0.39898	-0.40219	-0.44185	0.22326	-0.19445	0.44226	0.99999	-0.00342	-0.00387	0.00339	0.99996	-0.00772	0.00390	0.00771	0.99996		-12.10227	56.48468	872.31020	130.83159	-86.71181	131.13370	0.49099	-0.03773	0.00445	0.99928	-0.04320	0.99905	-0.00608	-0.99835	-0.04340	-0.03750		500.84781	4.91126	41.86646	1.29090	-0.28298	-0.07148	0.23867	0.99999	-0.00136	0.00491	0.00125	0.99975	0.02253	-0.00494	-0.02253	0.99973	
0.18393	0.40393	-0.41387	-0.44042	0.21931	-0.19556	0.44098	0.99999	-0.00344	-0.00380	0.00341	0.99996	-0.00770	0.00383	0.00769	0.99996		-12.03384	56.51187	872.31986	130.66469	-86.70611	130.96568	0.49289	-0.03767	0.00443	0.99928	-0.04339	0.99904	-0.00607	-0.99835	-0.04358	-0.03744		500.86034	4.90024	41.84119	1.27294	-0.28723	-0.05217	0.23492	0.99999	-0.00102	0.00499	0.00091	0.99975	0.02222	-0.00501	-0.02221	0.99974	
0.18137	0.42068	-0.44620	-0.42157	0.20786	-0.19855	0.44419	0.99999	-0.00349	-0.00360	0.00347	0.99997	-0.00737	0.00363	0.00736	0.99997		-11.85673	56.78475	872.35292	130.59160	-86.70554	130.91072	0.48979	-0.03763	0.00475	0.99928	-0.04343	0.99904	-0.00638	-0.99835	-0.04364	-0.03739		500.87435	4.93484	41.76552	1.27354	-0.28431	-0.06010	0.23331	0.99999	-0.00116	0.00494	0.00105	0.99975	0.02223	-0.00496	-0.02223	0.99974	
0.18682	0.42106	-0.43939	-0.42055	0.21052	-0.19986	0.44055	0.99999	-0.00352	-0.00365	0.00349	0.99997	-0.00735	0.00367	0.00734	0.99997		-11.90776	56.79451	872.33381	130.57053	-86.70969	130.88770	0.49198	-0.03757	0.00472	0.99928	-0.04339	0.99904	-0.00635	-0.99835	-0.04360	-0.03733		500.86500	4.93111	41.77350	1.25602	-0.28854	-0.03719	0.23856	0.99999	-0.00076	0.00502	0.00065	0.99976	0.02192	-0.00504	-0.02192	0.99975	
0.18766	0.40785	-0.44040	-0.42980	0.20796	-0.19556	0.44150	0.99999	-0.00344	-0.00360	0.00341	0.99997	-0.00751	0.00363	0.00750	0.99997		-11.86193	56.66490	872.34573	130.68015	-86.71671	130.98476	0.49174	-0.03756	0.00450	0.99928	-0.04323	0.99905	-0.00612	-0.99836	-0.04343	-0.03733		500.87036	4.89050	41.75790	1.24988	-0.28583	-0.03797	0.23988	0.99999	-0.00077	0.00497	0.00066	0.99976	0.02182	-0.00499	-0.02181	0.99975	
0.17860	0.40244	-0.42231	-0.43674	0.21479	-0.19500	0.44390	0.99999	-0.00343	-0.00372	0.00340	0.99997	-0.00764	0.00375	0.00762	0.99996		-11.96006	56.56259	872.33507	130.78755	-86.71166	131.08859	0.48895	-0.03770	0.00444	0.99928	-0.04323	0.99905	-0.00607	-0.99835	-0.04343	-0.03747		500.87659	4.91049	41.80542	1.27381	-0.28968	-0.05965	0.24189	0.99999	-0.00115	0.00503	0.00104	0.99975	0.02224	-0.00506	-0.02223	0.99974	
0.18063	0.38900	-0.42770	-0.43175	0.21432	-0.18900	0.44405	0.99999	-0.00333	-0.00372	0.00330	0.99997	-0.00755	0.00374	0.00754	0.99996		-11.94607	56.66559	872.33958	130.81409	-86.70776	131.11533	0.49339	-0.03776	0.00444	0.99928	-0.04327	0.99905	-0.00607	-0.99835	-0.04346	-0.03754		500.87032	4.87212	41.80587	1.27539	-0.28571	-0.06502	0.23638	0.99999	-0.00125	0.00496	0.00113	0.99975	0.02226	-0.00499	-0.02226	0.99974	
0.17751	0.40509	-0.38541	-0.44113	0.22878	-0.19616	0.43991	0.99999	-0.00345	-0.00397	0.00342	0.99996	-0.00771	0.00399	0.00770	0.99996		-12.17248	56.49578	872.30064	131.04404	-86.70421	131.33641	0.48771	-0.03797	0.00428	0.99927	-0.04317	0.99905	-0.00592	-0.99835	-0.04336	-0.03775		500.86401	4.93127	41.89008	1.30139	-0.30443	-0.07159	0.23799	0.99999	-0.00137	0.00528	0.00125	0.99974	0.02272	-0.00531	-0.02271	0.99973	
0.18088	0.41988	-0.42804	-0.42098	0.21414	-0.19799	0.44339	0.99999	-0.00348	-0.00371	0.00346	0.99997	-0.00736	0.00374	0.00735	0.99997		-11.94958	56.78202	872.32722	130.85579	-86.71188	131.17101	0.49178	-0.03776	0.00468	0.99928	-0.04318	0.99905	-0.00631	-0.99835	-0.04338	-0.03752		500.87141	4.95310	41.80455	1.28831	-0.29284	-0.07955	0.24232	0.99999	-0.00150	0.00508	0.00139	0.99975	0.02249	-0.00511	-0.02248	0.99973	
0.17768	0.40179	-0.41127	-0.44665	0.22223	-0.19498	0.44363	0.99999	-0.00343	-0.00385	0.00340	0.99996	-0.00781	0.00388	0.00780	0.99996		-12.06681	56.42296	872.33304	130.75528	-86.70496	131.04645	0.49114	-0.03774	0.00426	0.99928	-0.04335	0.99904	-0.00590	-0.99835	-0.04354	-0.03752		500.86247	4.90738	41.85182	1.29748	-0.30463	-0.06041	0.24240	0.99999	-0.00117	0.00529	0.00105	0.99974	0.02265	-0.00532	-0.02264	0.99973	
0.17887	0.40112	-0.40905	-0.43461	0.22194	-0.19319	0.43958	0.99999	-0.00340	-0.00385	0.00337	0.99997	-0.00760	0.00387	0.00759	0.99996		-12.05398	56.60710	872.32708	130.96756	-86.69851	131.26610	0.49196	-0.03798	0.00438	0.99927	-0.04329	0.99904	-0.00603	-0.99834	-0.04349	-0.03776		500.85833	4.89687	41.85045	1.27595	-0.29192	-0.06297	0.23763	0.99999	-0.00121	0.00507	0.00110	0.99975	0.02227	-0.00509	-0.02227	0.99974	
0.17945	0.39757	-0.42493	-0.43605	0.21599	-0.19294	0.44366	0.99999	-0.00340	-0.00374	0.00337	0.99997	-0.00762	0.00377	0.00761	0.99996		-11.96798	56.57475	872.35533	131.13106	-86.71294	131.42546	0.48849	-0.03794	0.00432	0.99927	-0.04299	0.99906	-0.00595	-0.99835	-0.04319	-0.03772		500.86588	4.90526	41.81414	1.28637	-0.29258	-0.06940	0.24196	0.99999	-0.00133	0.00508	0.00121	0.99975	0.02246	-0.00511	-0.02245	0.99973	
0.17529	0.39173	-0.42359	-0.45000	0.21453	-0.19136	0.44229	0.99999	-0.00337	-0.00372	0.00334	0.99996	-0.00787	0.00374	0.00785	0.99996		-11.93550	56.37933	872.36574	130.98309	-86.70848	131.26291	0.48773	-0.03787	0.00406	0.99927	-0.04316	0.99905	-0.00570	-0.99835	-0.04334	-0.03766		500.87256	4.89209	41.79266	1.29564	-0.29907	-0.07546	0.24592	0.99999	-0.00143	0.00519	0.00132	0.99974	0.02262	-0.00522	-0.02261	0.99973	
0.17349	0.41430	-0.41154	-0.42756	0.22012	-0.19764	0.44019	0.99999	-0.00348	-0.00382	0.00345	0.99997	-0.00748	0.00384	0.00746	0.99996		-12.02683	56.69978	872.32594	130.97490	-86.70284	131.27206	0.48864	-0.03794	0.00436	0.99927	-0.04323	0.99905	-0.00600	-0.99834	-0.04342	-0.03771		500.86529	4.94348	41.82771	1.27982	-0.30224	-0.07182	0.24314	0.99999	-0.00137	0.00525	0.00125	0.99975	0.02234	-0.00528	-0.02233	0.99974	
0.17040	0.40444	-0.43442	-0.43102	0.21105	-0.19598	0.44479	0.99999	-0.00345	-0.00366	0.00342	0.99997	-0.00754	0.00368	0.00752	0.99996		-11.88728	56.65844	872.34450	130.77881	-86.71139	131.07446	0.48905	-0.03769	0.00434	0.99928	-0.04325	0.99905	-0.00597	-0.99835	-0.04344	-0.03747		500.87255	4.92285	41.77725	1.27308	-0.28384	-0.06459	0.24280	0.99999	-0.00124	0.00493	0.00113	0.99975	0.02222	-0.00495	-0.02222	0.99974	
0.16777	0.41986	-0.41501	-0.42792	0.21936	-0.19822	0.44139	0.99999	-0.00349	-0.00380	0.00346	0.99997	-0.00748	0.00383	0.00747	0.99996		-12.01021	56.68862	872.32742	130.96672	-86.70121	131.26784	0.48902	-0.03795	0.00443	0.99927	-0.04325	0.99905	-0.00607	-0.99834	-0.04345	-0.03773		500.87086	4.91452	41.83153	1.25186	-0.29677	-0.04110	0.24605	0.99999	-0.00083	0.00516	0.00072	0.99976	0.02185	-0.00518	-0.02185	0.99975	
0.17629	0.41049	-0.41173	-0.42844	0.21878	-0.19658	0.44347	0.99999	-0.00346	-0.00379	0.00343	0.99997	-0.00749	0.00382	0.00748	0.99996		-12.00930	56.69109	872.32748	130.93681	-86.70336	131.23480	0.48950	-0.03790	0.00438	0.99927	-0.04324	0.99905	-0.00602	-0.99835	-0.04344	-0.03768		500.86459	4.92314	41.82063	1.27959	-0.29713	-0.05775	0.24149	0.99999	-0.00112	0.00516	0.00101	0.99975	0.02234	-0.00519	-0.02233	0.99974	
0.17259	0.41328	-0.43229	-0.42580	0.21209	-0.19829	0.44253	0.99999	-0.00349	-0.00368	0.00346	0.99997	-0.00744	0.00370	0.00743	0.99997		-11.90844	56.71881	872.35155	130.89539	-86.70724	131.20322	0.48708	-0.03784	0.00455	0.99927	-0.04321	0.99905	-0.00619	-0.99835	-0.04342	-0.03760		500.87684	4.93931	41.78784	1.28544	-0.29298	-0.05833	0.24349	0.99999	-0.00113	0.00509	0.00102	0.99975	0.02244	-0.00511	-0.02243	0.99974	
0.16678	0.41156	-0.39483	-0.43712	0.22523	-0.19885	0.44653	0.99999	-0.00350	-0.00390	0.00347	0.99996	-0.00764	0.00393	0.00763	0.99996		-12.10360	56.55666	872.31866	131.02412	-86.69827	131.31313	0.48702	-0.03802	0.00422	0.99927	-0.04326	0.99905	-0.00586	-0.99834	-0.04345	-0.03780		500.87638	4.94968	41.86387	1.29912	-0.31008	-0.07504	0.24306	0.99998	-0.00143	0.00538	0.00131	0.99974	0.02268	-0.00541	-0.02267	0.99973	
0.17208	0.40229	-0.41078	-0.43462	0.22093	-0.19581	0.44330	0.99999	-0.00345	-0.00383	0.00342	0.99997	-0.00760	0.00386	0.00759	0.99996		-12.04194	56.60543	872.32982	130.92079	-86.70075	131.21484	0.48810	-0.03792	0.00431	0.99927	-0.04329	0.99904	-0.00595	-0.99834	-0.04349	-0.03770		500.86512	4.94295	41.84313	1.31258	-0.29637	-0.07706	0.24567	0.99999	-0.00146	0.00514	0.00134	0.99974	0.02291	-0.00517	-0.02291	0.99972	
0.16709	0.41454	-0.40881	-0.43271	0.22034	-0.19989	0.44364	0.99999	-0.00352	-0.00382	0.00349	0.99997	-0.00757	0.00385	0.00755	0.99996		-12.02985	56.61632	872.32521	130.92792	-86.70361	131.22380	0.49025	-0.03789	0.00434	0.99927	-0.04325	0.99905	-0.00598	-0.99835	-0.04344	-0.03767		500.88248	4.96034	41.83503	1.30325	-0.30865	-0.08085	0.24501	0.99998	-0.00153	0.00535	0.00141	0.99974	0.02275	-0.00539	-0.02274	0.99973	
0.17042	0.40018	-0.41170	-0.43939	0.21991	-0.19361	0.44017	0.99999	-0.00341	-0.00381	0.00338	0.99996	-0.00768	0.00384	0.00767	0.99996		-12.01960	56.53689	872.34097	131.00017	-86.70084	131.28459	0.49129	-0.03797	0.00414	0.99927	-0.04325	0.99905	-0.00578	-0.99834	-0.04343	-0.03776		500.86750	4.91971	41.83640	1.31621	-0.29714	-0.08062	0.24600	0.99999	-0.00153	0.00515	0.00141	0.99973	0.02298	-0.00519	-0.02297	0.99972	
0.16905	0.40038	-0.38995	-0.44092	0.22801	-0.19463	0.44168	0.99999	-0.00343	-0.00395	0.00340	0.99996	-0.00771	0.00398	0.00770	0.99996		-12.14681	56.51112	872.29815	130.91623	-86.70484	131.20642	0.49123	-0.03787	0.00424	0.99927	-0.04324	0.99905	-0.00588	-0.99835	-0.04344	-0.03765		500.86815	4.90918	41.87628	1.29963	-0.31758	-0.06387	0.24611	0.99998	-0.00124	0.00552	0.00111	0.99974	0.02269	-0.00554	-0.02268	0.99973	
0.16742	0.40536	-0.40246	-0.42694	0.22336	-0.19404	0.44477	0.99999	-0.00342	-0.00387	0.00339	0.99997	-0.00746	0.00390	0.00745	0.99996		-12.07250	56.71579	872.31755	131.08546	-86.70136	131.38976	0.49075	-0.03804	0.00449	0.99927	-0.04317	0.99905	-0.00613	-0.99834	-0.04337	-0.03781		500.87069	4.90614	41.84446	1.27837	-0.30833	-0.05862	0.24577	0.99998	-0.00114	0.00536	0.00102	0.99975	0.02232	-0.00538	-0.02231	0.99974	
0.16837	0.42273	-0.43917	-0.43732	0.20722	-0.20302	0.44173	0.99999	-0.00357	-0.00359	0.00354	0.99996	-0.00765	0.00362	0.00763	0.99996		-11.84085	56.53876	872.36434	130.68839	-86.70538	130.98004	0.48650	-0.03769	0.00427	0.99928	-0.04339	0.99904	-0.00590	-0.99835	-0.04358	-0.03747		500.88307	4.96652	41.74290	1.29818	-0.29078	-0.05587	0.24650	0.99999	-0.00109	0.00505	0.00098	0.99974	0.02266	-0.00508	-0.02266	0.99973	
0.16491	0.40900	-0.41504	-0.43475	0.21915	-0.19588	0.44561	0.99999	-0.00345	-0.00380	0.00342	0.99997	-0.00760	0.00382	0.00759	0.99996		-12.01357	56.58511	872.33513	130.96358	-86.71170	131.25984	0.48580	-0.03783	0.00435	0.99927	-0.04312	0.99905	-0.00598	-0.99835	-0.04331	-0.03760		500.87522	4.91950	41.82685	1.29913	-0.30304	-0.06478	0.24680	0.99999	-0.00125	0.00526	0.00113	0.99974	0.02268	-0.00529	-0.02267	0.99973	
0.16487	0.41304	-0.41616	-0.43199	0.21857	-0.19810	0.44247	0.99999	-0.00349	-0.00379	0.00346	0.99997	-0.00755	0.00381	0.00754	0.99996		-11.99947	56.62762	872.33129	130.88611	-86.70597	131.18501	0.48821	-0.03784	0.00439	0.99927	-0.04324	0.99905	-0.00603	-0.99835	-0.04344	-0.03761		500.87872	4.95351	41.80999	1.29856	-0.31062	-0.07638	0.24724	0.99998	-0.00146	0.00539	0.00133	0.99974	0.02267	-0.00542	-0.02266	0.99973	
0.16371	0.40214	-0.40803	-0.43364	0.22287	-0.19277	0.44456	0.99999	-0.00339	-0.00386	0.00336	0.99997	-0.00758	0.00389	0.00757	0.99996		-12.06141	56.62095	872.32919	131.06258	-86.70343	131.35002	0.48798	-0.03799	0.00419	0.99927	-0.04317	0.99905	-0.00583	-0.99835	-0.04336	-0.03777		500.88370	4.91724	41.83886	1.31159	-0.32253	-0.08805	0.24825	0.99998	-0.00167	0.00559	0.00154	0.99974	0.02290	-0.00563	-0.02289	0.99972	
0.16333	0.41936	-0.41054	-0.42999	0.22117	-0.20073	0.44548	0.99999	-0.00353	-0.00383	0.00350	0.99997	-0.00752	0.00386	0.00750	0.99996		-12.04048	56.65557	872.32308	130.83281	-86.69678	131.13794	0.48972	-0.03791	0.00450	0.99927	-0.04340	0.99904	-0.00614	-0.99834	-0.04360	-0.03768		500.87934	4.95365	41.83370	1.28863	-0.31005	-0.05688	0.24604	0.99998	-0.00111	0.00539	0.00099	0.99975	0.02249	-0.00541	-0.02249	0.99973	
0.15983	0.40651	-0.36761	-0.44885	0.23563	-0.19942	0.44432	0.99999	-0.00351	-0.00409	0.00348	0.99996	-0.00785	0.00411	0.00783	0.99996		-12.25431	56.38540	872.29826	131.09157	-86.69169	131.37080	0.48788	-0.03814	0.00404	0.99926	-0.04331	0.99905	-0.00570	-0.99833	-0.04349	-0.03793		500.88079	4.96019	41.92190	1.32315	-0.32751	-0.07169	0.24917	0.99998	-0.00138	0.00569	0.00125	0.99973	0.02310	-0.00572	-0.02309	0.99972	
0.16784	0.40550	-0.41350	-0.44782	0.21786	-0.19681	0.44570	0.99999	-0.00346	-0.00378	0.00343	0.99996	-0.00783	0.00380	0.00782	0.99996		-11.98449	56.41204	872.35475	130.93799	-86.69589	131.21495	0.48971	-0.03798	0.00401	0.99927	-0.04336	0.99904	-0.00565	-0.99834	-0.04354	-0.03777		500.88367	4.93365	41.81597	1.30894	-0.30351	-0.07841	0.24534	0.99998	-0.00149	0.00526	0.00137	0.99974	0.02285	-0.00530	-0.02284	0.99973	
0.16625	0.40162	-0.39892	-0.44032	0.22199	-0.19384	0.44447	0.99999	-0.00341	-0.00385	0.00338	0.99996	-0.00770	0.00387	0.00768	0.99996		-12.05282	56.50564	872.32902	131.12206	-86.71177	131.41479	0.48559	-0.03794	0.00429	0.99927	-0.04302	0.99906	-0.00592	-0.99835	-0.04321	-0.03772		500.87957	4.92114	41.83068	1.30794	-0.30987	-0.08271	0.24374	0.99998	-0.00157	0.00537	0.00144	0.99974	0.02283	-0.00541	-0.02283	0.99972	
0.16762	0.40784	-0.42480	-0.42867	0.21313	-0.19451	0.44555	0.99999	-0.00342	-0.00369	0.00339	0.99997	-0.00749	0.00372	0.00748	0.99997		-11.91051	56.69173	872.34589	130.97456	-86.70696	131.26796	0.48748	-0.03789	0.00430	0.99927	-0.04318	0.99905	-0.00593	-0.99835	-0.04337	-0.03767		500.88561	4.92017	41.78670	1.30406	-0.29828	-0.06858	0.24727	0.99999	-0.00132	0.00518	0.00120	0.99974	0.02276	-0.00521	-0.02276	0.99973	
0.16687	0.40432	-0.41576	-0.43119	0.21955	-0.19366	0.44719	0.99999	-0.00341	-0.00381	0.00338	0.99997	-0.00754	0.00383	0.00753	0.99996		-12.01399	56.66235	872.33264	130.86137	-86.70305	131.15770	0.48908	-0.03785	0.00435	0.99927	-0.04330	0.99904	-0.00599	-0.99834	-0.04350	-0.03763		500.88263	4.90846	41.83365	1.29555	-0.30364	-0.07617	0.24208	0.99999	-0.00145	0.00527	0.00133	0.99974	0.02262	-0.00530	-0.02261	0.99973	
0.16539	0.39213	-0.40499	-0.43071	0.22178	-0.18859	0.44501	0.99999	-0.00332	-0.00385	0.00329	0.99997	-0.00753	0.00387	0.00752	0.99996		-12.04313	56.67156	872.32352	131.08051	-86.71289	131.37466	0.48924	-0.03790	0.00431	0.99927	-0.04303	0.99906	-0.00595	-0.99835	-0.04322	-0.03768		500.88851	4.88468	41.83501	1.29841	-0.31784	-0.08575	0.25040	0.99998	-0.00162	0.00551	0.00150	0.99974	0.02267	-0.00555	-0.02266	0.99973	
0.15976	0.39612	-0.41359	-0.44128	0.21944	-0.19247	0.44707	0.99999	-0.00339	-0.00380	0.00336	0.99996	-0.00771	0.00383	0.00770	0.99996		-12.00256	56.50604	872.34418	131.07045	-86.71143	131.35875	0.48798	-0.03791	0.00421	0.99927	-0.04306	0.99906	-0.00584	-0.99835	-0.04325	-0.03769		500.89168	4.90181	41.82978	1.29897	-0.30897	-0.07498	0.24572	0.99998	-0.00143	0.00536	0.00131	0.99974	0.02268	-0.00539	-0.02267	0.99973	
0.16494	0.39546	-0.40218	-0.43797	0.22195	-0.19138	0.44269	0.99999	-0.00337	-0.00385	0.00334	0.99997	-0.00766	0.00387	0.00764	0.99996		-12.04178	56.57160	872.32907	130.96828	-86.70059	131.25615	0.48967	-0.03795	0.00420	0.99927	-0.04327	0.99905	-0.00584	-0.99834	-0.04346	-0.03773		500.88530	4.89122	41.83602	1.28467	-0.31974	-0.07099	0.24719	0.99998	-0.00136	0.00555	0.00124	0.99975	0.02243	-0.00558	-0.02242	0.99973	
0.15660	0.40353	-0.38512	-0.44294	0.22863	-0.19390	0.44529	0.99999	-0.00341	-0.00396	0.00338	0.99996	-0.00774	0.00399	0.00773	0.99996		-12.13679	56.47728	872.31647	131.15044	-86.69625	131.43364	0.48936	-0.03814	0.00411	0.99926	-0.04321	0.99905	-0.00576	-0.99834	-0.04339	-0.03792		500.89236	4.90373	41.86975	1.30053	-0.33643	-0.07059	0.24386	0.99998	-0.00136	0.00584	0.00123	0.99974	0.02270	-0.00587	-0.02270	0.99973	
0.16057	0.39915	-0.40592	-0.44799	0.22217	-0.19409	0.44636	0.99999	-0.00342	-0.00385	0.00339	0.99996	-0.00783	0.00388	0.00782	0.99996		-12.04690	56.40762	872.33048	130.94655	-86.70488	131.22951	0.48936	-0.03788	0.00412	0.99927	-0.04323	0.99905	-0.00575	-0.99835	-0.04342	-0.03767		500.89380	4.91619	41.84565	1.31096	-0.31734	-0.09145	0.24769	0.99998	-0.00172	0.00550	0.00160	0.99974	0.02289	-0.00554	-0.02288	0.99972	
0.16089	0.39263	-0.39340	-0.44645	0.22520	-0.19078	0.44561	0.99999	-0.00336	-0.00390	0.00333	0.99996	-0.00780	0.00393	0.00779	0.99996		-12.08216	56.44170	872.31837	131.05653	-86.70277	131.33899	0.48886	-0.03799	0.00411	0.99927	-0.04318	0.99905	-0.00575	-0.99834	-0.04337	-0.03778		500.88536	4.88906	41.85389	1.31233	-0.31796	-0.08236	0.25031	0.99998	-0.00156	0.00551	0.00144	0.99974	0.02291	-0.00555	-0.02290	0.99972	
0.15651	0.39607	-0.38974	-0.44417	0.22758	-0.19214	0.44729	0.99999	-0.00338	-0.00395	0.00335	0.99996	-0.00777	0.00397	0.00775	0.99996		-12.11237	56.47379	872.31945	131.13425	-86.69739	131.41463	0.48843	-0.03811	0.00407	0.99927	-0.04320	0.99905	-0.00571	-0.99834	-0.04339	-0.03790		500.89205	4.90753	41.87610	1.30569	-0.32594	-0.08673	0.24803	0.99998	-0.00164	0.00565	0.00151	0.99974	0.02280	-0.00569	-0.02279	0.99972	
0.16142	0.38998	-0.39814	-0.44322	0.22416	-0.19226	0.44642	0.99999	-0.00339	-0.00389	0.00336	0.99996	-0.00775	0.00391	0.00774	0.99996		-12.06581	56.50051	872.32855	131.07620	-86.69590	131.35643	0.48941	-0.03808	0.00406	0.99927	-0.04326	0.99905	-0.00571	-0.99834	-0.04345	-0.03787		500.88940	4.91740	41.85230	1.29810	-0.31963	-0.09163	0.24717	0.99998	-0.00173	0.00554	0.00160	0.99974	0.02266	-0.00558	-0.02265	0.99973	
0.16629	0.39999	-0.41428	-0.43663	0.21998	-0.19269	0.44454	0.99999	-0.00339	-0.00381	0.00336	0.99997	-0.00763	0.00384	0.00762	0.99996		-12.00689	56.58468	872.33743	131.04593	-86.70049	131.33234	0.48828	-0.03801	0.00417	0.99927	-0.04322	0.99905	-0.00582	-0.99834	-0.04341	-0.03779		500.88731	4.92164	41.83281	1.31314	-0.31787	-0.09687	0.25146	0.99998	-0.00182	0.00551	0.00169	0.99974	0.02293	-0.00555	-0.02292	0.99972	
0.16589	0.43446	-0.43220	-0.43778	0.21143	-0.20566	0.44306	0.99999	-0.00362	-0.00366	0.00359	0.99996	-0.00765	0.00369	0.00764	0.99996		-11.88831	56.53715	872.36166	130.78658	-86.69438	131.06671	0.48622	-0.03788	0.00406	0.99927	-0.04347	0.99904	-0.00571	-0.99834	-0.04366	-0.03767		500.89814	4.98671	41.77703	1.30326	-0.31244	-0.06806	0.24535	0.99998	-0.00131	0.00542	0.00119	0.99974	0.02275	-0.00545	-0.02274	0.99973	
0.15987	0.40411	-0.41242	-0.43133	0.21839	-0.19448	0.44822	0.99999	-0.00342	-0.00379	0.00339	0.99997	-0.00754	0.00381	0.00753	0.99996		-11.97795	56.66529	872.33111	131.01503	-86.70077	131.30811	0.48774	-0.03799	0.00429	0.99927	-0.04323	0.99905	-0.00593	-0.99834	-0.04342	-0.03777		500.89547	4.93477	41.81641	1.30024	-0.31649	-0.08874	0.24327	0.99998	-0.00167	0.00549	0.00155	0.99974	0.02270	-0.00552	-0.02269	0.99973	
0.15838	0.40223	-0.38464	-0.44702	0.22980	-0.19593	0.44590	0.99999	-0.00345	-0.00398	0.00342	0.99996	-0.00782	0.00401	0.00780	0.99996		-12.15790	56.42126	872.31109	131.12590	-86.69862	131.40735	0.48601	-0.03809	0.00409	0.99927	-0.04319	0.99905	-0.00573	-0.99834	-0.04338	-0.03788		500.89082	4.93595	41.88503	1.32121	-0.32962	-0.08755	0.24638	0.99998	-0.00166	0.00572	0.00153	0.99973	0.02307	-0.00575	-0.02306	0.99972	
0.15780	0.39273	-0.40895	-0.44699	0.22058	-0.19340	0.44450	0.99999	-0.00341	-0.00382	0.00338	0.99996	-0.00781	0.00385	0.00780	0.99996		-12.00535	56.43148	872.34512	131.13049	-86.70219	131.41205	0.49076	-0.03805	0.00409	0.99927	-0.04314	0.99905	-0.00573	-0.99834	-0.04333	-0.03784		500.90042	4.93166	41.81693	1.31154	-0.33300	-0.09681	0.25104	0.99998	-0.00182	0.00577	0.00169	0.99974	0.02290	-0.00581	-0.02289	0.99972	
0.15974	0.39780	-0.41240	-0.44312	0.21749	-0.19325	0.44425	0.99999	-0.00340	-0.00377	0.00337	0.99996	-0.00775	0.00380	0.00773	0.99996		-11.96221	56.48809	872.34384	130.99562	-86.70213	131.27820	0.48683	-0.03795	0.00411	0.99927	-0.04323	0.99905	-0.00575	-0.99834	-0.04342	-0.03774		500.90284	4.92173	41.79663	1.31686	-0.33269	-0.09069	0.24990	0.99998	-0.00172	0.00577	0.00158	0.99973	0.02299	-0.00581	-0.02298	0.99972	
0.15795	0.39547	-0.38242	-0.44184	0.22940	-0.19090	0.44543	0.99999	-0.00336	-0.00398	0.00333	0.99996	-0.00772	0.00400	0.00771	0.99996		-12.13966	56.51100	872.30780	131.06750	-86.69521	131.35612	0.48747	-0.03809	0.00421	0.99927	-0.04327	0.99905	-0.00586	-0.99834	-0.04346	-0.03787		500.89034	4.89090	41.87117	1.30299	-0.33505	-0.08226	0.24870	0.99998	-0.00157	0.00581	0.00144	0.99974	0.02275	-0.00585	-0.02274	0.99972	
0.16039	0.40104	-0.41059	-0.44652	0.21926	-0.19336	0.44729	0.99999	-0.00340	-0.00380	0.00337	0.99996	-0.00781	0.00383	0.00779	0.99996		-11.98684	56.45392	872.34465	130.94992	-86.69079	131.22472	0.48822	-0.03804	0.00397	0.99927	-0.04342	0.99904	-0.00562	-0.99833	-0.04360	-0.03783		500.89161	4.90960	41.81009	1.31236	-0.32688	-0.07935	0.25163	0.99998	-0.00152	0.00567	0.00138	0.99974	0.02291	-0.00571	-0.02290	0.99972	
0.15775	0.39459	-0.39068	-0.44641	0.22689	-0.19267	0.44544	0.99999	-0.00339	-0.00393	0.00336	0.99996	-0.00780	0.00396	0.00779	0.99996		-12.09430	56.44464	872.32672	131.25854	-86.69759	131.53333	0.48686	-0.03820	0.00397	0.99926	-0.04312	0.99905	-0.00562	-0.99834	-0.04330	-0.03799		500.89622	4.92507	41.85511	1.32329	-0.33808	-0.10227	0.25215	0.99998	-0.00192	0.00586	0.00178	0.99973	0.02310	-0.00590	-0.02309	0.99972	
0.15827	0.40657	-0.40236	-0.43848	0.22507	-0.19484	0.44917	0.99999	-0.00343	-0.00390	0.00340	0.99996	-0.00767	0.00393	0.00765	0.99996		-12.07774	56.54484	872.33386	131.22639	-86.70000	131.50757	0.48829	-0.03815	0.00408	0.99926	-0.04311	0.99905	-0.00573	-0.99834	-0.04329	-0.03794		500.88911	4.92723	41.85870	1.31246	-0.32799	-0.08548	0.25056	0.99998	-0.00162	0.00569	0.00149	0.99974	0.02291	-0.00572	-0.02290	0.99972	
0.16348	0.40942	-0.41457	-0.43474	0.21853	-0.19450	0.44550	0.99999	-0.00342	-0.00379	0.00339	0.99997	-0.00760	0.00381	0.00759	0.99996		-11.97775	56.60594	872.33399	131.01952	-86.70280	131.30627	0.48981	-0.03796	0.00418	0.99927	-0.04320	0.99905	-0.00582	-0.99834	-0.04339	-0.03775		500.89399	4.92969	41.81391	1.30325	-0.32197	-0.10311	0.24571	0.99998	-0.00193	0.00558	0.00180	0.99974	0.02275	-0.00562	-0.02274	0.99973	
0.15749	0.40561	-0.39575	-0.44941	0.22606	-0.19581	0.44671	0.99999	-0.00345	-0.00392	0.00342	0.99996	-0.00786	0.00395	0.00784	0.99996		-12.09082	56.38258	872.31863	131.04163	-86.70101	131.32130	0.48577	-0.03800	0.00406	0.99927	-0.04322	0.99905	-0.00570	-0.99834	-0.04340	-0.03779		500.88442	4.92482	41.86499	1.31454	-0.32615	-0.07830	0.24800	0.99998	-0.00150	0.00566	0.00137	0.99974	0.02295	-0.00569	-0.02294	0.99972	
0.15898	0.39892	-0.40693	-0.44216	0.22224	-0.19419	0.44823	0.99999	-0.00342	-0.00385	0.00339	0.99996	-0.00773	0.00388	0.00772	0.99996		-12.03334	56.50193	872.32803	131.10095	-86.70610	131.38232	0.48760	-0.03798	0.00409	0.99927	-0.04311	0.99905	-0.00573	-0.99835	-0.04330	-0.03777		500.88305	4.92035	41.84233	1.31064	-0.32215	-0.08375	0.25063	0.99998	-0.00159	0.00559	0.00146	0.99974	0.02288	-0.00562	-0.02287	0.99972	
0.15428	0.39264	-0.37196	-0.45446	0.23346	-0.19279	0.44600	0.99999	-0.00340	-0.00405	0.00336	0.99996	-0.00795	0.00407	0.00793	0.99996		-12.19423	56.32863	872.30681	131.23685	-86.69464	131.50488	0.48754	-0.03821	0.00385	0.99926	-0.04318	0.99905	-0.00550	-0.99834	-0.04336	-0.03801		500.88415	4.91620	41.90852	1.33715	-0.33384	-0.09505	0.24867	0.99998	-0.00179	0.00579	0.00166	0.99973	0.02335	-0.00583	-0.02334	0.99971	
0.15355	0.41326	-0.39256	-0.44536	0.22812	-0.20005	0.44599	0.99999	-0.00352	-0.00395	0.00349	0.99996	-0.00779	0.00398	0.00777	0.99996		-12.12133	56.43954	872.31996	131.05977	-86.69447	131.33580	0.48633	-0.03808	0.00399	0.99927	-0.04329	0.99905	-0.00564	-0.99834	-0.04348	-0.03787		500.89198	4.94930	41.87620	1.30123	-0.33358	-0.07707	0.24701	0.99998	-0.00148	0.00579	0.00135	0.99974	0.02272	-0.00582	-0.02271	0.99973	
0.15695	0.41057	-0.43278	-0.43630	0.21207	-0.19769	0.44732	0.99999	-0.00348	-0.00367	0.00345	0.99996	-0.00763	0.00370	0.00761	0.99996		-11.88063	56.58492	872.35285	130.84044	-86.70108	131.12802	0.48872	-0.03785	0.00419	0.99927	-0.04335	0.99904	-0.00584	-0.99834	-0.04353	-0.03763		500.90123	4.95484	41.78004	1.30869	-0.31745	-0.10080	0.25124	0.99998	-0.00189	0.00550	0.00176	0.99974	0.02285	-0.00554	-0.02284	0.99972	
0.15438	0.39642	-0.39230	-0.44882	0.22570	-0.19315	0.44574	0.99999	-0.00340	-0.00391	0.00337	0.99996	-0.00785	0.00394	0.00783	0.99996		-12.08125	56.40610	872.32078	131.12764	-86.69898	131.40070	0.48883	-0.03808	0.00394	0.99927	-0.04319	0.99905	-0.00558	-0.99834	-0.04337	-0.03787		500.88926	4.91636	41.85518	1.33064	-0.32856	-0.08896	0.25214	0.99998	-0.00169	0.00570	0.00155	0.99973	0.02323	-0.00573	-0.02322	0.99971	
0.15836	0.41124	-0.41745	-0.43965	0.21705	-0.19720	0.44298	0.99999	-0.00347	-0.00376	0.00344	0.99996	-0.00769	0.00379	0.00767	0.99996		-11.96100	56.52884	872.33713	130.89986	-86.70036	131.18481	0.49028	-0.03790	0.00415	0.99927	-0.04332	0.99904	-0.00579	-0.99834	-0.04351	-0.03769		500.89446	4.93747	41.79811	1.31802	-0.32957	-0.08215	0.24847	0.99998	-0.00157	0.00572	0.00143	0.99973	0.02301	-0.00575	-0.02300	0.99972	
0.15633	0.38616	-0.40137	-0.45114	0.22235	-0.18891	0.44313	0.99999	-0.00333	-0.00385	0.00330	0.99996	-0.00789	0.00388	0.00787	0.99996		-12.02268	56.37382	872.33911	131.24174	-86.70608	131.50914	0.48939	-0.03808	0.00384	0.99927	-0.04303	0.99906	-0.00548	-0.99835	-0.04320	-0.03788		500.88922	4.88328	41.84301	1.32041	-0.31800	-0.09290	0.25336	0.99998	-0.00175	0.00551	0.00162	0.99973	0.02305	-0.00555	-0.02304	0.99972	
0.15246	0.40616	-0.38615	-0.45156	0.22909	-0.19726	0.44480	0.99999	-0.00347	-0.00397	0.00344	0.99996	-0.00789	0.00400	0.00788	0.99996		-12.13385	56.35283	872.32745	131.13362	-86.68818	131.40802	0.48753	-0.03821	0.00396	0.99926	-0.04333	0.99905	-0.00561	-0.99833	-0.04351	-0.03800		500.88811	4.95208	41.88268	1.33348	-0.32694	-0.09733	0.25466	0.99998	-0.00183	0.00567	0.00170	0.99973	0.02328	-0.00571	-0.02327	0.99971	
0.15176	0.41734	-0.41226	-0.43892	0.21860	-0.20067	0.44602	0.99999	-0.00353	-0.00379	0.00350	0.99996	-0.00767	0.00382	0.00766	0.99996		-11.98113	56.53502	872.34012	130.87198	-86.69347	131.15678	0.49061	-0.03796	0.00414	0.99927	-0.04343	0.99904	-0.00579	-0.99834	-0.04361	-0.03774		500.89309	4.96944	41.80654	1.30648	-0.32523	-0.08012	0.24781	0.99998	-0.00153	0.00564	0.00140	0.99974	0.02281	-0.00568	-0.02280	0.99972	
0.15276	0.40332	-0.38700	-0.44751	0.22939	-0.19703	0.44462	0.99999	-0.00347	-0.00398	0.00344	0.99996	-0.00782	0.00400	0.00781	0.99996		-12.14158	56.40731	872.31042	131.15732	-86.69762	131.43272	0.49376	-0.03812	0.00398	0.99927	-0.04319	0.99905	-0.00563	-0.99834	-0.04337	-0.03791		500.89559	4.95767	41.88021	1.32588	-0.33904	-0.09977	0.25511	0.99998	-0.00188	0.00588	0.00174	0.99973	0.02315	-0.00592	-0.02314	0.99971	
0.14771	0.40080	-0.38364	-0.44458	0.23193	-0.19500	0.44582	0.99999	-0.00343	-0.00402	0.00340	0.99996	-0.00777	0.00405	0.00776	0.99996		-12.17259	56.46096	872.32074	131.28380	-86.68742	131.56961	0.48732	-0.03834	0.00415	0.99926	-0.04323	0.99905	-0.00581	-0.99833	-0.04342	-0.03812		500.89331	4.93738	41.89917	1.31989	-0.33743	-0.10133	0.25156	0.99998	-0.00190	0.00585	0.00177	0.99973	0.02304	-0.00589	-0.02303	0.99972	
0.15325	0.39865	-0.39461	-0.44474	0.22582	-0.19278	0.44448	0.99999	-0.00340	-0.00391	0.00336	0.99996	-0.00778	0.00394	0.00776	0.99996		-12.08291	56.46378	872.31786	131.08301	-86.70103	131.36400	0.48417	-0.03803	0.00408	0.99927	-0.04319	0.99905	-0.00572	-0.99834	-0.04338	-0.03782		500.89372	4.92487	41.85461	1.33326	-0.33173	-0.10264	0.25359	0.99998	-0.00193	0.00575	0.00179	0.99973	0.02328	-0.00579	-0.02327	0.99971	
0.15685	0.39903	-0.42391	-0.44374	0.21174	-0.19281	0.44399	0.99999	-0.00339	-0.00367	0.00337	0.99996	-0.00776	0.00370	0.00774	0.99996		-11.87381	56.47637	872.35125	130.92546	-86.71120	131.20718	0.48751	-0.03779	0.00410	0.99928	-0.04316	0.99905	-0.00573	-0.99835	-0.04335	-0.03758		500.89746	4.91366	41.76111	1.31352	-0.31591	-0.09337	0.25262	0.99998	-0.00176	0.00547	0.00163	0.99974	0.02293	-0.00551	-0.02292	0.99972	
0.15782	0.41541	-0.40836	-0.43923	0.22114	-0.19992	0.44514	0.99999	-0.00352	-0.00383	0.00349	0.99996	-0.00768	0.00386	0.00767	0.99996		-12.02258	56.53912	872.34297	130.98988	-86.68576	131.27376	0.48698	-0.03814	0.00412	0.99926	-0.04345	0.99904	-0.00578	-0.99833	-0.04364	-0.03792		500.89507	4.97890	41.82666	1.32293	-0.32888	-0.10105	0.25247	0.99998	-0.00190	0.00570	0.00176	0.99973	0.02310	-0.00574	-0.02309	0.99972	
0.15080	0.39755	-0.37946	-0.44735	0.23104	-0.19220	0.44623	0.99999	-0.00339	-0.00401	0.00335	0.99996	-0.00782	0.00403	0.00781	0.99996		-12.15749	56.42632	872.30765	131.22719	-86.69724	131.49922	0.48943	-0.03817	0.00392	0.99926	-0.04315	0.99905	-0.00557	-0.99834	-0.04333	-0.03797		500.88769	4.90347	41.88865	1.31150	-0.33637	-0.08803	0.24930	0.99998	-0.00167	0.00583	0.00154	0.99974	0.02290	-0.00587	-0.02289	0.99972	
0.14432	0.39564	-0.36723	-0.45571	0.23644	-0.19292	0.44814	0.99999	-0.00340	-0.00410	0.00337	0.99996	-0.00797	0.00413	0.00795	0.99996		-12.23248	56.29273	872.30646	131.42557	-86.69505	131.69641	0.49023	-0.03835	0.00390	0.99926	-0.04305	0.99906	-0.00555	-0.99834	-0.04323	-0.03814		500.89568	4.90180	41.92659	1.33177	-0.33892	-0.08739	0.25318	0.99998	-0.00166	0.00588	0.00153	0.99973	0.02325	-0.00592	-0.02324	0.99971	
0.14388	0.40611	-0.38974	-0.44828	0.22838	-0.19582	0.44569	0.99999	-0.00345	-0.00396	0.00342	0.99996	-0.00784	0.00399	0.00782	0.99996		-12.11215	56.42384	872.31698	130.94292	-86.68182	131.22021	0.49051	-0.03814	0.00401	0.99926	-0.04354	0.99904	-0.00567	-0.99832	-0.04372	-0.03793		500.90450	4.94823	41.87177	1.33122	-0.34065	-0.10779	0.24954	0.99998	-0.00202	0.00590	0.00188	0.99973	0.02324	-0.00595	-0.02323	0.99971	
