1	0.00000	-6.32109	13.81503	0.42427	0.38689	0.09402	-0.69781	0.42888	0.99992	-0.01217	-0.00172	0.01218	0.99990	0.00673	0.00164	-0.00675	0.99998		-9.54774	68.16905	871.88509	178.89969	1.95868	-2.76692	0.49430	0.99825	0.04892	0.03321	0.04824	-0.99862	0.02083	0.03418	-0.01919	-0.99923		501.23163	6.70226	39.54383	0.92256	-0.69818	-0.35218	0.30253	0.99991	-0.00634	0.01208	0.00615	0.99985	0.01618	-0.01219	-0.01610	0.99980	
2	0.01000	-6.32923	13.78350	0.43177	0.35682	0.09897	-0.68798	0.42563	0.99993	-0.01200	-0.00180	0.01201	0.99991	0.00621	0.00173	-0.00623	0.99998		-9.59946	67.73509	871.90581	178.92400	1.95638	-2.75615	0.48986	0.99826	0.04872	0.03319	0.04806	-0.99864	0.02040	0.03414	-0.01877	-0.99924		501.23174	6.63772	39.58419	0.96470	-0.69583	-0.36991	0.30083	0.99991	-0.00666	0.01203	0.00646	0.99984	0.01691	-0.01214	-0.01684	0.99978	
3	0.02000	-6.31820	13.79500	0.41815	0.37651	0.09439	-0.69067	0.44017	0.99993	-0.01204	-0.00173	0.01205	0.99991	0.00655	0.00165	-0.00657	0.99998		-9.51291	68.03171	872.04496	178.89098	1.99217	-2.75945	0.54133	0.99824	0.04881	0.03378	0.04811	-0.99862	0.02101	0.03476	-0.01934	-0.99921		501.22815	6.65079	39.55502	0.93770	-0.69791	-0.35593	0.30700	0.99991	-0.00641	0.01208	0.00621	0.99985	0.01644	-0.01218	-0.01636	0.99979	
4	0.03000	-6.34947	13.31267	-0.02973	-0.10491	-0.04383	-0.56629	0.42823	0.99995	-0.00988	0.00078	0.00988	0.99995	-0.00182	-0.00076	0.00183	1.00000		-7.27394	61.43669	872.88078	179.34868	1.71588	-2.80574	0.57546	0.99835	0.04929	0.02935	0.04893	-0.99872	0.01282	0.02994	-0.01136	-0.99949		500.95298	5.74223	38.96824	1.44060	0.14334	-0.21588	0.39841	0.99999	-0.00370	-0.00260	0.00377	0.99968	0.02513	0.00250	-0.02514	0.99968	
5	0.04000	-6.34813	13.26772	-0.05135	-0.12021	-0.05221	-0.55260	0.43237	0.99995	-0.00964	0.00093	0.00964	0.99995	-0.00209	-0.00091	0.00210	1.00000		-7.13858	61.24940	872.92322	179.37109	1.70794	-2.79140	0.57727	0.99837	0.04902	0.02923	0.04868	-0.99874	0.01241	0.02980	-0.01097	-0.99950		501.06331	5.38847	38.94818	1.17982	0.06089	-0.11398	0.50682	1.00000	-0.00197	-0.00110	0.00199	0.99979	0.02059	0.00106	-0.02059	0.99979	
6	0.05000	-6.02770	12.83819	-0.69705	-0.85394	-0.46461	-0.47144	0.48317	0.99993	-0.00811	0.00823	0.00823	0.99986	-0.01484	-0.00811	0.01490	0.99986		-0.90628	50.00557	874.12273	-179.78271	1.24075	-2.18801	0.58560	0.99904	0.03810	0.02178	0.03817	-0.99927	-0.00296	0.02165	0.00379	-0.99976		501.24047	4.03981	35.71431	1.27685	0.55572	0.49819	0.45983	0.99992	0.00891	-0.00950	-0.00869	0.99971	0.02237	0.00970	-0.02228	0.99970	
7	0.06000	-6.52395	13.04246	0.72116	-0.28510	0.24003	-0.52448	0.44852	0.99995	-0.00917	-0.00414	0.00915	0.99995	-0.00501	0.00419	0.00498	0.99998		-11.11524	58.71235	872.41354	179.59233	2.12379	-2.35900	0.58898	0.99847	0.04142	0.03673	0.04113	-0.99912	0.00863	0.03706	-0.00711	-0.99929		501.05098	5.29121	40.81271	1.34358	-0.33948	-0.10071	0.51248	0.99998	-0.00190	0.00588	0.00176	0.99972	0.02346	-0.00592	-0.02345	0.99971	
8	0.07000	-6.55276	13.10164	0.29961	-0.15266	0.08918	-0.53420	0.43923	0.99996	-0.00933	-0.00153	0.00932	0.99995	-0.00268	0.00156	0.00266	0.99999		-8.85132	60.66997	872.62888	179.38000	1.91970	-2.43074	0.52056	0.99854	0.04277	0.03301	0.04239	-0.99903	0.01223	0.03350	-0.01081	-0.99938		501.13363	5.56226	39.97309	1.37005	-0.02297	-0.33278	0.48589	0.99998	-0.00582	0.00026	0.00581	0.99970	0.02391	-0.00040	-0.02391	0.99971	
9	0.08000	-6.55656	13.11496	0.28656	-0.12767	0.08345	-0.53811	0.44128	0.99995	-0.00939	-0.00143	0.00939	0.99995	-0.00224	0.00146	0.00223	1.00000		-8.76625	61.03637	872.61989	179.35976	1.92273	-2.42744	0.51745	0.99854	0.04273	0.03305	0.04233	-0.99902	0.01259	0.03355	-0.01117	-0.99937		501.14671	5.60640	39.93835	1.34340	-0.02852	-0.34105	0.47595	0.99998	-0.00596	0.00036	0.00595	0.99971	0.02345	-0.00050	-0.02344	0.99973	
10	0.09000	-6.56849	13.12219	0.30949	-0.12876	0.08892	-0.53871	0.44192	0.99995	-0.00941	-0.00153	0.00940	0.99995	-0.00226	0.00155	0.00225	1.00000		-8.83987	61.01902	872.59693	179.36359	1.92687	-2.43646	0.51187	0.99853	0.04288	0.03312	0.04249	-0.99902	0.01253	0.03362	-0.01110	-0.99937		501.14773	5.61846	39.96799	1.36335	-0.03507	-0.35667	0.48442	0.99998	-0.00624	0.00046	0.00623	0.99970	0.02380	-0.00061	-0.02379	0.99972	
11	0.10000	-6.57684	13.08649	0.32093	-0.12489	0.09821	-0.52513	0.44123	0.99996	-0.00917	-0.00169	0.00917	0.99996	-0.00220	0.00171	0.00218	1.00000		-8.96028	61.11672	872.57248	179.35632	1.92666	-2.43060	0.51089	0.99854	0.04278	0.03311	0.04239	-0.99902	0.01265	0.03362	-0.01123	-0.99937		501.14382	5.53039	40.03074	1.35343	-0.05162	-0.36256	0.48650	0.99998	-0.00635	0.00075	0.00633	0.99970	0.02362	-0.00090	-0.02362	0.99972	
12	0.11000	-6.58310	13.10817	0.29639	-0.12667	0.08656	-0.53338	0.44001	0.99996	-0.00931	-0.00149	0.00931	0.99995	-0.00223	0.00151	0.00221	1.00000		-8.78007	61.06403	872.59966	179.36401	1.91680	-2.42998	0.50882	0.99854	0.04277	0.03295	0.04237	-0.99902	0.01251	0.03345	-0.01109	-0.99938		501.16328	5.60899	39.96781	1.38382	-0.04555	-0.39441	0.48922	0.99998	-0.00690	0.00063	0.00688	0.99968	0.02415	-0.00079	-0.02415	0.99971	
13	0.12000	-6.58458	13.09837	0.31500	-0.12005	0.09391	-0.52703	0.44261	0.99996	-0.00920	-0.00162	0.00920	0.99996	-0.00211	0.00164	0.00210	1.00000		-8.88835	61.17750	872.57184	179.34804	1.91961	-2.43203	0.50651	0.99854	0.04281	0.03298	0.04241	-0.99902	0.01279	0.03350	-0.01137	-0.99937		501.15231	5.55243	40.01343	1.36246	-0.04498	-0.38056	0.48257	0.99998	-0.00666	0.00063	0.00664	0.99970	0.02378	-0.00079	-0.02378	0.99972	
14	0.13000	-6.58710	13.09013	0.30825	-0.12656	0.08936	-0.52554	0.44023	0.99996	-0.00918	-0.00154	0.00917	0.99996	-0.00222	0.00156	0.00221	1.00000		-8.81640	61.08115	872.58329	179.35701	1.91329	-2.41993	0.50612	0.99855	0.04259	0.03288	0.04220	-0.99903	0.01262	0.03339	-0.01122	-0.99938		501.15343	5.54565	39.97011	1.37380	-0.05422	-0.38167	0.48842	0.99998	-0.00668	0.00079	0.00666	0.99969	0.02398	-0.00095	-0.02397	0.99971	
15	0.14000	-6.58798	13.09974	0.29347	-0.11810	0.08562	-0.52775	0.44270	0.99996	-0.00921	-0.00147	0.00921	0.99996	-0.00208	0.00149	0.00206	1.00000		-8.75423	61.20299	872.60144	179.35735	1.92288	-2.42505	0.50662	0.99854	0.04269	0.03305	0.04229	-0.99903	0.01263	0.03355	-0.01121	-0.99937		501.24328	5.72826	40.00094	1.57579	-0.12638	-0.59892	0.57724	0.99994	-0.01051	0.00192	0.01045	0.99957	0.02752	-0.00221	-0.02750	0.99962	
16	0.15000	-6.59176	13.08982	0.31188	-0.11827	0.09236	-0.52523	0.44426	0.99996	-0.00917	-0.00159	0.00917	0.99996	-0.00208	0.00161	0.00206	1.00000		-8.84895	61.22174	872.57959	179.36191	1.92467	-2.42842	0.50437	0.99854	0.04274	0.03308	0.04235	-0.99902	0.01255	0.03359	-0.01113	-0.99937		501.15842	5.55779	40.00657	1.37026	-0.04022	-0.39708	0.49506	0.99998	-0.00695	0.00054	0.00693	0.99969	0.02392	-0.00070	-0.02391	0.99971	
17	0.16000	-6.57717	12.99965	0.50919	-0.18526	0.16162	-0.49885	0.43428	0.99996	-0.00872	-0.00279	0.00871	0.99996	-0.00326	0.00282	0.00323	0.99999		-9.88363	60.28312	872.43669	179.42197	1.99193	-2.39706	0.50582	0.99852	0.04217	0.03430	0.04180	-0.99906	0.01153	0.03476	-0.01008	-0.99934		501.18963	5.54321	40.44268	1.66262	-0.22347	-0.64759	0.57866	0.99993	-0.01141	0.00357	0.01130	0.99951	0.02906	-0.00390	-0.02901	0.99957	
18	0.17000	-6.59415	13.09326	0.31243	-0.12393	0.09147	-0.52504	0.44547	0.99996	-0.00917	-0.00158	0.00916	0.99996	-0.00218	0.00160	0.00216	1.00000		-8.83973	61.11460	872.57776	179.36220	1.91741	-2.41958	0.50198	0.99855	0.04259	0.03296	0.04219	-0.99903	0.01253	0.03346	-0.01113	-0.99938		501.16806	5.56128	39.98598	1.38540	-0.06358	-0.41300	0.49272	0.99997	-0.00723	0.00094	0.00721	0.99968	0.02418	-0.00111	-0.02418	0.99971	
19	0.18000	-6.60208	13.09360	0.31970	-0.11709	0.09482	-0.52585	0.44168	0.99996	-0.00918	-0.00164	0.00918	0.99996	-0.00206	0.00165	0.00204	1.00000		-8.87595	61.23689	872.56388	179.35632	1.92172	-2.43117	0.50141	0.99854	0.04279	0.03303	0.04240	-0.99902	0.01265	0.03353	-0.01123	-0.99937		501.16705	5.57832	40.01765	1.38593	-0.04680	-0.42803	0.48509	0.99997	-0.00749	0.00064	0.00747	0.99968	0.02419	-0.00082	-0.02419	0.99971	
20	0.19000	-6.59577	13.09737	0.28585	-0.13034	0.08096	-0.52926	0.44198	0.99996	-0.00924	-0.00139	0.00924	0.99995	-0.00229	0.00141	0.00227	1.00000		-8.67923	61.02147	872.60913	179.37257	1.90766	-2.43143	0.50738	0.99855	0.04279	0.03279	0.04240	-0.99902	0.01235	0.03329	-0.01094	-0.99939		501.16463	5.57400	39.92773	1.37571	-0.03571	-0.39408	0.48519	0.99998	-0.00689	0.00046	0.00688	0.99969	0.02401	-0.00062	-0.02401	0.99971	
21	0.20000	-6.60530	13.10614	0.33199	-0.12737	0.10065	-0.53347	0.44476	0.99995	-0.00931	-0.00174	0.00931	0.99995	-0.00224	0.00176	0.00222	1.00000		-8.97156	61.06504	872.55625	179.36755	1.92588	-2.43680	0.49898	0.99853	0.04289	0.03310	0.04249	-0.99902	0.01246	0.03361	-0.01103	-0.99937		501.16550	5.61228	40.04646	1.38498	-0.06734	-0.40048	0.48365	0.99997	-0.00702	0.00101	0.00699	0.99968	0.02418	-0.00118	-0.02417	0.99971	
22	0.21000	-6.60126	13.08853	0.30152	-0.13528	0.08867	-0.52660	0.44113	0.99996	-0.00919	-0.00153	0.00919	0.99996	-0.00238	0.00155	0.00236	1.00000		-8.78933	60.97224	872.58593	179.37558	1.90563	-2.43781	0.50223	0.99854	0.04289	0.03276	0.04251	-0.99902	0.01230	0.03325	-0.01089	-0.99939		501.17678	5.58678	39.97548	1.41244	-0.05203	-0.43042	0.49165	0.99997	-0.00753	0.00072	0.00751	0.99967	0.02466	-0.00091	-0.02465	0.99970	
23	0.22000	-6.59979	13.10690	0.30417	-0.11509	0.08676	-0.53184	0.44330	0.99996	-0.00928	-0.00149	0.00928	0.99995	-0.00202	0.00151	0.00201	1.00000		-8.76686	61.24118	872.58433	179.35577	1.91968	-2.42769	0.50333	0.99854	0.04273	0.03299	0.04233	-0.99902	0.01265	0.03350	-0.01124	-0.99938		501.16422	5.59657	39.95555	1.36317	-0.03981	-0.39007	0.47756	0.99998	-0.00682	0.00053	0.00681	0.99969	0.02379	-0.00069	-0.02379	0.99972	
24	0.23000	-6.60422	13.10459	0.30405	-0.11495	0.08824	-0.52930	0.44498	0.99996	-0.00924	-0.00152	0.00924	0.99996	-0.00202	0.00154	0.00201	1.00000		-8.78332	61.24418	872.57738	179.36102	1.91832	-2.42472	0.50298	0.99854	0.04268	0.03297	0.04228	-0.99903	0.01256	0.03347	-0.01115	-0.99938		501.17901	5.54844	39.90470	1.35719	-0.10749	-0.37296	0.50157	0.99998	-0.00655	0.00172	0.00651	0.99970	0.02370	-0.00188	-0.02369	0.99972	
25	0.24000	-6.60924	13.09659	0.33521	-0.12423	0.10134	-0.52832	0.44488	0.99996	-0.00922	-0.00175	0.00922	0.99996	-0.00219	0.00177	0.00217	1.00000		-8.95560	61.11366	872.60379	179.39299	1.95436	-2.39533	0.52335	0.99855	0.04215	0.03363	0.04177	-0.99906	0.01201	0.03410	-0.01059	-0.99936		501.24165	5.74283	40.05625	1.71381	-0.25154	-0.60665	0.57911	0.99993	-0.01071	0.00407	0.01059	0.99950	0.02995	-0.00439	-0.02991	0.99954	
26	0.25000	-6.60833	13.08664	0.32154	-0.13261	0.09476	-0.52402	0.44347	0.99996	-0.00915	-0.00163	0.00915	0.99996	-0.00233	0.00165	0.00231	1.00000		-8.85149	61.00207	872.61663	179.40796	1.94617	-2.38915	0.52500	0.99855	0.04203	0.03350	0.04166	-0.99906	0.01174	0.03396	-0.01033	-0.99937		501.24591	5.70381	40.02513	1.73287	-0.24078	-0.60349	0.58121	0.99994	-0.01066	0.00388	0.01053	0.99949	0.03028	-0.00420	-0.03024	0.99953	
27	0.26000	-6.60261	13.10414	0.26469	-0.11513	0.07321	-0.52978	0.44402	0.99996	-0.00925	-0.00126	0.00925	0.99996	-0.00202	0.00128	0.00201	1.00000		-8.53451	61.25462	872.65550	179.39763	1.92749	-2.39606	0.52490	0.99856	0.04216	0.03316	0.04178	-0.99906	0.01191	0.03363	-0.01051	-0.99938		501.16878	5.58957	39.84599	1.50523	-0.14708	-0.42406	0.49506	0.99997	-0.00747	0.00237	0.00740	0.99963	0.02629	-0.00257	-0.02627	0.99965	
28	0.27000	-6.61114	13.09767	0.30930	-0.13110	0.09018	-0.52946	0.44062	0.99996	-0.00924	-0.00155	0.00924	0.99995	-0.00230	0.00157	0.00229	1.00000		-8.78391	61.02392	872.62327	179.40862	1.93799	-2.40242	0.52441	0.99855	0.04226	0.03335	0.04189	-0.99905	0.01173	0.03382	-0.01032	-0.99937		501.15980	5.60528	39.94762	1.54733	-0.15892	-0.43006	0.49050	0.99997	-0.00758	0.00257	0.00751	0.99961	0.02702	-0.00277	-0.02700	0.99963	
29	0.28000	-6.61344	13.09843	0.33265	-0.12530	0.09994	-0.52904	0.44517	0.99996	-0.00924	-0.00172	0.00923	0.99996	-0.00220	0.00174	0.00219	1.00000		-8.92609	61.11252	872.60354	179.40102	1.95753	-2.40574	0.52236	0.99854	0.04233	0.03369	0.04195	-0.99905	0.01188	0.03416	-0.01045	-0.99936		501.24642	5.74133	40.05817	1.72308	-0.25101	-0.60244	0.58307	0.99994	-0.01064	0.00406	0.01051	0.99949	0.03011	-0.00438	-0.03007	0.99954	
30	0.29000	-6.61377	13.09436	0.30745	-0.11992	0.09180	-0.52638	0.44702	0.99996	-0.00919	-0.00158	0.00919	0.99996	-0.00211	0.00160	0.00209	1.00000		-8.79197	61.19840	872.63146	179.40674	1.95179	-2.39829	0.52491	0.99854	0.04220	0.03359	0.04182	-0.99906	0.01177	0.03406	-0.01035	-0.99937		501.16808	5.57103	39.97218	1.51400	-0.16809	-0.42050	0.49556	0.99997	-0.00741	0.00274	0.00734	0.99962	0.02644	-0.00293	-0.02642	0.99965	
31	0.30000	-6.60330	13.01324	0.54656	-0.20203	0.17607	-0.50435	0.43608	0.99996	-0.00881	-0.00304	0.00880	0.99996	-0.00355	0.00307	0.00353	0.99999		-10.04911	60.02444	872.45773	179.48190	2.03092	-2.37524	0.52527	0.99851	0.04176	0.03503	0.04142	-0.99909	0.01050	0.03544	-0.00904	-0.99933		501.10222	5.40507	40.46496	1.59130	-0.26157	-0.44351	0.50105	0.99996	-0.00786	0.00435	0.00774	0.99958	0.02780	-0.00457	-0.02777	0.99960	
32	0.31000	-6.61569	13.07184	0.32721	-0.13312	0.09850	-0.51863	0.44307	0.99996	-0.00906	-0.00170	0.00905	0.99996	-0.00234	0.00172	0.00232	1.00000		-8.88007	61.02177	872.62727	179.41905	1.96029	-2.38675	0.52541	0.99855	0.04199	0.03375	0.04162	-0.99907	0.01155	0.03421	-0.01013	-0.99936		501.16432	5.51884	40.01078	1.53191	-0.16948	-0.43336	0.49833	0.99997	-0.00764	0.00275	0.00756	0.99961	0.02676	-0.00296	-0.02673	0.99964	
33	0.32000	-6.60155	12.99744	0.55134	-0.19387	0.17781	-0.49807	0.43605	0.99996	-0.00870	-0.00307	0.00869	0.99996	-0.00341	0.00310	0.00338	0.99999		-10.07533	60.16141	872.45033	179.47261	2.03823	-2.36815	0.52404	0.99851	0.04165	0.03515	0.04129	-0.99909	0.01067	0.03557	-0.00920	-0.99932		501.19523	5.52884	40.51499	1.79633	-0.34553	-0.65019	0.58772	0.99992	-0.01153	0.00567	0.01135	0.99944	0.03141	-0.00603	-0.03135	0.99949	
34	0.33000	-6.61225	12.98498	0.57066	-0.20885	0.18495	-0.49420	0.43609	0.99996	-0.00864	-0.00320	0.00863	0.99996	-0.00367	0.00323	0.00365	0.99999		-10.17251	59.93591	872.45195	179.49168	2.04730	-2.35568	0.52357	0.99852	0.04142	0.03533	0.04108	-0.99910	0.01033	0.03572	-0.00887	-0.99932		501.10717	5.35145	40.51099	1.62704	-0.28145	-0.46671	0.50527	0.99995	-0.00828	0.00468	0.00815	0.99956	0.02843	-0.00491	-0.02839	0.99958	
35	0.34000	-6.62700	13.09486	0.34569	-0.13107	0.10420	-0.52805	0.44149	0.99996	-0.00922	-0.00180	0.00922	0.99995	-0.00230	0.00182	0.00229	1.00000		-8.96316	61.01629	872.60963	179.41302	1.97234	-2.38471	0.52449	0.99854	0.04196	0.03396	0.04158	-0.99907	0.01167	0.03442	-0.01024	-0.99936		501.17017	5.59018	40.03583	1.53248	-0.18116	-0.43518	0.50240	0.99997	-0.00768	0.00296	0.00760	0.99961	0.02677	-0.00316	-0.02674	0.99964	
36	0.35000	-6.62055	13.10061	0.31914	-0.12983	0.09628	-0.52887	0.44414	0.99996	-0.00923	-0.00166	0.00923	0.99995	-0.00228	0.00168	0.00227	1.00000		-8.85354	61.03726	872.63228	179.41951	1.96136	-2.38892	0.52563	0.99855	0.04203	0.03377	0.04166	-0.99907	0.01155	0.03423	-0.01013	-0.99936		501.17363	5.58764	39.99626	1.53520	-0.17665	-0.43778	0.50235	0.99997	-0.00772	0.00288	0.00764	0.99961	0.02681	-0.00308	-0.02679	0.99964	
37	0.36000	-6.62560	13.10438	0.32280	-0.12410	0.09729	-0.52929	0.44083	0.99996	-0.00924	-0.00168	0.00924	0.99996	-0.00218	0.00170	0.00217	1.00000		-8.85629	61.12589	872.62810	179.40471	1.96795	-2.40109	0.52609	0.99853	0.04225	0.03387	0.04187	-0.99905	0.01182	0.03434	-0.01038	-0.99936		501.25776	5.73479	40.04768	1.72758	-0.25204	-0.60216	0.59346	0.99994	-0.01064	0.00408	0.01051	0.99949	0.03019	-0.00440	-0.03015	0.99954	
38	0.37000	-6.62191	13.10301	0.31253	-0.11536	0.09414	-0.52817	0.44337	0.99996	-0.00922	-0.00162	0.00922	0.99996	-0.00203	0.00164	0.00201	1.00000		-8.81985	61.26149	872.62524	179.40228	1.95643	-2.39621	0.52447	0.99854	0.04216	0.03367	0.04179	-0.99906	0.01185	0.03414	-0.01043	-0.99936		501.25718	5.74510	40.02779	1.71979	-0.25087	-0.63178	0.59501	0.99993	-0.01115	0.00405	0.01103	0.99949	0.03006	-0.00438	-0.03001	0.99954	
39	0.38000	-6.61972	13.10144	0.31792	-0.11554	0.09577	-0.52728	0.44236	0.99996	-0.00921	-0.00165	0.00920	0.99996	-0.00203	0.00167	0.00202	1.00000		-8.83899	61.26552	872.62367	179.40584	1.96341	-2.40094	0.52689	0.99854	0.04224	0.03379	0.04187	-0.99905	0.01180	0.03426	-0.01036	-0.99936		501.25490	5.72039	40.03335	1.70016	-0.25414	-0.61178	0.59433	0.99993	-0.01080	0.00412	0.01068	0.99950	0.02971	-0.00444	-0.02967	0.99955	
40	0.39000	-6.62297	13.09569	0.29609	-0.11156	0.08954	-0.52445	0.44220	0.99996	-0.00916	-0.00154	0.00915	0.99996	-0.00196	0.00156	0.00195	1.00000		-8.73629	61.33109	872.63612	179.39198	1.95155	-2.39741	0.52280	0.99855	0.04219	0.03358	0.04181	-0.99905	0.01203	0.03405	-0.01061	-0.99936		501.26828	5.74627	39.99160	1.72591	-0.26269	-0.64809	0.59167	0.99993	-0.01144	0.00424	0.01131	0.99948	0.03017	-0.00458	-0.03012	0.99954	
41	0.40000	-6.62787	13.09211	0.29981	-0.11803	0.09022	-0.52405	0.44367	0.99996	-0.00915	-0.00156	0.00915	0.99996	-0.00208	0.00157	0.00206	1.00000		-8.73700	61.25213	872.63975	179.40379	1.95631	-2.40742	0.52539	0.99854	0.04236	0.03367	0.04198	-0.99905	0.01183	0.03414	-0.01040	-0.99936		501.19390	5.58001	39.95150	1.55162	-0.18753	-0.44930	0.50017	0.99996	-0.00793	0.00306	0.00784	0.99960	0.02710	-0.00327	-0.02708	0.99963	
42	0.41000	-6.62586	13.10218	0.28312	-0.11153	0.08307	-0.52882	0.44370	0.99996	-0.00923	-0.00143	0.00923	0.99996	-0.00196	0.00145	0.00195	1.00000		-8.64175	61.31937	872.66108	179.39944	1.95332	-2.39526	0.52252	0.99855	0.04215	0.03362	0.04177	-0.99906	0.01190	0.03409	-0.01048	-0.99936		501.19603	5.64186	39.90701	1.56071	-0.18159	-0.47031	0.50544	0.99996	-0.00829	0.00294	0.00821	0.99959	0.02726	-0.00317	-0.02724	0.99962	
43	0.42000	-6.62967	13.09576	0.33093	-0.12146	0.10078	-0.52738	0.44084	0.99996	-0.00921	-0.00174	0.00920	0.99996	-0.00214	0.00176	0.00212	1.00000		-8.90184	61.18111	872.62169	179.41087	1.97192	-2.39758	0.52370	0.99853	0.04218	0.03395	0.04181	-0.99906	0.01171	0.03441	-0.01028	-0.99936		501.17918	5.59257	40.00813	1.54057	-0.19417	-0.43292	0.50232	0.99997	-0.00764	0.00318	0.00756	0.99961	0.02691	-0.00339	-0.02688	0.99963	
44	0.43000	-6.63022	13.11338	0.28380	-0.11043	0.08409	-0.53270	0.44180	0.99996	-0.00930	-0.00145	0.00930	0.99996	-0.00194	0.00147	0.00193	1.00000		-8.65460	61.33580	872.66639	179.40271	1.96125	-2.40137	0.52628	0.99854	0.04225	0.03375	0.04187	-0.99905	0.01185	0.03422	-0.01042	-0.99936		501.20401	5.64168	39.90318	1.53311	-0.19368	-0.45009	0.49820	0.99996	-0.00794	0.00317	0.00786	0.99961	0.02678	-0.00338	-0.02675	0.99964	
45	0.44000	-6.63517	13.09462	0.31147	-0.12513	0.09698	-0.52514	0.44249	0.99996	-0.00917	-0.00167	0.00917	0.99996	-0.00220	0.00169	0.00218	1.00000		-8.83122	61.12356	872.64228	179.41205	1.96528	-2.39641	0.52625	0.99854	0.04216	0.03383	0.04179	-0.99906	0.01169	0.03429	-0.01026	-0.99936		501.18826	5.58357	39.99256	1.54904	-0.18876	-0.44749	0.50617	0.99996	-0.00790	0.00308	0.00781	0.99960	0.02706	-0.00329	-0.02703	0.99963	
46	0.45000	-6.63437	13.11159	0.30899	-0.11590	0.09589	-0.53182	0.44067	0.99996	-0.00928	-0.00165	0.00928	0.99995	-0.00204	0.00167	0.00202	1.00000		-8.82123	61.24662	872.64304	179.41089	1.97366	-2.39810	0.52370	0.99853	0.04219	0.03398	0.04182	-0.99906	0.01171	0.03444	-0.01028	-0.99935		501.18176	5.61662	39.99370	1.53165	-0.17831	-0.42924	0.50280	0.99997	-0.00757	0.00291	0.00749	0.99961	0.02675	-0.00311	-0.02673	0.99964	
47	0.46000	-6.61509	13.00025	0.53430	-0.18894	0.17530	-0.49872	0.43544	0.99996	-0.00871	-0.00303	0.00870	0.99996	-0.00332	0.00306	0.00330	0.99999		-10.01323	60.23511	872.47706	179.47200	2.04639	-2.36508	0.52876	0.99851	0.04159	0.03530	0.04124	-0.99909	0.01068	0.03571	-0.00921	-0.99932		501.20572	5.54861	40.50186	1.80094	-0.34943	-0.65061	0.59172	0.99992	-0.01154	0.00574	0.01135	0.99944	0.03149	-0.00610	-0.03143	0.99949	
48	0.47000	-6.63146	13.10207	0.29967	-0.11484	0.09270	-0.52784	0.43957	0.99996	-0.00922	-0.00160	0.00921	0.99996	-0.00202	0.00162	0.00200	1.00000		-8.77167	61.26508	872.64772	179.39912	1.96861	-2.38793	0.53130	0.99854	0.04202	0.03388	0.04164	-0.99906	0.01191	0.03435	-0.01048	-0.99935		501.17712	5.56757	39.96824	1.50288	-0.17389	-0.41037	0.50872	0.99997	-0.00724	0.00285	0.00716	0.99963	0.02625	-0.00303	-0.02623	0.99965	
49	0.48000	-6.63487	13.08485	0.31512	-0.12125	0.09797	-0.52127	0.43888	0.99996	-0.00910	-0.00169	0.00910	0.99996	-0.00213	0.00171	0.00212	1.00000		-8.84174	61.18697	872.64558	179.41104	1.97965	-2.38445	0.52199	0.99854	0.04196	0.03409	0.04158	-0.99907	0.01171	0.03454	-0.01027	-0.99935		501.27687	5.71410	40.02610	1.74280	-0.29051	-0.64085	0.59292	0.99992	-0.01133	0.00473	0.01118	0.99947	0.03047	-0.00507	-0.03041	0.99952	
50	0.49000	-6.63374	13.10849	0.31449	-0.12821	0.09734	-0.53132	0.44214	0.99996	-0.00928	-0.00168	0.00927	0.99995	-0.00225	0.00170	0.00224	1.00000		-8.84300	61.05521	872.64269	179.40685	1.97057	-2.40062	0.52752	0.99853	0.04224	0.03392	0.04186	-0.99905	0.01178	0.03439	-0.01035	-0.99936		501.18540	5.62602	39.99626	1.56652	-0.19805	-0.44691	0.51711	0.99996	-0.00789	0.00324	0.00780	0.99960	0.02736	-0.00346	-0.02734	0.99962	
51	0.50000	-6.63630	13.10017	0.30698	-0.13145	0.09594	-0.52861	0.44178	0.99996	-0.00923	-0.00165	0.00923	0.99995	-0.00231	0.00167	0.00229	1.00000		-8.81146	61.01184	872.66663	179.42311	1.97998	-2.38461	0.52805	0.99854	0.04195	0.03410	0.04158	-0.99907	0.01150	0.03455	-0.01006	-0.99935		501.19650	5.61011	39.97682	1.56320	-0.20910	-0.45526	0.51368	0.99996	-0.00804	0.00343	0.00795	0.99960	0.02731	-0.00365	-0.02728	0.99962	
52	0.51000	-6.63434	13.09362	0.29769	-0.11519	0.08997	-0.52445	0.44466	0.99996	-0.00916	-0.00155	0.00915	0.99996	-0.00203	0.00157	0.00201	1.00000		-8.71896	61.26892	872.65441	179.39975	1.97040	-2.38322	0.52730	0.99854	0.04194	0.03392	0.04156	-0.99907	0.01190	0.03438	-0.01047	-0.99935		501.19780	5.58341	39.94301	1.54176	-0.19793	-0.45604	0.50661	0.99996	-0.00805	0.00324	0.00796	0.99961	0.02693	-0.00345	-0.02691	0.99963	
53	0.52000	-6.63909	13.10666	0.34694	-0.12476	0.10918	-0.52958	0.44089	0.99996	-0.00925	-0.00188	0.00924	0.99995	-0.00220	0.00191	0.00218	1.00000		-9.01506	61.10789	872.60660	179.41335	1.98476	-2.38673	0.52575	0.99853	0.04200	0.03418	0.04162	-0.99907	0.01167	0.03463	-0.01023	-0.99935		501.18920	5.62439	40.06488	1.56965	-0.21214	-0.46439	0.51033	0.99996	-0.00820	0.00348	0.00810	0.99959	0.02742	-0.00370	-0.02739	0.99962	
54	0.53000	-6.63562	13.11240	0.29465	-0.10857	0.09022	-0.53037	0.44233	0.99996	-0.00926	-0.00156	0.00926	0.99996	-0.00191	0.00157	0.00189	1.00000		-8.73363	61.35559	872.64970	179.39868	1.97206	-2.39544	0.52357	0.99853	0.04215	0.03394	0.04177	-0.99906	0.01192	0.03441	-0.01049	-0.99935		501.19376	5.61947	39.95840	1.53354	-0.18685	-0.43506	0.50703	0.99997	-0.00768	0.00306	0.00759	0.99961	0.02679	-0.00326	-0.02676	0.99964	
55	0.54000	-6.63504	13.13001	0.30340	-0.10850	0.09364	-0.53771	0.44374	0.99995	-0.00939	-0.00162	0.00938	0.99995	-0.00191	0.00163	0.00189	1.00000		-8.79038	61.33811	872.64064	179.39859	1.97549	-2.39816	0.52687	0.99853	0.04220	0.03400	0.04182	-0.99905	0.01193	0.03447	-0.01049	-0.99935		501.19445	5.67315	39.96867	1.53891	-0.19476	-0.45275	0.50845	0.99996	-0.00799	0.00319	0.00790	0.99961	0.02688	-0.00340	-0.02686	0.99963	
56	0.55000	-6.63775	13.10635	0.31538	-0.11164	0.09911	-0.52830	0.44286	0.99996	-0.00922	-0.00171	0.00922	0.99996	-0.00197	0.00173	0.00195	1.00000		-8.86137	61.29855	872.62579	179.39970	1.97742	-2.37854	0.52395	0.99854	0.04186	0.03404	0.04148	-0.99907	0.01190	0.03451	-0.01047	-0.99935		501.28380	5.77803	40.04895	1.75336	-0.29682	-0.64660	0.60155	0.99992	-0.01144	0.00483	0.01128	0.99947	0.03065	-0.00518	-0.03060	0.99952	
57	0.56000	-6.63457	13.11157	0.30014	-0.11266	0.09234	-0.53089	0.44247	0.99996	-0.00927	-0.00159	0.00927	0.99996	-0.00198	0.00161	0.00197	1.00000		-8.75612	61.29544	872.64346	179.40364	1.96993	-2.39111	0.52706	0.99854	0.04208	0.03391	0.04170	-0.99906	0.01183	0.03438	-0.01040	-0.99935		501.19113	5.62187	39.96516	1.53806	-0.19739	-0.44902	0.50872	0.99996	-0.00793	0.00323	0.00784	0.99961	0.02687	-0.00345	-0.02684	0.99963	
58	0.57000	-6.63513	13.10330	0.35115	-0.12267	0.11041	-0.52759	0.44374	0.99996	-0.00921	-0.00191	0.00921	0.99996	-0.00216	0.00193	0.00214	1.00000		-9.02620	61.14225	872.60893	179.41977	1.99417	-2.37956	0.52362	0.99853	0.04187	0.03435	0.04149	-0.99907	0.01156	0.03480	-0.01012	-0.99934		501.18004	5.61300	40.06823	1.55518	-0.21384	-0.46804	0.50822	0.99996	-0.00827	0.00351	0.00817	0.99960	0.02717	-0.00373	-0.02714	0.99962	
59	0.58000	-6.62470	13.01293	0.54343	-0.18601	0.17950	-0.50365	0.43310	0.99996	-0.00880	-0.00310	0.00879	0.99996	-0.00327	0.00313	0.00325	0.99999		-10.06193	60.27151	872.46647	179.47549	2.05848	-2.36514	0.52402	0.99850	0.04159	0.03551	0.04124	-0.99909	0.01063	0.03592	-0.00915	-0.99931		501.21480	5.58920	40.53066	1.80920	-0.36695	-0.65780	0.60194	0.99991	-0.01168	0.00604	0.01148	0.99943	0.03164	-0.00640	-0.03157	0.99948	
60	0.59000	-6.63955	13.10390	0.32137	-0.11355	0.09915	-0.52900	0.44411	0.99996	-0.00924	-0.00171	0.00923	0.99996	-0.00200	0.00173	0.00198	1.00000		-8.85461	61.28230	872.62859	179.39987	1.98154	-2.38632	0.52621	0.99854	0.04200	0.03411	0.04161	-0.99906	0.01190	0.03458	-0.01047	-0.99935		501.19385	5.62176	40.00282	1.55068	-0.20575	-0.45461	0.51952	0.99996	-0.00803	0.00337	0.00793	0.99960	0.02709	-0.00359	-0.02706	0.99963	
61	0.60000	-6.63987	13.09853	0.34615	-0.12239	0.10800	-0.52606	0.44277	0.99996	-0.00919	-0.00186	0.00918	0.99996	-0.00215	0.00188	0.00214	1.00000		-8.98243	61.15075	872.61156	179.41158	1.98807	-2.38106	0.52611	0.99854	0.04190	0.03423	0.04152	-0.99907	0.01170	0.03469	-0.01026	-0.99935		501.27620	5.74504	40.10298	1.74662	-0.28608	-0.64270	0.60885	0.99992	-0.01136	0.00465	0.01122	0.99947	0.03053	-0.00499	-0.03048	0.99952	
62	0.61000	-6.62472	13.02391	0.54915	-0.18071	0.18250	-0.50386	0.43670	0.99996	-0.00880	-0.00316	0.00879	0.99996	-0.00318	0.00319	0.00315	0.99999		-10.10540	60.33234	872.45409	179.47258	2.06246	-2.35796	0.52350	0.99851	0.04147	0.03558	0.04112	-0.99910	0.01068	0.03599	-0.00920	-0.99931		501.21199	5.59422	40.55411	1.81982	-0.36663	-0.66916	0.60274	0.99991	-0.01188	0.00602	0.01168	0.99943	0.03183	-0.00640	-0.03176	0.99948	
63	0.62000	-6.64092	13.09827	0.31862	-0.11719	0.09908	-0.52704	0.43977	0.99996	-0.00920	-0.00171	0.00920	0.99996	-0.00206	0.00173	0.00205	1.00000		-8.85020	61.22969	872.62453	179.40291	1.97567	-2.38299	0.52302	0.99854	0.04194	0.03401	0.04155	-0.99907	0.01185	0.03448	-0.01041	-0.99935		501.19887	5.62719	40.00353	1.56578	-0.21277	-0.47864	0.51871	0.99996	-0.00845	0.00348	0.00835	0.99959	0.02735	-0.00371	-0.02732	0.99962	
64	0.63000	-6.63746	13.11372	0.31814	-0.11211	0.09810	-0.53266	0.44252	0.99996	-0.00930	-0.00169	0.00930	0.99995	-0.00197	0.00171	0.00196	1.00000		-8.84878	61.28896	872.62812	179.40327	1.97806	-2.38396	0.52709	0.99854	0.04195	0.03405	0.04157	-0.99907	0.01184	0.03452	-0.01041	-0.99935		501.20023	5.65442	39.99818	1.56404	-0.20815	-0.46127	0.52202	0.99996	-0.00815	0.00341	0.00805	0.99959	0.02732	-0.00363	-0.02729	0.99962	
65	0.64000	-6.64361	13.10555	0.33562	-0.12125	0.10497	-0.53051	0.44449	0.99996	-0.00926	-0.00181	0.00926	0.99995	-0.00213	0.00183	0.00212	1.00000		-8.94048	61.16794	872.61820	179.41435	1.98495	-2.38961	0.52608	0.99853	0.04205	0.03418	0.04167	-0.99906	0.01166	0.03464	-0.01022	-0.99935		501.29338	5.79981	40.08450	1.75698	-0.30060	-0.66921	0.59801	0.99992	-0.01184	0.00489	0.01168	0.99946	0.03072	-0.00525	-0.03066	0.99952	
66	0.65000	-6.64685	13.09778	0.33416	-0.11742	0.10448	-0.52574	0.44076	0.99996	-0.00918	-0.00180	0.00918	0.99996	-0.00207	0.00182	0.00205	1.00000		-8.92647	61.23073	872.61311	179.40866	1.98537	-2.38631	0.52311	0.99853	0.04199	0.03418	0.04161	-0.99906	0.01175	0.03464	-0.01031	-0.99935		501.20653	5.60337	40.04006	1.55568	-0.21010	-0.47318	0.50955	0.99996	-0.00835	0.00344	0.00826	0.99960	0.02718	-0.00367	-0.02715	0.99962	
67	0.66000	-6.64395	13.10330	0.34160	-0.11041	0.10944	-0.52722	0.44328	0.99996	-0.00921	-0.00189	0.00920	0.99996	-0.00195	0.00191	0.00193	1.00000		-9.00700	61.32864	872.60351	179.40773	1.99292	-2.38354	0.52726	0.99853	0.04195	0.03431	0.04156	-0.99907	0.01177	0.03478	-0.01033	-0.99934		501.19270	5.61178	40.08212	1.54053	-0.20817	-0.46259	0.51606	0.99996	-0.00817	0.00341	0.00807	0.99961	0.02691	-0.00363	-0.02688	0.99963	
68	0.67000	-6.63247	13.01145	0.54171	-0.18565	0.17919	-0.50369	0.43464	0.99996	-0.00880	-0.00310	0.00879	0.99996	-0.00327	0.00313	0.00324	0.99999		-10.04119	60.27946	872.46446	179.47931	2.05717	-2.36687	0.52361	0.99850	0.04162	0.03549	0.04127	-0.99909	0.01056	0.03590	-0.00908	-0.99931		501.14177	5.44565	40.48698	1.61422	-0.28761	-0.48616	0.51756	0.99995	-0.00862	0.00478	0.00848	0.99957	0.02821	-0.00502	-0.02817	0.99959	
69	0.68000	-6.64441	13.10707	0.31751	-0.11706	0.09916	-0.53122	0.44112	0.99996	-0.00927	-0.00171	0.00927	0.99996	-0.00206	0.00173	0.00204	1.00000		-8.85154	61.21838	872.63800	179.40996	1.98513	-2.38458	0.52780	0.99853	0.04196	0.03418	0.04158	-0.99907	0.01173	0.03464	-0.01029	-0.99935		501.29989	5.81291	40.05504	1.76851	-0.29616	-0.66726	0.60259	0.99992	-0.01180	0.00481	0.01165	0.99945	0.03092	-0.00517	-0.03086	0.99951	
70	0.69000	-6.64636	13.11889	0.31427	-0.11491	0.09806	-0.53346	0.44349	0.99995	-0.00931	-0.00169	0.00931	0.99995	-0.00202	0.00171	0.00201	1.00000		-8.83634	61.25837	872.63655	179.41278	1.98242	-2.39555	0.52437	0.99853	0.04215	0.03413	0.04177	-0.99906	0.01169	0.03459	-0.01024	-0.99935		501.20973	5.66143	40.00996	1.56146	-0.19712	-0.47476	0.51896	0.99996	-0.00838	0.00321	0.00829	0.99959	0.02728	-0.00344	-0.02725	0.99962	
71	0.70000	-6.64704	13.10769	0.31320	-0.11303	0.09788	-0.53036	0.44200	0.99996	-0.00926	-0.00169	0.00926	0.99996	-0.00199	0.00171	0.00197	1.00000		-8.83334	61.28281	872.62787	179.39931	1.97836	-2.39152	0.52410	0.99853	0.04209	0.03405	0.04170	-0.99906	0.01192	0.03452	-0.01048	-0.99935		501.29132	5.79331	40.05259	1.75191	-0.27596	-0.65173	0.60085	0.99992	-0.01152	0.00447	0.01137	0.99947	0.03062	-0.00482	-0.03057	0.99952	
72	0.71000	-6.64934	13.08932	0.34034	-0.13675	0.10823	-0.52548	0.44144	0.99996	-0.00918	-0.00187	0.00917	0.99996	-0.00240	0.00189	0.00239	0.99999		-8.97751	60.93552	872.61998	179.42332	1.98324	-2.37775	0.52532	0.99854	0.04183	0.03416	0.04146	-0.99907	0.01149	0.03461	-0.01006	-0.99935		501.19753	5.59234	40.06840	1.57564	-0.21024	-0.46665	0.50800	0.99996	-0.00824	0.00344	0.00814	0.99959	0.02753	-0.00367	-0.02750	0.99962	
73	0.72000	-6.63330	13.00938	0.55541	-0.18718	0.18465	-0.49973	0.43391	0.99996	-0.00873	-0.00319	0.00872	0.99996	-0.00330	0.00322	0.00327	0.99999		-10.11805	60.24979	872.46272	179.48000	2.07525	-2.35470	0.52841	0.99850	0.04141	0.03581	0.04106	-0.99910	0.01056	0.03621	-0.00907	-0.99930		501.22449	5.56332	40.56610	1.81021	-0.36620	-0.66386	0.60089	0.99991	-0.01178	0.00602	0.01159	0.99943	0.03166	-0.00639	-0.03159	0.99948	
74	0.73000	-6.63224	13.00643	0.55065	-0.18890	0.18058	-0.50075	0.43263	0.99996	-0.00875	-0.00312	0.00874	0.99996	-0.00333	0.00315	0.00330	0.99999		-10.06490	60.22942	872.46141	179.47981	2.06418	-2.36139	0.52628	0.99850	0.04153	0.03561	0.04118	-0.99910	0.01056	0.03602	-0.00907	-0.99931		501.13362	5.41847	40.49090	1.62385	-0.28017	-0.48515	0.51631	0.99995	-0.00860	0.00465	0.00847	0.99956	0.02838	-0.00489	-0.02834	0.99959	
75	0.74000	-6.64642	13.08940	0.33302	-0.11941	0.10402	-0.52452	0.44495	0.99996	-0.00916	-0.00180	0.00915	0.99996	-0.00210	0.00182	0.00208	1.00000		-8.92005	61.20662	872.61020	179.40887	1.98156	-2.37873	0.52640	0.99854	0.04186	0.03412	0.04148	-0.99907	0.01174	0.03458	-0.01031	-0.99935		501.20093	5.60409	40.03961	1.55828	-0.20619	-0.48293	0.52127	0.99996	-0.00852	0.00337	0.00843	0.99959	0.02722	-0.00360	-0.02719	0.99962	
76	0.75000	-6.64391	13.09730	0.31855	-0.11419	0.09721	-0.52621	0.44454	0.99996	-0.00919	-0.00168	0.00918	0.99996	-0.00201	0.00170	0.00199	1.00000		-8.81772	61.27425	872.63407	179.40529	1.98643	-2.37941	0.52472	0.99854	0.04187	0.03420	0.04149	-0.99907	0.01181	0.03466	-0.01037	-0.99935		501.28605	5.75620	40.03403	1.73435	-0.27229	-0.63787	0.60122	0.99993	-0.01127	0.00441	0.01113	0.99948	0.03032	-0.00475	-0.03027	0.99953	
77	0.76000	-6.64758	13.09853	0.32363	-0.11568	0.09999	-0.52572	0.44647	0.99996	-0.00918	-0.00173	0.00918	0.99996	-0.00204	0.00175	0.00202	1.00000		-8.85706	61.25355	872.62419	179.40929	1.98405	-2.38205	0.52827	0.99854	0.04192	0.03416	0.04154	-0.99907	0.01174	0.03462	-0.01030	-0.99935		501.29202	5.75706	40.05211	1.74882	-0.28784	-0.65176	0.60272	0.99992	-0.01152	0.00467	0.01138	0.99947	0.03057	-0.00502	-0.03052	0.99952	
78	0.77000	-6.64873	13.09132	0.34095	-0.13792	0.10836	-0.52754	0.43928	0.99996	-0.00921	-0.00187	0.00921	0.99995	-0.00243	0.00189	0.00241	0.99999		-8.98049	60.92340	872.63403	179.43248	1.99431	-2.37984	0.52515	0.99853	0.04187	0.03436	0.04150	-0.99907	0.01134	0.03480	-0.00990	-0.99935		501.20677	5.61696	40.07708	1.58832	-0.21410	-0.46932	0.52621	0.99996	-0.00829	0.00351	0.00819	0.99958	0.02775	-0.00374	-0.02772	0.99961	
79	0.78000	-6.64902	13.11593	0.34703	-0.11662	0.10931	-0.53546	0.44394	0.99995	-0.00935	-0.00189	0.00935	0.99995	-0.00205	0.00191	0.00204	1.00000		-9.00551	61.21579	872.60280	179.41096	1.99699	-2.38180	0.52378	0.99853	0.04191	0.03439	0.04153	-0.99907	0.01172	0.03485	-0.01027	-0.99934		501.19793	5.65461	40.07078	1.53197	-0.20633	-0.43684	0.52040	0.99996	-0.00772	0.00340	0.00762	0.99961	0.02676	-0.00360	-0.02673	0.99964	
80	0.79000	-6.64574	13.10337	0.32104	-0.12628	0.09899	-0.52801	0.44181	0.99996	-0.00922	-0.00171	0.00922	0.99996	-0.00222	0.00173	0.00220	1.00000		-8.83734	61.09874	872.64879	179.42229	1.99077	-2.39122	0.52830	0.99853	0.04207	0.03429	0.04170	-0.99906	0.01152	0.03474	-0.01008	-0.99935		501.21424	5.63723	40.01208	1.59718	-0.21036	-0.48800	0.52354	0.99996	-0.00862	0.00343	0.00852	0.99957	0.02790	-0.00367	-0.02787	0.99960	
81	0.80000	-6.64910	13.10270	0.34065	-0.11873	0.10786	-0.52830	0.44371	0.99996	-0.00922	-0.00186	0.00922	0.99996	-0.00209	0.00188	0.00207	1.00000		-8.97449	61.20110	872.60999	179.41005	1.98870	-2.37999	0.52762	0.99854	0.04188	0.03424	0.04150	-0.99907	0.01173	0.03470	-0.01029	-0.99934		501.20106	5.61949	40.05966	1.55463	-0.20646	-0.46250	0.51961	0.99996	-0.00817	0.00338	0.00807	0.99960	0.02716	-0.00360	-0.02713	0.99963	
82	0.81000	-6.64859	13.10015	0.32873	-0.11078	0.10344	-0.52759	0.43716	0.99996	-0.00921	-0.00179	0.00921	0.99996	-0.00195	0.00181	0.00193	1.00000		-8.90313	61.32756	872.62225	179.40382	1.98959	-2.38066	0.52701	0.99853	0.04190	0.03425	0.04151	-0.99907	0.01184	0.03472	-0.01040	-0.99934		501.29335	5.76517	40.07930	1.73376	-0.29401	-0.64360	0.60269	0.99992	-0.01138	0.00479	0.01123	0.99948	0.03031	-0.00513	-0.03025	0.99953	
83	0.82000	-6.64022	13.09492	0.30413	-0.11635	0.09388	-0.52285	0.44118	0.99996	-0.00913	-0.00162	0.00913	0.99996	-0.00205	0.00164	0.00203	1.00000		-8.76047	61.26293	872.64698	179.41026	1.97956	-2.38673	0.52617	0.99854	0.04200	0.03408	0.04162	-0.99906	0.01172	0.03454	-0.01029	-0.99935		501.20256	5.57828	39.97795	1.55635	-0.19976	-0.46503	0.52047	0.99996	-0.00821	0.00326	0.00812	0.99960	0.02719	-0.00349	-0.02716	0.99963	
84	0.83000	-6.63606	13.02913	0.55569	-0.18642	0.18588	-0.50799	0.43514	0.99996	-0.00888	-0.00321	0.00887	0.99996	-0.00328	0.00324	0.00325	0.99999		-10.13975	60.23839	872.46554	179.47897	2.07496	-2.36542	0.52642	0.99849	0.04160	0.03580	0.04125	-0.99909	0.01058	0.03621	-0.00909	-0.99930		501.13494	5.45606	40.53159	1.62379	-0.28684	-0.46883	0.51552	0.99995	-0.00832	0.00477	0.00818	0.99956	0.02838	-0.00501	-0.02834	0.99959	
85	0.84000	-6.64921	13.10036	0.33046	-0.13057	0.10423	-0.52735	0.44168	0.99996	-0.00921	-0.00180	0.00920	0.99996	-0.00230	0.00182	0.00228	1.00000		-8.91166	61.02630	872.64745	179.42160	1.99676	-2.37913	0.52632	0.99853	0.04186	0.03439	0.04149	-0.99907	0.01153	0.03484	-0.01009	-0.99934		501.20560	5.58795	40.03223	1.55770	-0.21996	-0.44733	0.51347	0.99996	-0.00791	0.00363	0.00781	0.99960	0.02721	-0.00384	-0.02718	0.99962	
86	0.85000	-6.65156	13.11078	0.33372	-0.11894	0.10646	-0.53208	0.44401	0.99995	-0.00929	-0.00184	0.00929	0.99995	-0.00209	0.00186	0.00208	1.00000		-8.94420	61.18847	872.62713	179.41701	1.99396	-2.38390	0.52871	0.99853	0.04195	0.03434	0.04157	-0.99907	0.01161	0.03479	-0.01017	-0.99934		501.29182	5.78832	40.10057	1.74718	-0.29098	-0.63699	0.60549	0.99993	-0.01127	0.00474	0.01112	0.99947	0.03054	-0.00508	-0.03049	0.99952	
87	0.86000	-6.64897	13.10303	0.33083	-0.11316	0.10478	-0.52919	0.44295	0.99996	-0.00924	-0.00181	0.00924	0.99996	-0.00199	0.00183	0.00197	1.00000		-8.92228	61.29106	872.62763	179.40945	1.99754	-2.38064	0.52847	0.99853	0.04189	0.03440	0.04151	-0.99907	0.01175	0.03486	-0.01030	-0.99934		501.29121	5.78783	40.07670	1.75040	-0.29859	-0.64527	0.60762	0.99992	-0.01142	0.00486	0.01126	0.99947	0.03060	-0.00521	-0.03055	0.99952	
88	0.87000	-6.64980	13.10371	0.30151	-0.10641	0.09575	-0.52697	0.44463	0.99996	-0.00920	-0.00165	0.00920	0.99996	-0.00187	0.00167	0.00186	1.00000		-8.78476	61.39357	872.63627	179.39645	1.97962	-2.38197	0.52531	0.99854	0.04192	0.03407	0.04154	-0.99907	0.01196	0.03454	-0.01053	-0.99935		501.20919	5.62416	39.99689	1.55855	-0.20007	-0.47233	0.52212	0.99996	-0.00834	0.00327	0.00824	0.99960	0.02723	-0.00349	-0.02720	0.99962	
89	0.88000	-6.65092	13.09234	0.33178	-0.12246	0.10717	-0.52511	0.44114	0.99996	-0.00917	-0.00185	0.00916	0.99996	-0.00216	0.00187	0.00214	1.00000		-8.95716	61.16882	872.62021	179.41774	1.98802	-2.38551	0.52873	0.99853	0.04197	0.03424	0.04160	-0.99907	0.01160	0.03469	-0.01016	-0.99935		501.21933	5.61008	40.04964	1.56612	-0.23750	-0.48249	0.52028	0.99996	-0.00853	0.00391	0.00842	0.99959	0.02736	-0.00415	-0.02733	0.99962	
90	0.89000	-6.65068	13.09779	0.31868	-0.11560	0.10117	-0.52401	0.44221	0.99996	-0.00915	-0.00175	0.00915	0.99996	-0.00203	0.00177	0.00202	1.00000		-8.85678	61.26168	872.64333	179.41211	1.99215	-2.37584	0.52560	0.99854	0.04181	0.03431	0.04143	-0.99907	0.01169	0.03476	-0.01025	-0.99934		501.20527	5.58499	40.01934	1.55443	-0.20884	-0.45757	0.51750	0.99996	-0.00808	0.00343	0.00799	0.99960	0.02715	-0.00365	-0.02713	0.99963	
91	0.90000	-6.65131	13.10054	0.33976	-0.11689	0.11182	-0.52436	0.44202	0.99996	-0.00916	-0.00193	0.00915	0.99996	-0.00206	0.00195	0.00204	1.00000		-9.02951	61.23990	872.61079	179.41550	1.99693	-2.37875	0.52453	0.99853	0.04186	0.03439	0.04148	-0.99907	0.01164	0.03485	-0.01020	-0.99934		501.27938	5.74036	40.14025	1.74825	-0.29002	-0.64916	0.60971	0.99992	-0.01148	0.00471	0.01133	0.99947	0.03056	-0.00506	-0.03051	0.99952	
92	0.91000	-6.64990	13.10227	0.32261	-0.11816	0.10326	-0.52514	0.44276	0.99996	-0.00917	-0.00178	0.00917	0.99996	-0.00208	0.00180	0.00206	1.00000		-8.88985	61.21788	872.64389	179.41728	1.99835	-2.37934	0.52794	0.99853	0.04187	0.03442	0.04149	-0.99907	0.01161	0.03487	-0.01016	-0.99934		501.20324	5.58641	40.02961	1.54649	-0.21245	-0.46233	0.51758	0.99996	-0.00817	0.00349	0.00807	0.99960	0.02702	-0.00371	-0.02699	0.99963	
93	0.92000	-6.64900	13.09866	0.31198	-0.10890	0.09872	-0.52523	0.44166	0.99996	-0.00917	-0.00170	0.00917	0.99996	-0.00192	0.00172	0.00190	1.00000		-8.81822	61.36527	872.64975	179.40504	1.99398	-2.38380	0.52674	0.99853	0.04195	0.03433	0.04157	-0.99907	0.01182	0.03479	-0.01038	-0.99934		501.20688	5.61914	40.00740	1.56773	-0.20070	-0.48438	0.51774	0.99996	-0.00855	0.00327	0.00845	0.99959	0.02739	-0.00350	-0.02736	0.99962	
94	0.93000	-6.64978	13.11311	0.31265	-0.11864	0.09945	-0.53202	0.44224	0.99996	-0.00929	-0.00172	0.00929	0.99995	-0.00209	0.00174	0.00207	1.00000		-8.83521	61.20745	872.65739	179.41228	1.99502	-2.39049	0.52762	0.99852	0.04206	0.03435	0.04168	-0.99906	0.01170	0.03481	-0.01025	-0.99934		501.20910	5.64561	40.01477	1.55524	-0.20421	-0.46924	0.52346	0.99996	-0.00828	0.00334	0.00819	0.99960	0.02717	-0.00356	-0.02714	0.99963	
