1	0.00000	-6.32387	13.79581	0.36659	0.37682	0.10172	-0.69268	0.43535	0.99993	-0.01208	-0.00185	0.01209	0.99991	0.00655	0.00178	-0.00658	0.99998		-9.34965	68.02067	871.89122	178.90054	1.94246	-2.75031	0.49155	0.99827	0.04862	0.03293	0.04796	-0.99863	0.02079	0.03390	-0.01918	-0.99924		501.20862	6.66675	39.60338	0.93206	-0.69151	-0.36563	0.30915	0.99991	-0.00658	0.01196	0.00638	0.99985	0.01634	-0.01207	-0.01627	0.99979	
2	0.01000	-6.32779	13.77869	0.33950	0.36565	0.09572	-0.68841	0.43950	0.99993	-0.01200	-0.00175	0.01201	0.99991	0.00636	0.00167	-0.00638	0.99998		-9.24393	67.88814	871.92409	178.91075	1.93220	-2.76072	0.49120	0.99827	0.04880	0.03276	0.04814	-0.99863	0.02061	0.03372	-0.01900	-0.99925		501.22341	6.62198	39.58324	0.92902	-0.68267	-0.35549	0.30574	0.99991	-0.00640	0.01181	0.00620	0.99985	0.01629	-0.01191	-0.01621	0.99980	
3	0.02000	-6.32597	13.77371	0.36464	0.34966	0.10354	-0.68795	0.43705	0.99993	-0.01200	-0.00188	0.01201	0.99991	0.00608	0.00181	-0.00610	0.99998		-9.36081	67.63384	871.92286	178.93237	1.94261	-2.74803	0.49556	0.99828	0.04857	0.03296	0.04792	-0.99865	0.02024	0.03390	-0.01862	-0.99925		501.21538	6.61964	39.62429	0.94680	-0.69560	-0.35830	0.30126	0.99991	-0.00645	0.01204	0.00625	0.99984	0.01660	-0.01214	-0.01652	0.99979	
4	0.03000	-6.36063	13.28509	-0.06451	-0.11845	-0.02934	-0.55772	0.42928	0.99995	-0.00973	0.00053	0.00973	0.99995	-0.00206	-0.00051	0.00207	1.00000		-7.16870	61.26420	872.86011	179.36586	1.70333	-2.79410	0.57324	0.99837	0.04907	0.02915	0.04873	-0.99873	0.01250	0.02972	-0.01106	-0.99950		500.93421	5.64167	39.06797	1.40277	0.16015	-0.20537	0.39429	0.99999	-0.00351	-0.00288	0.00358	0.99969	0.02447	0.00280	-0.02448	0.99970	
5	0.04000	-6.35969	13.27006	-0.06773	-0.14485	-0.02873	-0.55687	0.43131	0.99995	-0.00972	0.00053	0.00972	0.99995	-0.00252	-0.00050	0.00253	1.00000		-7.18009	60.88131	872.89534	179.39830	1.70948	-2.79521	0.57257	0.99837	0.04908	0.02928	0.04874	-0.99874	0.01194	0.02983	-0.01050	-0.99950		501.03606	5.37513	39.11480	1.15426	0.06449	-0.10399	0.50434	1.00000	-0.00179	-0.00116	0.00182	0.99980	0.02014	0.00113	-0.02014	0.99980	
6	0.05000	-6.05081	12.81967	-0.72017	-0.87793	-0.44673	-0.46993	0.48656	0.99994	-0.00808	0.00792	0.00820	0.99985	-0.01526	-0.00780	0.01532	0.99985		-0.83676	49.70308	874.08895	-179.75813	1.22480	-2.20889	0.57821	0.99903	0.03845	0.02152	0.03853	-0.99925	-0.00339	0.02138	0.00422	-0.99976		501.22385	3.98071	35.84546	1.26258	0.56858	0.53301	0.45209	0.99991	0.00952	-0.00972	-0.00930	0.99971	0.02213	0.00992	-0.02203	0.99971	
7	0.06000	-6.54344	12.99930	0.68354	-0.29645	0.25588	-0.50779	0.44782	0.99995	-0.00889	-0.00442	0.00886	0.99995	-0.00521	0.00447	0.00517	0.99998		-11.05700	58.58690	872.27204	179.50734	2.04586	-2.42965	0.52492	0.99846	0.04270	0.03530	0.04237	-0.99905	0.01010	0.03570	-0.00859	-0.99933		501.08179	4.82826	40.92437	0.96391	-0.35453	0.14430	0.49542	0.99998	0.00241	0.00623	-0.00252	0.99986	0.01681	-0.00619	-0.01682	0.99984	
8	0.07000	-6.56501	13.08595	0.22180	-0.14327	0.09213	-0.52703	0.44056	0.99996	-0.00920	-0.00158	0.00920	0.99995	-0.00252	0.00161	0.00250	1.00000		-8.56669	60.85285	872.59621	179.36047	1.88451	-2.44351	0.51965	0.99855	0.04300	0.03238	0.04261	-0.99901	0.01255	0.03288	-0.01116	-0.99940		501.13031	5.49500	40.01719	1.31153	-0.00140	-0.32118	0.47178	0.99998	-0.00560	-0.00010	0.00561	0.99972	0.02289	-0.00002	-0.02289	0.99974	
9	0.08000	-6.57263	13.07289	0.23489	-0.13030	0.09995	-0.51971	0.44470	0.99996	-0.00907	-0.00172	0.00907	0.99996	-0.00229	0.00174	0.00227	1.00000		-8.67238	61.06184	872.57876	179.34882	1.90166	-2.42988	0.51430	0.99855	0.04277	0.03267	0.04237	-0.99902	0.01276	0.03318	-0.01136	-0.99938		501.12486	5.47663	40.08062	1.32884	-0.00440	-0.34914	0.47070	0.99998	-0.00609	-0.00006	0.00609	0.99971	0.02319	-0.00008	-0.02319	0.99973	
10	0.09000	-6.58534	13.07524	0.22677	-0.12473	0.09519	-0.51987	0.44555	0.99996	-0.00908	-0.00164	0.00907	0.99996	-0.00219	0.00166	0.00218	1.00000		-8.58520	61.15708	872.59128	179.35062	1.89964	-2.43663	0.51451	0.99855	0.04289	0.03263	0.04249	-0.99902	0.01273	0.03315	-0.01133	-0.99939		501.13730	5.48551	40.04863	1.32464	-0.00700	-0.37040	0.46758	0.99998	-0.00647	-0.00003	0.00646	0.99971	0.02312	-0.00012	-0.02312	0.99973	
11	0.10000	-6.58839	13.07144	0.23225	-0.12176	0.09457	-0.51780	0.44325	0.99996	-0.00904	-0.00163	0.00904	0.99996	-0.00214	0.00165	0.00213	1.00000		-8.57372	61.19970	872.57632	179.34663	1.89537	-2.43358	0.50661	0.99855	0.04284	0.03256	0.04244	-0.99902	0.01280	0.03307	-0.01140	-0.99939		501.13620	5.46685	40.03584	1.31007	-0.00485	-0.36262	0.47306	0.99998	-0.00633	-0.00006	0.00633	0.99972	0.02286	-0.00008	-0.02286	0.99974	
12	0.11000	-6.58716	13.08229	0.22449	-0.12521	0.09257	-0.52304	0.44239	0.99996	-0.00913	-0.00160	0.00913	0.99996	-0.00220	0.00162	0.00219	1.00000		-8.54365	61.13570	872.58980	179.34903	1.89714	-2.43618	0.51332	0.99855	0.04288	0.03259	0.04248	-0.99902	0.01276	0.03311	-0.01136	-0.99939		501.13751	5.51149	40.03536	1.33303	-0.00327	-0.36451	0.46981	0.99998	-0.00636	-0.00009	0.00636	0.99971	0.02326	-0.00006	-0.02326	0.99973	
13	0.12000	-6.59391	13.09231	0.25120	-0.11864	0.10200	-0.52490	0.44104	0.99996	-0.00916	-0.00176	0.00916	0.99996	-0.00209	0.00178	0.00207	1.00000		-8.67850	61.23440	872.56557	179.34598	1.91520	-2.44197	0.51248	0.99853	0.04299	0.03290	0.04258	-0.99901	0.01283	0.03342	-0.01141	-0.99938		501.12842	5.50884	40.08723	1.30652	-0.00543	-0.35278	0.47544	0.99998	-0.00616	-0.00005	0.00616	0.99972	0.02280	-0.00009	-0.02280	0.99974	
14	0.13000	-6.59780	13.08264	0.24469	-0.11932	0.10059	-0.52228	0.44326	0.99996	-0.00912	-0.00174	0.00912	0.99996	-0.00210	0.00176	0.00208	1.00000		-8.65513	61.22286	872.56740	179.35194	1.90950	-2.42845	0.51267	0.99855	0.04275	0.03281	0.04235	-0.99902	0.01271	0.03332	-0.01130	-0.99938		501.14093	5.50981	40.07983	1.32481	-0.02411	-0.37752	0.47651	0.99998	-0.00660	0.00027	0.00659	0.99971	0.02312	-0.00042	-0.02312	0.99973	
15	0.14000	-6.60125	13.07842	0.23329	-0.11699	0.09550	-0.51889	0.44100	0.99996	-0.00906	-0.00165	0.00906	0.99996	-0.00206	0.00167	0.00204	1.00000		-8.57513	61.27175	872.56835	179.34612	1.89372	-2.43926	0.50523	0.99855	0.04293	0.03253	0.04254	-0.99901	0.01281	0.03305	-0.01141	-0.99939		501.14372	5.49155	40.04780	1.32311	-0.01233	-0.39705	0.47698	0.99998	-0.00693	0.00006	0.00693	0.99971	0.02309	-0.00022	-0.02309	0.99973	
16	0.15000	-6.60061	13.09889	0.21451	-0.11971	0.08923	-0.52794	0.44236	0.99996	-0.00922	-0.00154	0.00921	0.99996	-0.00210	0.00156	0.00209	1.00000		-8.48654	61.20471	872.59516	179.35045	1.89004	-2.44093	0.50796	0.99855	0.04296	0.03247	0.04257	-0.99901	0.01273	0.03298	-0.01133	-0.99939		501.14783	5.54808	40.01319	1.32462	-0.00665	-0.38021	0.47191	0.99998	-0.00664	-0.00004	0.00664	0.99971	0.02312	-0.00012	-0.02312	0.99973	
17	0.16000	-6.60766	13.08654	0.23616	-0.12826	0.09321	-0.52463	0.44427	0.99996	-0.00916	-0.00161	0.00916	0.99996	-0.00225	0.00163	0.00224	1.00000		-8.53580	61.08931	872.58973	179.36095	1.90134	-2.43920	0.50670	0.99854	0.04293	0.03267	0.04254	-0.99902	0.01256	0.03318	-0.01115	-0.99939		501.15375	5.54426	40.02279	1.35274	-0.01813	-0.40217	0.47333	0.99998	-0.00702	0.00015	0.00702	0.99970	0.02361	-0.00032	-0.02361	0.99972	
18	0.17000	-6.60795	13.07842	0.23259	-0.13088	0.09165	-0.52163	0.44237	0.99996	-0.00911	-0.00158	0.00910	0.99996	-0.00230	0.00160	0.00228	1.00000		-8.50323	61.05028	872.59798	179.36740	1.90290	-2.43277	0.50655	0.99855	0.04281	0.03271	0.04242	-0.99902	0.01244	0.03321	-0.01103	-0.99939		501.14993	5.49708	40.02015	1.33625	-0.01308	-0.36490	0.46677	0.99998	-0.00637	0.00008	0.00637	0.99971	0.02332	-0.00023	-0.02332	0.99973	
19	0.18000	-6.60934	13.07522	0.23866	-0.13849	0.09613	-0.51930	0.44457	0.99996	-0.00907	-0.00166	0.00906	0.99996	-0.00243	0.00168	0.00242	1.00000		-8.57458	60.94311	872.58899	179.36456	1.89622	-2.43534	0.50280	0.99855	0.04286	0.03259	0.04247	-0.99902	0.01249	0.03309	-0.01108	-0.99939		501.15238	5.48615	40.03806	1.35563	-0.02559	-0.39050	0.47191	0.99998	-0.00682	0.00029	0.00682	0.99970	0.02366	-0.00045	-0.02366	0.99972	
20	0.19000	-6.60990	13.08163	0.22213	-0.12090	0.09173	-0.52057	0.44466	0.99996	-0.00909	-0.00158	0.00909	0.99996	-0.00213	0.00160	0.00211	1.00000		-8.50676	61.21762	872.58512	179.35712	1.89095	-2.43767	0.50267	0.99855	0.04290	0.03249	0.04251	-0.99902	0.01261	0.03300	-0.01121	-0.99939		501.15174	5.49485	40.01505	1.32497	-0.01304	-0.37289	0.46786	0.99998	-0.00651	0.00008	0.00651	0.99971	0.02312	-0.00023	-0.02312	0.99973	
21	0.20000	-6.60732	13.07794	0.23276	-0.12227	0.09290	-0.51874	0.44609	0.99996	-0.00906	-0.00160	0.00905	0.99996	-0.00215	0.00162	0.00213	1.00000		-8.52351	61.18781	872.56960	179.35713	1.88847	-2.42930	0.50026	0.99856	0.04275	0.03245	0.04236	-0.99902	0.01261	0.03295	-0.01121	-0.99939		501.15869	5.49866	40.01921	1.34258	-0.03003	-0.39336	0.47677	0.99998	-0.00688	0.00036	0.00687	0.99970	0.02343	-0.00052	-0.02343	0.99973	
22	0.21000	-6.60990	13.09078	0.22680	-0.11621	0.09193	-0.52335	0.44341	0.99996	-0.00914	-0.00159	0.00913	0.99996	-0.00204	0.00160	0.00203	1.00000		-8.50794	61.27525	872.58113	179.34607	1.89807	-2.44064	0.50706	0.99854	0.04296	0.03260	0.04256	-0.99901	0.01281	0.03312	-0.01141	-0.99939		501.14867	5.51657	40.01843	1.32299	-0.01919	-0.37688	0.47545	0.99998	-0.00658	0.00018	0.00658	0.99971	0.02309	-0.00033	-0.02309	0.99973	
23	0.22000	-6.61280	13.08585	0.21321	-0.11400	0.08689	-0.52196	0.44440	0.99996	-0.00911	-0.00150	0.00911	0.99996	-0.00200	0.00152	0.00199	1.00000		-8.43106	61.30571	872.59885	179.34343	1.89386	-2.43472	0.50177	0.99855	0.04286	0.03253	0.04246	-0.99902	0.01285	0.03305	-0.01145	-0.99939		501.15621	5.50326	39.98783	1.31092	-0.01534	-0.36995	0.47677	0.99998	-0.00646	0.00012	0.00646	0.99972	0.02288	-0.00027	-0.02288	0.99974	
24	0.23000	-6.61225	13.06028	0.23563	-0.11992	0.09490	-0.51064	0.43979	0.99996	-0.00892	-0.00164	0.00891	0.99996	-0.00211	0.00166	0.00209	1.00000		-8.52050	61.25057	872.61275	179.39444	1.92079	-2.39173	0.52576	0.99857	0.04208	0.03305	0.04171	-0.99906	0.01196	0.03352	-0.01056	-0.99938		501.15681	5.42151	39.95379	1.36072	-0.10782	-0.37241	0.48502	0.99998	-0.00654	0.00173	0.00650	0.99970	0.02376	-0.00188	-0.02375	0.99972	
25	0.24000	-6.61710	13.07300	0.26503	-0.12839	0.10770	-0.51818	0.44738	0.99996	-0.00905	-0.00186	0.00904	0.99996	-0.00226	0.00188	0.00224	1.00000		-8.72526	61.10504	872.58741	179.39288	1.93052	-2.40485	0.52413	0.99855	0.04231	0.03321	0.04194	-0.99905	0.01200	0.03369	-0.01059	-0.99938		501.13603	5.47022	40.07838	1.46335	-0.14152	-0.38295	0.48525	0.99997	-0.00674	0.00230	0.00668	0.99965	0.02555	-0.00247	-0.02554	0.99967	
26	0.25000	-6.62124	13.09101	0.24544	-0.13498	0.10022	-0.52677	0.44700	0.99996	-0.00920	-0.00173	0.00919	0.99996	-0.00237	0.00175	0.00236	1.00000		-8.60774	60.98753	872.62308	179.40790	1.93101	-2.40740	0.52638	0.99855	0.04235	0.03323	0.04198	-0.99905	0.01174	0.03370	-0.01033	-0.99938		501.14676	5.54255	40.02499	1.49764	-0.15481	-0.39104	0.48138	0.99997	-0.00689	0.00252	0.00682	0.99963	0.02615	-0.00270	-0.02614	0.99965	
27	0.26000	-6.61851	13.08672	0.26350	-0.13246	0.10616	-0.52375	0.44404	0.99996	-0.00914	-0.00183	0.00914	0.99996	-0.00233	0.00185	0.00231	1.00000		-8.69505	61.03822	872.59391	179.40793	1.93222	-2.41257	0.52726	0.99855	0.04244	0.03325	0.04207	-0.99905	0.01174	0.03372	-0.01033	-0.99938		501.13288	5.50310	40.05794	1.48087	-0.15331	-0.37360	0.48491	0.99998	-0.00659	0.00251	0.00652	0.99964	0.02586	-0.00268	-0.02584	0.99966	
28	0.27000	-6.62098	13.09573	0.22748	-0.12606	0.09439	-0.52480	0.44177	0.99996	-0.00916	-0.00163	0.00916	0.99996	-0.00222	0.00165	0.00220	1.00000		-8.51968	61.11513	872.62359	179.39221	1.92193	-2.40200	0.52731	0.99856	0.04226	0.03306	0.04189	-0.99905	0.01200	0.03354	-0.01060	-0.99938		501.14811	5.53638	39.99135	1.49288	-0.15250	-0.40132	0.48540	0.99997	-0.00707	0.00248	0.00700	0.99964	0.02607	-0.00266	-0.02605	0.99966	
29	0.28000	-6.61792	13.07178	0.23605	-0.12979	0.09588	-0.51757	0.44216	0.99996	-0.00904	-0.00165	0.00903	0.99996	-0.00228	0.00167	0.00227	1.00000		-8.52778	61.09368	872.62979	179.40331	1.92931	-2.40265	0.52995	0.99855	0.04227	0.03320	0.04190	-0.99905	0.01182	0.03367	-0.01041	-0.99938		501.13718	5.47481	39.98980	1.47523	-0.15423	-0.38908	0.48362	0.99997	-0.00686	0.00252	0.00679	0.99965	0.02576	-0.00269	-0.02574	0.99966	
30	0.29000	-6.62552	13.07071	0.25860	-0.13142	0.10558	-0.51785	0.44478	0.99996	-0.00904	-0.00182	0.00904	0.99996	-0.00231	0.00184	0.00229	1.00000		-8.66757	61.07482	872.60594	179.40549	1.93881	-2.40789	0.52638	0.99855	0.04236	0.03336	0.04199	-0.99905	0.01179	0.03383	-0.01037	-0.99937		501.14487	5.48965	40.05978	1.49141	-0.16142	-0.40460	0.48640	0.99997	-0.00713	0.00263	0.00706	0.99964	0.02605	-0.00282	-0.02603	0.99966	
31	0.30000	-6.62792	13.07582	0.22108	-0.11099	0.09315	-0.51742	0.44503	0.99996	-0.00903	-0.00161	0.00903	0.99996	-0.00195	0.00163	0.00194	1.00000		-8.47365	61.38541	872.62432	179.38341	1.92762	-2.40925	0.52989	0.99855	0.04240	0.03315	0.04201	-0.99904	0.01217	0.03364	-0.01076	-0.99938		501.15995	5.50350	39.96966	1.48397	-0.17282	-0.41751	0.48757	0.99997	-0.00736	0.00283	0.00729	0.99964	0.02592	-0.00302	-0.02590	0.99966	
32	0.31000	-6.62862	13.06680	0.22717	-0.13035	0.09464	-0.51620	0.44145	0.99996	-0.00901	-0.00163	0.00901	0.99996	-0.00229	0.00165	0.00228	1.00000		-8.49376	61.08365	872.64062	179.39801	1.92849	-2.39170	0.52876	0.99856	0.04208	0.03318	0.04171	-0.99906	0.01190	0.03365	-0.01050	-0.99938		501.15682	5.47444	39.99095	1.48897	-0.15864	-0.40319	0.48845	0.99997	-0.00711	0.00258	0.00704	0.99964	0.02600	-0.00277	-0.02598	0.99966	
33	0.32000	-6.63278	13.07000	0.24339	-0.11590	0.10082	-0.51456	0.44524	0.99996	-0.00898	-0.00174	0.00898	0.99996	-0.00204	0.00176	0.00202	1.00000		-8.58283	61.31931	872.59637	179.39273	1.93029	-2.40467	0.52972	0.99855	0.04231	0.03321	0.04193	-0.99905	0.01200	0.03368	-0.01059	-0.99938		501.16275	5.46259	40.03092	1.46490	-0.17109	-0.39984	0.48860	0.99997	-0.00705	0.00281	0.00698	0.99965	0.02558	-0.00299	-0.02556	0.99967	
34	0.33000	-6.63305	13.07173	0.25415	-0.13802	0.10431	-0.52010	0.44216	0.99996	-0.00908	-0.00180	0.00908	0.99996	-0.00243	0.00182	0.00241	0.99999		-8.63452	60.96960	872.61465	179.41789	1.94238	-2.39909	0.52992	0.99855	0.04220	0.03344	0.04184	-0.99906	0.01157	0.03389	-0.01015	-0.99937		501.15623	5.52421	40.04585	1.53074	-0.17432	-0.42668	0.49095	0.99997	-0.00753	0.00284	0.00745	0.99961	0.02674	-0.00304	-0.02671	0.99964	
35	0.34000	-6.63105	13.06281	0.22930	-0.12285	0.09648	-0.51291	0.44420	0.99996	-0.00896	-0.00166	0.00895	0.99996	-0.00216	0.00168	0.00214	1.00000		-8.50974	61.20827	872.64082	179.40308	1.94041	-2.39440	0.52680	0.99855	0.04213	0.03339	0.04175	-0.99906	0.01182	0.03386	-0.01041	-0.99937		501.15889	5.46384	40.01036	1.49448	-0.15601	-0.41900	0.49163	0.99997	-0.00738	0.00253	0.00731	0.99963	0.02610	-0.00272	-0.02608	0.99966	
36	0.35000	-6.63867	13.07205	0.27742	-0.13920	0.11297	-0.52011	0.44531	0.99996	-0.00908	-0.00195	0.00908	0.99996	-0.00245	0.00197	0.00243	0.99999		-8.75977	60.94711	872.59732	179.41199	1.94769	-2.39978	0.52909	0.99855	0.04222	0.03353	0.04185	-0.99906	0.01168	0.03399	-0.01026	-0.99937		501.16363	5.50934	40.10134	1.51166	-0.19096	-0.41381	0.49071	0.99997	-0.00731	0.00314	0.00722	0.99963	0.02640	-0.00333	-0.02638	0.99965	
37	0.36000	-6.63572	13.07916	0.22833	-0.11821	0.09759	-0.51915	0.44567	0.99996	-0.00906	-0.00168	0.00906	0.99996	-0.00208	0.00170	0.00206	1.00000		-8.52523	61.26312	872.63573	179.38501	1.94178	-2.39988	0.52990	0.99855	0.04223	0.03340	0.04185	-0.99905	0.01214	0.03388	-0.01073	-0.99937		501.16893	5.52448	40.00515	1.50599	-0.18438	-0.43218	0.49280	0.99997	-0.00762	0.00302	0.00754	0.99963	0.02631	-0.00322	-0.02628	0.99965	
38	0.37000	-6.63657	13.07091	0.25204	-0.12406	0.10604	-0.51693	0.44383	0.99996	-0.00903	-0.00183	0.00902	0.99996	-0.00218	0.00185	0.00217	1.00000		-8.65113	61.18243	872.60616	179.39842	1.94403	-2.39869	0.52627	0.99855	0.04221	0.03345	0.04183	-0.99905	0.01191	0.03392	-0.01049	-0.99937		501.16898	5.50466	40.05890	1.51085	-0.19343	-0.43029	0.49226	0.99997	-0.00760	0.00318	0.00751	0.99962	0.02639	-0.00338	-0.02637	0.99965	
39	0.38000	-6.64316	13.06701	0.28023	-0.13750	0.11503	-0.51605	0.44419	0.99996	-0.00901	-0.00199	0.00901	0.99996	-0.00242	0.00201	0.00240	0.99999		-8.78179	60.98874	872.59095	179.41066	1.95050	-2.40989	0.52603	0.99854	0.04240	0.03357	0.04202	-0.99905	0.01171	0.03404	-0.01028	-0.99937		501.15849	5.49089	40.11457	1.51969	-0.18343	-0.41599	0.49135	0.99997	-0.00734	0.00301	0.00726	0.99962	0.02654	-0.00320	-0.02652	0.99964	
40	0.39000	-6.63968	13.05683	0.27056	-0.13297	0.11497	-0.51088	0.44285	0.99996	-0.00892	-0.00199	0.00892	0.99996	-0.00234	0.00201	0.00232	0.99999		-8.77784	61.05964	872.59574	179.40648	1.95242	-2.38962	0.52769	0.99855	0.04204	0.03361	0.04167	-0.99906	0.01177	0.03407	-0.01035	-0.99937		501.16175	5.46592	40.12768	1.53341	-0.18855	-0.43267	0.50128	0.99997	-0.00764	0.00309	0.00755	0.99961	0.02678	-0.00329	-0.02676	0.99964	
41	0.40000	-6.63702	13.08466	0.23598	-0.12084	0.09984	-0.52047	0.44576	0.99996	-0.00909	-0.00172	0.00908	0.99996	-0.00213	0.00174	0.00211	1.00000		-8.56255	61.21027	872.61936	179.40108	1.93784	-2.39487	0.52780	0.99856	0.04214	0.03335	0.04176	-0.99906	0.01186	0.03382	-0.01045	-0.99937		501.15912	5.52126	40.02527	1.50760	-0.17208	-0.41476	0.49633	0.99997	-0.00732	0.00281	0.00724	0.99963	0.02633	-0.00300	-0.02631	0.99965	
42	0.41000	-6.64238	13.07116	0.24759	-0.13211	0.10510	-0.51832	0.44221	0.99996	-0.00905	-0.00181	0.00905	0.99996	-0.00232	0.00183	0.00231	1.00000		-8.62918	61.05990	872.61958	179.40668	1.94110	-2.39882	0.52805	0.99855	0.04220	0.03341	0.04183	-0.99906	0.01176	0.03387	-0.01035	-0.99937		501.16085	5.50273	40.06373	1.50929	-0.17468	-0.41149	0.49296	0.99997	-0.00726	0.00286	0.00718	0.99963	0.02636	-0.00305	-0.02634	0.99965	
43	0.42000	-6.64132	13.06536	0.25895	-0.12687	0.10846	-0.51518	0.44413	0.99996	-0.00900	-0.00187	0.00899	0.99996	-0.00223	0.00189	0.00221	1.00000		-8.67862	61.14879	872.59725	179.40379	1.94139	-2.39876	0.52890	0.99855	0.04220	0.03341	0.04183	-0.99905	0.01181	0.03388	-0.01040	-0.99937		501.15918	5.48036	40.08460	1.50208	-0.17384	-0.41576	0.49343	0.99997	-0.00733	0.00284	0.00726	0.99963	0.02623	-0.00303	-0.02621	0.99965	
44	0.43000	-6.64684	13.07623	0.25279	-0.12856	0.10681	-0.51931	0.44311	0.99996	-0.00907	-0.00184	0.00906	0.99996	-0.00226	0.00186	0.00224	1.00000		-8.64893	61.11366	872.62702	179.40912	1.95500	-2.40273	0.52900	0.99854	0.04227	0.03365	0.04190	-0.99905	0.01173	0.03411	-0.01031	-0.99936		501.17070	5.51206	40.07003	1.51345	-0.18479	-0.41548	0.49388	0.99997	-0.00733	0.00303	0.00725	0.99962	0.02643	-0.00323	-0.02641	0.99965	
45	0.44000	-6.64476	13.07427	0.26603	-0.11997	0.11081	-0.51713	0.44319	0.99996	-0.00903	-0.00191	0.00903	0.99996	-0.00211	0.00193	0.00209	1.00000		-8.71502	61.23381	872.59711	179.39795	1.95430	-2.39205	0.52776	0.99855	0.04209	0.03363	0.04171	-0.99906	0.01192	0.03410	-0.01050	-0.99936		501.16286	5.49230	40.08106	1.49309	-0.19204	-0.40934	0.49625	0.99997	-0.00723	0.00316	0.00714	0.99963	0.02608	-0.00335	-0.02606	0.99965	
46	0.45000	-6.64218	13.08048	0.23230	-0.13523	0.09705	-0.52338	0.44355	0.99996	-0.00914	-0.00167	0.00913	0.99996	-0.00238	0.00169	0.00236	1.00000		-8.50937	61.00585	872.65141	179.41783	1.94140	-2.40498	0.52914	0.99855	0.04230	0.03342	0.04194	-0.99905	0.01157	0.03388	-0.01015	-0.99937		501.17742	5.54199	39.99662	1.50715	-0.17840	-0.41962	0.49043	0.99997	-0.00740	0.00292	0.00732	0.99963	0.02632	-0.00311	-0.02630	0.99965	
47	0.46000	-6.65276	13.07725	0.30118	-0.13519	0.12380	-0.52017	0.44639	0.99996	-0.00908	-0.00214	0.00908	0.99996	-0.00238	0.00216	0.00236	0.99999		-8.90434	61.00967	872.57767	179.41522	1.96592	-2.40258	0.53019	0.99853	0.04227	0.03385	0.04190	-0.99905	0.01164	0.03430	-0.01020	-0.99936		501.17047	5.52678	40.16625	1.53212	-0.21717	-0.43626	0.49747	0.99996	-0.00771	0.00359	0.00761	0.99961	0.02677	-0.00379	-0.02674	0.99964	
48	0.47000	-6.64034	13.08267	0.25814	-0.11814	0.10874	-0.52061	0.44654	0.99996	-0.00909	-0.00188	0.00909	0.99996	-0.00208	0.00190	0.00206	1.00000		-8.68669	61.26114	872.59862	179.39517	1.94985	-2.39921	0.52960	0.99854	0.04222	0.03355	0.04184	-0.99905	0.01197	0.03402	-0.01055	-0.99937		501.16548	5.51322	40.08319	1.49346	-0.18953	-0.41316	0.49323	0.99997	-0.00729	0.00312	0.00721	0.99963	0.02609	-0.00331	-0.02606	0.99965	
49	0.48000	-6.64464	13.08088	0.25707	-0.12713	0.10789	-0.52044	0.44219	0.99996	-0.00909	-0.00186	0.00908	0.99996	-0.00224	0.00188	0.00222	1.00000		-8.66645	61.13101	872.61499	179.40135	1.95389	-2.40429	0.53248	0.99854	0.04230	0.03362	0.04193	-0.99905	0.01187	0.03410	-0.01044	-0.99936		501.16346	5.50316	40.06996	1.49528	-0.18712	-0.40783	0.49587	0.99997	-0.00720	0.00308	0.00712	0.99963	0.02612	-0.00327	-0.02609	0.99965	
50	0.49000	-6.64720	13.08796	0.24665	-0.11953	0.10473	-0.52305	0.44279	0.99996	-0.00913	-0.00181	0.00913	0.99996	-0.00210	0.00183	0.00209	1.00000		-8.62265	61.25135	872.61624	179.40314	1.95393	-2.41593	0.52763	0.99853	0.04251	0.03362	0.04213	-0.99904	0.01184	0.03410	-0.01041	-0.99936		501.16736	5.53506	40.05358	1.49784	-0.18274	-0.41493	0.49454	0.99997	-0.00732	0.00300	0.00724	0.99963	0.02616	-0.00319	-0.02614	0.99965	
51	0.50000	-6.64484	13.08685	0.25668	-0.12767	0.10827	-0.52292	0.44726	0.99996	-0.00913	-0.00187	0.00913	0.99996	-0.00225	0.00189	0.00223	1.00000		-8.67921	61.11824	872.61620	179.40819	1.95731	-2.40489	0.53269	0.99854	0.04231	0.03369	0.04194	-0.99905	0.01175	0.03415	-0.01032	-0.99936		501.16867	5.54014	40.06558	1.51489	-0.19270	-0.42803	0.49213	0.99997	-0.00756	0.00316	0.00747	0.99962	0.02646	-0.00336	-0.02644	0.99964	
52	0.51000	-6.64559	13.07846	0.25625	-0.13582	0.10875	-0.52191	0.44486	0.99996	-0.00911	-0.00188	0.00911	0.99996	-0.00239	0.00190	0.00237	0.99999		-8.68443	61.00243	872.62169	179.41832	1.94851	-2.40314	0.52646	0.99854	0.04227	0.03354	0.04191	-0.99905	0.01157	0.03400	-0.01015	-0.99937		501.16849	5.52749	40.07241	1.51726	-0.19620	-0.42514	0.49199	0.99997	-0.00751	0.00323	0.00742	0.99962	0.02650	-0.00342	-0.02648	0.99964	
53	0.52000	-6.64644	13.06929	0.25212	-0.13368	0.10661	-0.51706	0.44331	0.99996	-0.00903	-0.00184	0.00902	0.99996	-0.00235	0.00186	0.00233	1.00000		-8.64755	61.03852	872.62663	179.41017	1.95412	-2.40152	0.53105	0.99854	0.04225	0.03364	0.04188	-0.99905	0.01171	0.03410	-0.01029	-0.99937		501.16927	5.49746	40.07316	1.51586	-0.18412	-0.42325	0.50010	0.99997	-0.00747	0.00302	0.00739	0.99962	0.02648	-0.00321	-0.02645	0.99964	
54	0.53000	-6.64842	13.07923	0.24933	-0.13281	0.10515	-0.51993	0.44008	0.99996	-0.00908	-0.00181	0.00907	0.99996	-0.00234	0.00184	0.00232	1.00000		-8.62354	61.04599	872.62755	179.40936	1.94946	-2.39970	0.53014	0.99854	0.04222	0.03355	0.04185	-0.99906	0.01172	0.03402	-0.01030	-0.99937		501.17224	5.49644	40.04679	1.48769	-0.18328	-0.41695	0.49830	0.99997	-0.00736	0.00301	0.00728	0.99964	0.02598	-0.00320	-0.02596	0.99966	
55	0.54000	-6.64856	13.07161	0.26101	-0.13327	0.10890	-0.51857	0.44039	0.99996	-0.00905	-0.00188	0.00905	0.99996	-0.00234	0.00190	0.00233	1.00000		-8.66905	61.05666	872.62636	179.41426	1.96009	-2.40623	0.53507	0.99853	0.04233	0.03374	0.04196	-0.99905	0.01165	0.03420	-0.01022	-0.99936		501.16837	5.49848	40.07717	1.50256	-0.18155	-0.40923	0.49925	0.99997	-0.00722	0.00298	0.00714	0.99963	0.02624	-0.00317	-0.02622	0.99965	
56	0.55000	-6.64612	13.07776	0.23920	-0.12647	0.10342	-0.51782	0.44577	0.99996	-0.00904	-0.00178	0.00904	0.99996	-0.00222	0.00181	0.00221	1.00000		-8.59287	61.15583	872.63564	179.40343	1.95413	-2.40823	0.53480	0.99854	0.04237	0.03363	0.04199	-0.99905	0.01184	0.03410	-0.01041	-0.99936		501.16756	5.47571	40.05250	1.48115	-0.17470	-0.40767	0.49681	0.99997	-0.00719	0.00286	0.00712	0.99964	0.02587	-0.00305	-0.02585	0.99966	
57	0.56000	-6.64926	13.06590	0.26809	-0.12890	0.11350	-0.51538	0.44378	0.99996	-0.00900	-0.00196	0.00899	0.99996	-0.00227	0.00198	0.00225	1.00000		-8.74151	61.13134	872.60494	179.41306	1.96077	-2.40180	0.53027	0.99854	0.04225	0.03375	0.04188	-0.99905	0.01167	0.03422	-0.01024	-0.99936		501.16945	5.48034	40.09636	1.50008	-0.20051	-0.41932	0.49316	0.99997	-0.00741	0.00331	0.00732	0.99963	0.02620	-0.00350	-0.02618	0.99965	
58	0.57000	-6.65417	13.06924	0.28223	-0.13929	0.11942	-0.51642	0.44228	0.99996	-0.00902	-0.00206	0.00901	0.99996	-0.00245	0.00208	0.00243	0.99999		-8.82571	60.95378	872.61267	179.41713	1.97652	-2.39867	0.53266	0.99853	0.04220	0.03403	0.04183	-0.99906	0.01161	0.03449	-0.01017	-0.99935		501.16751	5.48385	40.13637	1.50926	-0.20391	-0.41243	0.49596	0.99997	-0.00729	0.00337	0.00720	0.99963	0.02636	-0.00356	-0.02634	0.99965	
59	0.58000	-6.64999	13.07666	0.26985	-0.13104	0.11352	-0.51921	0.44399	0.99996	-0.00907	-0.00196	0.00906	0.99996	-0.00231	0.00198	0.00229	0.99999		-8.73648	61.07959	872.61553	179.41583	1.96922	-2.40033	0.53166	0.99853	0.04223	0.03390	0.04186	-0.99906	0.01163	0.03436	-0.01019	-0.99936		501.16819	5.52796	40.10197	1.53074	-0.20063	-0.44396	0.49468	0.99996	-0.00784	0.00329	0.00775	0.99961	0.02674	-0.00350	-0.02671	0.99964	
60	0.59000	-6.65581	13.05291	0.29164	-0.14857	0.12136	-0.51232	0.44334	0.99996	-0.00895	-0.00209	0.00894	0.99996	-0.00261	0.00212	0.00259	0.99999		-8.84396	60.84224	872.60200	179.42574	1.97038	-2.40044	0.53169	0.99853	0.04223	0.03393	0.04186	-0.99906	0.01145	0.03438	-0.01002	-0.99936		501.17208	5.47381	40.13522	1.53491	-0.22302	-0.44596	0.49856	0.99996	-0.00788	0.00368	0.00778	0.99961	0.02682	-0.00389	-0.02679	0.99963	
61	0.60000	-6.65724	13.09064	0.26894	-0.13263	0.11357	-0.52465	0.44631	0.99996	-0.00916	-0.00196	0.00916	0.99996	-0.00233	0.00198	0.00231	0.99999		-8.73659	61.04801	872.60917	179.41121	1.96359	-2.41193	0.53179	0.99853	0.04243	0.03380	0.04206	-0.99905	0.01171	0.03426	-0.01027	-0.99936		501.16899	5.51873	40.08488	1.49577	-0.20705	-0.40088	0.49324	0.99997	-0.00709	0.00343	0.00700	0.99963	0.02613	-0.00361	-0.02610	0.99965	
62	0.61000	-6.65331	13.08270	0.27455	-0.12487	0.11733	-0.51964	0.44171	0.99996	-0.00907	-0.00203	0.00907	0.99996	-0.00220	0.00205	0.00218	1.00000		-8.79714	61.16331	872.59387	179.39908	1.96632	-2.40226	0.53217	0.99853	0.04227	0.03384	0.04189	-0.99905	0.01192	0.03431	-0.01048	-0.99936		501.18352	5.54627	40.11771	1.54135	-0.22597	-0.45489	0.49216	0.99996	-0.00804	0.00373	0.00794	0.99961	0.02693	-0.00394	-0.02690	0.99963	
63	0.62000	-6.66179	13.08200	0.27281	-0.13602	0.11682	-0.52279	0.44478	0.99996	-0.00913	-0.00202	0.00912	0.99996	-0.00239	0.00204	0.00237	0.99999		-8.78425	60.99275	872.60547	179.41298	1.96470	-2.40212	0.53007	0.99853	0.04226	0.03382	0.04189	-0.99905	0.01167	0.03428	-0.01024	-0.99936		501.18232	5.55331	40.12116	1.54245	-0.21500	-0.43342	0.50075	0.99996	-0.00766	0.00355	0.00756	0.99961	0.02695	-0.00375	-0.02692	0.99963	
64	0.63000	-6.65736	13.08468	0.26767	-0.12563	0.11511	-0.51946	0.44595	0.99996	-0.00907	-0.00199	0.00907	0.99996	-0.00221	0.00201	0.00219	1.00000		-8.75464	61.14935	872.62282	179.40770	1.97870	-2.39735	0.53264	0.99853	0.04218	0.03406	0.04180	-0.99906	0.01177	0.03453	-0.01033	-0.99935		501.16924	5.50757	40.10947	1.50637	-0.19667	-0.42866	0.49917	0.99997	-0.00757	0.00323	0.00748	0.99963	0.02631	-0.00343	-0.02629	0.99965	
65	0.64000	-6.65679	13.07302	0.24322	-0.11874	0.10469	-0.51544	0.44412	0.99996	-0.00900	-0.00181	0.00900	0.99996	-0.00209	0.00183	0.00207	1.00000		-8.59434	61.27513	872.62287	179.39270	1.95639	-2.40113	0.53401	0.99854	0.04225	0.03366	0.04187	-0.99905	0.01202	0.03414	-0.01059	-0.99936		501.17936	5.49925	40.04997	1.51485	-0.19180	-0.44014	0.49561	0.99996	-0.00777	0.00314	0.00768	0.99962	0.02646	-0.00335	-0.02644	0.99964	
66	0.65000	-6.65385	13.07513	0.26480	-0.12294	0.11225	-0.51770	0.44316	0.99996	-0.00904	-0.00194	0.00904	0.99996	-0.00216	0.00196	0.00215	1.00000		-8.71296	61.20680	872.60628	179.39439	1.96571	-2.40602	0.52896	0.99853	0.04234	0.03383	0.04196	-0.99905	0.01200	0.03430	-0.01056	-0.99936		501.17500	5.49663	40.09328	1.49503	-0.20011	-0.41400	0.49854	0.99997	-0.00731	0.00330	0.00723	0.99963	0.02611	-0.00349	-0.02609	0.99965	
67	0.66000	-6.66054	13.08028	0.28492	-0.13099	0.12081	-0.51868	0.44348	0.99996	-0.00906	-0.00209	0.00905	0.99996	-0.00231	0.00211	0.00229	0.99999		-8.83293	61.07296	872.60994	179.40979	1.98643	-2.39823	0.53320	0.99852	0.04220	0.03420	0.04182	-0.99906	0.01174	0.03466	-0.01029	-0.99935		501.18448	5.51225	40.15536	1.52438	-0.20679	-0.43776	0.50483	0.99996	-0.00773	0.00340	0.00764	0.99962	0.02663	-0.00361	-0.02660	0.99964	
68	0.67000	-6.66265	13.06918	0.30598	-0.14971	0.12837	-0.51863	0.44146	0.99996	-0.00906	-0.00222	0.00905	0.99996	-0.00263	0.00224	0.00261	0.99999		-8.94342	60.80013	872.59470	179.42955	1.98453	-2.40094	0.53238	0.99852	0.04223	0.03418	0.04187	-0.99906	0.01140	0.03463	-0.00995	-0.99935		501.17499	5.51320	40.19329	1.55351	-0.21672	-0.43992	0.49684	0.99996	-0.00778	0.00357	0.00768	0.99960	0.02714	-0.00378	-0.02711	0.99963	
69	0.68000	-6.66027	13.08013	0.27215	-0.13877	0.11627	-0.51997	0.44587	0.99996	-0.00908	-0.00201	0.00908	0.99996	-0.00244	0.00203	0.00242	0.99999		-8.76241	60.95535	872.62281	179.41695	1.98064	-2.39743	0.53161	0.99853	0.04218	0.03410	0.04181	-0.99906	0.01161	0.03456	-0.01017	-0.99935		501.18435	5.52549	40.12326	1.53185	-0.21265	-0.43987	0.50298	0.99996	-0.00777	0.00350	0.00768	0.99961	0.02676	-0.00371	-0.02673	0.99964	
70	0.69000	-6.66307	13.08293	0.28705	-0.12941	0.12373	-0.52078	0.44284	0.99996	-0.00909	-0.00214	0.00909	0.99996	-0.00228	0.00216	0.00226	0.99999		-8.88030	61.09813	872.58416	179.41205	1.97621	-2.40243	0.53060	0.99853	0.04227	0.03402	0.04189	-0.99905	0.01170	0.03448	-0.01026	-0.99935		501.17137	5.52431	40.16442	1.51206	-0.21525	-0.42954	0.50158	0.99996	-0.00759	0.00356	0.00750	0.99962	0.02641	-0.00376	-0.02639	0.99964	
71	0.70000	-6.65793	13.07812	0.27132	-0.11954	0.11507	-0.51714	0.44481	0.99996	-0.00903	-0.00199	0.00903	0.99996	-0.00211	0.00201	0.00209	1.00000		-8.74813	61.25995	872.59781	179.39832	1.97044	-2.40628	0.53249	0.99853	0.04234	0.03391	0.04196	-0.99905	0.01194	0.03438	-0.01050	-0.99935		501.17454	5.51662	40.11112	1.50601	-0.21179	-0.44162	0.50104	0.99996	-0.00780	0.00349	0.00771	0.99962	0.02631	-0.00370	-0.02628	0.99965	
72	0.71000	-6.66053	13.07478	0.24994	-0.13020	0.10740	-0.51759	0.43899	0.99996	-0.00904	-0.00185	0.00903	0.99996	-0.00229	0.00187	0.00227	1.00000		-8.62822	61.09003	872.63517	179.40471	1.96321	-2.39427	0.52943	0.99854	0.04213	0.03379	0.04175	-0.99906	0.01181	0.03426	-0.01038	-0.99936		501.18993	5.53015	40.06726	1.54212	-0.20450	-0.45732	0.50538	0.99996	-0.00807	0.00335	0.00798	0.99961	0.02694	-0.00357	-0.02691	0.99963	
73	0.72000	-6.66551	13.07788	0.27275	-0.13033	0.11698	-0.51935	0.44640	0.99996	-0.00907	-0.00202	0.00906	0.99996	-0.00229	0.00204	0.00227	0.99999		-8.76981	61.08209	872.61962	179.40927	1.97541	-2.39827	0.52460	0.99853	0.04220	0.03401	0.04182	-0.99906	0.01174	0.03447	-0.01030	-0.99935		501.18321	5.53214	40.12762	1.53005	-0.20987	-0.44170	0.50195	0.99996	-0.00780	0.00346	0.00771	0.99961	0.02673	-0.00366	-0.02670	0.99964	
74	0.73000	-6.66158	13.07391	0.27368	-0.13752	0.11598	-0.51572	0.44443	0.99996	-0.00901	-0.00200	0.00900	0.99996	-0.00242	0.00202	0.00240	0.99999		-8.75534	60.97149	872.62188	179.41219	1.97672	-2.38907	0.53360	0.99854	0.04204	0.03403	0.04166	-0.99906	0.01169	0.03449	-0.01025	-0.99935		501.18368	5.48458	40.10856	1.52535	-0.21185	-0.43414	0.50519	0.99996	-0.00767	0.00349	0.00758	0.99962	0.02665	-0.00370	-0.02662	0.99964	
75	0.74000	-6.65951	13.07226	0.27452	-0.14078	0.11470	-0.51695	0.44083	0.99996	-0.00903	-0.00198	0.00902	0.99996	-0.00248	0.00200	0.00246	0.99999		-8.73398	60.92686	872.62600	179.41864	1.97235	-2.39046	0.53157	0.99854	0.04206	0.03396	0.04168	-0.99906	0.01157	0.03442	-0.01014	-0.99936		501.18508	5.51558	40.11114	1.55282	-0.20722	-0.44537	0.50257	0.99996	-0.00787	0.00340	0.00777	0.99960	0.02713	-0.00362	-0.02710	0.99963	
76	0.75000	-6.66164	13.07382	0.26076	-0.12642	0.11005	-0.51472	0.44591	0.99996	-0.00899	-0.00190	0.00898	0.99996	-0.00222	0.00192	0.00221	1.00000		-8.66482	61.15766	872.61090	179.40601	1.96022	-2.39812	0.53043	0.99854	0.04219	0.03374	0.04182	-0.99906	0.01179	0.03421	-0.01036	-0.99936		501.18365	5.50357	40.07000	1.52945	-0.21394	-0.45572	0.50511	0.99996	-0.00805	0.00352	0.00795	0.99961	0.02672	-0.00373	-0.02669	0.99964	
77	0.76000	-6.66219	13.07883	0.26087	-0.11877	0.11294	-0.51500	0.44508	0.99996	-0.00899	-0.00195	0.00899	0.99996	-0.00209	0.00197	0.00207	1.00000		-8.70969	61.26898	872.60963	179.40230	1.97006	-2.39540	0.52646	0.99854	0.04215	0.03391	0.04177	-0.99906	0.01186	0.03438	-0.01043	-0.99935		501.18637	5.51710	40.11379	1.54182	-0.20521	-0.45832	0.51078	0.99996	-0.00809	0.00337	0.00800	0.99961	0.02693	-0.00358	-0.02691	0.99963	
78	0.77000	-6.66724	13.08049	0.27545	-0.13279	0.11842	-0.52113	0.44499	0.99996	-0.00910	-0.00205	0.00910	0.99996	-0.00234	0.00207	0.00232	0.99999		-8.78430	61.06129	872.61555	179.42226	1.98253	-2.40781	0.53284	0.99852	0.04236	0.03414	0.04199	-0.99905	0.01153	0.03459	-0.01008	-0.99935		501.19715	5.55792	40.13708	1.54500	-0.22287	-0.46098	0.50879	0.99996	-0.00815	0.00367	0.00805	0.99960	0.02699	-0.00389	-0.02696	0.99963	
79	0.78000	-6.66512	13.08737	0.27349	-0.12818	0.11885	-0.52146	0.44252	0.99996	-0.00911	-0.00205	0.00910	0.99996	-0.00226	0.00207	0.00224	0.99999		-8.80169	61.09730	872.61532	179.40865	1.97794	-2.39026	0.53172	0.99853	0.04206	0.03405	0.04168	-0.99906	0.01175	0.03451	-0.01031	-0.99935		501.17599	5.54737	40.13333	1.52509	-0.21339	-0.43323	0.49984	0.99996	-0.00766	0.00352	0.00756	0.99962	0.02664	-0.00372	-0.02661	0.99964	
80	0.79000	-6.66921	13.09279	0.25863	-0.13331	0.11150	-0.52292	0.44404	0.99996	-0.00913	-0.00192	0.00913	0.99996	-0.00235	0.00195	0.00233	0.99999		-8.68874	61.02167	872.62810	179.41257	1.96730	-2.39904	0.52761	0.99853	0.04221	0.03387	0.04183	-0.99906	0.01168	0.03433	-0.01025	-0.99936		501.19044	5.54520	40.09464	1.53066	-0.20312	-0.44490	0.50578	0.99996	-0.00786	0.00334	0.00776	0.99961	0.02674	-0.00355	-0.02671	0.99964	
81	0.80000	-6.66494	13.08971	0.26771	-0.13260	0.11446	-0.52340	0.43938	0.99996	-0.00914	-0.00198	0.00913	0.99996	-0.00233	0.00200	0.00231	0.99999		-8.73513	61.03811	872.62302	179.41856	1.97582	-2.40171	0.53037	0.99853	0.04225	0.03402	0.04188	-0.99906	0.01158	0.03448	-0.01014	-0.99935		501.18609	5.55580	40.11480	1.52466	-0.20977	-0.44567	0.50583	0.99996	-0.00787	0.00345	0.00778	0.99962	0.02663	-0.00366	-0.02661	0.99964	
82	0.81000	-6.67092	13.09833	0.29438	-0.12807	0.12656	-0.52380	0.43913	0.99996	-0.00915	-0.00219	0.00914	0.99996	-0.00226	0.00221	0.00224	0.99999		-8.91588	61.10378	872.58150	179.40973	1.98250	-2.41198	0.53111	0.99852	0.04244	0.03413	0.04206	-0.99905	0.01175	0.03459	-0.01030	-0.99935		501.18738	5.56150	40.18575	1.53566	-0.23265	-0.43667	0.50448	0.99996	-0.00773	0.00385	0.00762	0.99961	0.02683	-0.00406	-0.02680	0.99963	
83	0.82000	-6.66840	13.08979	0.24746	-0.14110	0.10493	-0.52107	0.44463	0.99996	-0.00910	-0.00181	0.00909	0.99996	-0.00248	0.00183	0.00246	0.99999		-8.58467	60.90485	872.65026	179.42461	1.96396	-2.39540	0.53147	0.99854	0.04214	0.03382	0.04177	-0.99906	0.01147	0.03427	-0.01004	-0.99936		501.20878	5.54636	40.04497	1.56860	-0.21647	-0.45984	0.50864	0.99996	-0.00813	0.00356	0.00803	0.99959	0.02740	-0.00378	-0.02737	0.99962	
84	0.83000	-6.66536	13.08573	0.27665	-0.13124	0.11939	-0.52061	0.43988	0.99996	-0.00909	-0.00206	0.00909	0.99996	-0.00231	0.00208	0.00229	0.99999		-8.80619	61.06063	872.61141	179.41248	1.98415	-2.39711	0.52804	0.99853	0.04218	0.03416	0.04180	-0.99906	0.01169	0.03462	-0.01025	-0.99935		501.18991	5.54943	40.14588	1.54791	-0.22764	-0.45242	0.50584	0.99996	-0.00800	0.00376	0.00790	0.99960	0.02704	-0.00397	-0.02701	0.99963	
85	0.84000	-6.66413	13.08519	0.25949	-0.12698	0.11007	-0.51927	0.44314	0.99996	-0.00907	-0.00190	0.00906	0.99996	-0.00223	0.00192	0.00222	1.00000		-8.66272	61.13273	872.62963	179.41447	1.97234	-2.39897	0.53091	0.99853	0.04221	0.03396	0.04183	-0.99906	0.01165	0.03442	-0.01021	-0.99936		501.18642	5.52491	40.08297	1.51382	-0.20337	-0.42983	0.50410	0.99997	-0.00759	0.00335	0.00750	0.99962	0.02644	-0.00355	-0.02642	0.99964	
86	0.85000	-6.66820	13.09535	0.27745	-0.12381	0.11945	-0.52281	0.44168	0.99996	-0.00913	-0.00206	0.00912	0.99996	-0.00218	0.00208	0.00216	0.99999		-8.81186	61.15405	872.60378	179.40463	1.98115	-2.39104	0.53097	0.99853	0.04208	0.03411	0.04169	-0.99906	0.01182	0.03457	-0.01038	-0.99935		501.19107	5.55076	40.14036	1.52382	-0.22289	-0.43693	0.51018	0.99996	-0.00773	0.00369	0.00763	0.99962	0.02662	-0.00389	-0.02659	0.99964	
87	0.86000	-6.66928	13.09945	0.27203	-0.12935	0.11657	-0.52579	0.44440	0.99996	-0.00918	-0.00201	0.00918	0.99996	-0.00228	0.00203	0.00226	0.99999		-8.77086	61.07717	872.60378	179.40546	1.97150	-2.40697	0.52913	0.99853	0.04235	0.03393	0.04197	-0.99905	0.01181	0.03440	-0.01037	-0.99935		501.19283	5.58581	40.11724	1.55131	-0.22756	-0.44410	0.50965	0.99996	-0.00786	0.00376	0.00775	0.99960	0.02710	-0.00397	-0.02707	0.99963	
88	0.87000	-6.67289	13.07774	0.29519	-0.12842	0.12378	-0.51579	0.44498	0.99996	-0.00901	-0.00214	0.00900	0.99996	-0.00226	0.00216	0.00224	0.99999		-8.85412	61.11931	872.59604	179.41280	1.98665	-2.39698	0.52994	0.99852	0.04218	0.03421	0.04180	-0.99906	0.01169	0.03467	-0.01024	-0.99935		501.19077	5.48875	40.15582	1.51016	-0.22700	-0.41946	0.50592	0.99997	-0.00742	0.00377	0.00732	0.99963	0.02638	-0.00396	-0.02635	0.99964	
89	0.88000	-6.66784	13.08769	0.25682	-0.12884	0.11190	-0.52156	0.44196	0.99996	-0.00911	-0.00193	0.00910	0.99996	-0.00227	0.00195	0.00225	1.00000		-8.68612	61.09847	872.64591	179.41187	1.98541	-2.39831	0.53000	0.99852	0.04220	0.03418	0.04182	-0.99906	0.01171	0.03465	-0.01026	-0.99935		501.19172	5.56385	40.09913	1.55354	-0.21429	-0.45663	0.50431	0.99996	-0.00807	0.00352	0.00797	0.99960	0.02714	-0.00374	-0.02711	0.99963	
90	0.89000	-6.67012	13.09251	0.25647	-0.12629	0.11277	-0.52171	0.44120	0.99996	-0.00911	-0.00195	0.00911	0.99996	-0.00222	0.00197	0.00220	1.00000		-8.70807	61.13522	872.62020	179.41130	1.97172	-2.40112	0.53236	0.99853	0.04225	0.03394	0.04187	-0.99905	0.01171	0.03441	-0.01027	-0.99936		501.19496	5.53473	40.10416	1.50937	-0.20912	-0.42651	0.50147	0.99997	-0.00754	0.00345	0.00744	0.99962	0.02637	-0.00365	-0.02634	0.99965	
91	0.90000	-6.67237	13.08058	0.26955	-0.12863	0.11367	-0.51805	0.44659	0.99996	-0.00905	-0.00196	0.00904	0.99996	-0.00226	0.00198	0.00225	1.00000		-8.70909	61.10253	872.61973	179.41081	1.97604	-2.38853	0.52980	0.99854	0.04203	0.03402	0.04165	-0.99906	0.01171	0.03448	-0.01028	-0.99935		501.20459	5.53174	40.09473	1.54281	-0.22453	-0.46274	0.50735	0.99996	-0.00818	0.00370	0.00808	0.99960	0.02695	-0.00392	-0.02692	0.99963	
92	0.91000	-6.66972	13.08945	0.26922	-0.13330	0.11506	-0.52072	0.44558	0.99996	-0.00909	-0.00199	0.00909	0.99996	-0.00235	0.00201	0.00233	0.99999		-8.73459	61.02896	872.62153	179.42030	1.97825	-2.39406	0.52743	0.99853	0.04212	0.03407	0.04175	-0.99906	0.01155	0.03452	-0.01011	-0.99935		501.19691	5.53951	40.11140	1.53393	-0.22248	-0.45105	0.50719	0.99996	-0.00797	0.00367	0.00787	0.99961	0.02680	-0.00388	-0.02677	0.99963	
93	0.92000	-6.66973	13.07396	0.27482	-0.13530	0.11683	-0.51664	0.44298	0.99996	-0.00902	-0.00202	0.00902	0.99996	-0.00238	0.00204	0.00236	0.99999		-8.75840	61.01362	872.61813	179.41896	1.97960	-2.39462	0.52825	0.99853	0.04213	0.03409	0.04176	-0.99906	0.01158	0.03454	-0.01013	-0.99935		501.18577	5.49568	40.12189	1.52081	-0.21107	-0.43228	0.51292	0.99996	-0.00764	0.00348	0.00754	0.99962	0.02657	-0.00368	-0.02654	0.99964	
94	0.93000	-6.66772	13.08591	0.25367	-0.12702	0.10861	-0.51888	0.44101	0.99996	-0.00906	-0.00187	0.00906	0.99996	-0.00223	0.00190	0.00222	1.00000		-8.63603	61.12323	872.63405	179.41292	1.97626	-2.39188	0.53064	0.99853	0.04208	0.03403	0.04171	-0.99906	0.01168	0.03449	-0.01024	-0.99935		501.20206	5.52298	40.07909	1.52668	-0.20637	-0.44890	0.51273	0.99996	-0.00793	0.00339	0.00783	0.99961	0.02667	-0.00360	-0.02664	0.99964	
