1	0.00000	-6.28955	13.46252	0.46277	-0.15768	-0.05350	-0.66507	0.46545	0.99993	-0.01160	0.00097	0.01161	0.99993	-0.00274	-0.00093	0.00275	1.00000		-6.95329	60.26638	872.75244	179.42757	1.79878	-2.75294	0.54979	0.99835	0.04834	0.03087	0.04801	-0.99878	0.01149	0.03139	-0.00999	-0.99946		501.27156	6.27862	38.35149	1.33971	-0.49446	-0.38334	0.33449	0.99994	-0.00689	0.00847	0.00669	0.99970	0.02344	-0.00863	-0.02338	0.99969	
2	0.01000	-6.27891	13.53374	0.49991	-0.06766	-0.01543	-0.66711	0.45789	0.99993	-0.01164	0.00028	0.01164	0.99993	-0.00118	-0.00027	0.00118	1.00000		-7.56005	61.55959	872.60790	179.34262	1.83628	-2.75032	0.54987	0.99834	0.04835	0.03145	0.04796	-0.99876	0.01300	0.03204	-0.01147	-0.99942		501.24061	6.29039	38.64239	1.24826	-0.53455	-0.39583	0.33310	0.99993	-0.00711	0.00918	0.00691	0.99974	0.02185	-0.00933	-0.02178	0.99972	
3	0.02000	-6.27927	13.55086	0.51886	-0.04618	-0.00566	-0.66865	0.45977	0.99993	-0.01167	0.00011	0.01167	0.99993	-0.00081	-0.00010	0.00081	1.00000		-7.71616	61.86568	872.55967	179.32414	1.84756	-2.75301	0.55040	0.99833	0.04841	0.03163	0.04801	-0.99876	0.01333	0.03224	-0.01179	-0.99941		501.23841	6.31036	38.70247	1.24097	-0.55263	-0.39844	0.33108	0.99993	-0.00716	0.00949	0.00695	0.99974	0.02172	-0.00964	-0.02166	0.99972	
4	0.03000	-6.29107	12.96734	0.30745	-0.53748	-0.06992	-0.51256	0.39718	0.99996	-0.00893	0.00130	0.00895	0.99992	-0.00937	-0.00122	0.00938	0.99995		-6.60906	55.20442	873.11574	179.79153	1.64970	-2.76637	0.58246	0.99842	0.04837	0.02858	0.04824	-0.99882	0.00502	0.02879	-0.00364	-0.99958		500.94793	5.21702	38.51560	1.80665	0.09335	-0.33529	0.40922	0.99998	-0.00580	-0.00181	0.00585	0.99949	0.03152	0.00163	-0.03153	0.99950	
5	0.04000	-6.29342	12.94736	0.30915	-0.56245	-0.06810	-0.50904	0.39899	0.99996	-0.00887	0.00128	0.00888	0.99991	-0.00981	-0.00119	0.00982	0.99995		-6.62573	54.85289	873.12864	179.82254	1.64918	-2.76584	0.58811	0.99842	0.04834	0.02860	0.04823	-0.99883	0.00448	0.02878	-0.00310	-0.99958		501.03456	4.92485	38.56408	1.55196	0.05680	-0.28148	0.52295	0.99999	-0.00488	-0.00112	0.00491	0.99962	0.02708	0.00099	-0.02708	0.99963	
6	0.05000	-6.12456	12.67318	0.51420	-0.72470	0.12864	-0.44689	0.44837	0.99997	-0.00783	-0.00215	0.00780	0.99989	-0.01267	0.00225	0.01265	0.99992		-9.65336	52.16575	872.80420	-179.90205	1.75502	-2.22529	0.61106	0.99878	0.03878	0.03067	0.03881	-0.99925	-0.00052	0.03063	0.00171	-0.99953		501.13064	5.09353	39.89778	2.42357	-0.07314	-0.58146	0.62215	0.99995	-0.01019	0.00085	0.01015	0.99905	0.04230	-0.00128	-0.04229	0.99910	
7	0.06000	-6.46681	12.84257	0.89807	-0.34161	0.24950	-0.47882	0.43595	0.99996	-0.00838	-0.00430	0.00836	0.99995	-0.00600	0.00435	0.00596	0.99997		-11.08057	58.05481	872.28889	179.57764	2.02797	-2.39351	0.52759	0.99850	0.04202	0.03505	0.04174	-0.99909	0.00884	0.03539	-0.00737	-0.99935		501.04878	5.02681	40.81803	1.31849	-0.42696	-0.27388	0.52904	0.99996	-0.00495	0.00734	0.00478	0.99972	0.02305	-0.00745	-0.02301	0.99971	
8	0.07000	-6.46971	12.83029	0.68304	-0.25558	0.17148	-0.46780	0.42595	0.99996	-0.00818	-0.00296	0.00816	0.99996	-0.00449	0.00299	0.00446	0.99999		-9.88699	59.40080	872.41932	179.49062	1.94614	-2.39437	0.52367	0.99855	0.04208	0.03356	0.04175	-0.99907	0.01030	0.03396	-0.00889	-0.99938		501.07948	5.16479	40.40606	1.47031	-0.20633	-0.53895	0.50684	0.99995	-0.00950	0.00336	0.00941	0.99963	0.02569	-0.00360	-0.02566	0.99966	
9	0.08000	-6.47818	12.82281	0.66224	-0.24878	0.16121	-0.46330	0.42937	0.99996	-0.00810	-0.00278	0.00809	0.99996	-0.00437	0.00281	0.00434	0.99999		-9.71822	59.51088	872.42930	179.48024	1.93029	-2.39127	0.51831	0.99856	0.04203	0.03327	0.04170	-0.99908	0.01047	0.03368	-0.00907	-0.99939		501.07356	5.10156	40.34865	1.42500	-0.16133	-0.50553	0.50169	0.99996	-0.00889	0.00260	0.00882	0.99965	0.02489	-0.00282	-0.02487	0.99969	
10	0.09000	-6.47527	12.79717	0.65914	-0.23634	0.16019	-0.45325	0.42541	0.99996	-0.00792	-0.00276	0.00791	0.99996	-0.00415	0.00280	0.00412	0.99999		-9.69938	59.73488	872.42287	179.48167	1.92707	-2.37639	0.51774	0.99857	0.04177	0.03322	0.04144	-0.99909	0.01043	0.03363	-0.00904	-0.99939		501.06559	5.05246	40.35541	1.41550	-0.15294	-0.52802	0.49258	0.99995	-0.00928	0.00244	0.00922	0.99965	0.02473	-0.00267	-0.02470	0.99969	
11	0.10000	-6.47502	12.81278	0.64167	-0.23163	0.15213	-0.45961	0.42888	0.99996	-0.00803	-0.00262	0.00802	0.99996	-0.00406	0.00266	0.00404	0.99999		-9.58871	59.79404	872.42945	179.47081	1.91454	-2.39191	0.51347	0.99857	0.04204	0.03299	0.04171	-0.99907	0.01062	0.03341	-0.00923	-0.99940		501.06577	5.09228	40.29810	1.40678	-0.15231	-0.52182	0.49486	0.99996	-0.00917	0.00243	0.00911	0.99966	0.02457	-0.00266	-0.02455	0.99970	
12	0.11000	-6.47575	12.80589	0.66982	-0.23741	0.16016	-0.45732	0.42979	0.99996	-0.00799	-0.00276	0.00798	0.99996	-0.00417	0.00280	0.00414	0.99999		-9.70188	59.70101	872.41557	179.48141	1.93066	-2.37801	0.51898	0.99857	0.04180	0.03328	0.04147	-0.99909	0.01044	0.03369	-0.00905	-0.99939		501.05198	5.07851	40.35020	1.41228	-0.15546	-0.52368	0.48403	0.99995	-0.00920	0.00249	0.00914	0.99965	0.02467	-0.00271	-0.02465	0.99969	
13	0.12000	-6.48109	12.81188	0.67598	-0.23859	0.16386	-0.45915	0.43044	0.99996	-0.00803	-0.00283	0.00801	0.99996	-0.00419	0.00286	0.00416	0.99999		-9.76067	59.67338	872.39650	179.48152	1.92309	-2.37662	0.51271	0.99858	0.04177	0.03315	0.04144	-0.99909	0.01043	0.03356	-0.00904	-0.99940		501.05107	5.09604	40.37260	1.42067	-0.15348	-0.53157	0.49082	0.99995	-0.00934	0.00245	0.00928	0.99965	0.02482	-0.00268	-0.02479	0.99969	
14	0.13000	-6.48370	12.81299	0.65383	-0.23919	0.15608	-0.45973	0.42692	0.99996	-0.00803	-0.00269	0.00802	0.99996	-0.00420	0.00272	0.00417	0.99999		-9.64244	59.67400	872.42024	179.47574	1.91339	-2.38766	0.51546	0.99857	0.04196	0.03298	0.04164	-0.99908	0.01053	0.03339	-0.00914	-0.99940		501.06097	5.09538	40.32243	1.40921	-0.15908	-0.52393	0.49005	0.99995	-0.00921	0.00255	0.00914	0.99966	0.02462	-0.00278	-0.02459	0.99969	
15	0.14000	-6.48264	12.80880	0.65228	-0.22582	0.15441	-0.45898	0.42622	0.99996	-0.00802	-0.00266	0.00801	0.99996	-0.00396	0.00269	0.00394	0.99999		-9.62654	59.88908	872.40298	179.46866	1.90679	-2.39243	0.51743	0.99858	0.04205	0.03286	0.04172	-0.99907	0.01065	0.03327	-0.00927	-0.99940		501.06022	5.11298	40.32084	1.40819	-0.14674	-0.53924	0.48914	0.99995	-0.00947	0.00233	0.00941	0.99965	0.02460	-0.00256	-0.02458	0.99969	
16	0.15000	-6.48412	12.80405	0.67359	-0.23455	0.16233	-0.45654	0.43122	0.99996	-0.00798	-0.00280	0.00797	0.99996	-0.00412	0.00283	0.00409	0.99999		-9.73690	59.76383	872.39768	179.48080	1.92000	-2.39632	0.51480	0.99856	0.04211	0.03309	0.04179	-0.99907	0.01045	0.03350	-0.00906	-0.99940		501.02386	5.09525	40.39932	1.51073	-0.18239	-0.55587	0.47149	0.99995	-0.00978	0.00293	0.00970	0.99960	0.02639	-0.00318	-0.02636	0.99965	
17	0.16000	-6.48384	12.81632	0.66508	-0.22331	0.15891	-0.46041	0.42891	0.99996	-0.00805	-0.00274	0.00804	0.99996	-0.00392	0.00277	0.00390	0.99999		-9.69257	59.92478	872.38937	179.46188	1.91563	-2.40047	0.51379	0.99856	0.04220	0.03300	0.04186	-0.99907	0.01078	0.03343	-0.00939	-0.99940		501.02313	5.11459	40.37647	1.50499	-0.18640	-0.53856	0.48059	0.99995	-0.00948	0.00301	0.00940	0.99961	0.02629	-0.00325	-0.02626	0.99965	
18	0.17000	-6.49045	12.78976	0.66835	-0.22880	0.15859	-0.45005	0.42775	0.99997	-0.00787	-0.00274	0.00785	0.99996	-0.00402	0.00277	0.00399	0.99999		-9.66874	59.85474	872.38754	179.47621	1.91514	-2.37499	0.50961	0.99858	0.04174	0.03301	0.04142	-0.99909	0.01052	0.03342	-0.00914	-0.99940		501.03666	5.05763	40.37769	1.51975	-0.18952	-0.55842	0.47849	0.99995	-0.00983	0.00305	0.00975	0.99960	0.02655	-0.00331	-0.02652	0.99964	
19	0.18000	-6.49313	12.82025	0.65577	-0.22567	0.15606	-0.46095	0.42980	0.99996	-0.00806	-0.00269	0.00804	0.99996	-0.00396	0.00272	0.00394	0.99999		-9.62996	59.87792	872.41744	179.48140	1.92918	-2.38720	0.51328	0.99857	0.04196	0.03326	0.04163	-0.99908	0.01045	0.03366	-0.00905	-0.99939		501.03994	5.13244	40.35579	1.52332	-0.19978	-0.55703	0.47925	0.99995	-0.00981	0.00323	0.00972	0.99960	0.02662	-0.00349	-0.02658	0.99964	
20	0.19000	-6.50172	12.80804	0.68235	-0.23307	0.16672	-0.45612	0.43408	0.99996	-0.00797	-0.00288	0.00796	0.99996	-0.00409	0.00291	0.00407	0.99999		-9.77805	59.76664	872.39122	179.47391	1.93482	-2.37902	0.51299	0.99857	0.04182	0.03335	0.04149	-0.99908	0.01058	0.03376	-0.00918	-0.99939		501.03283	5.07826	40.42248	1.51769	-0.20392	-0.54447	0.48032	0.99995	-0.00959	0.00331	0.00950	0.99960	0.02652	-0.00356	-0.02649	0.99964	
21	0.20000	-6.50106	12.82476	0.66287	-0.22479	0.15760	-0.46170	0.43178	0.99996	-0.00807	-0.00272	0.00806	0.99996	-0.00395	0.00275	0.00392	0.99999		-9.64456	59.88054	872.40818	179.46942	1.93210	-2.38674	0.51179	0.99856	0.04195	0.03330	0.04162	-0.99908	0.01066	0.03372	-0.00925	-0.99939		501.05477	5.16027	40.36790	1.54623	-0.20939	-0.59037	0.48415	0.99994	-0.01040	0.00338	0.01030	0.99958	0.02702	-0.00365	-0.02698	0.99963	
22	0.21000	-6.50707	12.80346	0.66637	-0.22421	0.16151	-0.45303	0.42859	0.99996	-0.00792	-0.00279	0.00791	0.99996	-0.00394	0.00282	0.00391	0.99999		-9.68705	59.90769	872.40659	179.46576	1.93492	-2.37390	0.50840	0.99857	0.04173	0.03335	0.04140	-0.99909	0.01071	0.03376	-0.00932	-0.99939		501.04836	5.09779	40.39926	1.53934	-0.19996	-0.58266	0.48808	0.99994	-0.01026	0.00322	0.01017	0.99959	0.02690	-0.00349	-0.02686	0.99963	
23	0.22000	-6.51510	12.80494	0.65557	-0.21962	0.15766	-0.45394	0.43434	0.99996	-0.00793	-0.00272	0.00792	0.99996	-0.00386	0.00275	0.00383	0.99999		-9.61531	59.98680	872.41069	179.46429	1.93418	-2.38103	0.51069	0.99857	0.04186	0.03333	0.04152	-0.99908	0.01074	0.03375	-0.00934	-0.99939		501.05808	5.09788	40.36171	1.51886	-0.21556	-0.57964	0.48572	0.99994	-0.01021	0.00349	0.01012	0.99960	0.02654	-0.00376	-0.02651	0.99964	
24	0.23000	-6.51138	12.82744	0.67188	-0.23795	0.16462	-0.46288	0.42996	0.99996	-0.00809	-0.00284	0.00808	0.99996	-0.00418	0.00287	0.00415	0.99999		-9.71836	59.68125	872.43738	179.50594	1.95548	-2.36395	0.52892	0.99857	0.04154	0.03374	0.04122	-0.99910	0.01002	0.03412	-0.00862	-0.99938		501.05183	5.11623	40.37172	1.56620	-0.27048	-0.53801	0.49710	0.99994	-0.00952	0.00446	0.00939	0.99958	0.02737	-0.00472	-0.02733	0.99962	
25	0.24000	-6.51653	12.81149	0.67346	-0.21768	0.16548	-0.45576	0.43207	0.99996	-0.00797	-0.00286	0.00795	0.99996	-0.00382	0.00289	0.00380	0.99999		-9.71710	60.00717	872.41730	179.48656	1.96033	-2.35852	0.52706	0.99857	0.04146	0.03381	0.04113	-0.99910	0.01036	0.03421	-0.00896	-0.99937		501.05509	5.07205	40.37601	1.53774	-0.27003	-0.53654	0.48892	0.99994	-0.00949	0.00446	0.00936	0.99959	0.02688	-0.00471	-0.02684	0.99963	
26	0.25000	-6.52178	12.80774	0.68179	-0.21586	0.16820	-0.45507	0.43318	0.99996	-0.00795	-0.00290	0.00794	0.99996	-0.00379	0.00294	0.00377	0.99999		-9.74992	60.03596	872.41357	179.48672	1.96354	-2.35325	0.52864	0.99857	0.04137	0.03387	0.04104	-0.99910	0.01036	0.03426	-0.00895	-0.99937		501.06166	5.07410	40.38087	1.54000	-0.28425	-0.54812	0.49855	0.99994	-0.00970	0.00470	0.00957	0.99959	0.02692	-0.00496	-0.02687	0.99963	
27	0.26000	-6.52222	12.83885	0.67149	-0.21543	0.16530	-0.46600	0.43342	0.99996	-0.00814	-0.00285	0.00813	0.99996	-0.00378	0.00289	0.00376	0.99999		-9.71656	60.01825	872.42235	179.48579	1.95797	-2.36883	0.53099	0.99856	0.04164	0.03376	0.04131	-0.99909	0.01038	0.03417	-0.00897	-0.99938		501.05009	5.11756	40.37732	1.51782	-0.26196	-0.50276	0.49914	0.99995	-0.00889	0.00434	0.00877	0.99961	0.02653	-0.00457	-0.02649	0.99964	
28	0.27000	-6.52148	12.79434	0.68443	-0.22110	0.17189	-0.44924	0.43286	0.99996	-0.00785	-0.00297	0.00784	0.99996	-0.00388	0.00300	0.00386	0.99999		-9.79963	59.98047	872.41220	179.49760	1.96604	-2.35153	0.52994	0.99857	0.04133	0.03392	0.04101	-0.99911	0.01017	0.03431	-0.00876	-0.99937		501.05838	5.04572	40.41513	1.55637	-0.28382	-0.55093	0.49297	0.99994	-0.00975	0.00469	0.00962	0.99958	0.02721	-0.00495	-0.02716	0.99962	
29	0.28000	-6.52310	12.81416	0.64545	-0.21035	0.15461	-0.45538	0.42936	0.99996	-0.00796	-0.00267	0.00795	0.99996	-0.00369	0.00270	0.00367	0.99999		-9.54260	60.12463	872.44032	179.49117	1.95272	-2.35542	0.52968	0.99857	0.04140	0.03368	0.04107	-0.99910	0.01027	0.03407	-0.00888	-0.99938		501.07269	5.08015	40.30885	1.54399	-0.26428	-0.53923	0.49705	0.99995	-0.00953	0.00436	0.00941	0.99959	0.02699	-0.00461	-0.02694	0.99963	
30	0.29000	-6.52499	12.83009	0.66810	-0.21067	0.16387	-0.46011	0.43275	0.99996	-0.00804	-0.00283	0.00803	0.99996	-0.00370	0.00286	0.00368	0.99999		-9.68664	60.09541	872.42289	179.48167	1.96204	-2.35855	0.53283	0.99857	0.04146	0.03383	0.04113	-0.99910	0.01045	0.03424	-0.00904	-0.99937		501.06863	5.11486	40.37274	1.54802	-0.27482	-0.54770	0.49480	0.99994	-0.00969	0.00454	0.00956	0.99959	0.02706	-0.00480	-0.02701	0.99962	
31	0.30000	-6.52834	12.83324	0.65807	-0.21244	0.15986	-0.46018	0.43378	0.99996	-0.00804	-0.00276	0.00803	0.99996	-0.00373	0.00279	0.00371	0.99999		-9.61806	60.07619	872.43372	179.49171	1.95807	-2.36273	0.52917	0.99857	0.04153	0.03377	0.04120	-0.99910	0.01027	0.03417	-0.00887	-0.99938		501.07112	5.11352	40.34279	1.55518	-0.26635	-0.55244	0.49428	0.99994	-0.00976	0.00439	0.00964	0.99958	0.02718	-0.00465	-0.02714	0.99962	
32	0.31000	-6.53409	12.83636	0.65273	-0.21351	0.16030	-0.46280	0.43250	0.99996	-0.00809	-0.00277	0.00808	0.99996	-0.00375	0.00280	0.00373	0.99999		-9.62406	60.05419	872.43833	179.49644	1.95746	-2.36173	0.52911	0.99857	0.04151	0.03377	0.04118	-0.99910	0.01019	0.03416	-0.00878	-0.99938		501.06966	5.11895	40.35065	1.53487	-0.26447	-0.54068	0.49241	0.99994	-0.00956	0.00436	0.00944	0.99960	0.02683	-0.00462	-0.02679	0.99963	
33	0.32000	-6.53515	12.82920	0.65557	-0.21298	0.16021	-0.45923	0.43155	0.99996	-0.00802	-0.00277	0.00801	0.99996	-0.00374	0.00280	0.00372	0.99999		-9.62165	60.07472	872.42762	179.49432	1.95218	-2.36118	0.52832	0.99857	0.04150	0.03367	0.04117	-0.99910	0.01022	0.03407	-0.00882	-0.99938		501.07487	5.11708	40.34250	1.56430	-0.26887	-0.55655	0.50036	0.99994	-0.00984	0.00443	0.00971	0.99958	0.02734	-0.00469	-0.02730	0.99962	
34	0.33000	-6.53839	12.81131	0.66603	-0.21645	0.16516	-0.45127	0.43186	0.99996	-0.00789	-0.00285	0.00788	0.99996	-0.00380	0.00288	0.00378	0.99999		-9.67914	60.02577	872.43121	179.49068	1.96714	-2.34490	0.53216	0.99857	0.04122	0.03393	0.04089	-0.99911	0.01029	0.03433	-0.00888	-0.99937		501.07201	5.04771	40.37634	1.54989	-0.27403	-0.55447	0.50079	0.99994	-0.00980	0.00452	0.00968	0.99959	0.02709	-0.00478	-0.02705	0.99962	
35	0.34000	-6.53679	12.81518	0.65783	-0.21692	0.16213	-0.45360	0.43362	0.99996	-0.00793	-0.00280	0.00792	0.99996	-0.00381	0.00283	0.00379	0.99999		-9.63491	60.02102	872.44314	179.49376	1.96706	-2.34876	0.53022	0.99857	0.04128	0.03393	0.04096	-0.99911	0.01023	0.03432	-0.00883	-0.99937		501.08464	5.08807	40.34343	1.56962	-0.29780	-0.57491	0.50115	0.99994	-0.01017	0.00492	0.01003	0.99957	0.02744	-0.00520	-0.02739	0.99961	
36	0.35000	-6.54139	12.81517	0.65834	-0.21375	0.16241	-0.45412	0.43449	0.99996	-0.00794	-0.00280	0.00793	0.99996	-0.00375	0.00283	0.00373	0.99999		-9.63760	60.06106	872.44083	179.49451	1.96856	-2.34151	0.52819	0.99858	0.04116	0.03396	0.04083	-0.99911	0.01022	0.03435	-0.00882	-0.99937		501.07925	5.06699	40.34978	1.55199	-0.28980	-0.54338	0.50068	0.99994	-0.00962	0.00480	0.00948	0.99959	0.02713	-0.00506	-0.02708	0.99962	
37	0.36000	-6.53966	12.82114	0.67486	-0.21408	0.16670	-0.45487	0.43512	0.99996	-0.00795	-0.00288	0.00794	0.99996	-0.00376	0.00291	0.00374	0.99999		-9.69516	60.06193	872.42235	179.48688	1.96984	-2.35290	0.52840	0.99857	0.04136	0.03398	0.04103	-0.99910	0.01036	0.03437	-0.00895	-0.99937		501.06806	5.07647	40.37730	1.55394	-0.27920	-0.54430	0.49830	0.99994	-0.00963	0.00461	0.00950	0.99959	0.02716	-0.00487	-0.02712	0.99962	
38	0.37000	-6.53750	12.82036	0.65739	-0.21807	0.16139	-0.45645	0.43233	0.99996	-0.00798	-0.00279	0.00797	0.99996	-0.00383	0.00282	0.00381	0.99999		-9.61666	60.01317	872.44325	179.50157	1.96596	-2.35790	0.53107	0.99857	0.04144	0.03392	0.04112	-0.99910	0.01010	0.03431	-0.00869	-0.99937		501.07195	5.09914	40.34795	1.56747	-0.27782	-0.56049	0.50247	0.99994	-0.00991	0.00458	0.00978	0.99958	0.02740	-0.00485	-0.02735	0.99961	
39	0.38000	-6.53932	12.81722	0.66358	-0.22158	0.16598	-0.45313	0.43362	0.99996	-0.00792	-0.00287	0.00791	0.99996	-0.00389	0.00290	0.00387	0.99999		-9.68331	59.95038	872.43791	179.49553	1.96883	-2.34840	0.52727	0.99857	0.04128	0.03396	0.04095	-0.99911	0.01020	0.03436	-0.00880	-0.99937		501.07033	5.05156	40.38049	1.54297	-0.27788	-0.55107	0.50248	0.99994	-0.00974	0.00459	0.00962	0.99959	0.02697	-0.00485	-0.02693	0.99963	
40	0.39000	-6.54090	12.82646	0.67092	-0.21352	0.16896	-0.45674	0.43282	0.99996	-0.00798	-0.00292	0.00797	0.99996	-0.00375	0.00295	0.00373	0.99999		-9.73625	60.07197	872.41541	179.49171	1.96618	-2.35893	0.52289	0.99856	0.04146	0.03391	0.04114	-0.99910	0.01028	0.03431	-0.00887	-0.99937		501.07331	5.11707	40.40080	1.56947	-0.28714	-0.57704	0.50372	0.99994	-0.01020	0.00473	0.01007	0.99957	0.02744	-0.00501	-0.02739	0.99961	
41	0.40000	-6.53863	12.82386	0.65333	-0.21219	0.16181	-0.45726	0.43304	0.99996	-0.00799	-0.00279	0.00798	0.99996	-0.00373	0.00282	0.00370	0.99999		-9.62231	60.09709	872.44026	179.48878	1.96582	-2.35654	0.52468	0.99857	0.04142	0.03391	0.04109	-0.99910	0.01033	0.03430	-0.00892	-0.99937		501.06241	5.10076	40.35835	1.54529	-0.26393	-0.54872	0.49767	0.99994	-0.00970	0.00435	0.00958	0.99959	0.02701	-0.00461	-0.02697	0.99963	
42	0.41000	-6.54295	12.81346	0.67791	-0.22494	0.17187	-0.45316	0.43424	0.99996	-0.00792	-0.00297	0.00791	0.99996	-0.00395	0.00300	0.00393	0.99999		-9.76641	59.90906	872.44028	179.49823	1.98223	-2.35133	0.52755	0.99856	0.04133	0.03420	0.04100	-0.99911	0.01017	0.03459	-0.00875	-0.99936		501.07044	5.05916	40.41535	1.53881	-0.29002	-0.55055	0.50563	0.99994	-0.00974	0.00480	0.00961	0.99959	0.02690	-0.00506	-0.02685	0.99963	
43	0.42000	-6.54324	12.82493	0.67825	-0.22141	0.17060	-0.45743	0.43572	0.99996	-0.00799	-0.00295	0.00798	0.99996	-0.00389	0.00298	0.00386	0.99999		-9.75377	59.95498	872.42707	179.50055	1.97542	-2.35851	0.52877	0.99856	0.04145	0.03408	0.04113	-0.99910	0.01013	0.03447	-0.00871	-0.99937		501.06508	5.08944	40.40342	1.55485	-0.28296	-0.53963	0.50146	0.99994	-0.00955	0.00468	0.00942	0.99959	0.02718	-0.00494	-0.02713	0.99962	
44	0.43000	-6.54307	12.82808	0.67236	-0.20233	0.16780	-0.45725	0.43463	0.99996	-0.00799	-0.00290	0.00798	0.99996	-0.00356	0.00293	0.00353	0.99999		-9.70754	60.23568	872.42052	179.47873	1.98063	-2.34761	0.52221	0.99856	0.04127	0.03416	0.04094	-0.99911	0.01051	0.03456	-0.00909	-0.99936		501.06862	5.08791	40.38481	1.52232	-0.28459	-0.53763	0.50847	0.99994	-0.00951	0.00472	0.00938	0.99960	0.02661	-0.00497	-0.02657	0.99963	
45	0.44000	-6.54314	12.82905	0.66650	-0.21337	0.16798	-0.45815	0.43468	0.99996	-0.00801	-0.00290	0.00800	0.99996	-0.00375	0.00293	0.00372	0.99999		-9.71306	60.07348	872.43962	179.49196	1.98024	-2.35822	0.53044	0.99856	0.04145	0.03416	0.04112	-0.99910	0.01028	0.03455	-0.00886	-0.99936		501.07443	5.09939	40.39077	1.55726	-0.29903	-0.55156	0.50618	0.99994	-0.00976	0.00496	0.00963	0.99958	0.02723	-0.00522	-0.02718	0.99962	
46	0.45000	-6.54258	12.81927	0.64127	-0.20453	0.15648	-0.45414	0.43514	0.99996	-0.00794	-0.00270	0.00793	0.99996	-0.00359	0.00273	0.00357	0.99999		-9.52981	60.22898	872.45520	179.48688	1.96821	-2.35591	0.52920	0.99857	0.04141	0.03395	0.04108	-0.99910	0.01036	0.03435	-0.00895	-0.99937		501.08473	5.09813	40.30902	1.55529	-0.28965	-0.56519	0.51064	0.99994	-0.01000	0.00479	0.00986	0.99958	0.02719	-0.00506	-0.02714	0.99962	
47	0.46000	-6.54787	12.83024	0.65592	-0.21797	0.16235	-0.46122	0.43324	0.99996	-0.00806	-0.00280	0.00805	0.99996	-0.00383	0.00283	0.00380	0.99999		-9.61264	60.00667	872.46575	179.50273	1.98247	-2.35846	0.52704	0.99855	0.04145	0.03421	0.04113	-0.99910	0.01010	0.03459	-0.00867	-0.99936		501.07660	5.11309	40.35621	1.54586	-0.27487	-0.53628	0.50841	0.99994	-0.00949	0.00454	0.00936	0.99959	0.02702	-0.00480	-0.02698	0.99962	
48	0.47000	-6.54692	12.81935	0.66978	-0.22076	0.16661	-0.45469	0.43363	0.99996	-0.00795	-0.00288	0.00794	0.99996	-0.00388	0.00291	0.00385	0.99999		-9.67416	59.97093	872.45180	179.49899	1.98416	-2.35189	0.52664	0.99856	0.04134	0.03423	0.04101	-0.99911	0.01016	0.03462	-0.00874	-0.99936		501.07916	5.08045	40.37434	1.55686	-0.29476	-0.55849	0.50281	0.99994	-0.00988	0.00488	0.00975	0.99958	0.02722	-0.00514	-0.02717	0.99962	
49	0.48000	-6.54765	12.81204	0.66660	-0.21648	0.16529	-0.45329	0.43419	0.99996	-0.00792	-0.00285	0.00791	0.99996	-0.00380	0.00288	0.00378	0.99999		-9.65361	60.05253	872.44281	179.50247	1.97660	-2.35149	0.52687	0.99856	0.04133	0.03410	0.04101	-0.99911	0.01009	0.03449	-0.00868	-0.99937		501.07407	5.06840	40.36921	1.54080	-0.28667	-0.55364	0.50691	0.99994	-0.00979	0.00474	0.00966	0.99959	0.02694	-0.00500	-0.02689	0.99963	
50	0.49000	-6.54654	12.80769	0.66567	-0.21516	0.16489	-0.45043	0.43198	0.99996	-0.00787	-0.00285	0.00786	0.99996	-0.00378	0.00288	0.00376	0.99999		-9.65279	60.07585	872.44083	179.49527	1.97496	-2.35367	0.52463	0.99856	0.04137	0.03407	0.04104	-0.99911	0.01022	0.03446	-0.00880	-0.99937		501.07381	5.04368	40.37120	1.53705	-0.28949	-0.55124	0.50317	0.99994	-0.00975	0.00479	0.00962	0.99959	0.02687	-0.00505	-0.02682	0.99963	
51	0.50000	-6.54776	12.82223	0.66725	-0.21770	0.16495	-0.45770	0.43272	0.99996	-0.00800	-0.00285	0.00799	0.99996	-0.00382	0.00288	0.00380	0.99999		-9.65484	60.00560	872.44334	179.49910	1.97989	-2.34601	0.52951	0.99857	0.04123	0.03416	0.04091	-0.99911	0.01015	0.03455	-0.00874	-0.99936		501.07635	5.10374	40.37133	1.56319	-0.28615	-0.56311	0.50311	0.99994	-0.00996	0.00472	0.00983	0.99958	0.02733	-0.00499	-0.02728	0.99962	
52	0.51000	-6.54710	12.82163	0.65287	-0.21255	0.16014	-0.45634	0.43333	0.99996	-0.00797	-0.00276	0.00796	0.99996	-0.00373	0.00279	0.00371	0.99999		-9.58192	60.09489	872.45442	179.49338	1.97017	-2.35162	0.52601	0.99857	0.04133	0.03399	0.04101	-0.99911	0.01025	0.03438	-0.00884	-0.99937		501.08320	5.10748	40.34187	1.57232	-0.28804	-0.57594	0.50678	0.99994	-0.01019	0.00475	0.01005	0.99957	0.02749	-0.00503	-0.02744	0.99961	
53	0.52000	-6.55114	12.81376	0.65108	-0.21491	0.15923	-0.45290	0.43267	0.99996	-0.00791	-0.00275	0.00790	0.99996	-0.00377	0.00278	0.00375	0.99999		-9.55812	60.05678	872.46491	179.49237	1.97569	-2.33905	0.52866	0.99857	0.04112	0.03408	0.04079	-0.99912	0.01026	0.03448	-0.00885	-0.99937		501.08638	5.06441	40.33348	1.54394	-0.28787	-0.56390	0.50926	0.99994	-0.00997	0.00476	0.00984	0.99959	0.02699	-0.00502	-0.02694	0.99962	
54	0.53000	-6.54985	12.82200	0.65328	-0.21220	0.16107	-0.45436	0.43056	0.99996	-0.00794	-0.00278	0.00793	0.99996	-0.00373	0.00281	0.00370	0.99999		-9.58613	60.09722	872.45141	179.48857	1.97302	-2.35108	0.52902	0.99857	0.04133	0.03403	0.04100	-0.99911	0.01033	0.03443	-0.00892	-0.99937		501.08441	5.07893	40.34999	1.56463	-0.29382	-0.56235	0.51144	0.99994	-0.00995	0.00486	0.00981	0.99958	0.02735	-0.00513	-0.02730	0.99961	
55	0.54000	-6.55249	12.82276	0.66922	-0.21684	0.16606	-0.45770	0.43189	0.99996	-0.00800	-0.00287	0.00799	0.99996	-0.00381	0.00290	0.00378	0.99999		-9.65556	60.01942	872.45419	179.49702	1.99058	-2.34395	0.52788	0.99856	0.04120	0.03435	0.04087	-0.99911	0.01019	0.03474	-0.00877	-0.99936		501.08262	5.10350	40.37502	1.56514	-0.30012	-0.56224	0.50836	0.99994	-0.00995	0.00497	0.00981	0.99958	0.02736	-0.00524	-0.02731	0.99961	
56	0.55000	-6.55479	12.82091	0.66140	-0.21318	0.16248	-0.45614	0.43191	0.99996	-0.00797	-0.00281	0.00796	0.99996	-0.00374	0.00284	0.00372	0.99999		-9.60135	60.08089	872.44449	179.49754	1.97752	-2.34373	0.52920	0.99857	0.04120	0.03412	0.04087	-0.99911	0.01017	0.03451	-0.00876	-0.99937		501.08436	5.09483	40.34235	1.56227	-0.29938	-0.56403	0.50637	0.99994	-0.00998	0.00495	0.00984	0.99958	0.02731	-0.00523	-0.02726	0.99961	
57	0.56000	-6.55537	12.82341	0.67654	-0.21322	0.16714	-0.45788	0.43375	0.99996	-0.00800	-0.00289	0.00799	0.99996	-0.00375	0.00292	0.00372	0.99999		-9.67964	60.08601	872.42289	179.49994	1.97859	-2.34989	0.52964	0.99856	0.04130	0.03414	0.04098	-0.99911	0.01014	0.03453	-0.00872	-0.99937		501.09101	5.09978	40.37559	1.54792	-0.31022	-0.56296	0.50698	0.99994	-0.00997	0.00515	0.00983	0.99959	0.02706	-0.00541	-0.02701	0.99962	
58	0.57000	-6.55907	12.82042	0.67546	-0.20889	0.16784	-0.45576	0.43840	0.99996	-0.00796	-0.00290	0.00795	0.99996	-0.00367	0.00293	0.00365	0.99999		-9.68324	60.14508	872.42272	179.49535	1.98000	-2.34282	0.52741	0.99857	0.04118	0.03416	0.04085	-0.99911	0.01021	0.03455	-0.00880	-0.99936		501.09132	5.10345	40.37941	1.55567	-0.30688	-0.57667	0.50225	0.99994	-0.01021	0.00508	0.01006	0.99958	0.02720	-0.00536	-0.02715	0.99962	
59	0.58000	-6.55571	12.80983	0.67680	-0.20501	0.16927	-0.45133	0.43436	0.99996	-0.00789	-0.00293	0.00788	0.99996	-0.00360	0.00295	0.00358	0.99999		-9.69939	60.20787	872.42005	179.48524	1.98690	-2.33375	0.53030	0.99857	0.04103	0.03428	0.04070	-0.99912	0.01039	0.03467	-0.00898	-0.99936		501.08749	5.06881	40.39351	1.55368	-0.31406	-0.56849	0.50356	0.99994	-0.01007	0.00521	0.00992	0.99958	0.02717	-0.00548	-0.02711	0.99962	
60	0.59000	-6.55659	12.80230	0.67404	-0.21950	0.16511	-0.45075	0.43024	0.99996	-0.00788	-0.00285	0.00787	0.99996	-0.00385	0.00288	0.00383	0.99999		-9.63619	60.00550	872.43264	179.49782	1.97723	-2.34169	0.52606	0.99857	0.04116	0.03411	0.04083	-0.99911	0.01017	0.03450	-0.00876	-0.99937		501.09934	5.05391	40.35036	1.56312	-0.31271	-0.56694	0.50127	0.99994	-0.01004	0.00519	0.00989	0.99958	0.02733	-0.00546	-0.02728	0.99961	
61	0.60000	-6.55880	12.80904	0.68005	-0.22027	0.16701	-0.45351	0.43314	0.99996	-0.00793	-0.00288	0.00792	0.99996	-0.00387	0.00291	0.00384	0.99999		-9.66184	59.99231	872.43302	179.50226	1.98375	-2.34940	0.52465	0.99856	0.04129	0.03423	0.04097	-0.99911	0.01010	0.03462	-0.00868	-0.99936		501.08816	5.07033	40.36962	1.55039	-0.30550	-0.56451	0.50133	0.99994	-0.00999	0.00506	0.00985	0.99958	0.02711	-0.00533	-0.02706	0.99962	
62	0.61000	-6.55772	12.81437	0.69101	-0.22741	0.17194	-0.45578	0.43291	0.99996	-0.00797	-0.00297	0.00795	0.99996	-0.00399	0.00300	0.00397	0.99999		-9.74136	59.87540	872.43096	179.51202	1.99106	-2.34855	0.52846	0.99856	0.04127	0.03436	0.04095	-0.99911	0.00993	0.03474	-0.00851	-0.99936		501.08462	5.08671	40.40480	1.56021	-0.31045	-0.57014	0.50372	0.99994	-0.01009	0.00515	0.00995	0.99958	0.02728	-0.00542	-0.02723	0.99961	
63	0.62000	-6.55900	12.81565	0.66973	-0.21925	0.16604	-0.45533	0.43548	0.99996	-0.00796	-0.00287	0.00795	0.99996	-0.00385	0.00290	0.00383	0.99999		-9.65463	59.99038	872.43837	179.50143	1.97753	-2.34179	0.52804	0.99857	0.04116	0.03412	0.04084	-0.99911	0.01010	0.03451	-0.00870	-0.99937		501.08854	5.08005	40.37707	1.56151	-0.30391	-0.54966	0.50886	0.99994	-0.00973	0.00504	0.00959	0.99958	0.02730	-0.00530	-0.02725	0.99961	
64	0.63000	-6.55894	12.79692	0.65983	-0.22029	0.16237	-0.44916	0.42959	0.99997	-0.00785	-0.00280	0.00784	0.99996	-0.00387	0.00283	0.00384	0.99999		-9.59289	59.99140	872.44407	179.50082	1.96979	-2.34103	0.52761	0.99857	0.04115	0.03399	0.04082	-0.99912	0.01011	0.03437	-0.00871	-0.99937		501.09066	5.05457	40.35244	1.57903	-0.30426	-0.56834	0.51178	0.99994	-0.01006	0.00503	0.00992	0.99957	0.02761	-0.00531	-0.02756	0.99961	
65	0.64000	-6.55483	12.81389	0.65333	-0.20220	0.16182	-0.45405	0.43313	0.99996	-0.00793	-0.00280	0.00792	0.99996	-0.00355	0.00282	0.00353	0.99999		-9.59188	60.26539	872.43949	179.48671	1.97619	-2.35537	0.52716	0.99856	0.04140	0.03409	0.04107	-0.99910	0.01037	0.03448	-0.00895	-0.99937		501.08977	5.10458	40.35171	1.56604	-0.29940	-0.58280	0.50716	0.99993	-0.01031	0.00495	0.01017	0.99957	0.02738	-0.00523	-0.02733	0.99961	
66	0.65000	-6.55755	12.81694	0.66258	-0.21804	0.16469	-0.45677	0.43337	0.99996	-0.00798	-0.00284	0.00797	0.99996	-0.00383	0.00287	0.00381	0.99999		-9.64003	60.01373	872.44110	179.50977	1.97940	-2.35121	0.52791	0.99856	0.04132	0.03416	0.04100	-0.99911	0.00997	0.03454	-0.00855	-0.99937		501.08327	5.07808	40.36905	1.54771	-0.30450	-0.54040	0.50861	0.99994	-0.00957	0.00506	0.00943	0.99959	0.02706	-0.00531	-0.02701	0.99962	
67	0.66000	-6.55776	12.80515	0.65593	-0.20794	0.16044	-0.45176	0.43383	0.99996	-0.00789	-0.00277	0.00788	0.99996	-0.00365	0.00280	0.00363	0.99999		-9.56391	60.17010	872.44583	179.49538	1.97741	-2.33735	0.53228	0.99857	0.04109	0.03412	0.04076	-0.99912	0.01021	0.03451	-0.00880	-0.99937		501.08749	5.07878	40.33052	1.55977	-0.30939	-0.57245	0.50841	0.99994	-0.01013	0.00513	0.00999	0.99958	0.02727	-0.00540	-0.02722	0.99961	
68	0.67000	-6.55759	12.80838	0.67803	-0.22307	0.16994	-0.45434	0.43321	0.99996	-0.00794	-0.00293	0.00793	0.99996	-0.00392	0.00297	0.00389	0.99999		-9.70867	59.95187	872.42840	179.50574	1.97631	-2.35558	0.53018	0.99856	0.04140	0.03410	0.04108	-0.99911	0.01004	0.03449	-0.00862	-0.99937		501.09039	5.06697	40.38962	1.55886	-0.31836	-0.54969	0.50947	0.99994	-0.00974	0.00529	0.00959	0.99958	0.02726	-0.00556	-0.02720	0.99961	
69	0.68000	-6.55711	12.81329	0.65715	-0.20262	0.16325	-0.45336	0.43657	0.99996	-0.00792	-0.00282	0.00791	0.99996	-0.00356	0.00285	0.00354	0.99999		-9.60907	60.24106	872.44234	179.48346	1.98410	-2.34226	0.52953	0.99857	0.04118	0.03422	0.04084	-0.99911	0.01042	0.03462	-0.00901	-0.99936		501.09024	5.08695	40.35667	1.56957	-0.31414	-0.55935	0.50892	0.99994	-0.00991	0.00521	0.00976	0.99958	0.02744	-0.00548	-0.02739	0.99961	
70	0.69000	-6.55557	12.80896	0.66673	-0.21444	0.16698	-0.45308	0.43345	0.99996	-0.00792	-0.00288	0.00791	0.99996	-0.00377	0.00291	0.00374	0.99999		-9.66484	60.06749	872.44122	179.49757	1.98670	-2.33776	0.52623	0.99857	0.04109	0.03428	0.04077	-0.99912	0.01018	0.03467	-0.00876	-0.99936		501.08501	5.08320	40.38823	1.57249	-0.30048	-0.56411	0.51214	0.99994	-0.00999	0.00497	0.00985	0.99957	0.02749	-0.00524	-0.02744	0.99961	
71	0.70000	-6.55023	12.81155	0.64584	-0.21842	0.15938	-0.45320	0.43477	0.99996	-0.00792	-0.00275	0.00791	0.99996	-0.00383	0.00278	0.00381	0.99999		-9.55100	60.00469	872.47384	179.50394	1.98182	-2.33860	0.52926	0.99857	0.04110	0.03420	0.04078	-0.99912	0.01006	0.03458	-0.00865	-0.99936		501.08395	5.06078	40.33764	1.56409	-0.30230	-0.55514	0.50461	0.99994	-0.00983	0.00501	0.00969	0.99958	0.02734	-0.00528	-0.02729	0.99961	
72	0.71000	-6.55330	12.80909	0.64651	-0.21502	0.15980	-0.45168	0.43549	0.99996	-0.00789	-0.00276	0.00788	0.99996	-0.00378	0.00279	0.00375	0.99999		-9.54811	60.05166	872.48192	179.49625	1.99112	-2.33124	0.52580	0.99857	0.04098	0.03436	0.04065	-0.99912	0.01020	0.03474	-0.00879	-0.99936		501.09473	5.06864	40.33496	1.56710	-0.31684	-0.57428	0.50436	0.99993	-0.01017	0.00525	0.01002	0.99957	0.02740	-0.00553	-0.02735	0.99961	
73	0.72000	-6.56239	12.80425	0.67390	-0.21131	0.17268	-0.45098	0.43333	0.99996	-0.00788	-0.00298	0.00787	0.99996	-0.00371	0.00301	0.00369	0.99999		-9.74013	60.12286	872.43866	179.49077	1.99723	-2.34329	0.52573	0.99856	0.04119	0.03446	0.04086	-0.99911	0.01031	0.03485	-0.00888	-0.99935		501.08590	5.05979	40.42847	1.55944	-0.30406	-0.56337	0.50902	0.99994	-0.00997	0.00504	0.00983	0.99958	0.02726	-0.00531	-0.02721	0.99962	
74	0.73000	-6.55417	12.82107	0.63020	-0.20847	0.15323	-0.45652	0.43223	0.99996	-0.00798	-0.00264	0.00797	0.99996	-0.00366	0.00267	0.00364	0.99999		-9.46122	60.14381	872.48165	179.49263	1.97572	-2.34169	0.52708	0.99857	0.04116	0.03408	0.04083	-0.99911	0.01026	0.03448	-0.00885	-0.99937		501.09669	5.10131	40.29461	1.56079	-0.30241	-0.56506	0.51131	0.99994	-0.01000	0.00501	0.00986	0.99958	0.02729	-0.00528	-0.02724	0.99962	
75	0.74000	-6.55732	12.82946	0.66726	-0.21463	0.16725	-0.46209	0.43335	0.99996	-0.00808	-0.00289	0.00806	0.99996	-0.00377	0.00292	0.00375	0.99999		-9.68327	60.04502	872.43259	179.50003	1.97643	-2.35058	0.52628	0.99856	0.04131	0.03410	0.04099	-0.99911	0.01013	0.03449	-0.00872	-0.99937		501.08714	5.13926	40.37772	1.56218	-0.31023	-0.55594	0.51013	0.99994	-0.00985	0.00515	0.00970	0.99958	0.02731	-0.00541	-0.02726	0.99961	
76	0.75000	-6.55878	12.82404	0.64484	-0.20458	0.15873	-0.45582	0.43413	0.99996	-0.00796	-0.00274	0.00796	0.99996	-0.00359	0.00277	0.00357	0.99999		-9.54121	60.20618	872.45478	179.48749	1.97565	-2.34747	0.53035	0.99857	0.04127	0.03408	0.04094	-0.99911	0.01035	0.03447	-0.00894	-0.99937		501.10418	5.09414	40.32396	1.53778	-0.30908	-0.56885	0.51059	0.99994	-0.01007	0.00513	0.00993	0.99959	0.02689	-0.00539	-0.02684	0.99963	
77	0.76000	-6.55534	12.81010	0.66461	-0.21016	0.16639	-0.45359	0.43590	0.99996	-0.00793	-0.00287	0.00792	0.99996	-0.00369	0.00290	0.00367	0.99999		-9.65230	60.13803	872.44519	179.49767	1.99048	-2.34596	0.52809	0.99856	0.04124	0.03434	0.04091	-0.99911	0.01018	0.03473	-0.00876	-0.99936		501.08431	5.07031	40.37648	1.53996	-0.29738	-0.54897	0.51223	0.99994	-0.00972	0.00493	0.00958	0.99959	0.02692	-0.00519	-0.02687	0.99963	
78	0.77000	-6.55969	12.80392	0.65341	-0.20706	0.16339	-0.45082	0.43103	0.99996	-0.00788	-0.00282	0.00787	0.99996	-0.00364	0.00285	0.00361	0.99999		-9.60880	60.17735	872.45522	179.49142	1.98093	-2.33654	0.52891	0.99857	0.04107	0.03417	0.04074	-0.99912	0.01028	0.03457	-0.00887	-0.99936		501.09400	5.07034	40.36301	1.55599	-0.29507	-0.56833	0.51111	0.99994	-0.01006	0.00488	0.00992	0.99958	0.02720	-0.00515	-0.02715	0.99962	
79	0.78000	-6.55912	12.81130	0.66319	-0.21505	0.16711	-0.45471	0.43095	0.99996	-0.00795	-0.00289	0.00794	0.99996	-0.00378	0.00292	0.00375	0.99999		-9.66599	60.06580	872.44680	179.50296	1.98558	-2.35109	0.52871	0.99856	0.04132	0.03426	0.04100	-0.99911	0.01009	0.03465	-0.00867	-0.99936		501.10087	5.10101	40.38416	1.57162	-0.31508	-0.57371	0.51192	0.99993	-0.01016	0.00522	0.01001	0.99957	0.02748	-0.00550	-0.02743	0.99961	
80	0.79000	-6.55745	12.83374	0.63930	-0.19301	0.15747	-0.45908	0.43573	0.99996	-0.00802	-0.00272	0.00801	0.99996	-0.00339	0.00275	0.00337	0.99999		-9.52557	60.37669	872.44772	179.47391	1.97383	-2.35579	0.52992	0.99856	0.04142	0.03404	0.04108	-0.99910	0.01059	0.03444	-0.00918	-0.99936		501.10621	5.11886	40.31018	1.53856	-0.31401	-0.56133	0.50958	0.99994	-0.00994	0.00522	0.00980	0.99959	0.02690	-0.00548	-0.02685	0.99962	
81	0.80000	-6.55907	12.81808	0.64137	-0.20987	0.15802	-0.45518	0.43211	0.99996	-0.00795	-0.00273	0.00794	0.99996	-0.00369	0.00276	0.00366	0.99999		-9.52621	60.12500	872.46881	179.49821	1.98137	-2.34326	0.53078	0.99857	0.04119	0.03419	0.04086	-0.99911	0.01016	0.03457	-0.00875	-0.99936		501.10257	5.09374	40.32016	1.56270	-0.30032	-0.56741	0.50825	0.99994	-0.01004	0.00497	0.00990	0.99958	0.02732	-0.00524	-0.02727	0.99961	
82	0.81000	-6.55960	12.80482	0.65005	-0.20278	0.16196	-0.45071	0.43194	0.99996	-0.00788	-0.00280	0.00787	0.99996	-0.00356	0.00283	0.00354	0.99999		-9.58103	60.24733	872.46080	179.48444	1.98740	-2.33756	0.53092	0.99857	0.04110	0.03428	0.04076	-0.99911	0.01041	0.03468	-0.00899	-0.99936		501.10617	5.06894	40.34353	1.54706	-0.31205	-0.57116	0.51250	0.99994	-0.01011	0.00517	0.00997	0.99958	0.02705	-0.00545	-0.02700	0.99962	
83	0.82000	-6.55791	12.81464	0.63233	-0.20686	0.15188	-0.45277	0.43166	0.99997	-0.00791	-0.00262	0.00790	0.99996	-0.00363	0.00265	0.00361	0.99999		-9.43176	60.18427	872.47785	179.49077	1.97417	-2.34462	0.52666	0.99857	0.04121	0.03406	0.04089	-0.99911	0.01029	0.03445	-0.00888	-0.99937		501.11762	5.10124	40.27639	1.58063	-0.31158	-0.59637	0.50829	0.99993	-0.01055	0.00515	0.01041	0.99956	0.02764	-0.00544	-0.02758	0.99960	
84	0.83000	-6.55860	12.82629	0.63513	-0.19726	0.15457	-0.45803	0.43204	0.99996	-0.00800	-0.00267	0.00799	0.99996	-0.00346	0.00270	0.00344	0.99999		-9.47736	60.31811	872.46431	179.48071	1.97713	-2.34751	0.52816	0.99857	0.04127	0.03410	0.04094	-0.99911	0.01047	0.03450	-0.00906	-0.99936		501.09735	5.12291	40.30223	1.54048	-0.29200	-0.57226	0.50998	0.99994	-0.01012	0.00483	0.00999	0.99959	0.02693	-0.00510	-0.02688	0.99963	
85	0.84000	-6.55743	12.81667	0.64022	-0.20789	0.15920	-0.45370	0.43405	0.99996	-0.00793	-0.00275	0.00792	0.99996	-0.00365	0.00278	0.00363	0.99999		-9.53715	60.17104	872.46831	179.49535	1.97943	-2.34480	0.52735	0.99857	0.04122	0.03415	0.04089	-0.99911	0.01021	0.03454	-0.00880	-0.99936		501.09828	5.06596	40.32944	1.54243	-0.30209	-0.55283	0.50536	0.99994	-0.00979	0.00501	0.00965	0.99959	0.02697	-0.00527	-0.02692	0.99962	
86	0.85000	-6.55872	12.82394	0.61840	-0.19950	0.14734	-0.45633	0.43218	0.99996	-0.00797	-0.00254	0.00796	0.99996	-0.00350	0.00257	0.00348	0.99999		-9.35747	60.28287	872.49194	179.48547	1.97602	-2.34105	0.53112	0.99857	0.04116	0.03408	0.04082	-0.99911	0.01038	0.03448	-0.00897	-0.99937		501.10623	5.10933	40.26172	1.55845	-0.27811	-0.57046	0.51253	0.99994	-0.01008	0.00458	0.00996	0.99958	0.02724	-0.00485	-0.02720	0.99962	
87	0.86000	-6.55741	12.80556	0.65692	-0.21914	0.16249	-0.45207	0.43288	0.99996	-0.00790	-0.00281	0.00789	0.99996	-0.00385	0.00284	0.00382	0.99999		-9.58451	60.00752	872.47572	179.50804	1.99497	-2.34134	0.52536	0.99856	0.04115	0.03443	0.04083	-0.99912	0.01000	0.03481	-0.00858	-0.99936		501.09440	5.07725	40.35005	1.58528	-0.29935	-0.57017	0.50937	0.99994	-0.01009	0.00495	0.00995	0.99957	0.02772	-0.00522	-0.02766	0.99960	
88	0.87000	-6.56009	12.81073	0.65135	-0.20189	0.16018	-0.45341	0.43413	0.99996	-0.00792	-0.00277	0.00791	0.99996	-0.00355	0.00280	0.00352	0.99999		-9.54575	60.25867	872.46034	179.48582	1.99365	-2.33952	0.52843	0.99856	0.04113	0.03439	0.04080	-0.99911	0.01039	0.03479	-0.00897	-0.99935		501.10186	5.09783	40.32734	1.56958	-0.31237	-0.56949	0.50733	0.99994	-0.01008	0.00518	0.00994	0.99957	0.02744	-0.00545	-0.02739	0.99961	
89	0.88000	-6.56709	12.81477	0.64545	-0.19543	0.16224	-0.45301	0.43643	0.99996	-0.00792	-0.00280	0.00791	0.99996	-0.00343	0.00283	0.00341	0.99999		-9.58031	60.35861	872.44530	179.48518	1.98291	-2.34317	0.52721	0.99857	0.04119	0.03420	0.04086	-0.99911	0.01039	0.03460	-0.00898	-0.99936		501.10396	5.07395	40.35297	1.53613	-0.29996	-0.55193	0.50922	0.99994	-0.00977	0.00497	0.00963	0.99959	0.02686	-0.00524	-0.02681	0.99963	
90	0.89000	-6.57151	12.81543	0.67013	-0.20625	0.17089	-0.45398	0.43632	0.99996	-0.00793	-0.00295	0.00792	0.99996	-0.00362	0.00298	0.00360	0.99999		-9.70404	60.18498	872.44017	179.49298	2.00006	-2.33984	0.52867	0.99856	0.04113	0.03451	0.04080	-0.99911	0.01027	0.03490	-0.00884	-0.99935		501.10153	5.07444	40.40931	1.54945	-0.30943	-0.55908	0.51106	0.99994	-0.00990	0.00513	0.00976	0.99959	0.02709	-0.00540	-0.02704	0.99962	
91	0.90000	-6.56420	12.83403	0.65582	-0.20456	0.16343	-0.46208	0.43743	0.99996	-0.00807	-0.00282	0.00806	0.99996	-0.00359	0.00285	0.00357	0.99999		-9.60708	60.20297	872.45380	179.49562	1.99081	-2.35903	0.52999	0.99855	0.04147	0.03435	0.04114	-0.99910	0.01023	0.03474	-0.00880	-0.99936		501.10621	5.13698	40.35358	1.55429	-0.31440	-0.56134	0.50841	0.99994	-0.00994	0.00522	0.00980	0.99958	0.02718	-0.00549	-0.02712	0.99962	
92	0.91000	-6.56459	12.82036	0.65027	-0.20937	0.16052	-0.45692	0.43413	0.99996	-0.00798	-0.00277	0.00797	0.99996	-0.00368	0.00280	0.00365	0.99999		-9.55583	60.13893	872.45573	179.49852	1.97991	-2.34187	0.52871	0.99857	0.04116	0.03416	0.04084	-0.99911	0.01016	0.03455	-0.00875	-0.99936		501.10587	5.11096	40.32974	1.56148	-0.30974	-0.56612	0.51484	0.99994	-0.01002	0.00513	0.00988	0.99958	0.02730	-0.00541	-0.02725	0.99961	
93	0.92000	-6.56381	12.80883	0.64416	-0.20574	0.15728	-0.45089	0.43322	0.99997	-0.00788	-0.00272	0.00787	0.99996	-0.00361	0.00275	0.00359	0.99999		-9.50125	60.20948	872.46286	179.48909	1.97879	-2.34225	0.52736	0.99857	0.04117	0.03413	0.04084	-0.99911	0.01032	0.03453	-0.00891	-0.99936		501.10410	5.06733	40.31504	1.55810	-0.29936	-0.57355	0.51374	0.99994	-0.01015	0.00495	0.01001	0.99958	0.02724	-0.00522	-0.02719	0.99962	
94	0.93000	-6.56793	12.80777	0.67342	-0.22279	0.16888	-0.45112	0.43448	0.99996	-0.00788	-0.00292	0.00787	0.99996	-0.00391	0.00295	0.00389	0.99999		-9.67003	59.94602	872.45232	179.51096	1.99492	-2.33529	0.52543	0.99856	0.04104	0.03443	0.04072	-0.99912	0.00995	0.03481	-0.00853	-0.99936		501.09766	5.05033	40.39693	1.57557	-0.30746	-0.56714	0.50609	0.99994	-0.01004	0.00509	0.00990	0.99957	0.02755	-0.00537	-0.02750	0.99961	
