1	0.00000	-6.57658	13.59479	0.61439	-0.06001	0.32460	-0.67903	0.47586	0.99991	-0.01186	-0.00565	0.01185	0.99993	-0.00112	0.00567	0.00105	0.99998		-12.02534	61.50732	871.87362	179.36444	2.12403	-2.76136	0.46253	0.99815	0.04858	0.03648	0.04814	-0.99876	0.01286	0.03706	-0.01108	-0.99925		501.08185	6.15862	41.20390	1.01749	-0.79782	-0.28554	0.23964	0.99989	-0.00523	0.01383	0.00498	0.99983	0.01783	-0.01392	-0.01776	0.99975	
2	0.01000	-6.57098	13.58286	0.58048	-0.07549	0.31291	-0.67671	0.47181	0.99992	-0.01182	-0.00544	0.01181	0.99993	-0.00138	0.00546	0.00132	0.99998		-11.84321	61.27618	871.94844	179.37755	2.12724	-2.75285	0.45923	0.99816	0.04843	0.03655	0.04799	-0.99877	0.01263	0.03712	-0.01086	-0.99925		501.08955	6.15107	41.13665	1.05405	-0.78859	-0.29363	0.23892	0.99989	-0.00538	0.01367	0.00512	0.99982	0.01847	-0.01376	-0.01839	0.99974	
3	0.02000	-6.58171	13.55693	0.56126	-0.07679	0.30729	-0.66652	0.46914	0.99992	-0.01164	-0.00535	0.01163	0.99993	-0.00140	0.00536	0.00134	0.99998		-11.74069	61.29196	871.96089	179.38002	2.11348	-2.74498	0.45889	0.99817	0.04829	0.03632	0.04786	-0.99878	0.01257	0.03688	-0.01081	-0.99926		501.10695	6.08621	41.10013	1.04340	-0.79003	-0.30027	0.23451	0.99989	-0.00549	0.01369	0.00524	0.99982	0.01828	-0.01379	-0.01821	0.99974	
4	0.03000	-6.60960	13.17856	0.11045	-0.50944	0.21071	-0.56739	0.40024	0.99994	-0.00993	-0.00359	0.00990	0.99991	-0.00893	0.00368	0.00889	0.99995		-10.18260	55.34066	872.82016	179.78696	1.90671	-2.81911	0.54167	0.99824	0.04931	0.03305	0.04916	-0.99878	0.00535	0.03327	-0.00372	-0.99944		500.63862	4.84724	40.79584	1.09253	0.09005	0.28652	0.15286	0.99999	0.00503	-0.00148	-0.00500	0.99981	0.01907	0.00157	-0.01907	0.99982	
5	0.04000	-6.59170	13.05236	0.30232	-0.58291	0.28168	-0.52952	0.38758	0.99994	-0.00929	-0.00482	0.00924	0.99991	-0.01022	0.00492	0.01017	0.99994		-11.23161	54.35371	872.68277	179.85628	1.97412	-2.79073	0.54427	0.99822	0.04877	0.03429	0.04866	-0.99881	0.00418	0.03445	-0.00251	-0.99940		500.78066	4.58759	41.31092	1.18754	-0.14291	0.10503	0.32209	1.00000	0.00178	0.00253	-0.00183	0.99978	0.02072	-0.00249	-0.02072	0.99978	
6	0.05000	-6.41955	12.88097	0.15346	-0.97727	0.21571	-0.52290	0.46055	0.99995	-0.00919	-0.00361	0.00913	0.99981	-0.01709	0.00376	0.01706	0.99985		-10.30142	48.03536	872.98817	-179.62022	1.79738	-2.33495	0.55288	0.99868	0.04053	0.03161	0.04072	-0.99916	-0.00535	0.03137	0.00663	-0.99949		500.68715	3.76832	40.74070	0.86835	0.03133	0.75757	0.19012	0.99991	0.01323	-0.00035	-0.01322	0.99980	0.01516	0.00055	-0.01516	0.99989	
7	0.06000	-6.78354	12.92434	1.04853	-0.62995	0.54888	-0.51335	0.43984	0.99991	-0.00906	-0.00948	0.00896	0.99990	-0.01108	0.00958	0.01099	0.99989		-14.92243	53.57476	871.89837	179.87360	2.28504	-2.48317	0.48965	0.99827	0.04341	0.03974	0.04329	-0.99905	0.00393	0.03987	-0.00220	-0.99920		500.63297	4.69841	42.95724	1.37410	-0.34758	0.01554	0.20003	0.99998	0.00013	0.00607	-0.00027	0.99971	0.02398	-0.00607	-0.02398	0.99969	
8	0.07000	-6.80810	13.03638	0.49181	-0.42888	0.35176	-0.53482	0.44070	0.99994	-0.00938	-0.00607	0.00933	0.99993	-0.00754	0.00614	0.00749	0.99995		-11.93609	56.56420	872.29579	179.67940	2.08603	-2.51966	0.48307	0.99837	0.04416	0.03612	0.04393	-0.99901	0.00719	0.03640	-0.00559	-0.99932		500.77088	4.93136	41.84045	1.17150	-0.11087	0.00583	0.19755	1.00000	0.00006	0.00194	-0.00010	0.99979	0.02044	-0.00194	-0.02045	0.99979	
9	0.08000	-6.82756	13.03697	0.49612	-0.42498	0.35306	-0.53419	0.44074	0.99994	-0.00937	-0.00609	0.00932	0.99993	-0.00748	0.00616	0.00742	0.99995		-11.92245	56.63097	872.29567	179.67677	2.09534	-2.51504	0.48562	0.99837	0.04409	0.03628	0.04385	-0.99901	0.00724	0.03656	-0.00564	-0.99932		500.79315	4.95824	41.84638	1.19804	-0.12650	-0.03186	0.19870	1.00000	-0.00060	0.00220	0.00056	0.99978	0.02091	-0.00221	-0.02091	0.99978	
10	0.09000	-6.83354	13.03124	0.48783	-0.41309	0.34780	-0.52928	0.44376	0.99994	-0.00928	-0.00600	0.00924	0.99993	-0.00727	0.00607	0.00721	0.99996		-11.82765	56.83053	872.29593	179.66542	2.09123	-2.51865	0.48113	0.99837	0.04416	0.03620	0.04392	-0.99901	0.00744	0.03649	-0.00584	-0.99932		500.80292	4.93863	41.80028	1.18870	-0.13639	-0.04620	0.20223	1.00000	-0.00086	0.00236	0.00081	0.99978	0.02075	-0.00238	-0.02075	0.99978	
11	0.10000	-6.84122	13.02602	0.49690	-0.42850	0.35240	-0.52808	0.44049	0.99994	-0.00926	-0.00608	0.00922	0.99993	-0.00754	0.00615	0.00748	0.99995		-11.88527	56.59707	872.30999	179.67813	2.10270	-2.51172	0.48410	0.99837	0.04403	0.03641	0.04379	-0.99901	0.00722	0.03669	-0.00561	-0.99931		500.80004	4.92284	41.83708	1.20145	-0.13540	-0.04212	0.20492	1.00000	-0.00078	0.00235	0.00074	0.99978	0.02097	-0.00236	-0.02097	0.99978	
12	0.11000	-6.85334	13.02105	0.51393	-0.42577	0.35781	-0.52587	0.44483	0.99994	-0.00922	-0.00618	0.00918	0.99993	-0.00749	0.00624	0.00743	0.99995		-11.94919	56.65580	872.28456	179.68044	2.11011	-2.51465	0.47946	0.99836	0.04408	0.03654	0.04385	-0.99901	0.00719	0.03682	-0.00557	-0.99931		500.81785	4.92553	41.86002	1.22111	-0.15626	-0.06614	0.21004	1.00000	-0.00121	0.00270	0.00115	0.99977	0.02131	-0.00273	-0.02131	0.99977	
13	0.12000	-6.85522	13.01353	0.52551	-0.42985	0.36123	-0.52481	0.44113	0.99994	-0.00921	-0.00623	0.00916	0.99993	-0.00756	0.00630	0.00750	0.99995		-11.99129	56.58707	872.29157	179.68755	2.12283	-2.50121	0.47477	0.99836	0.04384	0.03677	0.04361	-0.99902	0.00706	0.03704	-0.00545	-0.99930		500.81956	4.92568	41.87375	1.22780	-0.17281	-0.07746	0.20525	0.99999	-0.00142	0.00299	0.00135	0.99977	0.02143	-0.00302	-0.02143	0.99977	
14	0.13000	-6.86377	13.01382	0.52521	-0.42772	0.36195	-0.52161	0.43965	0.99994	-0.00915	-0.00625	0.00910	0.99993	-0.00752	0.00632	0.00746	0.99995		-11.99224	56.63685	872.27449	179.68169	2.11182	-2.51217	0.47698	0.99836	0.04404	0.03657	0.04380	-0.99901	0.00717	0.03685	-0.00555	-0.99931		500.82160	4.89949	41.89008	1.21307	-0.16450	-0.07934	0.20515	0.99999	-0.00145	0.00284	0.00138	0.99977	0.02117	-0.00287	-0.02117	0.99977	
15	0.14000	-6.86487	13.02444	0.52381	-0.41823	0.36363	-0.52565	0.44034	0.99994	-0.00922	-0.00628	0.00917	0.99993	-0.00736	0.00635	0.00730	0.99995		-12.01740	56.77657	872.27152	179.68188	2.12250	-2.51765	0.47485	0.99835	0.04413	0.03676	0.04390	-0.99901	0.00717	0.03704	-0.00555	-0.99930		500.81869	4.94043	41.90842	1.22426	-0.16310	-0.07976	0.21240	0.99999	-0.00145	0.00282	0.00139	0.99977	0.02137	-0.00285	-0.02137	0.99977	
16	0.15000	-6.86874	13.01891	0.50880	-0.42371	0.35524	-0.52307	0.44075	0.99994	-0.00917	-0.00613	0.00913	0.99993	-0.00745	0.00620	0.00739	0.99995		-11.88109	56.68605	872.30619	179.68889	2.11862	-2.50446	0.47545	0.99836	0.04390	0.03670	0.04367	-0.99902	0.00704	0.03697	-0.00543	-0.99930		500.82650	4.91973	41.84926	1.22555	-0.15729	-0.08097	0.20825	1.00000	-0.00147	0.00271	0.00141	0.99977	0.02139	-0.00275	-0.02139	0.99977	
17	0.16000	-6.87557	13.04264	0.53540	-0.42625	0.36682	-0.53485	0.44110	0.99994	-0.00938	-0.00633	0.00933	0.99993	-0.00750	0.00640	0.00744	0.99995		-12.06416	56.62255	872.27021	179.69112	2.12560	-2.51752	0.46987	0.99835	0.04412	0.03682	0.04389	-0.99901	0.00701	0.03709	-0.00539	-0.99930		500.82364	4.99505	41.92453	1.23065	-0.17320	-0.06997	0.21359	0.99999	-0.00129	0.00300	0.00122	0.99977	0.02148	-0.00302	-0.02148	0.99976	
18	0.17000	-6.87759	13.03284	0.50043	-0.40905	0.35260	-0.52934	0.44319	0.99994	-0.00928	-0.00609	0.00924	0.99993	-0.00720	0.00615	0.00714	0.99996		-11.83646	56.90604	872.29086	179.67307	2.11234	-2.52039	0.47574	0.99835	0.04418	0.03657	0.04394	-0.99901	0.00732	0.03686	-0.00570	-0.99930		500.83187	4.96472	41.83871	1.22304	-0.15288	-0.06696	0.21761	1.00000	-0.00123	0.00264	0.00117	0.99977	0.02135	-0.00267	-0.02134	0.99977	
19	0.18000	-6.87847	13.01538	0.53406	-0.43203	0.36337	-0.52541	0.44253	0.99994	-0.00922	-0.00627	0.00917	0.99993	-0.00760	0.00634	0.00754	0.99995		-11.99744	56.57174	872.27213	179.68877	2.11975	-2.51897	0.46842	0.99835	0.04415	0.03671	0.04392	-0.99901	0.00705	0.03699	-0.00543	-0.99930		500.82543	4.94850	41.90365	1.25019	-0.15908	-0.08908	0.20989	0.99999	-0.00161	0.00274	0.00155	0.99976	0.02182	-0.00278	-0.02182	0.99976	
20	0.19000	-6.88234	13.03817	0.55659	-0.43239	0.37310	-0.53136	0.44130	0.99994	-0.00932	-0.00644	0.00927	0.99993	-0.00761	0.00651	0.00755	0.99995		-12.14042	56.54327	872.26186	179.69084	2.13760	-2.52594	0.47173	0.99833	0.04427	0.03703	0.04404	-0.99900	0.00703	0.03730	-0.00539	-0.99929		500.83123	4.96851	41.95347	1.23525	-0.18807	-0.08407	0.21768	0.99999	-0.00154	0.00325	0.00147	0.99977	0.02156	-0.00328	-0.02156	0.99976	
21	0.20000	-6.88527	13.03506	0.52401	-0.41719	0.36128	-0.53167	0.43974	0.99994	-0.00932	-0.00624	0.00928	0.99993	-0.00734	0.00631	0.00728	0.99995		-11.96160	56.78332	872.26585	179.68416	2.12128	-2.52488	0.47608	0.99834	0.04426	0.03674	0.04402	-0.99901	0.00714	0.03701	-0.00551	-0.99930		500.83953	5.00158	41.89199	1.22785	-0.16565	-0.09674	0.21359	0.99999	-0.00175	0.00285	0.00169	0.99977	0.02143	-0.00289	-0.02143	0.99977	
22	0.21000	-6.88825	13.01774	0.55135	-0.44018	0.37095	-0.52658	0.44435	0.99994	-0.00924	-0.00640	0.00919	0.99993	-0.00774	0.00647	0.00768	0.99995		-12.09636	56.44628	872.26804	179.70186	2.13393	-2.51473	0.47078	0.99834	0.04407	0.03697	0.04385	-0.99901	0.00683	0.03724	-0.00520	-0.99929		500.83681	4.96437	41.93982	1.26204	-0.18722	-0.11011	0.21533	0.99999	-0.00199	0.00322	0.00192	0.99976	0.02203	-0.00327	-0.02202	0.99975	
23	0.22000	-6.89151	13.02590	0.54819	-0.43611	0.37024	-0.52918	0.44106	0.99994	-0.00928	-0.00639	0.00924	0.99993	-0.00767	0.00646	0.00761	0.99995		-12.08092	56.50796	872.26780	179.70540	2.13590	-2.51929	0.47099	0.99834	0.04415	0.03701	0.04393	-0.99901	0.00678	0.03727	-0.00514	-0.99929		500.83242	4.95737	41.94062	1.24618	-0.17622	-0.07865	0.21690	0.99999	-0.00144	0.00305	0.00137	0.99976	0.02175	-0.00308	-0.02175	0.99976	
24	0.23000	-6.89061	13.01694	0.55636	-0.43806	0.37316	-0.52426	0.44226	0.99994	-0.00920	-0.00644	0.00915	0.99993	-0.00771	0.00651	0.00765	0.99995		-12.10227	56.48468	872.31020	179.74467	2.16236	-2.47776	0.49099	0.99835	0.04340	0.03750	0.04320	-0.99905	0.00608	0.03773	-0.00445	-0.99928		500.84781	4.91126	41.86646	1.29090	-0.28298	-0.07148	0.23867	0.99999	-0.00136	0.00491	0.00125	0.99975	0.02253	-0.00494	-0.02253	0.99973	
25	0.24000	-6.89356	13.02191	0.54469	-0.43665	0.36921	-0.52538	0.44098	0.99994	-0.00922	-0.00637	0.00917	0.99993	-0.00768	0.00644	0.00762	0.99995		-12.03384	56.51187	872.31986	179.74591	2.15882	-2.48840	0.49289	0.99835	0.04358	0.03744	0.04339	-0.99904	0.00607	0.03767	-0.00443	-0.99928		500.86034	4.90024	41.84119	1.27294	-0.28723	-0.05217	0.23492	0.99999	-0.00102	0.00499	0.00091	0.99975	0.02222	-0.00501	-0.02221	0.99974	
26	0.25000	-6.89610	13.03868	0.51236	-0.41787	0.35765	-0.52842	0.44419	0.99994	-0.00927	-0.00617	0.00922	0.99993	-0.00735	0.00624	0.00729	0.99995		-11.85673	56.78475	872.35292	179.72775	2.15681	-2.49091	0.48979	0.99835	0.04364	0.03739	0.04343	-0.99904	0.00638	0.03763	-0.00475	-0.99928		500.87435	4.93484	41.76552	1.27354	-0.28431	-0.06010	0.23331	0.99999	-0.00116	0.00494	0.00105	0.99975	0.02223	-0.00496	-0.02223	0.99974	
27	0.26000	-6.89064	13.03903	0.51916	-0.41683	0.36031	-0.52974	0.44055	0.99994	-0.00929	-0.00622	0.00925	0.99993	-0.00733	0.00629	0.00727	0.99995		-11.90776	56.79451	872.33381	179.72960	2.15308	-2.48862	0.49198	0.99835	0.04360	0.03733	0.04339	-0.99904	0.00635	0.03757	-0.00472	-0.99928		500.86500	4.93111	41.77350	1.25602	-0.28854	-0.03719	0.23856	0.99999	-0.00076	0.00502	0.00065	0.99976	0.02192	-0.00504	-0.02192	0.99975	
28	0.27000	-6.88987	13.02581	0.51815	-0.42611	0.35780	-0.52541	0.44150	0.99994	-0.00922	-0.00618	0.00917	0.99993	-0.00749	0.00624	0.00744	0.99995		-11.86193	56.66490	872.34573	179.74197	2.15270	-2.47967	0.49174	0.99836	0.04343	0.03733	0.04323	-0.99905	0.00612	0.03756	-0.00450	-0.99928		500.87036	4.89050	41.75790	1.24988	-0.28583	-0.03797	0.23988	0.99999	-0.00077	0.00497	0.00066	0.99976	0.02182	-0.00499	-0.02181	0.99975	
29	0.28000	-6.89892	13.02046	0.53627	-0.43300	0.36467	-0.52483	0.44390	0.99994	-0.00921	-0.00629	0.00916	0.99993	-0.00762	0.00636	0.00756	0.99995		-11.96006	56.56259	872.33507	179.74571	2.16050	-2.47957	0.48895	0.99835	0.04343	0.03747	0.04323	-0.99905	0.00607	0.03770	-0.00444	-0.99928		500.87659	4.91049	41.80542	1.27381	-0.28968	-0.05965	0.24189	0.99999	-0.00115	0.00503	0.00104	0.99975	0.02224	-0.00506	-0.02223	0.99974	
30	0.29000	-6.89698	13.00700	0.53086	-0.42802	0.36417	-0.51885	0.44405	0.99994	-0.00910	-0.00629	0.00906	0.99993	-0.00753	0.00636	0.00747	0.99995		-11.94607	56.66559	872.33958	179.74562	2.16422	-2.48151	0.49339	0.99835	0.04346	0.03754	0.04327	-0.99905	0.00607	0.03776	-0.00444	-0.99928		500.87032	4.87212	41.80587	1.27539	-0.28571	-0.06502	0.23638	0.99999	-0.00125	0.00496	0.00113	0.99975	0.02226	-0.00499	-0.02226	0.99974	
31	0.30000	-6.89990	13.02310	0.57317	-0.43731	0.37869	-0.52598	0.43991	0.99994	-0.00923	-0.00654	0.00918	0.99993	-0.00769	0.00661	0.00763	0.99995		-12.17248	56.49578	872.30064	179.75465	2.17612	-2.47581	0.48771	0.99835	0.04336	0.03775	0.04317	-0.99905	0.00592	0.03797	-0.00428	-0.99927		500.86401	4.93127	41.89008	1.30139	-0.30443	-0.07159	0.23799	0.99999	-0.00137	0.00528	0.00125	0.99974	0.02272	-0.00531	-0.02271	0.99973	
32	0.31000	-6.89656	13.03788	0.53052	-0.41724	0.36393	-0.52786	0.44339	0.99994	-0.00926	-0.00628	0.00921	0.99993	-0.00734	0.00635	0.00728	0.99995		-11.94958	56.78202	872.32722	179.73155	2.16392	-2.47630	0.49178	0.99835	0.04338	0.03752	0.04318	-0.99905	0.00631	0.03776	-0.00468	-0.99928		500.87141	4.95310	41.80455	1.28831	-0.29284	-0.07955	0.24232	0.99999	-0.00150	0.00508	0.00139	0.99975	0.02249	-0.00511	-0.02248	0.99973	
33	0.32000	-6.89982	13.01981	0.54731	-0.44287	0.37217	-0.52479	0.44363	0.99994	-0.00921	-0.00642	0.00916	0.99993	-0.00779	0.00650	0.00773	0.99995		-12.06681	56.42296	872.33304	179.75578	2.16308	-2.48623	0.49114	0.99835	0.04354	0.03752	0.04335	-0.99904	0.00590	0.03774	-0.00426	-0.99928		500.86247	4.90738	41.85182	1.29748	-0.30463	-0.06041	0.24240	0.99999	-0.00117	0.00529	0.00105	0.99974	0.02265	-0.00532	-0.02264	0.99973	
34	0.33000	-6.89863	13.01913	0.54952	-0.43083	0.37181	-0.52303	0.43958	0.99994	-0.00918	-0.00642	0.00913	0.99993	-0.00758	0.00649	0.00752	0.99995		-12.05398	56.60710	872.32708	179.74863	2.17684	-2.48278	0.49196	0.99834	0.04349	0.03776	0.04329	-0.99904	0.00603	0.03798	-0.00438	-0.99927		500.85833	4.89687	41.85045	1.27595	-0.29192	-0.06297	0.23763	0.99999	-0.00121	0.00507	0.00110	0.99975	0.02227	-0.00509	-0.02227	0.99974	
35	0.34000	-6.89810	13.01557	0.53364	-0.43230	0.36587	-0.52277	0.44366	0.99994	-0.00917	-0.00632	0.00912	0.99993	-0.00760	0.00639	0.00754	0.99995		-11.96798	56.57475	872.35533	179.75238	2.17420	-2.46588	0.48849	0.99835	0.04319	0.03772	0.04299	-0.99906	0.00595	0.03794	-0.00432	-0.99927		500.86588	4.90526	41.81414	1.28637	-0.29258	-0.06940	0.24196	0.99999	-0.00133	0.00508	0.00121	0.99975	0.02246	-0.00511	-0.02245	0.99973	
36	0.35000	-6.90230	13.00976	0.53499	-0.44626	0.36449	-0.52115	0.44229	0.99994	-0.00914	-0.00629	0.00910	0.99993	-0.00785	0.00636	0.00779	0.99995		-11.93550	56.37933	872.36574	179.76709	2.17013	-2.47539	0.48773	0.99835	0.04334	0.03766	0.04316	-0.99905	0.00570	0.03787	-0.00406	-0.99927		500.87256	4.89209	41.79266	1.29564	-0.29907	-0.07546	0.24592	0.99999	-0.00143	0.00519	0.00132	0.99974	0.02262	-0.00522	-0.02261	0.99973	
37	0.36000	-6.90393	13.03234	0.54704	-0.42379	0.36994	-0.52750	0.44019	0.99994	-0.00925	-0.00639	0.00921	0.99993	-0.00746	0.00646	0.00740	0.99995		-12.02683	56.69978	872.32594	179.74989	2.17425	-2.47930	0.48864	0.99834	0.04342	0.03771	0.04323	-0.99905	0.00600	0.03794	-0.00436	-0.99927		500.86529	4.94348	41.82771	1.27982	-0.30224	-0.07182	0.24314	0.99999	-0.00137	0.00525	0.00125	0.99975	0.02234	-0.00528	-0.02233	0.99974	
38	0.37000	-6.90714	13.02250	0.52417	-0.42731	0.36089	-0.52583	0.44479	0.99994	-0.00922	-0.00623	0.00918	0.99993	-0.00752	0.00630	0.00746	0.99995		-11.88728	56.65844	872.34450	179.75113	2.16007	-2.48032	0.48905	0.99835	0.04344	0.03747	0.04325	-0.99905	0.00597	0.03769	-0.00434	-0.99928		500.87255	4.92285	41.77725	1.27308	-0.28384	-0.06459	0.24280	0.99999	-0.00124	0.00493	0.00113	0.99975	0.02222	-0.00495	-0.02222	0.99974	
39	0.38000	-6.90963	13.03794	0.54359	-0.42415	0.36919	-0.52807	0.44139	0.99994	-0.00926	-0.00637	0.00922	0.99993	-0.00746	0.00644	0.00740	0.99995		-12.01021	56.68862	872.32742	179.74599	2.17514	-2.48068	0.48902	0.99834	0.04345	0.03773	0.04325	-0.99905	0.00607	0.03795	-0.00443	-0.99927		500.87086	4.91452	41.83153	1.25186	-0.29677	-0.04110	0.24605	0.99999	-0.00083	0.00516	0.00072	0.99976	0.02185	-0.00518	-0.02185	0.99975	
40	0.39000	-6.90116	13.02852	0.54685	-0.42467	0.36861	-0.52644	0.44347	0.99994	-0.00924	-0.00636	0.00919	0.99993	-0.00747	0.00643	0.00741	0.99995		-12.00930	56.69109	872.32748	179.74904	2.17229	-2.48031	0.48950	0.99835	0.04344	0.03768	0.04324	-0.99905	0.00602	0.03790	-0.00438	-0.99927		500.86459	4.92314	41.82063	1.27959	-0.29713	-0.05775	0.24149	0.99999	-0.00112	0.00516	0.00101	0.99975	0.02234	-0.00519	-0.02233	0.99974	
41	0.40000	-6.90490	13.03133	0.52630	-0.42208	0.36190	-0.52815	0.44253	0.99994	-0.00926	-0.00625	0.00922	0.99993	-0.00743	0.00632	0.00737	0.99995		-11.90844	56.71881	872.35155	179.73907	2.16837	-2.47858	0.48708	0.99835	0.04342	0.03760	0.04321	-0.99905	0.00619	0.03784	-0.00455	-0.99927		500.87684	4.93931	41.78784	1.28544	-0.29298	-0.05833	0.24349	0.99999	-0.00113	0.00509	0.00102	0.99975	0.02244	-0.00511	-0.02243	0.99974	
42	0.41000	-6.91062	13.02964	0.56377	-0.43332	0.37511	-0.52868	0.44653	0.99994	-0.00928	-0.00648	0.00923	0.99993	-0.00762	0.00655	0.00756	0.99995		-12.10360	56.55666	872.31866	179.75821	2.17903	-2.48117	0.48702	0.99834	0.04345	0.03780	0.04326	-0.99905	0.00586	0.03802	-0.00422	-0.99927		500.87638	4.94968	41.86387	1.29912	-0.31008	-0.07504	0.24306	0.99998	-0.00143	0.00538	0.00131	0.99974	0.02268	-0.00541	-0.02267	0.99973	
43	0.42000	-6.90541	13.02034	0.54781	-0.43085	0.37079	-0.52565	0.44330	0.99994	-0.00922	-0.00640	0.00917	0.99993	-0.00758	0.00647	0.00752	0.99995		-12.04194	56.60543	872.32982	179.75305	2.17315	-2.48304	0.48810	0.99834	0.04349	0.03770	0.04329	-0.99904	0.00595	0.03792	-0.00431	-0.99927		500.86512	4.94295	41.84313	1.31258	-0.29637	-0.07706	0.24567	0.99999	-0.00146	0.00514	0.00134	0.99974	0.02291	-0.00517	-0.02291	0.99972	
44	0.43000	-6.91033	13.03262	0.54979	-0.42894	0.37020	-0.52973	0.44364	0.99994	-0.00929	-0.00639	0.00925	0.99993	-0.00755	0.00646	0.00749	0.99995		-12.02985	56.61632	872.32521	179.75116	2.17165	-2.48054	0.49025	0.99835	0.04344	0.03767	0.04325	-0.99905	0.00598	0.03789	-0.00434	-0.99927		500.88248	4.96034	41.83503	1.30325	-0.30865	-0.08085	0.24501	0.99998	-0.00153	0.00535	0.00141	0.99974	0.02275	-0.00539	-0.02274	0.99973	
45	0.44000	-6.90709	13.01824	0.54689	-0.43563	0.36981	-0.52343	0.44017	0.99994	-0.00918	-0.00638	0.00914	0.99993	-0.00766	0.00645	0.00760	0.99995		-12.01960	56.53689	872.34097	179.76268	2.17611	-2.48032	0.49129	0.99834	0.04343	0.03776	0.04325	-0.99905	0.00578	0.03797	-0.00414	-0.99927		500.86750	4.91971	41.83640	1.31621	-0.29714	-0.08062	0.24600	0.99999	-0.00153	0.00515	0.00141	0.99973	0.02298	-0.00519	-0.02297	0.99972	
46	0.45000	-6.90840	13.01845	0.56865	-0.43711	0.37792	-0.52445	0.44168	0.99994	-0.00920	-0.00652	0.00915	0.99993	-0.00769	0.00660	0.00763	0.99995		-12.14681	56.51112	872.29815	179.75679	2.17009	-2.48027	0.49123	0.99835	0.04344	0.03765	0.04324	-0.99905	0.00588	0.03787	-0.00424	-0.99927		500.86815	4.90918	41.87628	1.29963	-0.31758	-0.06387	0.24611	0.99998	-0.00124	0.00552	0.00111	0.99974	0.02269	-0.00554	-0.02268	0.99973	
47	0.46000	-6.91003	13.02343	0.55614	-0.42315	0.37318	-0.52390	0.44477	0.99994	-0.00919	-0.00644	0.00914	0.99993	-0.00745	0.00651	0.00739	0.99995		-12.07250	56.71579	872.31755	179.74283	2.18031	-2.47593	0.49075	0.99834	0.04337	0.03781	0.04317	-0.99905	0.00613	0.03804	-0.00449	-0.99927		500.87069	4.90614	41.84446	1.27837	-0.30833	-0.05862	0.24577	0.99998	-0.00114	0.00536	0.00102	0.99975	0.02232	-0.00538	-0.02231	0.99974	
48	0.47000	-6.90908	13.04080	0.51943	-0.43363	0.35711	-0.53284	0.44173	0.99994	-0.00935	-0.00616	0.00930	0.99993	-0.00763	0.00623	0.00757	0.99995		-11.84085	56.53876	872.36434	179.75526	2.15992	-2.48842	0.48650	0.99835	0.04358	0.03747	0.04339	-0.99904	0.00590	0.03769	-0.00427	-0.99928		500.88307	4.96652	41.74290	1.29818	-0.29078	-0.05587	0.24650	0.99999	-0.00109	0.00505	0.00098	0.99974	0.02266	-0.00508	-0.02266	0.99973	
49	0.48000	-6.91256	13.02709	0.54357	-0.43099	0.36902	-0.52572	0.44561	0.99994	-0.00922	-0.00637	0.00918	0.99993	-0.00758	0.00644	0.00752	0.99995		-12.01357	56.58511	872.33513	179.75053	2.16788	-2.47309	0.48580	0.99835	0.04331	0.03760	0.04312	-0.99905	0.00598	0.03783	-0.00435	-0.99927		500.87522	4.91950	41.82685	1.29913	-0.30304	-0.06478	0.24680	0.99999	-0.00125	0.00526	0.00113	0.99974	0.02268	-0.00529	-0.02267	0.99973	
50	0.49000	-6.91257	13.03113	0.54245	-0.42823	0.36842	-0.52794	0.44247	0.99994	-0.00926	-0.00636	0.00921	0.99993	-0.00753	0.00643	0.00747	0.99995		-11.99947	56.62762	872.33129	179.74805	2.16841	-2.48022	0.48821	0.99835	0.04344	0.03761	0.04324	-0.99905	0.00603	0.03784	-0.00439	-0.99927		500.87872	4.95351	41.80999	1.29856	-0.31062	-0.07638	0.24724	0.99998	-0.00146	0.00539	0.00133	0.99974	0.02267	-0.00542	-0.02266	0.99973	
51	0.50000	-6.91377	13.02024	0.55058	-0.42985	0.37274	-0.52261	0.44456	0.99994	-0.00917	-0.00644	0.00912	0.99993	-0.00756	0.00651	0.00750	0.99995		-12.06141	56.62095	872.32919	179.75960	2.17723	-2.47589	0.48798	0.99835	0.04336	0.03777	0.04317	-0.99905	0.00583	0.03799	-0.00419	-0.99927		500.88370	4.91724	41.83886	1.31159	-0.32253	-0.08805	0.24825	0.99998	-0.00167	0.00559	0.00154	0.99974	0.02290	-0.00563	-0.02289	0.99972	
52	0.51000	-6.91406	13.03746	0.54807	-0.42622	0.37101	-0.53058	0.44548	0.99994	-0.00931	-0.00641	0.00926	0.99993	-0.00750	0.00648	0.00744	0.99995		-12.04048	56.65557	872.32308	179.74207	2.17242	-2.48894	0.48972	0.99834	0.04360	0.03768	0.04340	-0.99904	0.00614	0.03791	-0.00450	-0.99927		500.87934	4.95365	41.83370	1.28863	-0.31005	-0.05688	0.24604	0.99998	-0.00111	0.00539	0.00099	0.99975	0.02249	-0.00541	-0.02249	0.99973	
53	0.52000	-6.91752	13.02462	0.59101	-0.44500	0.38558	-0.52922	0.44432	0.99993	-0.00929	-0.00666	0.00924	0.99993	-0.00783	0.00673	0.00777	0.99995		-12.25431	56.38540	872.29826	179.76814	2.18588	-2.48392	0.48788	0.99833	0.04349	0.03793	0.04331	-0.99905	0.00570	0.03814	-0.00404	-0.99926		500.88079	4.96019	41.92190	1.32315	-0.32751	-0.07169	0.24917	0.99998	-0.00138	0.00569	0.00125	0.99973	0.02310	-0.00572	-0.02309	0.99972	
54	0.53000	-6.90964	13.02357	0.54510	-0.44406	0.36780	-0.52661	0.44570	0.99994	-0.00924	-0.00635	0.00919	0.99993	-0.00781	0.00642	0.00775	0.99995		-11.98449	56.41204	872.35475	179.77029	2.17635	-2.48669	0.48971	0.99834	0.04354	0.03777	0.04336	-0.99904	0.00565	0.03798	-0.00401	-0.99927		500.88367	4.93365	41.81597	1.30894	-0.30351	-0.07841	0.24534	0.99998	-0.00149	0.00526	0.00137	0.99974	0.02285	-0.00530	-0.02284	0.99973	
55	0.54000	-6.91122	13.01970	0.55968	-0.43654	0.37189	-0.52366	0.44447	0.99994	-0.00919	-0.00642	0.00914	0.99993	-0.00768	0.00649	0.00762	0.99995		-12.05282	56.50564	872.32902	179.75409	2.17451	-2.46716	0.48559	0.99835	0.04321	0.03772	0.04302	-0.99906	0.00592	0.03794	-0.00429	-0.99927		500.87957	4.92114	41.83068	1.30794	-0.30987	-0.08271	0.24374	0.99998	-0.00157	0.00537	0.00144	0.99974	0.02283	-0.00541	-0.02283	0.99972	
56	0.55000	-6.90988	13.02591	0.53380	-0.42494	0.36296	-0.52436	0.44555	0.99994	-0.00920	-0.00627	0.00915	0.99993	-0.00747	0.00633	0.00742	0.99995		-11.91051	56.69173	872.34589	179.75354	2.17135	-2.47634	0.48748	0.99835	0.04337	0.03767	0.04318	-0.99905	0.00593	0.03789	-0.00430	-0.99927		500.88561	4.92017	41.78670	1.30406	-0.29828	-0.06858	0.24727	0.99999	-0.00132	0.00518	0.00120	0.99974	0.02276	-0.00521	-0.02276	0.99973	
57	0.56000	-6.91062	13.02240	0.54284	-0.42742	0.36940	-0.52350	0.44719	0.99994	-0.00918	-0.00638	0.00914	0.99993	-0.00752	0.00645	0.00746	0.99995		-12.01399	56.66235	872.33264	179.75069	2.16916	-2.48346	0.48908	0.99834	0.04350	0.03763	0.04330	-0.99904	0.00599	0.03785	-0.00435	-0.99927		500.88263	4.90846	41.83365	1.29555	-0.30364	-0.07617	0.24208	0.99999	-0.00145	0.00527	0.00133	0.99974	0.02262	-0.00530	-0.02261	0.99973	
58	0.57000	-6.91215	13.01021	0.55362	-0.42693	0.37163	-0.51843	0.44501	0.99994	-0.00910	-0.00642	0.00905	0.99993	-0.00751	0.00649	0.00745	0.99995		-12.04313	56.67156	872.32352	179.75262	2.17204	-2.46784	0.48924	0.99835	0.04322	0.03768	0.04303	-0.99906	0.00595	0.03790	-0.00431	-0.99927		500.88851	4.88468	41.83501	1.29841	-0.31784	-0.08575	0.25040	0.99998	-0.00162	0.00551	0.00150	0.99974	0.02267	-0.00555	-0.02266	0.99973	
59	0.58000	-6.91777	13.01424	0.54503	-0.43752	0.36935	-0.52228	0.44707	0.99994	-0.00916	-0.00638	0.00912	0.99993	-0.00770	0.00645	0.00764	0.99995		-12.00256	56.50604	872.34418	179.75851	2.17232	-2.46954	0.48798	0.99835	0.04325	0.03769	0.04306	-0.99906	0.00584	0.03791	-0.00421	-0.99927		500.89168	4.90181	41.82978	1.29897	-0.30897	-0.07498	0.24572	0.99998	-0.00143	0.00536	0.00131	0.99974	0.02268	-0.00539	-0.02267	0.99973	
60	0.59000	-6.91257	13.01355	0.55643	-0.43419	0.37183	-0.52121	0.44269	0.99994	-0.00915	-0.00642	0.00910	0.99993	-0.00764	0.00649	0.00758	0.99995		-12.04178	56.57160	872.32907	179.75925	2.17504	-2.48159	0.48967	0.99834	0.04346	0.03773	0.04327	-0.99905	0.00584	0.03795	-0.00420	-0.99927		500.88530	4.89122	41.83602	1.28467	-0.31974	-0.07099	0.24719	0.99998	-0.00136	0.00555	0.00124	0.99975	0.02243	-0.00558	-0.02242	0.99973	
61	0.60000	-6.92082	13.02167	0.57351	-0.43913	0.37854	-0.52371	0.44529	0.99994	-0.00919	-0.00654	0.00914	0.99993	-0.00772	0.00661	0.00766	0.99995		-12.13679	56.47728	872.31647	179.76408	2.18558	-2.47810	0.48936	0.99834	0.04339	0.03792	0.04321	-0.99905	0.00576	0.03814	-0.00411	-0.99926		500.89236	4.90373	41.86975	1.30053	-0.33643	-0.07059	0.24386	0.99998	-0.00136	0.00584	0.00123	0.99974	0.02270	-0.00587	-0.02270	0.99973	
62	0.61000	-6.91693	13.01726	0.55270	-0.44421	0.37211	-0.52389	0.44636	0.99994	-0.00919	-0.00642	0.00914	0.99993	-0.00781	0.00649	0.00775	0.99995		-12.04690	56.40762	872.33048	179.76404	2.17106	-2.47937	0.48936	0.99835	0.04342	0.03767	0.04323	-0.99905	0.00575	0.03788	-0.00412	-0.99927		500.89380	4.91619	41.84565	1.31096	-0.31734	-0.09145	0.24769	0.99998	-0.00172	0.00550	0.00160	0.99974	0.02289	-0.00554	-0.02288	0.99972	
63	0.62000	-6.91661	13.01075	0.56522	-0.44265	0.37513	-0.52058	0.44561	0.99994	-0.00914	-0.00648	0.00909	0.99993	-0.00779	0.00655	0.00773	0.99995		-12.08216	56.44170	872.31837	179.76462	2.17719	-2.47681	0.48886	0.99834	0.04337	0.03778	0.04318	-0.99905	0.00575	0.03799	-0.00411	-0.99927		500.88536	4.88906	41.85389	1.31233	-0.31796	-0.08236	0.25031	0.99998	-0.00156	0.00551	0.00144	0.99974	0.02291	-0.00555	-0.02290	0.99972	
64	0.63000	-6.92096	13.01421	0.56889	-0.44036	0.37750	-0.52195	0.44729	0.99994	-0.00916	-0.00652	0.00911	0.99993	-0.00775	0.00659	0.00769	0.99995		-12.11237	56.47379	872.31945	179.76686	2.18401	-2.47797	0.48843	0.99834	0.04339	0.03790	0.04320	-0.99905	0.00571	0.03811	-0.00407	-0.99927		500.89205	4.90753	41.87610	1.30569	-0.32594	-0.08673	0.24803	0.99998	-0.00164	0.00565	0.00151	0.99974	0.02280	-0.00569	-0.02279	0.99972	
65	0.64000	-6.91611	13.00809	0.56047	-0.43943	0.37408	-0.52208	0.44642	0.99994	-0.00916	-0.00646	0.00911	0.99993	-0.00773	0.00653	0.00767	0.99995		-12.06581	56.50051	872.32855	179.76706	2.18248	-2.48131	0.48941	0.99834	0.04345	0.03787	0.04326	-0.99905	0.00571	0.03808	-0.00406	-0.99927		500.88940	4.91740	41.85230	1.29810	-0.31963	-0.09163	0.24717	0.99998	-0.00173	0.00554	0.00160	0.99974	0.02266	-0.00558	-0.02265	0.99973	
66	0.65000	-6.91122	13.01808	0.54432	-0.43286	0.36986	-0.52252	0.44454	0.99994	-0.00917	-0.00639	0.00912	0.99993	-0.00761	0.00646	0.00755	0.99995		-12.00689	56.58468	872.33743	179.76071	2.17841	-2.47878	0.48828	0.99834	0.04341	0.03779	0.04322	-0.99905	0.00582	0.03801	-0.00417	-0.99927		500.88731	4.92164	41.83281	1.31314	-0.31787	-0.09687	0.25146	0.99998	-0.00182	0.00551	0.00169	0.99974	0.02293	-0.00555	-0.02292	0.99972	
67	0.66000	-6.91147	13.05254	0.52641	-0.43406	0.36131	-0.53549	0.44306	0.99994	-0.00939	-0.00623	0.00935	0.99993	-0.00764	0.00631	0.00758	0.99995		-11.88831	56.53715	872.36166	179.76712	2.17090	-2.49345	0.48622	0.99834	0.04366	0.03767	0.04347	-0.99904	0.00571	0.03788	-0.00406	-0.99927		500.89814	4.98671	41.77703	1.30326	-0.31244	-0.06806	0.24535	0.99998	-0.00131	0.00542	0.00119	0.99974	0.02275	-0.00545	-0.02274	0.99973	
68	0.67000	-6.91761	13.02223	0.54620	-0.42758	0.36824	-0.52432	0.44822	0.99994	-0.00920	-0.00636	0.00915	0.99993	-0.00752	0.00643	0.00746	0.99995		-11.97795	56.66529	872.33111	179.75406	2.17717	-2.47948	0.48774	0.99834	0.04342	0.03777	0.04323	-0.99905	0.00593	0.03799	-0.00429	-0.99927		500.89547	4.93477	41.81641	1.30024	-0.31649	-0.08874	0.24327	0.99998	-0.00167	0.00549	0.00155	0.99974	0.02270	-0.00552	-0.02269	0.99973	
69	0.68000	-6.91904	13.02035	0.57398	-0.44320	0.37973	-0.52573	0.44590	0.99994	-0.00923	-0.00656	0.00918	0.99993	-0.00780	0.00663	0.00774	0.99995		-12.15790	56.42126	872.31109	179.76576	2.18288	-2.47732	0.48601	0.99834	0.04338	0.03788	0.04319	-0.99905	0.00573	0.03809	-0.00409	-0.99927		500.89082	4.93595	41.88503	1.32121	-0.32962	-0.08755	0.24638	0.99998	-0.00166	0.00572	0.00153	0.99973	0.02307	-0.00575	-0.02306	0.99972	
70	0.69000	-6.91974	13.01087	0.54968	-0.44322	0.37052	-0.52321	0.44450	0.99994	-0.00918	-0.00640	0.00913	0.99993	-0.00779	0.00647	0.00774	0.99995		-12.00535	56.43148	872.34512	179.76556	2.18073	-2.47446	0.49076	0.99834	0.04333	0.03784	0.04314	-0.99905	0.00573	0.03805	-0.00409	-0.99927		500.90042	4.93166	41.81693	1.31154	-0.33300	-0.09681	0.25104	0.99998	-0.00182	0.00577	0.00169	0.99974	0.02290	-0.00581	-0.02289	0.99972	
71	0.70000	-6.91779	13.01592	0.54622	-0.43936	0.36741	-0.52306	0.44425	0.99994	-0.00918	-0.00634	0.00913	0.99993	-0.00773	0.00641	0.00767	0.99995		-11.96221	56.48809	872.34384	179.76450	2.17498	-2.47959	0.48683	0.99834	0.04342	0.03774	0.04323	-0.99905	0.00575	0.03795	-0.00411	-0.99927		500.90284	4.92173	41.79663	1.31686	-0.33269	-0.09069	0.24990	0.99998	-0.00172	0.00577	0.00158	0.99973	0.02299	-0.00581	-0.02298	0.99972	
72	0.71000	-6.91950	13.01360	0.57620	-0.43802	0.37931	-0.52072	0.44543	0.99994	-0.00914	-0.00655	0.00909	0.99993	-0.00771	0.00662	0.00764	0.99995		-12.13966	56.51100	872.30780	179.75867	2.18291	-2.48183	0.48747	0.99834	0.04346	0.03787	0.04327	-0.99905	0.00586	0.03809	-0.00421	-0.99927		500.89034	4.89090	41.87117	1.30299	-0.33505	-0.08226	0.24870	0.99998	-0.00157	0.00581	0.00144	0.99974	0.02275	-0.00585	-0.02274	0.99972	
73	0.72000	-6.91710	13.01915	0.54803	-0.44275	0.36920	-0.52317	0.44729	0.99994	-0.00918	-0.00637	0.00913	0.99993	-0.00779	0.00644	0.00773	0.99995		-11.98684	56.45392	872.34465	179.77260	2.18013	-2.49016	0.48822	0.99833	0.04360	0.03783	0.04342	-0.99904	0.00562	0.03804	-0.00397	-0.99927		500.89161	4.90960	41.81009	1.31236	-0.32688	-0.07935	0.25163	0.99998	-0.00152	0.00567	0.00138	0.99974	0.02291	-0.00571	-0.02290	0.99972	
74	0.73000	-6.91974	13.01272	0.56794	-0.44260	0.37683	-0.52248	0.44544	0.99994	-0.00917	-0.00651	0.00912	0.99993	-0.00779	0.00658	0.00772	0.99995		-12.09430	56.44464	872.32672	179.77248	2.18901	-2.47329	0.48686	0.99834	0.04330	0.03799	0.04312	-0.99905	0.00562	0.03820	-0.00397	-0.99926		500.89622	4.92507	41.85511	1.32329	-0.33808	-0.10227	0.25215	0.99998	-0.00192	0.00586	0.00178	0.99973	0.02310	-0.00590	-0.02309	0.99972	
75	0.74000	-6.91917	13.02470	0.55626	-0.43468	0.37496	-0.52467	0.44917	0.99994	-0.00921	-0.00647	0.00916	0.99993	-0.00765	0.00654	0.00759	0.99995		-12.07774	56.54484	872.33386	179.76601	2.18629	-2.47246	0.48829	0.99834	0.04329	0.03794	0.04311	-0.99905	0.00573	0.03815	-0.00408	-0.99926		500.88911	4.92723	41.85870	1.31246	-0.32799	-0.08548	0.25056	0.99998	-0.00162	0.00569	0.00149	0.99974	0.02291	-0.00572	-0.02290	0.99972	
76	0.75000	-6.91398	13.02752	0.54404	-0.43098	0.36840	-0.52433	0.44550	0.99994	-0.00920	-0.00636	0.00915	0.99993	-0.00758	0.00643	0.00752	0.99995		-11.97775	56.60594	872.33399	179.76031	2.17575	-2.47802	0.48981	0.99834	0.04339	0.03775	0.04320	-0.99905	0.00582	0.03796	-0.00418	-0.99927		500.89399	4.92969	41.81391	1.30325	-0.32197	-0.10311	0.24571	0.99998	-0.00193	0.00558	0.00180	0.99974	0.02275	-0.00562	-0.02274	0.99973	
77	0.76000	-6.91995	13.02374	0.56288	-0.44561	0.37601	-0.52561	0.44671	0.99994	-0.00922	-0.00649	0.00917	0.99993	-0.00784	0.00656	0.00778	0.99995		-12.09082	56.38258	872.31863	179.76746	2.17758	-2.47880	0.48577	0.99834	0.04340	0.03779	0.04322	-0.99905	0.00570	0.03800	-0.00406	-0.99927		500.88442	4.92482	41.86499	1.31454	-0.32615	-0.07830	0.24800	0.99998	-0.00150	0.00566	0.00137	0.99974	0.02295	-0.00569	-0.02294	0.99972	
78	0.77000	-6.91852	13.01705	0.55170	-0.43838	0.37215	-0.52401	0.44823	0.99994	-0.00919	-0.00642	0.00915	0.99993	-0.00771	0.00650	0.00765	0.99995		-12.03334	56.50193	872.32803	179.76561	2.17686	-2.47266	0.48760	0.99835	0.04330	0.03777	0.04311	-0.99905	0.00573	0.03798	-0.00409	-0.99927		500.88305	4.92035	41.84233	1.31064	-0.32215	-0.08375	0.25063	0.99998	-0.00159	0.00559	0.00146	0.99974	0.02288	-0.00562	-0.02287	0.99972	
79	0.78000	-6.92317	13.01079	0.58667	-0.45061	0.38344	-0.52257	0.44600	0.99994	-0.00917	-0.00662	0.00912	0.99993	-0.00793	0.00669	0.00786	0.99995		-12.19423	56.32863	872.30681	179.77933	2.18973	-2.47659	0.48754	0.99834	0.04336	0.03801	0.04318	-0.99905	0.00550	0.03821	-0.00385	-0.99926		500.88415	4.91620	41.90852	1.33715	-0.33384	-0.09505	0.24867	0.99998	-0.00179	0.00579	0.00166	0.99973	0.02335	-0.00583	-0.02334	0.99971	
80	0.79000	-6.92383	13.03141	0.56608	-0.44154	0.37805	-0.52986	0.44599	0.99994	-0.00930	-0.00653	0.00925	0.99993	-0.00777	0.00660	0.00771	0.99995		-12.12133	56.43954	872.31996	179.77127	2.18253	-2.48317	0.48633	0.99834	0.04348	0.03787	0.04329	-0.99905	0.00564	0.03808	-0.00399	-0.99927		500.89198	4.94930	41.87620	1.30123	-0.33358	-0.07707	0.24701	0.99998	-0.00148	0.00579	0.00135	0.99974	0.02272	-0.00582	-0.02271	0.99973	
81	0.80000	-6.92055	13.02871	0.52585	-0.43257	0.36195	-0.52752	0.44732	0.99994	-0.00925	-0.00625	0.00921	0.99993	-0.00761	0.00632	0.00755	0.99995		-11.88063	56.58492	872.35285	179.75949	2.16916	-2.48607	0.48872	0.99834	0.04353	0.03763	0.04335	-0.99904	0.00584	0.03785	-0.00419	-0.99927		500.90123	4.95484	41.78004	1.30869	-0.31745	-0.10080	0.25124	0.99998	-0.00189	0.00550	0.00176	0.99974	0.02285	-0.00554	-0.02284	0.99972	
82	0.81000	-6.92310	13.01457	0.56633	-0.44502	0.37565	-0.52295	0.44574	0.99994	-0.00918	-0.00648	0.00913	0.99993	-0.00783	0.00656	0.00777	0.99995		-12.08125	56.40610	872.32078	179.77414	2.18235	-2.47730	0.48883	0.99834	0.04337	0.03787	0.04319	-0.99905	0.00558	0.03808	-0.00394	-0.99927		500.88926	4.91636	41.85518	1.33064	-0.32856	-0.08896	0.25214	0.99998	-0.00169	0.00570	0.00155	0.99973	0.02323	-0.00573	-0.02322	0.99971	
83	0.82000	-6.91910	13.02937	0.54117	-0.43590	0.36695	-0.52702	0.44298	0.99994	-0.00925	-0.00633	0.00920	0.99993	-0.00767	0.00640	0.00761	0.99995		-11.96100	56.52884	872.33713	179.76215	2.17211	-2.48447	0.49028	0.99834	0.04351	0.03769	0.04332	-0.99904	0.00579	0.03790	-0.00415	-0.99927		500.89446	4.93747	41.79811	1.31802	-0.32957	-0.08215	0.24847	0.99998	-0.00157	0.00572	0.00143	0.99973	0.02301	-0.00575	-0.02300	0.99972	
84	0.83000	-6.92123	13.00430	0.55726	-0.44736	0.37231	-0.51871	0.44313	0.99994	-0.00910	-0.00643	0.00905	0.99993	-0.00787	0.00650	0.00781	0.99995		-12.02268	56.37382	872.33911	179.77962	2.18234	-2.46785	0.48939	0.99835	0.04320	0.03788	0.04303	-0.99906	0.00548	0.03808	-0.00384	-0.99927		500.88922	4.88328	41.84301	1.32041	-0.31800	-0.09290	0.25336	0.99998	-0.00175	0.00551	0.00162	0.99973	0.02305	-0.00555	-0.02304	0.99972	
85	0.84000	-6.92495	13.02432	0.57249	-0.44774	0.37906	-0.52705	0.44480	0.99994	-0.00925	-0.00654	0.00920	0.99993	-0.00788	0.00662	0.00781	0.99995		-12.13385	56.35283	872.32745	179.77310	2.18981	-2.48514	0.48753	0.99833	0.04351	0.03800	0.04333	-0.99905	0.00561	0.03821	-0.00396	-0.99926		500.88811	4.95208	41.88268	1.33348	-0.32694	-0.09733	0.25466	0.99998	-0.00183	0.00567	0.00170	0.99973	0.02328	-0.00571	-0.02327	0.99971	
86	0.85000	-6.92564	13.03551	0.54638	-0.43516	0.36850	-0.53050	0.44602	0.99994	-0.00931	-0.00636	0.00926	0.99993	-0.00765	0.00643	0.00759	0.99995		-11.98113	56.53502	872.34012	179.76250	2.17542	-2.49072	0.49061	0.99834	0.04361	0.03774	0.04343	-0.99904	0.00579	0.03796	-0.00414	-0.99927		500.89309	4.96944	41.80654	1.30648	-0.32523	-0.08012	0.24781	0.99998	-0.00153	0.00564	0.00140	0.99974	0.02281	-0.00568	-0.02280	0.99972	
87	0.86000	-6.92467	13.02148	0.57164	-0.44369	0.37933	-0.52683	0.44462	0.99994	-0.00925	-0.00655	0.00919	0.99993	-0.00780	0.00662	0.00774	0.99995		-12.14158	56.40731	872.31042	179.77185	2.18464	-2.47711	0.49376	0.99834	0.04337	0.03791	0.04319	-0.99905	0.00563	0.03812	-0.00398	-0.99927		500.89559	4.95767	41.88021	1.32588	-0.33904	-0.09977	0.25511	0.99998	-0.00188	0.00588	0.00174	0.99973	0.02315	-0.00592	-0.02314	0.99971	
88	0.87000	-6.92972	13.01899	0.57501	-0.44074	0.38185	-0.52481	0.44582	0.99994	-0.00921	-0.00659	0.00916	0.99993	-0.00775	0.00666	0.00769	0.99995		-12.17259	56.46096	872.32074	179.76176	2.19731	-2.47953	0.48732	0.99833	0.04342	0.03812	0.04323	-0.99905	0.00581	0.03834	-0.00415	-0.99926		500.89331	4.93738	41.89917	1.31989	-0.33743	-0.10133	0.25156	0.99998	-0.00190	0.00585	0.00177	0.99973	0.02304	-0.00589	-0.02303	0.99972	
89	0.88000	-6.92422	13.01681	0.56402	-0.44094	0.37574	-0.52259	0.44448	0.99994	-0.00917	-0.00649	0.00912	0.99993	-0.00776	0.00656	0.00770	0.99995		-12.08291	56.46378	872.31786	179.76614	2.17942	-2.47716	0.48417	0.99834	0.04338	0.03782	0.04319	-0.99905	0.00572	0.03803	-0.00408	-0.99927		500.89372	4.92487	41.85461	1.33326	-0.33173	-0.10264	0.25359	0.99998	-0.00193	0.00575	0.00179	0.99973	0.02328	-0.00579	-0.02327	0.99971	
90	0.89000	-6.92070	13.01716	0.53472	-0.44002	0.36166	-0.52262	0.44399	0.99994	-0.00917	-0.00624	0.00912	0.99993	-0.00774	0.00631	0.00768	0.99995		-11.87381	56.47637	872.35125	179.76509	2.16593	-2.47545	0.48751	0.99835	0.04335	0.03758	0.04316	-0.99905	0.00573	0.03779	-0.00410	-0.99928		500.89746	4.91366	41.76111	1.31352	-0.31591	-0.09337	0.25262	0.99998	-0.00176	0.00547	0.00163	0.99974	0.02293	-0.00551	-0.02292	0.99972	
91	0.90000	-6.91959	13.03355	0.55027	-0.43545	0.37104	-0.52975	0.44514	0.99994	-0.00929	-0.00640	0.00925	0.99993	-0.00766	0.00648	0.00760	0.99995		-12.02258	56.53912	872.34297	179.76369	2.18557	-2.49208	0.48698	0.99833	0.04364	0.03792	0.04345	-0.99904	0.00578	0.03814	-0.00412	-0.99926		500.89507	4.97890	41.82666	1.32293	-0.32888	-0.10105	0.25247	0.99998	-0.00190	0.00570	0.00176	0.99973	0.02310	-0.00574	-0.02309	0.99972	
92	0.91000	-6.92664	13.01572	0.57918	-0.44352	0.38098	-0.52200	0.44623	0.99994	-0.00916	-0.00658	0.00911	0.99993	-0.00780	0.00665	0.00774	0.99995		-12.15749	56.42632	872.30765	179.77522	2.18776	-2.47485	0.48943	0.99834	0.04333	0.03797	0.04315	-0.99905	0.00557	0.03817	-0.00392	-0.99926		500.88769	4.90347	41.88865	1.31150	-0.33637	-0.08803	0.24930	0.99998	-0.00167	0.00583	0.00154	0.99974	0.02290	-0.00587	-0.02289	0.99972	
93	0.92000	-6.93310	13.01385	0.59143	-0.45184	0.38643	-0.52270	0.44814	0.99994	-0.00918	-0.00667	0.00912	0.99993	-0.00795	0.00674	0.00789	0.99995		-12.23248	56.29273	872.30646	179.77652	2.19772	-2.46895	0.49023	0.99834	0.04323	0.03814	0.04305	-0.99906	0.00555	0.03835	-0.00390	-0.99926		500.89568	4.90180	41.92659	1.33177	-0.33892	-0.08739	0.25318	0.99998	-0.00166	0.00588	0.00153	0.99973	0.02325	-0.00592	-0.02324	0.99971	
94	0.93000	-6.93354	13.02433	0.56892	-0.44447	0.37832	-0.52562	0.44569	0.99994	-0.00922	-0.00653	0.00917	0.99993	-0.00782	0.00660	0.00776	0.99995		-12.11215	56.42384	872.31698	179.77036	2.18584	-2.49709	0.49051	0.99832	0.04372	0.03793	0.04354	-0.99904	0.00567	0.03814	-0.00401	-0.99926		500.90450	4.94823	41.87177	1.33122	-0.34065	-0.10779	0.24954	0.99998	-0.00202	0.00590	0.00188	0.99973	0.02324	-0.00595	-0.02323	0.99971	
