1	0.00000	-6.30931	13.74840	0.30598	0.36176	0.09275	-0.68544	0.43620	0.99993	-0.01195	-0.00169	0.01196	0.99991	0.00629	0.00162	-0.00631	0.99998		-9.27376	67.84785	871.94951	178.92091	1.89802	-2.77924	0.49810	0.99828	0.04910	0.03216	0.04846	-0.99862	0.02042	0.03312	-0.01882	-0.99927		501.20684	6.58151	39.58334	0.89410	-0.65481	-0.34761	0.31739	0.99992	-0.00624	0.01133	0.00607	0.99986	0.01567	-0.01143	-0.01560	0.99981	
2	0.01000	-6.31145	13.71955	0.32913	0.34780	0.10039	-0.67371	0.42852	0.99993	-0.01175	-0.00182	0.01176	0.99991	0.00605	0.00175	-0.00607	0.99998		-9.38070	67.65655	871.94499	178.92978	1.90478	-2.75943	0.49604	0.99829	0.04875	0.03230	0.04812	-0.99864	0.02026	0.03324	-0.01867	-0.99927		501.20855	6.51888	39.61484	0.92925	-0.66576	-0.37488	0.31096	0.99991	-0.00673	0.01151	0.00654	0.99985	0.01629	-0.01162	-0.01622	0.99980	
3	0.02000	-6.31198	13.74939	0.33191	0.38735	0.09850	-0.68108	0.42352	0.99993	-0.01187	-0.00180	0.01189	0.99991	0.00674	0.00172	-0.00676	0.99998		-9.36058	68.22956	871.89469	178.89560	1.90661	-2.76491	0.49631	0.99828	0.04887	0.03230	0.04821	-0.99862	0.02086	0.03327	-0.01926	-0.99926		501.19925	6.56419	39.60117	0.87752	-0.64999	-0.34717	0.31435	0.99992	-0.00623	0.01125	0.00606	0.99986	0.01538	-0.01134	-0.01531	0.99982	
4	0.03000	-6.34047	13.24321	-0.11522	-0.12997	-0.03787	-0.55044	0.42519	0.99995	-0.00961	0.00068	0.00961	0.99995	-0.00226	-0.00066	0.00227	1.00000		-7.10733	61.13002	872.91378	179.37881	1.66596	-2.82343	0.57820	0.99836	0.04957	0.02850	0.04924	-0.99871	0.01226	0.02907	-0.01084	-0.99952		500.92745	5.58474	39.01823	1.41873	0.17061	-0.20957	0.39477	0.99999	-0.00358	-0.00307	0.00366	0.99969	0.02475	0.00298	-0.02476	0.99969	
5	0.04000	-6.33867	13.22451	-0.13164	-0.14840	-0.04499	-0.54694	0.43184	0.99995	-0.00954	0.00081	0.00955	0.99995	-0.00258	-0.00079	0.00259	1.00000		-7.00568	60.86449	872.94334	179.39067	1.64578	-2.81616	0.57791	0.99838	0.04943	0.02816	0.04911	-0.99872	0.01203	0.02872	-0.01063	-0.99953		501.03500	5.30721	39.01106	1.15054	0.09021	-0.10834	0.50774	1.00000	-0.00186	-0.00161	0.00189	0.99980	0.02008	0.00157	-0.02008	0.99980	
6	0.05000	-6.02422	12.76449	-0.76644	-0.89160	-0.45257	-0.45851	0.48708	0.99994	-0.00788	0.00802	0.00800	0.99985	-0.01550	-0.00790	0.01556	0.99985		-0.82187	49.54155	874.12283	-179.74254	1.17444	-2.23521	0.58927	0.99903	0.03891	0.02066	0.03899	-0.99923	-0.00369	0.02050	0.00449	-0.99978		501.21398	3.86609	35.80333	1.21742	0.56769	0.53101	0.45668	0.99991	0.00948	-0.00971	-0.00927	0.99973	0.02134	0.00991	-0.02125	0.99973	
7	0.06000	-6.56900	12.93636	1.06803	-0.53658	0.45963	-0.53473	0.42014	0.99992	-0.00941	-0.00793	0.00933	0.99991	-0.00944	0.00802	0.00936	0.99992		-14.12202	54.98477	872.16621	179.84662	2.27726	-2.40974	0.59571	0.99833	0.04215	0.03959	0.04201	-0.99911	0.00435	0.03974	-0.00267	-0.99921		500.92709	5.25964	42.30744	1.54813	-0.51105	-0.06493	0.50165	0.99996	-0.00137	0.00889	0.00113	0.99963	0.02703	-0.00892	-0.02702	0.99960	
8	0.07000	-6.52999	13.04969	0.18556	-0.14095	0.08929	-0.52049	0.44512	0.99996	-0.00909	-0.00154	0.00908	0.99996	-0.00247	0.00156	0.00246	1.00000		-8.59807	60.92937	872.62490	179.36453	1.85656	-2.46603	0.52383	0.99855	0.04338	0.03189	0.04300	-0.99900	0.01247	0.03240	-0.01109	-0.99941		501.09944	5.45590	40.00181	1.29791	0.02000	-0.34074	0.46369	0.99998	-0.00594	-0.00048	0.00595	0.99973	0.02265	0.00035	-0.02265	0.99974	
9	0.08000	-6.54330	13.03498	0.18381	-0.13057	0.08897	-0.51360	0.44825	0.99996	-0.00897	-0.00153	0.00896	0.99996	-0.00229	0.00155	0.00228	1.00000		-8.57083	61.08926	872.61496	179.35402	1.85663	-2.44603	0.52199	0.99856	0.04304	0.03189	0.04266	-0.99901	0.01265	0.03240	-0.01127	-0.99941		501.10426	5.41889	40.00770	1.29344	0.02980	-0.34416	0.46186	0.99998	-0.00599	-0.00066	0.00601	0.99973	0.02257	0.00052	-0.02257	0.99975	
10	0.09000	-6.55343	13.04815	0.18174	-0.12924	0.08888	-0.51641	0.44769	0.99996	-0.00902	-0.00153	0.00901	0.99996	-0.00227	0.00155	0.00226	1.00000		-8.56206	61.10413	872.62209	179.34602	1.85789	-2.46023	0.51404	0.99855	0.04329	0.03190	0.04290	-0.99900	0.01279	0.03242	-0.01141	-0.99941		501.12443	5.45350	39.99575	1.30267	0.00066	-0.38420	0.47015	0.99998	-0.00670	-0.00016	0.00671	0.99972	0.02273	0.00001	-0.02273	0.99974	
11	0.10000	-6.55889	13.03691	0.17342	-0.11739	0.08495	-0.51216	0.44711	0.99996	-0.00894	-0.00146	0.00894	0.99996	-0.00206	0.00148	0.00205	1.00000		-8.49100	61.30163	872.62020	179.34361	1.85564	-2.45159	0.51224	0.99856	0.04314	0.03186	0.04275	-0.99900	0.01283	0.03238	-0.01145	-0.99941		501.12195	5.44810	39.98635	1.31144	0.02060	-0.39089	0.46581	0.99998	-0.00681	-0.00052	0.00682	0.99971	0.02288	0.00036	-0.02289	0.99974	
12	0.11000	-6.56736	13.04559	0.21063	-0.13066	0.09991	-0.51771	0.44944	0.99996	-0.00904	-0.00172	0.00904	0.99996	-0.00230	0.00174	0.00228	1.00000		-8.71528	61.07185	872.58902	179.35641	1.86953	-2.44114	0.51578	0.99856	0.04296	0.03211	0.04257	-0.99901	0.01261	0.03262	-0.01123	-0.99940		501.12665	5.17818	40.07010	0.97821	-0.00808	-0.18667	0.48137	0.99999	-0.00326	0.00009	0.00326	0.99985	0.01707	-0.00014	-0.01707	0.99985	
13	0.12000	-6.56745	13.03874	0.20338	-0.13039	0.09585	-0.51533	0.44944	0.99996	-0.00900	-0.00165	0.00899	0.99996	-0.00229	0.00167	0.00228	1.00000		-8.65364	61.10373	872.59160	179.35791	1.86114	-2.46107	0.51464	0.99855	0.04330	0.03196	0.04292	-0.99900	0.01259	0.03248	-0.01120	-0.99941		501.12707	5.18746	40.04552	1.00552	0.00012	-0.21194	0.47484	0.99999	-0.00370	-0.00007	0.00370	0.99984	0.01755	0.00000	-0.01755	0.99985	
14	0.13000	-6.56855	13.05729	0.20269	-0.11876	0.09585	-0.52012	0.45118	0.99996	-0.00908	-0.00165	0.00908	0.99996	-0.00209	0.00167	0.00207	1.00000		-8.66516	61.25310	872.57355	179.34296	1.85419	-2.45947	0.51202	0.99856	0.04328	0.03183	0.04289	-0.99900	0.01285	0.03236	-0.01146	-0.99941		501.13424	5.21592	40.04997	0.99237	-0.00785	-0.20142	0.47161	0.99999	-0.00352	0.00008	0.00352	0.99984	0.01732	-0.00014	-0.01732	0.99985	
15	0.14000	-6.56844	13.02620	0.21135	-0.12668	0.09910	-0.50988	0.44944	0.99996	-0.00890	-0.00171	0.00890	0.99996	-0.00223	0.00173	0.00221	1.00000		-8.69840	61.17327	872.57845	179.36082	1.86336	-2.44552	0.51345	0.99856	0.04303	0.03201	0.04265	-0.99901	0.01253	0.03252	-0.01115	-0.99941		501.11604	5.10957	40.05975	0.95450	0.00459	-0.25112	0.49312	0.99999	-0.00438	-0.00015	0.00438	0.99985	0.01666	0.00008	-0.01666	0.99986	
16	0.15000	-6.57691	13.03859	0.20035	-0.12300	0.09635	-0.51226	0.44627	0.99996	-0.00894	-0.00166	0.00894	0.99996	-0.00216	0.00168	0.00215	1.00000		-8.64997	61.21724	872.59073	179.35121	1.86300	-2.45547	0.50960	0.99855	0.04321	0.03199	0.04282	-0.99900	0.01271	0.03251	-0.01132	-0.99941		501.14007	5.17344	40.05276	1.00201	-0.01871	-0.23570	0.48042	0.99999	-0.00412	0.00025	0.00411	0.99984	0.01749	-0.00033	-0.01749	0.99985	
17	0.16000	-6.58017	13.03069	0.19373	-0.12120	0.09244	-0.51028	0.44966	0.99996	-0.00891	-0.00159	0.00891	0.99996	-0.00213	0.00161	0.00212	1.00000		-8.58323	61.25892	872.59621	179.34653	1.85994	-2.45785	0.50885	0.99855	0.04325	0.03194	0.04286	-0.99900	0.01279	0.03246	-0.01140	-0.99941		501.14592	5.15331	40.02419	0.98417	-0.01923	-0.21584	0.47459	0.99999	-0.00377	0.00027	0.00377	0.99985	0.01718	-0.00034	-0.01718	0.99985	
18	0.17000	-6.57691	13.02405	0.21763	-0.13243	0.09976	-0.50871	0.44710	0.99996	-0.00888	-0.00172	0.00888	0.99996	-0.00233	0.00174	0.00231	1.00000		-8.69610	61.08777	872.57330	179.35973	1.86326	-2.45097	0.51194	0.99856	0.04312	0.03200	0.04274	-0.99901	0.01255	0.03251	-0.01117	-0.99941		501.13662	5.10875	40.04892	0.96908	-0.01568	-0.27033	0.49391	0.99999	-0.00472	0.00019	0.00472	0.99985	0.01691	-0.00027	-0.01691	0.99986	
19	0.18000	-6.58136	13.03321	0.23159	-0.13161	0.10601	-0.51312	0.44970	0.99996	-0.00896	-0.00183	0.00896	0.99996	-0.00231	0.00185	0.00230	1.00000		-8.78925	61.08452	872.55999	179.35898	1.87103	-2.44935	0.51262	0.99855	0.04310	0.03214	0.04271	-0.99901	0.01257	0.03265	-0.01118	-0.99940		501.12820	5.13701	40.09847	0.97037	-0.01224	-0.25707	0.50076	0.99999	-0.00449	0.00014	0.00449	0.99985	0.01694	-0.00021	-0.01694	0.99986	
20	0.19000	-6.58385	13.04377	0.20129	-0.11212	0.09337	-0.51404	0.45169	0.99996	-0.00897	-0.00161	0.00897	0.99996	-0.00197	0.00163	0.00196	1.00000		-8.60004	61.38310	872.57681	179.34126	1.85974	-2.45653	0.50963	0.99855	0.04323	0.03193	0.04284	-0.99900	0.01288	0.03245	-0.01149	-0.99941		501.13912	5.16477	40.03610	0.97276	-0.00284	-0.20473	0.47707	0.99999	-0.00357	-0.00001	0.00357	0.99985	0.01698	-0.00005	-0.01698	0.99986	
21	0.20000	-6.58424	13.03294	0.20553	-0.12137	0.09607	-0.51153	0.44766	0.99996	-0.00893	-0.00166	0.00893	0.99996	-0.00213	0.00168	0.00212	1.00000		-8.63295	61.24157	872.58729	179.34431	1.86536	-2.44984	0.50814	0.99856	0.04311	0.03203	0.04272	-0.99900	0.01282	0.03255	-0.01144	-0.99940		501.14503	5.17829	40.04597	1.01181	-0.02686	-0.23886	0.47831	0.99999	-0.00418	0.00040	0.00417	0.99984	0.01766	-0.00047	-0.01766	0.99984	
22	0.21000	-6.58647	13.04519	0.21913	-0.11882	0.10115	-0.51395	0.45203	0.99996	-0.00897	-0.00175	0.00897	0.99996	-0.00209	0.00177	0.00207	1.00000		-8.71188	61.27865	872.56411	179.35497	1.86773	-2.45721	0.50777	0.99855	0.04324	0.03208	0.04285	-0.99900	0.01264	0.03259	-0.01125	-0.99941		501.12595	5.43728	40.07810	1.29140	-0.01986	-0.39003	0.46920	0.99998	-0.00681	0.00019	0.00681	0.99972	0.02254	-0.00035	-0.02254	0.99975	
23	0.22000	-6.58983	13.03593	0.21570	-0.12440	0.10300	-0.51171	0.44611	0.99996	-0.00893	-0.00178	0.00893	0.99996	-0.00219	0.00180	0.00217	1.00000		-8.73633	61.20665	872.56647	179.35751	1.86449	-2.45882	0.50561	0.99855	0.04326	0.03202	0.04288	-0.99900	0.01260	0.03254	-0.01121	-0.99941		501.12798	5.42830	40.10062	1.30225	-0.00768	-0.40367	0.46599	0.99998	-0.00705	-0.00003	0.00705	0.99972	0.02273	-0.00013	-0.02273	0.99974	
24	0.23000	-6.58252	13.03400	0.19275	-0.11692	0.09240	-0.51019	0.44743	0.99996	-0.00891	-0.00159	0.00890	0.99996	-0.00206	0.00161	0.00204	1.00000		-8.57926	61.31386	872.58843	179.35121	1.85855	-2.44796	0.51013	0.99856	0.04308	0.03192	0.04269	-0.99901	0.01270	0.03243	-0.01132	-0.99941		501.14127	5.39301	39.96523	1.32220	-0.08161	-0.36252	0.48105	0.99998	-0.00636	0.00128	0.00633	0.99971	0.02308	-0.00142	-0.02307	0.99973	
25	0.24000	-6.58502	13.03499	0.21805	-0.13077	0.10089	-0.51368	0.44493	0.99996	-0.00897	-0.00174	0.00897	0.99996	-0.00230	0.00176	0.00228	1.00000		-8.69457	61.11181	872.61394	179.39993	1.89126	-2.42683	0.53107	0.99856	0.04269	0.03253	0.04232	-0.99903	0.01186	0.03300	-0.01047	-0.99940		501.12117	5.43188	40.03439	1.45085	-0.13815	-0.39923	0.47771	0.99997	-0.00703	0.00223	0.00697	0.99965	0.02534	-0.00241	-0.02532	0.99968	
26	0.25000	-6.59032	13.04134	0.20430	-0.12484	0.09687	-0.51523	0.44434	0.99996	-0.00900	-0.00167	0.00899	0.99996	-0.00219	0.00169	0.00218	1.00000		-8.62943	61.20595	872.61719	179.39420	1.88148	-2.43806	0.53442	0.99856	0.04288	0.03235	0.04252	-0.99902	0.01196	0.03283	-0.01057	-0.99941		501.12818	5.45272	40.01131	1.44970	-0.13740	-0.40310	0.47730	0.99997	-0.00709	0.00222	0.00704	0.99965	0.02532	-0.00240	-0.02530	0.99968	
27	0.26000	-6.59275	13.04366	0.19726	-0.11711	0.09325	-0.51720	0.44602	0.99996	-0.00903	-0.00161	0.00903	0.99996	-0.00206	0.00163	0.00204	1.00000		-8.57306	61.31249	872.61993	179.38371	1.88125	-2.42781	0.53042	0.99856	0.04271	0.03234	0.04234	-0.99903	0.01214	0.03283	-0.01075	-0.99940		501.13255	5.47978	39.98476	1.45868	-0.14030	-0.40201	0.47689	0.99997	-0.00708	0.00227	0.00702	0.99965	0.02547	-0.00245	-0.02546	0.99967	
28	0.27000	-6.59299	13.04492	0.19939	-0.12595	0.09559	-0.51743	0.44701	0.99996	-0.00903	-0.00165	0.00903	0.99996	-0.00221	0.00167	0.00220	1.00000		-8.60243	61.18561	872.62467	179.39432	1.88280	-2.44158	0.53582	0.99855	0.04295	0.03237	0.04258	-0.99902	0.01196	0.03286	-0.01057	-0.99940		501.12513	5.48564	40.01714	1.48475	-0.12701	-0.42124	0.48857	0.99997	-0.00741	0.00203	0.00735	0.99964	0.02593	-0.00222	-0.02591	0.99966	
29	0.28000	-6.59479	13.04958	0.22813	-0.12452	0.10623	-0.51763	0.44680	0.99996	-0.00904	-0.00183	0.00903	0.99996	-0.00219	0.00185	0.00217	1.00000		-8.76623	61.19281	872.59547	179.39587	1.89540	-2.43093	0.53284	0.99855	0.04276	0.03260	0.04239	-0.99903	0.01194	0.03307	-0.01054	-0.99940		501.12082	5.48993	40.07551	1.48093	-0.14618	-0.42001	0.48242	0.99997	-0.00739	0.00236	0.00733	0.99964	0.02586	-0.00255	-0.02584	0.99966	
30	0.29000	-6.59276	13.02731	0.20717	-0.12888	0.09632	-0.50989	0.45117	0.99996	-0.00890	-0.00166	0.00890	0.99996	-0.00227	0.00168	0.00225	1.00000		-8.60387	61.15822	872.62307	179.39560	1.88408	-2.42950	0.53458	0.99856	0.04273	0.03240	0.04237	-0.99903	0.01193	0.03288	-0.01054	-0.99940		501.13089	5.43067	39.99849	1.47557	-0.14879	-0.42475	0.48597	0.99997	-0.00748	0.00241	0.00741	0.99964	0.02577	-0.00260	-0.02575	0.99967	
31	0.30000	-6.59581	13.03310	0.21895	-0.11452	0.10240	-0.51157	0.44512	0.99996	-0.00893	-0.00177	0.00893	0.99996	-0.00202	0.00179	0.00200	1.00000		-8.70144	61.36608	872.59706	179.37891	1.88862	-2.42692	0.53112	0.99856	0.04270	0.03247	0.04232	-0.99903	0.01223	0.03296	-0.01083	-0.99940		501.12171	5.44113	40.04562	1.45850	-0.14076	-0.40649	0.48870	0.99997	-0.00715	0.00228	0.00709	0.99965	0.02547	-0.00246	-0.02545	0.99967	
32	0.31000	-6.59968	13.03099	0.20035	-0.12776	0.09425	-0.51096	0.44883	0.99996	-0.00892	-0.00162	0.00892	0.99996	-0.00225	0.00164	0.00223	1.00000		-8.56439	61.16163	872.63734	179.39888	1.88836	-2.41952	0.53147	0.99857	0.04256	0.03248	0.04219	-0.99904	0.01187	0.03295	-0.01049	-0.99940		501.13266	5.44376	39.99414	1.48765	-0.13386	-0.43080	0.49039	0.99997	-0.00758	0.00214	0.00752	0.99963	0.02598	-0.00234	-0.02596	0.99966	
33	0.32000	-6.60061	13.04721	0.22861	-0.13017	0.10767	-0.51661	0.44967	0.99996	-0.00902	-0.00186	0.00902	0.99996	-0.00229	0.00188	0.00227	1.00000		-8.77068	61.10348	872.61362	179.40111	1.90658	-2.42264	0.52888	0.99855	0.04262	0.03280	0.04225	-0.99904	0.01185	0.03327	-0.01045	-0.99939		501.13577	5.47171	40.07564	1.48598	-0.16934	-0.42220	0.48650	0.99997	-0.00744	0.00276	0.00737	0.99964	0.02595	-0.00296	-0.02593	0.99966	
34	0.33000	-6.60075	13.03681	0.21456	-0.13019	0.10205	-0.51199	0.44570	0.99996	-0.00894	-0.00176	0.00894	0.99996	-0.00229	0.00178	0.00227	1.00000		-8.67842	61.12783	872.61338	179.39734	1.89333	-2.42487	0.53162	0.99856	0.04265	0.03256	0.04229	-0.99903	0.01191	0.03304	-0.01051	-0.99940		501.13627	5.43935	40.03706	1.48530	-0.15645	-0.42629	0.49080	0.99997	-0.00751	0.00254	0.00744	0.99964	0.02594	-0.00273	-0.02592	0.99966	
35	0.34000	-6.59856	13.04747	0.20228	-0.13416	0.09780	-0.51640	0.44442	0.99996	-0.00902	-0.00169	0.00901	0.99996	-0.00236	0.00171	0.00234	1.00000		-8.61400	61.06009	872.64223	179.40611	1.89786	-2.42898	0.53376	0.99855	0.04272	0.03265	0.04236	-0.99903	0.01176	0.03312	-0.01036	-0.99940		501.13588	5.46865	40.01772	1.50045	-0.15904	-0.41257	0.49381	0.99997	-0.00727	0.00259	0.00720	0.99963	0.02620	-0.00278	-0.02618	0.99965	
36	0.35000	-6.60045	13.03505	0.21256	-0.11877	0.10205	-0.51022	0.44924	0.99996	-0.00891	-0.00176	0.00890	0.99996	-0.00209	0.00178	0.00207	1.00000		-8.68118	61.29750	872.61343	179.38680	1.89555	-2.41475	0.53165	0.99857	0.04248	0.03260	0.04211	-0.99904	0.01209	0.03308	-0.01070	-0.99940		501.13341	5.44447	40.05308	1.48359	-0.15003	-0.42944	0.49206	0.99997	-0.00756	0.00242	0.00750	0.99964	0.02591	-0.00262	-0.02589	0.99966	
37	0.36000	-6.60081	13.04741	0.19543	-0.11408	0.09686	-0.51259	0.44767	0.99996	-0.00895	-0.00167	0.00895	0.99996	-0.00201	0.00169	0.00199	1.00000		-8.59714	61.37197	872.63403	179.38216	1.89776	-2.42978	0.52963	0.99855	0.04275	0.03263	0.04237	-0.99903	0.01218	0.03312	-0.01078	-0.99939		501.14276	5.45965	40.01816	1.48716	-0.15749	-0.43307	0.49710	0.99997	-0.00763	0.00255	0.00756	0.99963	0.02597	-0.00275	-0.02595	0.99966	
38	0.37000	-6.60124	13.05038	0.20764	-0.12332	0.09869	-0.51587	0.44650	0.99996	-0.00901	-0.00170	0.00900	0.99996	-0.00217	0.00172	0.00215	1.00000		-8.63104	61.22453	872.62629	179.39493	1.89742	-2.42629	0.53238	0.99856	0.04268	0.03263	0.04231	-0.99903	0.01195	0.03311	-0.01055	-0.99940		501.14530	5.48050	40.01576	1.50601	-0.16569	-0.42214	0.49918	0.99997	-0.00744	0.00270	0.00737	0.99963	0.02630	-0.00289	-0.02628	0.99965	
39	0.38000	-6.60379	13.04747	0.19055	-0.11977	0.09298	-0.51456	0.44700	0.99996	-0.00898	-0.00160	0.00898	0.99996	-0.00211	0.00162	0.00209	1.00000		-8.53068	61.28006	872.64421	179.39044	1.89920	-2.42290	0.53300	0.99856	0.04262	0.03266	0.04225	-0.99903	0.01203	0.03314	-0.01063	-0.99939		501.14173	5.46108	39.99379	1.48632	-0.14314	-0.40698	0.49249	0.99997	-0.00717	0.00231	0.00710	0.99964	0.02596	-0.00250	-0.02594	0.99966	
40	0.39000	-6.61270	13.03367	0.22518	-0.13928	0.10916	-0.51170	0.44228	0.99996	-0.00894	-0.00188	0.00893	0.99996	-0.00245	0.00191	0.00243	0.99999		-8.76780	60.99497	872.62559	179.41487	1.91320	-2.41381	0.53013	0.99856	0.04245	0.03292	0.04209	-0.99905	0.01161	0.03339	-0.01021	-0.99939		501.14357	5.42360	40.08678	1.49084	-0.17491	-0.41701	0.49479	0.99997	-0.00736	0.00286	0.00728	0.99963	0.02604	-0.00305	-0.02602	0.99966	
41	0.40000	-6.61361	13.03563	0.23342	-0.13467	0.10939	-0.51357	0.44704	0.99996	-0.00897	-0.00189	0.00896	0.99996	-0.00237	0.00191	0.00235	0.99999		-8.76855	61.06120	872.61449	179.40605	1.91321	-2.41621	0.53085	0.99855	0.04250	0.03292	0.04213	-0.99904	0.01176	0.03339	-0.01036	-0.99939		501.14245	5.46207	40.08077	1.49662	-0.17471	-0.42393	0.49700	0.99997	-0.00748	0.00285	0.00740	0.99963	0.02614	-0.00305	-0.02612	0.99965	
42	0.41000	-6.60841	13.04429	0.21901	-0.13422	0.10590	-0.51712	0.44606	0.99996	-0.00903	-0.00183	0.00903	0.99996	-0.00236	0.00185	0.00234	1.00000		-8.72438	61.07215	872.62584	179.41621	1.91133	-2.42569	0.53140	0.99855	0.04266	0.03289	0.04230	-0.99904	0.01159	0.03335	-0.01018	-0.99939		501.14581	5.49643	40.06476	1.51859	-0.17544	-0.43583	0.49651	0.99997	-0.00769	0.00286	0.00761	0.99962	0.02652	-0.00306	-0.02650	0.99964	
43	0.42000	-6.61075	13.04072	0.19075	-0.12461	0.09402	-0.51267	0.44653	0.99996	-0.00895	-0.00162	0.00895	0.99996	-0.00219	0.00164	0.00217	1.00000		-8.53484	61.22919	872.64997	179.39818	1.90177	-2.42885	0.53460	0.99855	0.04272	0.03271	0.04236	-0.99903	0.01190	0.03319	-0.01050	-0.99939		501.15973	5.46421	39.98755	1.49039	-0.16873	-0.43838	0.50050	0.99997	-0.00773	0.00274	0.00765	0.99963	0.02603	-0.00294	-0.02601	0.99966	
44	0.43000	-6.62083	13.03247	0.25975	-0.14479	0.11859	-0.51172	0.44634	0.99996	-0.00894	-0.00205	0.00893	0.99996	-0.00255	0.00207	0.00253	0.99999		-8.89799	60.92971	872.59288	179.41939	1.91914	-2.42608	0.53050	0.99854	0.04267	0.03303	0.04231	-0.99904	0.01154	0.03349	-0.01013	-0.99939		501.14453	5.44450	40.13593	1.51763	-0.18205	-0.42947	0.50030	0.99997	-0.00758	0.00298	0.00750	0.99962	0.02651	-0.00318	-0.02648	0.99964	
45	0.44000	-6.61629	13.04977	0.20629	-0.12291	0.10161	-0.51528	0.44775	0.99996	-0.00900	-0.00175	0.00899	0.99996	-0.00216	0.00177	0.00215	1.00000		-8.64727	61.23146	872.62951	179.38934	1.90373	-2.41938	0.53321	0.99856	0.04256	0.03274	0.04219	-0.99904	0.01205	0.03322	-0.01065	-0.99939		501.15374	5.47281	40.03871	1.49754	-0.16736	-0.43604	0.49706	0.99997	-0.00768	0.00272	0.00761	0.99963	0.02616	-0.00292	-0.02613	0.99965	
46	0.45000	-6.66966	13.02197	0.58643	-0.33910	0.30039	-0.54588	0.41435	0.99994	-0.00956	-0.00519	0.00953	0.99994	-0.00597	0.00524	0.00592	0.99997		-11.62189	57.93779	872.45173	179.61441	2.11006	-2.44891	0.53229	0.99841	0.04298	0.03650	0.04270	-0.99905	0.00830	0.03682	-0.00673	-0.99930		501.06387	5.61773	41.40875	1.70747	-0.35890	-0.39430	0.49581	0.99996	-0.00707	0.00606	0.00688	0.99953	0.02984	-0.00626	-0.02980	0.99954	
47	0.46000	-6.61750	13.03902	0.22343	-0.14065	0.10773	-0.51427	0.44728	0.99996	-0.00898	-0.00186	0.00898	0.99996	-0.00247	0.00188	0.00245	0.99999		-8.73736	60.97142	872.64243	179.41171	1.91840	-2.42356	0.53246	0.99855	0.04263	0.03301	0.04226	-0.99904	0.01167	0.03348	-0.01026	-0.99939		501.15069	5.47640	40.07996	1.51523	-0.17916	-0.45023	0.49705	0.99996	-0.00794	0.00292	0.00786	0.99962	0.02647	-0.00313	-0.02644	0.99965	
48	0.47000	-6.61703	13.04439	0.21257	-0.12220	0.10316	-0.51349	0.44510	0.99996	-0.00897	-0.00178	0.00896	0.99996	-0.00215	0.00180	0.00213	1.00000		-8.66608	61.25796	872.62381	179.39958	1.90729	-2.42909	0.53596	0.99855	0.04273	0.03281	0.04236	-0.99903	0.01188	0.03328	-0.01047	-0.99939		501.15070	5.46640	40.05110	1.50009	-0.16671	-0.42826	0.50044	0.99997	-0.00755	0.00271	0.00747	0.99963	0.02620	-0.00291	-0.02618	0.99965	
49	0.48000	-6.61632	13.04784	0.20644	-0.11905	0.10208	-0.51389	0.44905	0.99996	-0.00897	-0.00176	0.00897	0.99996	-0.00209	0.00178	0.00208	1.00000		-8.65274	61.29205	872.63003	179.38916	1.90769	-2.42693	0.53412	0.99855	0.04270	0.03281	0.04232	-0.99903	0.01206	0.03329	-0.01066	-0.99939		501.14551	5.46147	40.04109	1.48113	-0.16801	-0.42907	0.49641	0.99997	-0.00756	0.00274	0.00749	0.99964	0.02587	-0.00293	-0.02585	0.99966	
50	0.49000	-6.61964	13.04001	0.20595	-0.11466	0.10544	-0.51126	0.44896	0.99996	-0.00893	-0.00182	0.00892	0.99996	-0.00202	0.00184	0.00200	1.00000		-8.69771	61.36005	872.62962	179.39189	1.91539	-2.41588	0.53313	0.99855	0.04250	0.03294	0.04213	-0.99904	0.01201	0.03342	-0.01061	-0.99938		501.14043	5.44413	40.09870	1.46363	-0.14259	-0.42962	0.49911	0.99997	-0.00756	0.00230	0.00750	0.99965	0.02556	-0.00249	-0.02554	0.99967	
51	0.50000	-6.62058	13.04521	0.21922	-0.11675	0.10806	-0.51140	0.44875	0.99996	-0.00893	-0.00187	0.00893	0.99996	-0.00206	0.00189	0.00204	1.00000		-8.73061	61.33110	872.61695	179.39647	1.91752	-2.41887	0.53504	0.99855	0.04255	0.03298	0.04218	-0.99904	0.01194	0.03346	-0.01053	-0.99938		501.15987	5.47117	40.07775	1.49927	-0.18647	-0.46190	0.50139	0.99996	-0.00814	0.00304	0.00806	0.99962	0.02619	-0.00325	-0.02616	0.99965	
52	0.51000	-6.62221	13.04430	0.20627	-0.11036	0.10412	-0.51147	0.44796	0.99996	-0.00893	-0.00180	0.00893	0.99996	-0.00194	0.00182	0.00193	1.00000		-8.66879	61.42769	872.62066	179.38425	1.91106	-2.42346	0.53519	0.99855	0.04264	0.03286	0.04226	-0.99903	0.01215	0.03335	-0.01074	-0.99939		501.15646	5.46274	40.07486	1.48898	-0.16876	-0.44587	0.49659	0.99997	-0.00786	0.00274	0.00778	0.99963	0.02601	-0.00295	-0.02598	0.99966	
53	0.52000	-6.62965	13.04413	0.23286	-0.12081	0.11238	-0.51244	0.44710	0.99996	-0.00895	-0.00194	0.00894	0.99996	-0.00213	0.00196	0.00211	1.00000		-8.79356	61.26936	872.59638	179.40048	1.91486	-2.42261	0.53226	0.99855	0.04262	0.03294	0.04225	-0.99904	0.01187	0.03341	-0.01046	-0.99939		501.16283	5.47028	40.12254	1.50298	-0.17776	-0.44478	0.50043	0.99997	-0.00784	0.00290	0.00776	0.99963	0.02625	-0.00310	-0.02623	0.99965	
54	0.53000	-6.62608	13.03488	0.24450	-0.13294	0.11863	-0.50926	0.44739	0.99996	-0.00889	-0.00205	0.00889	0.99996	-0.00234	0.00207	0.00232	0.99999		-8.87990	61.09142	872.60529	179.40907	1.93036	-2.42059	0.53523	0.99854	0.04258	0.03322	0.04221	-0.99904	0.01173	0.03368	-0.01031	-0.99938		501.15923	5.45624	40.15574	1.51955	-0.19160	-0.46184	0.50287	0.99996	-0.00815	0.00313	0.00806	0.99962	0.02654	-0.00334	-0.02652	0.99964	
55	0.54000	-6.62465	13.04348	0.22903	-0.12645	0.11175	-0.51393	0.44501	0.99996	-0.00897	-0.00193	0.00897	0.99996	-0.00223	0.00195	0.00221	1.00000		-8.78817	61.17200	872.62579	179.40646	1.92536	-2.41741	0.53554	0.99855	0.04252	0.03313	0.04216	-0.99904	0.01177	0.03360	-0.01035	-0.99938		501.15700	5.46661	40.11071	1.49863	-0.17983	-0.42720	0.50175	0.99997	-0.00754	0.00294	0.00746	0.99963	0.02618	-0.00314	-0.02615	0.99965	
56	0.55000	-6.67826	13.01819	0.61490	-0.36083	0.30769	-0.54480	0.41686	0.99994	-0.00954	-0.00531	0.00951	0.99993	-0.00635	0.00537	0.00630	0.99997		-11.72023	57.59914	872.44752	179.63751	2.11649	-2.45423	0.53582	0.99840	0.04305	0.03663	0.04279	-0.99905	0.00790	0.03693	-0.00632	-0.99930		501.07152	5.61240	41.44289	1.73698	-0.37305	-0.40264	0.50195	0.99995	-0.00722	0.00629	0.00703	0.99951	0.03036	-0.00651	-0.03031	0.99952	
57	0.56000	-6.62676	13.02745	0.22451	-0.14622	0.11064	-0.51059	0.44628	0.99996	-0.00892	-0.00191	0.00891	0.99996	-0.00257	0.00193	0.00255	0.99999		-8.76484	60.89188	872.64833	179.42296	1.91982	-2.41910	0.53535	0.99855	0.04254	0.03304	0.04219	-0.99904	0.01148	0.03350	-0.01007	-0.99939		501.16972	5.46698	40.10174	1.53758	-0.19903	-0.46247	0.50418	0.99996	-0.00816	0.00326	0.00807	0.99961	0.02686	-0.00347	-0.02683	0.99963	
58	0.57000	-6.63094	13.03511	0.24637	-0.13240	0.12073	-0.51186	0.44811	0.99996	-0.00894	-0.00209	0.00893	0.99996	-0.00233	0.00211	0.00231	0.99999		-8.92114	61.08462	872.60456	179.40326	1.92966	-2.41797	0.53428	0.99854	0.04254	0.03320	0.04217	-0.99904	0.01183	0.03367	-0.01041	-0.99938		501.15880	5.46905	40.17067	1.52044	-0.19250	-0.44201	0.50400	0.99996	-0.00780	0.00315	0.00771	0.99962	0.02656	-0.00336	-0.02653	0.99964	
59	0.58000	-6.68019	13.01060	0.61368	-0.34445	0.30869	-0.54104	0.41712	0.99994	-0.00947	-0.00533	0.00944	0.99994	-0.00606	0.00539	0.00601	0.99997		-11.73567	57.85991	872.42723	179.62462	2.11670	-2.45286	0.53306	0.99840	0.04304	0.03662	0.04277	-0.99905	0.00813	0.03693	-0.00655	-0.99930		501.07355	5.59651	41.44668	1.72506	-0.38263	-0.40416	0.50068	0.99995	-0.00725	0.00646	0.00705	0.99952	0.03015	-0.00668	-0.03010	0.99952	
60	0.59000	-6.62917	13.03297	0.24880	-0.13909	0.11932	-0.51044	0.44854	0.99996	-0.00891	-0.00206	0.00891	0.99996	-0.00245	0.00208	0.00243	0.99999		-8.89759	60.99282	872.61591	179.40965	1.93100	-2.42008	0.53317	0.99854	0.04257	0.03323	0.04220	-0.99904	0.01172	0.03370	-0.01030	-0.99938		501.15728	5.44038	40.14802	1.50582	-0.19931	-0.43713	0.49999	0.99996	-0.00772	0.00328	0.00763	0.99962	0.02630	-0.00348	-0.02628	0.99965	
61	0.60000	-6.63235	13.03467	0.24673	-0.13683	0.12060	-0.51107	0.44916	0.99996	-0.00892	-0.00208	0.00892	0.99996	-0.00241	0.00210	0.00239	0.99999		-8.91154	61.02741	872.61245	179.41455	1.93156	-2.41937	0.53440	0.99854	0.04256	0.03324	0.04219	-0.99904	0.01163	0.03371	-0.01021	-0.99938		501.16371	5.46013	40.15153	1.51951	-0.20625	-0.45658	0.49964	0.99996	-0.00806	0.00339	0.00797	0.99962	0.02655	-0.00360	-0.02652	0.99964	
62	0.61000	-6.62766	13.05279	0.20488	-0.12075	0.10338	-0.51492	0.45052	0.99996	-0.00899	-0.00178	0.00899	0.99996	-0.00212	0.00180	0.00211	1.00000		-8.65158	61.25916	872.64115	179.39879	1.92118	-2.42499	0.53417	0.99854	0.04266	0.03305	0.04229	-0.99903	0.01190	0.03352	-0.01049	-0.99938		501.17324	5.48295	40.05809	1.50063	-0.18411	-0.45662	0.50213	0.99996	-0.00805	0.00300	0.00797	0.99962	0.02621	-0.00321	-0.02619	0.99965	
63	0.62000	-6.62935	13.05244	0.22602	-0.10816	0.11059	-0.51547	0.44926	0.99996	-0.00900	-0.00191	0.00900	0.99996	-0.00191	0.00193	0.00189	1.00000		-8.76488	61.44219	872.61117	179.38771	1.93113	-2.41785	0.53281	0.99854	0.04254	0.03322	0.04216	-0.99904	0.01210	0.03370	-0.01068	-0.99937		501.15813	5.47580	40.09622	1.47534	-0.17998	-0.42134	0.50310	0.99997	-0.00743	0.00295	0.00735	0.99964	0.02577	-0.00314	-0.02575	0.99966	
64	0.63000	-6.62761	13.04522	0.21384	-0.12530	0.10582	-0.51217	0.44634	0.99996	-0.00894	-0.00183	0.00894	0.99996	-0.00220	0.00185	0.00219	1.00000		-8.68987	61.19942	872.63181	179.40538	1.91613	-2.42099	0.53521	0.99855	0.04259	0.03297	0.04222	-0.99904	0.01178	0.03344	-0.01037	-0.99939		501.16244	5.45958	40.06355	1.50122	-0.18074	-0.44232	0.50307	0.99997	-0.00780	0.00295	0.00772	0.99963	0.02622	-0.00315	-0.02620	0.99965	
65	0.64000	-6.68136	13.01527	0.60620	-0.35579	0.30876	-0.54323	0.41713	0.99994	-0.00951	-0.00533	0.00948	0.99994	-0.00626	0.00539	0.00621	0.99997		-11.73031	57.67517	872.43708	179.63747	2.11441	-2.44351	0.53342	0.99841	0.04287	0.03659	0.04261	-0.99906	0.00789	0.03689	-0.00632	-0.99930		501.07149	5.61227	41.44658	1.74449	-0.38708	-0.41204	0.50153	0.99995	-0.00739	0.00653	0.00719	0.99951	0.03049	-0.00676	-0.03044	0.99951	
66	0.65000	-6.63260	13.05797	0.21934	-0.12188	0.11092	-0.51869	0.44949	0.99996	-0.00906	-0.00192	0.00905	0.99996	-0.00215	0.00194	0.00213	1.00000		-8.77427	61.21804	872.62718	179.39821	1.92176	-2.41656	0.53296	0.99855	0.04251	0.03306	0.04214	-0.99904	0.01191	0.03353	-0.01050	-0.99938		501.16624	5.51611	40.10493	1.51524	-0.19214	-0.44810	0.50307	0.99996	-0.00791	0.00315	0.00782	0.99962	0.02647	-0.00335	-0.02644	0.99964	
67	0.66000	-6.63193	13.02955	0.24852	-0.14118	0.11947	-0.50833	0.44971	0.99996	-0.00888	-0.00206	0.00887	0.99996	-0.00248	0.00209	0.00246	0.99999		-8.89043	60.96844	872.61762	179.40891	1.92852	-2.42147	0.53290	0.99854	0.04259	0.03318	0.04223	-0.99904	0.01173	0.03365	-0.01031	-0.99938		501.15991	5.42791	40.15260	1.50012	-0.19415	-0.44954	0.50603	0.99996	-0.00793	0.00318	0.00785	0.99963	0.02620	-0.00339	-0.02618	0.99965	
68	0.67000	-6.63230	13.04730	0.20390	-0.12262	0.10212	-0.51365	0.44712	0.99996	-0.00897	-0.00176	0.00896	0.99996	-0.00216	0.00178	0.00214	1.00000		-8.63491	61.24062	872.64784	179.39774	1.91301	-2.42568	0.53321	0.99855	0.04267	0.03291	0.04230	-0.99903	0.01191	0.03338	-0.01051	-0.99939		501.17296	5.47462	40.04824	1.49728	-0.17453	-0.45264	0.50580	0.99996	-0.00798	0.00284	0.00790	0.99963	0.02615	-0.00305	-0.02613	0.99965	
69	0.68000	-6.62945	13.05372	0.21518	-0.12403	0.10700	-0.51727	0.44790	0.99996	-0.00903	-0.00185	0.00903	0.99996	-0.00218	0.00187	0.00216	1.00000		-8.71452	61.20371	872.63386	179.40369	1.91962	-2.42018	0.53424	0.99855	0.04257	0.03303	0.04220	-0.99904	0.01181	0.03350	-0.01040	-0.99938		501.16174	5.50667	40.07346	1.50345	-0.17511	-0.45584	0.50991	0.99996	-0.00803	0.00285	0.00796	0.99962	0.02626	-0.00306	-0.02624	0.99965	
70	0.69000	-6.63414	13.04180	0.22623	-0.13163	0.11096	-0.51088	0.44610	0.99996	-0.00892	-0.00192	0.00892	0.99996	-0.00232	0.00194	0.00230	1.00000		-8.75955	61.11097	872.62244	179.40308	1.91557	-2.42599	0.53072	0.99855	0.04267	0.03295	0.04231	-0.99903	0.01182	0.03343	-0.01041	-0.99939		501.17073	5.45682	40.09881	1.52599	-0.19209	-0.45048	0.50547	0.99996	-0.00795	0.00314	0.00786	0.99961	0.02666	-0.00335	-0.02663	0.99964	
71	0.70000	-6.63573	13.02799	0.22671	-0.12911	0.10968	-0.50854	0.44731	0.99996	-0.00888	-0.00189	0.00888	0.99996	-0.00227	0.00191	0.00225	1.00000		-8.74008	61.15495	872.61626	179.40564	1.91552	-2.41456	0.53541	0.99855	0.04247	0.03296	0.04211	-0.99904	0.01177	0.03343	-0.01037	-0.99939		501.16812	5.43352	40.08595	1.49488	-0.18966	-0.44507	0.50484	0.99996	-0.00785	0.00311	0.00777	0.99963	0.02611	-0.00331	-0.02609	0.99965	
72	0.71000	-6.63504	13.04311	0.23645	-0.12769	0.11549	-0.51485	0.45010	0.99996	-0.00899	-0.00200	0.00899	0.99996	-0.00225	0.00202	0.00223	1.00000		-8.82958	61.15676	872.60689	179.40053	1.92519	-2.42123	0.53741	0.99854	0.04259	0.03312	0.04222	-0.99904	0.01187	0.03359	-0.01046	-0.99938		501.17291	5.51003	40.12665	1.54214	-0.20010	-0.46130	0.50837	0.99996	-0.00814	0.00327	0.00805	0.99960	0.02694	-0.00349	-0.02691	0.99963	
73	0.72000	-6.63932	13.04560	0.25334	-0.12879	0.12190	-0.51593	0.44934	0.99996	-0.00901	-0.00211	0.00900	0.99996	-0.00227	0.00213	0.00225	0.99999		-8.92390	61.14950	872.58746	179.40402	1.92944	-2.42893	0.52818	0.99854	0.04273	0.03320	0.04236	-0.99903	0.01182	0.03367	-0.01040	-0.99938		501.16982	5.50964	40.16383	1.53016	-0.21741	-0.45947	0.51388	0.99996	-0.00812	0.00358	0.00802	0.99961	0.02673	-0.00379	-0.02670	0.99964	
74	0.73000	-6.63875	13.05132	0.22919	-0.13041	0.11482	-0.51454	0.44722	0.99996	-0.00898	-0.00198	0.00898	0.99996	-0.00229	0.00200	0.00228	0.99999		-8.80970	61.11905	872.61921	179.41153	1.92665	-2.42198	0.53745	0.99854	0.04260	0.03315	0.04224	-0.99904	0.01168	0.03362	-0.01026	-0.99938		501.16810	5.47094	40.12888	1.51156	-0.19430	-0.44892	0.50170	0.99996	-0.00792	0.00318	0.00783	0.99962	0.02640	-0.00339	-0.02638	0.99965	
75	0.74000	-6.63730	13.04187	0.23231	-0.13000	0.11664	-0.51198	0.44616	0.99996	-0.00894	-0.00201	0.00894	0.99996	-0.00229	0.00204	0.00227	0.99999		-8.83612	61.12533	872.62183	179.40524	1.93444	-2.41623	0.53294	0.99854	0.04251	0.03329	0.04213	-0.99904	0.01179	0.03376	-0.01037	-0.99938		501.17103	5.45729	40.13420	1.49860	-0.20278	-0.43991	0.50503	0.99996	-0.00777	0.00334	0.00768	0.99963	0.02618	-0.00354	-0.02615	0.99965	
76	0.75000	-6.63007	13.05426	0.20821	-0.13385	0.10544	-0.51806	0.44410	0.99996	-0.00905	-0.00182	0.00904	0.99996	-0.00235	0.00184	0.00234	1.00000		-8.68033	61.05881	872.63753	179.41248	1.91466	-2.41880	0.53395	0.99855	0.04254	0.03295	0.04218	-0.99904	0.01165	0.03341	-0.01025	-0.99939		501.17006	5.50663	40.06325	1.52297	-0.19006	-0.44584	0.50749	0.99996	-0.00787	0.00311	0.00778	0.99962	0.02660	-0.00332	-0.02658	0.99964	
77	0.76000	-6.63536	13.03196	0.24221	-0.12393	0.11736	-0.50811	0.44815	0.99996	-0.00887	-0.00203	0.00887	0.99996	-0.00218	0.00205	0.00216	1.00000		-8.84712	61.23394	872.59807	179.40158	1.92833	-2.41421	0.53076	0.99855	0.04247	0.03318	0.04210	-0.99904	0.01185	0.03365	-0.01044	-0.99938		501.16050	5.44000	40.13366	1.49922	-0.18998	-0.45617	0.50738	0.99996	-0.00805	0.00311	0.00796	0.99963	0.02619	-0.00332	-0.02616	0.99965	
78	0.77000	-6.63537	13.02906	0.21239	-0.12348	0.10681	-0.50615	0.44682	0.99996	-0.00884	-0.00184	0.00883	0.99996	-0.00217	0.00186	0.00216	1.00000		-8.68158	61.25993	872.63953	179.40363	1.92497	-2.42128	0.53231	0.99854	0.04259	0.03312	0.04222	-0.99904	0.01182	0.03359	-0.01040	-0.99938		501.17261	5.42854	40.07525	1.51758	-0.18209	-0.45754	0.50989	0.99996	-0.00807	0.00297	0.00799	0.99962	0.02651	-0.00318	-0.02648	0.99964	
79	0.78000	-6.68645	13.01935	0.56738	-0.34216	0.29214	-0.54337	0.41424	0.99994	-0.00951	-0.00504	0.00948	0.99994	-0.00602	0.00510	0.00597	0.99997		-11.46051	57.88923	872.48468	179.62692	2.11118	-2.44080	0.53264	0.99841	0.04283	0.03653	0.04256	-0.99906	0.00807	0.03684	-0.00651	-0.99930		501.09231	5.62226	41.33923	1.73193	-0.37326	-0.41627	0.50708	0.99995	-0.00746	0.00629	0.00727	0.99952	0.03027	-0.00651	-0.03022	0.99952	
80	0.79000	-6.68650	13.03883	0.60345	-0.34707	0.30554	-0.55211	0.42052	0.99994	-0.00967	-0.00527	0.00964	0.99994	-0.00611	0.00533	0.00606	0.99997		-11.67488	57.79817	872.44027	179.63139	2.11945	-2.45844	0.53320	0.99840	0.04313	0.03667	0.04287	-0.99905	0.00801	0.03698	-0.00643	-0.99930		501.08551	5.66440	41.41226	1.72011	-0.39367	-0.40404	0.50571	0.99995	-0.00725	0.00666	0.00705	0.99952	0.03006	-0.00687	-0.03002	0.99953	
81	0.80000	-6.63599	13.03409	0.23115	-0.13376	0.11454	-0.51105	0.44865	0.99996	-0.00892	-0.00198	0.00892	0.99996	-0.00235	0.00200	0.00233	0.99999		-8.80458	61.08816	872.62501	179.41153	1.93196	-2.42146	0.52893	0.99854	0.04259	0.03325	0.04223	-0.99904	0.01169	0.03371	-0.01026	-0.99938		501.16535	5.45771	40.12293	1.51893	-0.18974	-0.44073	0.50810	0.99996	-0.00778	0.00311	0.00769	0.99962	0.02653	-0.00331	-0.02651	0.99964	
82	0.81000	-6.63376	13.03534	0.22920	-0.13012	0.11308	-0.50792	0.44730	0.99996	-0.00887	-0.00195	0.00886	0.99996	-0.00229	0.00197	0.00227	1.00000		-8.78461	61.13694	872.62406	179.41045	1.93112	-2.41200	0.53439	0.99855	0.04243	0.03323	0.04206	-0.99905	0.01170	0.03370	-0.01028	-0.99938		501.17591	5.44730	40.11183	1.53112	-0.20583	-0.47833	0.50922	0.99996	-0.00844	0.00337	0.00835	0.99961	0.02675	-0.00359	-0.02672	0.99964	
83	0.82000	-6.63832	13.05608	0.22251	-0.12179	0.11248	-0.51649	0.44754	0.99996	-0.00902	-0.00194	0.00901	0.99996	-0.00214	0.00196	0.00213	1.00000		-8.78013	61.24541	872.62032	179.39963	1.92890	-2.42410	0.53421	0.99854	0.04265	0.03318	0.04227	-0.99904	0.01189	0.03366	-0.01047	-0.99938		501.16152	5.47589	40.11029	1.48071	-0.18436	-0.43003	0.50727	0.99997	-0.00759	0.00302	0.00751	0.99964	0.02586	-0.00322	-0.02584	0.99966	
84	0.83000	-6.63919	13.02547	0.23619	-0.14047	0.11540	-0.50594	0.44743	0.99996	-0.00883	-0.00199	0.00883	0.99996	-0.00247	0.00201	0.00245	0.99999		-8.81625	60.99368	872.61843	179.42062	1.92327	-2.41417	0.53119	0.99855	0.04246	0.03310	0.04210	-0.99905	0.01152	0.03356	-0.01011	-0.99939		501.16850	5.41609	40.12805	1.52531	-0.19370	-0.44642	0.51016	0.99996	-0.00788	0.00317	0.00779	0.99961	0.02664	-0.00338	-0.02662	0.99964	
85	0.84000	-6.64109	13.04041	0.23610	-0.12765	0.11568	-0.51093	0.44626	0.99996	-0.00892	-0.00200	0.00892	0.99996	-0.00225	0.00202	0.00223	1.00000		-8.82136	61.16968	872.60291	179.40945	1.92516	-2.41698	0.53112	0.99855	0.04252	0.03313	0.04215	-0.99904	0.01171	0.03359	-0.01030	-0.99938		501.17171	5.46896	40.12545	1.52425	-0.20204	-0.46514	0.51114	0.99996	-0.00821	0.00331	0.00812	0.99961	0.02663	-0.00353	-0.02660	0.99964	
86	0.85000	-6.63596	13.03692	0.24379	-0.12945	0.12012	-0.50961	0.44376	0.99996	-0.00890	-0.00208	0.00889	0.99996	-0.00228	0.00210	0.00226	0.99999		-8.89459	61.14038	872.60257	179.40891	1.93286	-2.41240	0.53367	0.99855	0.04244	0.03326	0.04207	-0.99905	0.01173	0.03373	-0.01031	-0.99938		501.17387	5.45112	40.14983	1.51704	-0.22030	-0.45054	0.51707	0.99996	-0.00796	0.00364	0.00786	0.99962	0.02650	-0.00384	-0.02647	0.99964	
87	0.86000	-6.63765	13.04206	0.21491	-0.12670	0.10968	-0.51127	0.44430	0.99996	-0.00893	-0.00189	0.00892	0.99996	-0.00223	0.00191	0.00221	1.00000		-8.73613	61.18268	872.62631	179.41223	1.91854	-2.41432	0.53698	0.99855	0.04247	0.03301	0.04210	-0.99905	0.01166	0.03348	-0.01025	-0.99939		501.17702	5.45000	40.08993	1.50166	-0.19948	-0.44556	0.50589	0.99996	-0.00786	0.00328	0.00778	0.99963	0.02623	-0.00348	-0.02621	0.99965	
88	0.87000	-6.69030	13.01606	0.59428	-0.34862	0.30200	-0.54224	0.41756	0.99994	-0.00950	-0.00521	0.00946	0.99994	-0.00613	0.00527	0.00608	0.99997		-11.60337	57.80055	872.46550	179.63295	2.12373	-2.44640	0.53365	0.99840	0.04292	0.03675	0.04266	-0.99906	0.00798	0.03706	-0.00640	-0.99929		501.09027	5.62709	41.40814	1.75819	-0.38738	-0.43691	0.50870	0.99995	-0.00783	0.00652	0.00763	0.99950	0.03073	-0.00676	-0.03068	0.99951	
89	0.88000	-6.64049	13.03100	0.25460	-0.13638	0.12425	-0.51030	0.44880	0.99996	-0.00891	-0.00215	0.00891	0.99996	-0.00240	0.00217	0.00238	0.99999		-8.94641	61.03622	872.59812	179.42125	1.93820	-2.40691	0.53588	0.99855	0.04234	0.03337	0.04197	-0.99905	0.01151	0.03382	-0.01010	-0.99938		501.16595	5.44372	40.18339	1.51189	-0.20793	-0.44512	0.50960	0.99996	-0.00786	0.00342	0.00777	0.99962	0.02641	-0.00363	-0.02638	0.99965	
90	0.89000	-6.64355	13.04433	0.24284	-0.12521	0.12037	-0.51276	0.44913	0.99996	-0.00895	-0.00208	0.00895	0.99996	-0.00220	0.00210	0.00219	0.99999		-8.88690	61.19728	872.60755	179.40250	1.93836	-2.41992	0.53153	0.99854	0.04257	0.03335	0.04220	-0.99904	0.01185	0.03382	-0.01042	-0.99937		501.17622	5.48832	40.15489	1.52722	-0.21474	-0.46914	0.50804	0.99996	-0.00828	0.00353	0.00819	0.99961	0.02668	-0.00375	-0.02665	0.99964	
91	0.90000	-6.69391	13.01896	0.61555	-0.34472	0.31278	-0.54332	0.41563	0.99994	-0.00952	-0.00540	0.00948	0.99994	-0.00607	0.00546	0.00602	0.99997		-11.77003	57.84521	872.43523	179.63297	2.13414	-2.43863	0.53391	0.99840	0.04279	0.03693	0.04252	-0.99906	0.00798	0.03724	-0.00640	-0.99929		501.08636	5.61875	41.47942	1.73669	-0.39233	-0.41179	0.50588	0.99995	-0.00739	0.00663	0.00719	0.99951	0.03035	-0.00685	-0.03031	0.99952	
92	0.91000	-6.63886	13.05518	0.22206	-0.12678	0.11452	-0.51740	0.44692	0.99996	-0.00903	-0.00198	0.00903	0.99996	-0.00223	0.00200	0.00221	1.00000		-8.81000	61.16751	872.62348	179.40622	1.93016	-2.42606	0.53260	0.99854	0.04268	0.03321	0.04231	-0.99904	0.01178	0.03368	-0.01036	-0.99938		501.17319	5.50687	40.13299	1.51724	-0.19917	-0.44739	0.50433	0.99996	-0.00790	0.00327	0.00781	0.99962	0.02650	-0.00348	-0.02648	0.99964	
93	0.92000	-6.63956	13.03626	0.24207	-0.13819	0.11656	-0.51093	0.44871	0.99996	-0.00892	-0.00201	0.00892	0.99996	-0.00243	0.00203	0.00241	0.99999		-8.83772	61.00037	872.61520	179.41925	1.93428	-2.40887	0.53758	0.99855	0.04237	0.03330	0.04201	-0.99905	0.01155	0.03375	-0.01013	-0.99938		501.17664	5.45256	40.12587	1.51066	-0.20872	-0.45105	0.50603	0.99996	-0.00797	0.00343	0.00787	0.99962	0.02639	-0.00364	-0.02636	0.99965	
94	0.93000	-6.64292	13.03790	0.23410	-0.13312	0.11707	-0.51208	0.44530	0.99996	-0.00894	-0.00202	0.00894	0.99996	-0.00234	0.00204	0.00232	0.99999		-8.84603	61.08121	872.61710	179.41335	1.93527	-2.42725	0.53524	0.99853	0.04269	0.03330	0.04233	-0.99904	0.01166	0.03377	-0.01023	-0.99938		501.17091	5.47624	40.13269	1.52104	-0.20186	-0.46277	0.51056	0.99996	-0.00817	0.00331	0.00808	0.99961	0.02657	-0.00352	-0.02654	0.99964	
