1	0.00000	-6.34062	13.78416	0.39665	0.35316	0.10986	-0.69073	0.43970	0.99993	-0.01204	-0.00199	0.01206	0.99991	0.00614	0.00192	-0.00616	0.99998		-9.57973	67.67910	871.89977	178.93246	2.03668	-2.71450	0.49067	0.99825	0.04801	0.03461	0.04733	-0.99867	0.02029	0.03554	-0.01862	-0.99919		501.22050	6.64718	39.65068	0.95563	-0.69727	-0.36224	0.30525	0.99991	-0.00652	0.01206	0.00632	0.99984	0.01675	-0.01217	-0.01668	0.99979	
2	0.01000	-6.33713	13.76298	0.39940	0.33688	0.11365	-0.68363	0.43307	0.99993	-0.01192	-0.00205	0.01193	0.99991	0.00585	0.00198	-0.00588	0.99998		-9.63516	67.45421	871.90220	178.95226	2.02854	-2.70500	0.48973	0.99826	0.04783	0.03449	0.04716	-0.99869	0.01994	0.03540	-0.01827	-0.99921		501.20498	6.58887	39.68154	0.96508	-0.69072	-0.36460	0.29600	0.99991	-0.00657	0.01195	0.00636	0.99984	0.01692	-0.01205	-0.01684	0.99979	
3	0.02000	-6.34242	13.78445	0.40622	0.34536	0.11580	-0.68610	0.42546	0.99993	-0.01196	-0.00209	0.01197	0.99991	0.00600	0.00202	-0.00603	0.99998		-9.67588	67.54510	871.88862	178.94159	2.03267	-2.69537	0.49012	0.99827	0.04767	0.03456	0.04700	-0.99869	0.02012	0.03547	-0.01846	-0.99920		501.21928	6.59229	39.69145	0.94652	-0.70298	-0.36291	0.30574	0.99990	-0.00654	0.01216	0.00633	0.99984	0.01660	-0.01227	-0.01652	0.99979	
4	0.03000	-6.36668	13.28432	-0.04267	-0.13162	-0.02470	-0.55727	0.42815	0.99995	-0.00972	0.00045	0.00973	0.99995	-0.00229	-0.00043	0.00230	1.00000		-7.37037	61.06915	872.86324	179.38800	1.78963	-2.75740	0.57066	0.99836	0.04844	0.03068	0.04808	-0.99877	0.01217	0.03123	-0.01068	-0.99946		500.93879	5.63590	39.08619	1.42699	0.13574	-0.20359	0.39078	0.99999	-0.00349	-0.00246	0.00355	0.99968	0.02489	0.00237	-0.02490	0.99969	
5	0.04000	-6.37402	13.28022	-0.05667	-0.14295	-0.02769	-0.55932	0.43095	0.99995	-0.00976	0.00051	0.00976	0.99995	-0.00249	-0.00048	0.00250	1.00000		-7.32216	60.89232	872.88718	179.39413	1.78678	-2.75507	0.57238	0.99836	0.04839	0.03063	0.04804	-0.99877	0.01206	0.03118	-0.01057	-0.99946		501.03926	5.39453	39.12175	1.15932	0.07130	-0.08433	0.50192	1.00000	-0.00145	-0.00127	0.00147	0.99979	0.02023	0.00124	-0.02023	0.99979	
6	0.05000	-6.04653	12.81265	-0.73104	-0.87733	-0.45273	-0.46535	0.48360	0.99994	-0.00800	0.00803	0.00812	0.99985	-0.01525	-0.00790	0.01531	0.99985		-0.88333	49.71203	874.12519	-179.75429	1.30669	-2.15933	0.58203	0.99903	0.03758	0.02295	0.03767	-0.99928	-0.00343	0.02280	0.00429	-0.99973		501.22774	3.99091	35.78400	1.29920	0.54610	0.48330	0.44910	0.99992	0.00865	-0.00934	-0.00843	0.99971	0.02275	0.00953	-0.02267	0.99970	
7	0.06000	-6.54963	13.01490	0.70914	-0.29423	0.25681	-0.51327	0.44887	0.99995	-0.00898	-0.00444	0.00896	0.99995	-0.00518	0.00448	0.00514	0.99998		-11.19141	58.58638	872.27447	179.51402	2.14263	-2.36735	0.52465	0.99845	0.04162	0.03700	0.04128	-0.99910	0.01002	0.03739	-0.00848	-0.99926		501.03788	5.24028	40.92161	1.35541	-0.32628	-0.13968	0.49424	0.99998	-0.00257	0.00564	0.00244	0.99972	0.02367	-0.00569	-0.02365	0.99970	
8	0.07000	-6.57025	13.08911	0.30479	-0.16004	0.11523	-0.52565	0.44646	0.99996	-0.00918	-0.00198	0.00917	0.99995	-0.00281	0.00201	0.00279	0.99999		-9.04510	60.59288	872.56197	179.38283	1.99953	-2.39393	0.51691	0.99852	0.04214	0.03441	0.04174	-0.99905	0.01222	0.03489	-0.01076	-0.99933		501.11326	5.50858	40.12203	1.35842	-0.04640	-0.35369	0.46457	0.99998	-0.00619	0.00066	0.00617	0.99970	0.02371	-0.00081	-0.02371	0.99972	
9	0.08000	-6.58321	13.10021	0.26926	-0.13505	0.10309	-0.52895	0.43941	0.99996	-0.00924	-0.00178	0.00923	0.99995	-0.00237	0.00180	0.00236	1.00000		-8.85400	60.94665	872.58239	179.36481	1.99655	-2.37804	0.51395	0.99853	0.04188	0.03435	0.04147	-0.99906	0.01252	0.03484	-0.01108	-0.99933		501.12621	5.53957	40.06969	1.33590	-0.02612	-0.35109	0.46330	0.99998	-0.00614	0.00031	0.00613	0.99971	0.02332	-0.00046	-0.02331	0.99973	
10	0.09000	-6.59012	13.09611	0.26403	-0.12742	0.10015	-0.52353	0.44282	0.99996	-0.00914	-0.00173	0.00914	0.99996	-0.00224	0.00175	0.00222	1.00000		-8.79891	61.08668	872.55946	179.35393	1.98240	-2.38877	0.51509	0.99853	0.04207	0.03409	0.04165	-0.99905	0.01271	0.03459	-0.01127	-0.99934		501.13119	5.50274	40.03733	1.32625	-0.03747	-0.35981	0.47008	0.99998	-0.00629	0.00051	0.00628	0.99971	0.02315	-0.00065	-0.02315	0.99973	
11	0.10000	-6.59798	13.09310	0.26544	-0.13644	0.10077	-0.52677	0.44303	0.99996	-0.00920	-0.00174	0.00919	0.99995	-0.00240	0.00176	0.00238	1.00000		-8.79458	60.94281	872.58560	179.36650	1.99533	-2.39059	0.51113	0.99852	0.04209	0.03432	0.04169	-0.99905	0.01250	0.03482	-0.01105	-0.99933		501.14357	5.53594	40.05569	1.35169	-0.03660	-0.37576	0.46865	0.99998	-0.00657	0.00048	0.00656	0.99970	0.02359	-0.00064	-0.02359	0.99972	
12	0.11000	-6.60016	13.11281	0.24611	-0.13329	0.09344	-0.53142	0.44574	0.99996	-0.00928	-0.00161	0.00927	0.99995	-0.00234	0.00163	0.00233	1.00000		-8.68710	60.97793	872.59572	179.36488	1.98317	-2.39651	0.51346	0.99853	0.04220	0.03411	0.04179	-0.99905	0.01252	0.03461	-0.01108	-0.99934		501.13749	5.54567	40.01760	1.32701	-0.01299	-0.36008	0.47392	0.99998	-0.00629	0.00008	0.00628	0.99971	0.02316	-0.00023	-0.02316	0.99973	
13	0.12000	-6.60357	13.08960	0.27840	-0.13331	0.10552	-0.52186	0.44085	0.99996	-0.00911	-0.00182	0.00911	0.99996	-0.00234	0.00184	0.00233	1.00000		-8.85744	60.99320	872.56227	179.37241	1.99689	-2.37841	0.50964	0.99853	0.04188	0.03436	0.04147	-0.99906	0.01239	0.03485	-0.01095	-0.99933		501.13201	5.48558	40.09131	1.32892	-0.02685	-0.35886	0.46626	0.99998	-0.00627	0.00032	0.00626	0.99971	0.02319	-0.00047	-0.02319	0.99973	
14	0.13000	-6.60757	13.10193	0.28489	-0.13625	0.10747	-0.52554	0.44482	0.99996	-0.00918	-0.00185	0.00917	0.99996	-0.00240	0.00188	0.00238	0.99999		-8.89329	60.94301	872.55002	179.37466	1.99153	-2.39216	0.50557	0.99853	0.04212	0.03426	0.04171	-0.99905	0.01236	0.03475	-0.01091	-0.99934		501.13165	5.51465	40.11229	1.33183	-0.03187	-0.37096	0.46935	0.99998	-0.00649	0.00041	0.00647	0.99971	0.02325	-0.00056	-0.02324	0.99973	
15	0.14000	-6.61395	13.10608	0.29371	-0.12217	0.11104	-0.52773	0.44661	0.99996	-0.00921	-0.00192	0.00921	0.99996	-0.00215	0.00194	0.00213	1.00000		-8.93253	61.15021	872.53794	179.36313	2.00493	-2.38947	0.50782	0.99852	0.04208	0.03449	0.04167	-0.99905	0.01256	0.03499	-0.01111	-0.99933		501.13481	5.54958	40.13212	1.33978	-0.03157	-0.38844	0.46892	0.99998	-0.00679	0.00039	0.00678	0.99970	0.02338	-0.00055	-0.02338	0.99973	
16	0.15000	-6.61293	13.10132	0.26716	-0.13048	0.09873	-0.52588	0.44662	0.99996	-0.00918	-0.00170	0.00918	0.99996	-0.00229	0.00172	0.00228	1.00000		-8.75620	61.02699	872.55457	179.36758	1.97666	-2.38330	0.50643	0.99854	0.04196	0.03400	0.04156	-0.99906	0.01246	0.03449	-0.01103	-0.99934		501.14481	5.52959	40.04186	1.33486	-0.03120	-0.38349	0.46357	0.99998	-0.00670	0.00039	0.00669	0.99971	0.02330	-0.00054	-0.02330	0.99973	
17	0.16000	-6.61869	13.08225	0.26421	-0.13227	0.10021	-0.52074	0.44326	0.99996	-0.00909	-0.00173	0.00909	0.99996	-0.00232	0.00175	0.00231	1.00000		-8.75917	61.02551	872.57682	179.37143	1.98857	-2.38543	0.51132	0.99853	0.04200	0.03421	0.04160	-0.99906	0.01241	0.03470	-0.01096	-0.99934		501.14532	5.50706	40.06978	1.35829	-0.02427	-0.38748	0.47148	0.99998	-0.00677	0.00026	0.00676	0.99970	0.02371	-0.00042	-0.02370	0.99972	
18	0.17000	-6.61826	13.09953	0.27539	-0.12128	0.10334	-0.52461	0.44656	0.99996	-0.00916	-0.00178	0.00916	0.99996	-0.00213	0.00180	0.00212	1.00000		-8.80061	61.17039	872.56222	179.36493	2.00023	-2.38418	0.50599	0.99853	0.04198	0.03441	0.04157	-0.99906	0.01253	0.03490	-0.01108	-0.99933		501.14816	5.53864	40.07930	1.34166	-0.03916	-0.40260	0.47316	0.99998	-0.00704	0.00052	0.00703	0.99970	0.02342	-0.00068	-0.02341	0.99973	
19	0.18000	-6.61804	13.08371	0.26070	-0.13084	0.09884	-0.51969	0.44232	0.99996	-0.00907	-0.00170	0.00907	0.99996	-0.00230	0.00173	0.00228	1.00000		-8.73525	61.04383	872.57488	179.36389	1.98672	-2.38551	0.50012	0.99853	0.04201	0.03417	0.04160	-0.99906	0.01254	0.03467	-0.01110	-0.99934		501.14216	5.49327	40.06433	1.34890	-0.01636	-0.38786	0.47400	0.99998	-0.00677	0.00013	0.00677	0.99970	0.02354	-0.00029	-0.02354	0.99972	
20	0.19000	-6.61918	13.09432	0.27378	-0.13413	0.10265	-0.52424	0.44218	0.99996	-0.00915	-0.00177	0.00915	0.99996	-0.00236	0.00179	0.00234	1.00000		-8.80091	60.97493	872.56814	179.37036	1.99007	-2.38263	0.50547	0.99853	0.04195	0.03424	0.04155	-0.99906	0.01242	0.03473	-0.01098	-0.99934		501.14634	5.51854	40.07429	1.35021	-0.03249	-0.37810	0.46793	0.99998	-0.00661	0.00041	0.00660	0.99970	0.02357	-0.00057	-0.02356	0.99972	
21	0.20000	-6.61959	13.08187	0.25845	-0.13285	0.09631	-0.51947	0.44272	0.99996	-0.00907	-0.00166	0.00907	0.99996	-0.00233	0.00168	0.00232	1.00000		-8.70172	61.01177	872.58294	179.36815	1.98533	-2.38299	0.50185	0.99854	0.04196	0.03415	0.04155	-0.99906	0.01246	0.03464	-0.01102	-0.99934		501.14895	5.49352	40.04723	1.34411	-0.01873	-0.38597	0.47629	0.99998	-0.00674	0.00017	0.00674	0.99970	0.02346	-0.00033	-0.02346	0.99972	
22	0.21000	-6.61810	13.09235	0.27103	-0.13558	0.10007	-0.52443	0.44261	0.99996	-0.00916	-0.00172	0.00915	0.99996	-0.00238	0.00175	0.00237	1.00000		-8.75961	60.96125	872.57721	179.37810	1.99240	-2.38846	0.50400	0.99853	0.04205	0.03428	0.04165	-0.99906	0.01229	0.03477	-0.01085	-0.99934		501.14633	5.52130	40.06243	1.34848	-0.03048	-0.38555	0.47057	0.99998	-0.00674	0.00037	0.00673	0.99970	0.02354	-0.00053	-0.02353	0.99972	
23	0.22000	-6.62270	13.07208	0.29436	-0.14031	0.10745	-0.51780	0.44725	0.99996	-0.00904	-0.00185	0.00904	0.99996	-0.00247	0.00188	0.00245	0.99999		-8.85903	60.91533	872.55010	179.38625	1.99645	-2.38196	0.50648	0.99853	0.04193	0.03436	0.04154	-0.99906	0.01215	0.03484	-0.01071	-0.99934		501.14699	5.48316	40.10470	1.35569	-0.03691	-0.39458	0.47604	0.99998	-0.00690	0.00048	0.00689	0.99970	0.02366	-0.00064	-0.02366	0.99972	
24	0.23000	-6.62891	13.08695	0.30735	-0.13819	0.11542	-0.52335	0.44298	0.99996	-0.00914	-0.00199	0.00913	0.99996	-0.00243	0.00201	0.00241	0.99999		-8.96597	60.93107	872.57382	179.41154	2.02738	-2.35961	0.52358	0.99853	0.04153	0.03492	0.04115	-0.99908	0.01172	0.03538	-0.01026	-0.99932		501.16061	5.49714	40.07663	1.37145	-0.14347	-0.36667	0.47801	0.99998	-0.00646	0.00235	0.00640	0.99969	0.02395	-0.00250	-0.02393	0.99971	
25	0.24000	-6.62101	13.10866	0.24922	-0.11863	0.09209	-0.52723	0.44594	0.99996	-0.00920	-0.00159	0.00920	0.99996	-0.00209	0.00161	0.00207	1.00000		-8.62765	61.21599	872.61702	179.38918	2.00078	-2.36698	0.52449	0.99854	0.04167	0.03444	0.04127	-0.99907	0.01209	0.03491	-0.01065	-0.99933		501.14603	5.54120	39.96481	1.47802	-0.15374	-0.39118	0.48121	0.99997	-0.00689	0.00251	0.00683	0.99964	0.02581	-0.00268	-0.02579	0.99966	
26	0.25000	-6.62475	13.08221	0.27302	-0.13475	0.10351	-0.52006	0.44492	0.99996	-0.00908	-0.00178	0.00908	0.99996	-0.00237	0.00181	0.00235	1.00000		-8.78622	60.99878	872.59525	179.40654	2.00630	-2.36187	0.52429	0.99854	0.04157	0.03455	0.04119	-0.99908	0.01179	0.03501	-0.01035	-0.99933		501.13271	5.49715	40.03844	1.49856	-0.15407	-0.40025	0.47912	0.99997	-0.00705	0.00251	0.00699	0.99963	0.02617	-0.00269	-0.02615	0.99965	
27	0.26000	-6.62715	13.08309	0.26660	-0.12889	0.10078	-0.52069	0.44429	0.99996	-0.00909	-0.00174	0.00909	0.99996	-0.00227	0.00176	0.00225	1.00000		-8.74330	61.09012	872.60612	179.40211	2.01028	-2.36236	0.52746	0.99854	0.04158	0.03462	0.04119	-0.99908	0.01187	0.03508	-0.01043	-0.99933		501.14030	5.51663	40.02504	1.49963	-0.14780	-0.40205	0.48146	0.99997	-0.00708	0.00239	0.00702	0.99963	0.02619	-0.00258	-0.02617	0.99965	
28	0.27000	-6.62979	13.07258	0.28664	-0.14070	0.10758	-0.51798	0.44560	0.99996	-0.00904	-0.00185	0.00904	0.99996	-0.00247	0.00188	0.00246	0.99999		-8.83346	60.91722	872.60339	179.41650	2.02391	-2.35847	0.52761	0.99853	0.04151	0.03487	0.04113	-0.99909	0.01163	0.03532	-0.01018	-0.99932		501.13583	5.48491	40.06022	1.49481	-0.15910	-0.39405	0.48527	0.99997	-0.00695	0.00260	0.00688	0.99964	0.02610	-0.00278	-0.02609	0.99966	
29	0.28000	-6.62828	13.08740	0.27636	-0.12381	0.10422	-0.51957	0.44538	0.99996	-0.00907	-0.00180	0.00907	0.99996	-0.00218	0.00182	0.00216	1.00000		-8.78644	61.15410	872.58915	179.39507	2.01775	-2.35049	0.52796	0.99854	0.04138	0.03474	0.04099	-0.99909	0.01199	0.03521	-0.01055	-0.99932		501.14152	5.49735	40.05709	1.49194	-0.15335	-0.39449	0.48197	0.99997	-0.00695	0.00250	0.00689	0.99964	0.02605	-0.00268	-0.02604	0.99966	
30	0.29000	-6.63045	13.07695	0.26546	-0.13502	0.10077	-0.51830	0.44676	0.99996	-0.00905	-0.00174	0.00905	0.99996	-0.00237	0.00176	0.00236	1.00000		-8.72963	61.00542	872.61626	179.40497	2.01262	-2.35631	0.52708	0.99854	0.04148	0.03466	0.04109	-0.99909	0.01182	0.03512	-0.01038	-0.99933		501.13922	5.49301	40.02662	1.50561	-0.14547	-0.40935	0.48520	0.99997	-0.00721	0.00235	0.00714	0.99963	0.02629	-0.00254	-0.02627	0.99965	
31	0.30000	-6.63057	13.08428	0.26277	-0.13093	0.10121	-0.52019	0.44501	0.99996	-0.00908	-0.00175	0.00908	0.99996	-0.00230	0.00177	0.00229	1.00000		-8.73373	61.05515	872.61887	179.41162	2.01987	-2.35178	0.52563	0.99854	0.04139	0.03479	0.04101	-0.99909	0.01171	0.03525	-0.01026	-0.99933		501.14530	5.50758	40.03281	1.50682	-0.16377	-0.39930	0.48783	0.99997	-0.00704	0.00267	0.00697	0.99963	0.02632	-0.00286	-0.02630	0.99965	
32	0.31000	-6.63593	13.07878	0.29718	-0.13698	0.11445	-0.51798	0.44122	0.99996	-0.00904	-0.00198	0.00904	0.99996	-0.00241	0.00200	0.00239	0.99999		-8.91815	60.97406	872.59020	179.41656	2.03404	-2.35491	0.52759	0.99853	0.04145	0.03504	0.04106	-0.99909	0.01163	0.03549	-0.01018	-0.99932		501.14622	5.48107	40.10792	1.49351	-0.18572	-0.40909	0.48707	0.99997	-0.00722	0.00305	0.00714	0.99963	0.02609	-0.00324	-0.02606	0.99966	
33	0.32000	-6.63392	13.07811	0.28038	-0.13188	0.10713	-0.51841	0.44421	0.99996	-0.00905	-0.00185	0.00905	0.99996	-0.00232	0.00187	0.00230	1.00000		-8.80923	61.03911	872.60363	179.41277	2.03078	-2.34212	0.52768	0.99854	0.04123	0.03499	0.04084	-0.99910	0.01169	0.03544	-0.01024	-0.99932		501.14866	5.48987	40.05656	1.49571	-0.17394	-0.40574	0.48866	0.99997	-0.00716	0.00285	0.00708	0.99963	0.02612	-0.00304	-0.02610	0.99965	
34	0.33000	-6.63569	13.09372	0.29847	-0.12884	0.11412	-0.52435	0.44490	0.99996	-0.00916	-0.00197	0.00915	0.99996	-0.00227	0.00199	0.00225	1.00000		-8.91884	61.07378	872.58222	179.40660	2.03840	-2.35472	0.52718	0.99852	0.04145	0.03511	0.04106	-0.99909	0.01181	0.03557	-0.01035	-0.99931		501.15844	5.55577	40.10276	1.51665	-0.19166	-0.43101	0.49389	0.99997	-0.00761	0.00314	0.00752	0.99962	0.02649	-0.00335	-0.02647	0.99964	
35	0.34000	-6.63987	13.09461	0.29528	-0.12823	0.11468	-0.52518	0.44671	0.99996	-0.00917	-0.00198	0.00917	0.99996	-0.00226	0.00200	0.00224	1.00000		-8.92694	61.08047	872.58252	179.40477	2.03880	-2.35243	0.52935	0.99852	0.04141	0.03512	0.04102	-0.99909	0.01184	0.03558	-0.01038	-0.99931		501.15687	5.55042	40.10336	1.50815	-0.20003	-0.42080	0.48728	0.99997	-0.00743	0.00330	0.00734	0.99963	0.02634	-0.00349	-0.02632	0.99965	
36	0.35000	-6.64056	13.09222	0.29058	-0.12924	0.11313	-0.52434	0.44496	0.99996	-0.00916	-0.00195	0.00915	0.99996	-0.00227	0.00197	0.00226	1.00000		-8.89982	61.07855	872.58091	179.40741	2.03063	-2.36369	0.52894	0.99852	0.04161	0.03498	0.04122	-0.99908	0.01180	0.03543	-0.01034	-0.99932		501.16142	5.54051	40.10215	1.50211	-0.18977	-0.41059	0.49202	0.99997	-0.00725	0.00312	0.00717	0.99963	0.02624	-0.00331	-0.02621	0.99965	
37	0.36000	-6.63956	13.08971	0.30024	-0.13408	0.11451	-0.52384	0.44447	0.99996	-0.00915	-0.00198	0.00914	0.99996	-0.00236	0.00200	0.00234	0.99999		-8.92078	61.00832	872.57698	179.41412	2.03604	-2.35830	0.52583	0.99852	0.04151	0.03508	0.04112	-0.99909	0.01168	0.03553	-0.01022	-0.99932		501.15803	5.54370	40.09927	1.52184	-0.19854	-0.42592	0.48947	0.99997	-0.00752	0.00327	0.00743	0.99962	0.02658	-0.00347	-0.02656	0.99964	
38	0.37000	-6.64316	13.09221	0.28383	-0.13526	0.10914	-0.52613	0.44482	0.99996	-0.00919	-0.00188	0.00918	0.99996	-0.00238	0.00190	0.00236	0.99999		-8.83021	60.97661	872.60355	179.41858	2.03516	-2.35183	0.52903	0.99853	0.04139	0.03506	0.04101	-0.99909	0.01160	0.03551	-0.01014	-0.99932		501.16504	5.54958	40.07816	1.52408	-0.18335	-0.40299	0.49182	0.99997	-0.00712	0.00301	0.00703	0.99962	0.02662	-0.00320	-0.02660	0.99964	
39	0.38000	-6.64415	13.08262	0.29048	-0.13415	0.11258	-0.52061	0.44413	0.99996	-0.00909	-0.00194	0.00909	0.99996	-0.00236	0.00196	0.00234	0.99999		-8.87813	61.01582	872.58493	179.41406	2.03261	-2.35497	0.52408	0.99853	0.04145	0.03502	0.04106	-0.99909	0.01168	0.03547	-0.01022	-0.99932		501.17069	5.54101	40.09797	1.53380	-0.19499	-0.45760	0.49348	0.99996	-0.00807	0.00319	0.00799	0.99961	0.02679	-0.00340	-0.02677	0.99964	
40	0.39000	-6.64027	13.09534	0.27663	-0.12679	0.10744	-0.52292	0.44417	0.99996	-0.00913	-0.00185	0.00913	0.99996	-0.00223	0.00188	0.00221	1.00000		-8.80894	61.10298	872.60126	179.41164	2.03017	-2.34869	0.52664	0.99853	0.04134	0.03497	0.04096	-0.99909	0.01171	0.03543	-0.01026	-0.99932		501.15872	5.52586	40.06253	1.49738	-0.17816	-0.42617	0.48697	0.99997	-0.00752	0.00291	0.00744	0.99963	0.02615	-0.00311	-0.02613	0.99965	
41	0.40000	-6.65121	13.08773	0.31059	-0.13750	0.11903	-0.52346	0.44511	0.99996	-0.00914	-0.00205	0.00914	0.99996	-0.00242	0.00208	0.00240	0.99999		-8.96703	60.94602	872.57740	179.42035	2.04688	-2.34659	0.52887	0.99852	0.04130	0.03527	0.04092	-0.99910	0.01157	0.03572	-0.01011	-0.99931		501.16597	5.53632	40.13486	1.51977	-0.19706	-0.42440	0.49320	0.99997	-0.00750	0.00324	0.00741	0.99962	0.02655	-0.00344	-0.02652	0.99964	
42	0.41000	-6.65037	13.07916	0.28811	-0.14576	0.11246	-0.52039	0.44289	0.99996	-0.00909	-0.00194	0.00908	0.99996	-0.00256	0.00196	0.00254	0.99999		-8.86473	60.83059	872.61646	179.42946	2.04353	-2.34315	0.52781	0.99853	0.04124	0.03522	0.04086	-0.99910	0.01141	0.03566	-0.00995	-0.99931		501.17334	5.50914	40.09654	1.53304	-0.19447	-0.42780	0.49443	0.99997	-0.00755	0.00319	0.00747	0.99961	0.02678	-0.00339	-0.02675	0.99964	
43	0.42000	-6.65064	13.07534	0.30110	-0.13226	0.11723	-0.51697	0.44405	0.99996	-0.00903	-0.00202	0.00902	0.99996	-0.00233	0.00205	0.00231	0.99999		-8.93448	61.03475	872.58641	179.41072	2.04769	-2.33621	0.53277	0.99853	0.04113	0.03528	0.04074	-0.99910	0.01173	0.03573	-0.01028	-0.99931		501.16979	5.50230	40.13339	1.52410	-0.19779	-0.44379	0.49861	0.99996	-0.00783	0.00324	0.00775	0.99962	0.02662	-0.00345	-0.02660	0.99964	
44	0.43000	-6.65237	13.09873	0.28131	-0.12722	0.11045	-0.52563	0.44002	0.99996	-0.00918	-0.00191	0.00917	0.99996	-0.00224	0.00193	0.00222	1.00000		-8.83126	61.09604	872.60333	179.41008	2.04514	-2.34911	0.52672	0.99852	0.04135	0.03523	0.04096	-0.99909	0.01175	0.03569	-0.01029	-0.99931		501.18176	5.56539	40.08648	1.53026	-0.19732	-0.44466	0.49811	0.99996	-0.00785	0.00324	0.00776	0.99961	0.02673	-0.00344	-0.02670	0.99964	
45	0.44000	-6.65000	13.09205	0.26458	-0.13118	0.10199	-0.52311	0.44189	0.99996	-0.00913	-0.00176	0.00913	0.99996	-0.00231	0.00178	0.00229	1.00000		-8.70080	61.04249	872.62684	179.41560	2.03810	-2.34866	0.52631	0.99853	0.04134	0.03511	0.04095	-0.99909	0.01165	0.03556	-0.01019	-0.99932		501.18434	5.54279	40.02825	1.52426	-0.19291	-0.43758	0.50000	0.99997	-0.00772	0.00316	0.00764	0.99962	0.02663	-0.00337	-0.02660	0.99964	
46	0.45000	-6.65358	13.09932	0.28515	-0.12269	0.10957	-0.52663	0.44270	0.99996	-0.00920	-0.00189	0.00919	0.99996	-0.00216	0.00191	0.00214	1.00000		-8.82018	61.16578	872.60645	179.40508	2.04936	-2.34991	0.52962	0.99852	0.04137	0.03530	0.04098	-0.99909	0.01184	0.03576	-0.01038	-0.99931		501.18822	5.58796	40.07010	1.53423	-0.20990	-0.45734	0.49576	0.99996	-0.00808	0.00345	0.00798	0.99961	0.02680	-0.00366	-0.02677	0.99963	
47	0.46000	-6.64902	13.08585	0.29588	-0.13527	0.11426	-0.52202	0.44479	0.99996	-0.00912	-0.00197	0.00911	0.99996	-0.00238	0.00199	0.00236	0.99999		-8.89272	60.98089	872.59284	179.41634	2.04459	-2.34213	0.52920	0.99853	0.04123	0.03523	0.04084	-0.99910	0.01164	0.03568	-0.01018	-0.99931		501.17950	5.53825	40.10713	1.53558	-0.20951	-0.43471	0.49551	0.99996	-0.00768	0.00345	0.00759	0.99961	0.02682	-0.00366	-0.02680	0.99963	
48	0.47000	-6.65167	13.08390	0.29424	-0.13066	0.11381	-0.51944	0.44219	0.99996	-0.00907	-0.00197	0.00907	0.99996	-0.00230	0.00199	0.00228	0.99999		-8.87970	61.06493	872.59649	179.41432	2.05016	-2.34416	0.52561	0.99852	0.04127	0.03532	0.04088	-0.99910	0.01168	0.03577	-0.01022	-0.99931		501.17054	5.51143	40.10015	1.52258	-0.20025	-0.43926	0.49368	0.99996	-0.00776	0.00329	0.00767	0.99962	0.02660	-0.00350	-0.02657	0.99964	
49	0.48000	-6.65393	13.09578	0.26134	-0.11897	0.10159	-0.52127	0.44506	0.99996	-0.00910	-0.00175	0.00910	0.99996	-0.00209	0.00177	0.00208	1.00000		-8.69517	61.23052	872.60392	179.40001	2.02682	-2.34529	0.52617	0.99854	0.04129	0.03491	0.04090	-0.99909	0.01191	0.03537	-0.01047	-0.99932		501.18759	5.53767	40.02953	1.52760	-0.18932	-0.44682	0.49716	0.99996	-0.00788	0.00310	0.00780	0.99961	0.02668	-0.00330	-0.02666	0.99964	
50	0.49000	-6.66071	13.10635	0.31028	-0.12714	0.12074	-0.53002	0.44359	0.99995	-0.00925	-0.00209	0.00925	0.99995	-0.00224	0.00211	0.00222	0.99999		-8.98972	61.09459	872.56833	179.40829	2.05060	-2.36033	0.52755	0.99851	0.04155	0.03532	0.04116	-0.99908	0.01179	0.03578	-0.01032	-0.99931		501.18610	5.60515	40.14005	1.53237	-0.22240	-0.44614	0.49838	0.99996	-0.00789	0.00367	0.00779	0.99961	0.02677	-0.00388	-0.02674	0.99963	
51	0.50000	-6.66206	13.08875	0.28833	-0.14939	0.11309	-0.52397	0.44377	0.99996	-0.00915	-0.00195	0.00914	0.99995	-0.00263	0.00197	0.00261	0.99999		-8.86213	60.76953	872.62151	179.43277	2.04376	-2.34368	0.52975	0.99853	0.04124	0.03523	0.04087	-0.99910	0.01135	0.03566	-0.00989	-0.99931		501.20038	5.55093	40.09870	1.55753	-0.22425	-0.45308	0.49514	0.99996	-0.00801	0.00370	0.00791	0.99960	0.02721	-0.00391	-0.02718	0.99962	
52	0.51000	-6.66102	13.08281	0.30686	-0.13450	0.12025	-0.51793	0.44410	0.99996	-0.00904	-0.00208	0.00904	0.99996	-0.00237	0.00210	0.00235	0.99999		-8.95887	61.00541	872.59276	179.41771	2.05747	-2.34712	0.53034	0.99852	0.04132	0.03545	0.04093	-0.99909	0.01162	0.03590	-0.01016	-0.99930		501.18680	5.49694	40.15319	1.52540	-0.21491	-0.43119	0.49856	0.99996	-0.00762	0.00355	0.00753	0.99962	0.02665	-0.00375	-0.02662	0.99964	
53	0.52000	-6.65800	13.09128	0.30038	-0.12096	0.11733	-0.52146	0.44577	0.99996	-0.00911	-0.00203	0.00910	0.99996	-0.00213	0.00205	0.00211	1.00000		-8.92690	61.20092	872.57895	179.40433	2.05322	-2.34449	0.52660	0.99852	0.04128	0.03537	0.04088	-0.99909	0.01185	0.03583	-0.01039	-0.99930		501.18019	5.54458	40.12773	1.53656	-0.20078	-0.44572	0.49832	0.99996	-0.00787	0.00329	0.00778	0.99961	0.02684	-0.00350	-0.02681	0.99963	
54	0.53000	-6.66184	13.09894	0.32807	-0.13893	0.12538	-0.52720	0.44222	0.99996	-0.00921	-0.00217	0.00920	0.99995	-0.00245	0.00219	0.00242	0.99999		-9.04331	60.90736	872.57905	179.41339	2.06731	-2.34390	0.52900	0.99851	0.04126	0.03562	0.04087	-0.99910	0.01170	0.03607	-0.01023	-0.99930		501.17309	5.56076	40.16889	1.53314	-0.21351	-0.42256	0.49619	0.99997	-0.00747	0.00353	0.00737	0.99961	0.02678	-0.00373	-0.02676	0.99964	
55	0.54000	-6.66205	13.08988	0.28388	-0.13024	0.11197	-0.52119	0.44650	0.99996	-0.00910	-0.00193	0.00910	0.99996	-0.00229	0.00195	0.00227	1.00000		-8.83835	61.07201	872.60383	179.41914	2.04537	-2.35261	0.52800	0.99852	0.04141	0.03524	0.04102	-0.99909	0.01159	0.03569	-0.01013	-0.99931		501.18706	5.53312	40.09679	1.53090	-0.19847	-0.44716	0.49837	0.99996	-0.00789	0.00325	0.00780	0.99961	0.02674	-0.00346	-0.02672	0.99964	
56	0.55000	-6.66467	13.09978	0.30928	-0.13817	0.11987	-0.52874	0.44416	0.99995	-0.00923	-0.00207	0.00923	0.99995	-0.00243	0.00209	0.00241	0.99999		-8.96680	60.93061	872.59236	179.42578	2.05545	-2.35406	0.52668	0.99851	0.04143	0.03542	0.04105	-0.99909	0.01149	0.03587	-0.01002	-0.99931		501.17991	5.58476	40.14996	1.55239	-0.19491	-0.43517	0.49836	0.99997	-0.00768	0.00319	0.00760	0.99960	0.02712	-0.00340	-0.02709	0.99963	
57	0.56000	-6.66906	13.07530	0.30028	-0.13312	0.11886	-0.51864	0.43966	0.99996	-0.00906	-0.00205	0.00905	0.99996	-0.00234	0.00207	0.00232	0.99999		-8.93356	61.01586	872.60100	179.41826	2.06003	-2.32953	0.52738	0.99853	0.04101	0.03550	0.04062	-0.99911	0.01161	0.03595	-0.01015	-0.99930		501.18686	5.51954	40.14055	1.52538	-0.20242	-0.44385	0.50193	0.99996	-0.00784	0.00333	0.00775	0.99961	0.02665	-0.00353	-0.02662	0.99964	
58	0.57000	-6.66112	13.10477	0.28354	-0.11767	0.11279	-0.52602	0.44706	0.99996	-0.00918	-0.00195	0.00918	0.99996	-0.00207	0.00197	0.00205	1.00000		-8.85795	61.23382	872.59389	179.40358	2.05285	-2.34445	0.52804	0.99852	0.04128	0.03536	0.04088	-0.99909	0.01187	0.03582	-0.01040	-0.99930		501.18631	5.55929	40.10654	1.50405	-0.20049	-0.42646	0.49586	0.99997	-0.00753	0.00330	0.00744	0.99963	0.02627	-0.00350	-0.02625	0.99965	
59	0.58000	-6.66251	13.08959	0.29290	-0.13870	0.11496	-0.52193	0.44172	0.99996	-0.00911	-0.00198	0.00911	0.99996	-0.00244	0.00201	0.00242	0.99999		-8.88544	60.94094	872.60646	179.41762	2.04731	-2.35469	0.52852	0.99852	0.04145	0.03528	0.04106	-0.99909	0.01162	0.03572	-0.01016	-0.99931		501.17898	5.51333	40.11702	1.53185	-0.19331	-0.41309	0.50043	0.99997	-0.00730	0.00318	0.00721	0.99962	0.02676	-0.00337	-0.02673	0.99964	
60	0.59000	-6.66361	13.09272	0.29371	-0.13214	0.11511	-0.52195	0.44051	0.99996	-0.00911	-0.00199	0.00911	0.99996	-0.00233	0.00201	0.00231	0.99999		-8.88217	61.02786	872.60077	179.41554	2.05274	-2.34991	0.52671	0.99852	0.04137	0.03537	0.04098	-0.99909	0.01166	0.03582	-0.01019	-0.99931		501.19188	5.54815	40.10303	1.54427	-0.21689	-0.46056	0.50436	0.99996	-0.00814	0.00357	0.00804	0.99960	0.02698	-0.00379	-0.02695	0.99963	
61	0.60000	-6.65621	13.09122	0.26767	-0.11683	0.10528	-0.52195	0.44342	0.99996	-0.00911	-0.00182	0.00911	0.99996	-0.00206	0.00184	0.00204	1.00000		-8.74356	61.26662	872.61192	179.40036	2.04202	-2.34985	0.52837	0.99852	0.04137	0.03517	0.04098	-0.99909	0.01192	0.03563	-0.01046	-0.99931		501.18526	5.54218	40.04855	1.51890	-0.19786	-0.43136	0.49853	0.99997	-0.00762	0.00325	0.00753	0.99962	0.02653	-0.00345	-0.02651	0.99964	
62	0.61000	-6.66285	13.08002	0.27325	-0.12821	0.10763	-0.51948	0.44347	0.99996	-0.00907	-0.00186	0.00907	0.99996	-0.00226	0.00188	0.00224	1.00000		-8.77114	61.10537	872.61461	179.40967	2.04443	-2.34893	0.52667	0.99852	0.04135	0.03522	0.04096	-0.99909	0.01176	0.03567	-0.01030	-0.99931		501.20318	5.55658	40.06567	1.55341	-0.21339	-0.47035	0.50237	0.99996	-0.00831	0.00350	0.00821	0.99960	0.02714	-0.00372	-0.02711	0.99963	
63	0.62000	-6.66099	13.09088	0.27876	-0.13868	0.10852	-0.52397	0.44080	0.99996	-0.00915	-0.00187	0.00914	0.99996	-0.00244	0.00189	0.00242	0.99999		-8.78728	60.94519	872.61845	179.42926	2.04436	-2.35474	0.52762	0.99852	0.04144	0.03523	0.04106	-0.99909	0.01142	0.03567	-0.00995	-0.99931		501.19174	5.56797	40.06833	1.57093	-0.20878	-0.45359	0.50225	0.99996	-0.00801	0.00343	0.00792	0.99959	0.02744	-0.00364	-0.02741	0.99962	
64	0.63000	-6.66161	13.08010	0.29865	-0.14759	0.11543	-0.52164	0.44224	0.99996	-0.00911	-0.00199	0.00910	0.99996	-0.00259	0.00201	0.00258	0.99999		-8.88672	60.81175	872.61336	179.43140	2.05367	-2.34670	0.52618	0.99852	0.04130	0.03540	0.04092	-0.99910	0.01138	0.03584	-0.00992	-0.99931		501.18646	5.54417	40.11449	1.56691	-0.20204	-0.44551	0.50200	0.99996	-0.00787	0.00331	0.00778	0.99960	0.02737	-0.00353	-0.02734	0.99962	
65	0.64000	-6.66355	13.09422	0.30480	-0.12914	0.11980	-0.52388	0.44467	0.99996	-0.00915	-0.00207	0.00914	0.99996	-0.00227	0.00209	0.00225	0.99999		-8.95345	61.07944	872.57621	179.41708	2.05192	-2.35304	0.52861	0.99852	0.04142	0.03536	0.04103	-0.99909	0.01164	0.03581	-0.01017	-0.99931		501.18943	5.56478	40.13404	1.53733	-0.22027	-0.45012	0.50075	0.99996	-0.00796	0.00363	0.00786	0.99961	0.02686	-0.00384	-0.02683	0.99963	
66	0.65000	-6.65775	13.08927	0.27240	-0.13094	0.10768	-0.52235	0.44229	0.99996	-0.00912	-0.00186	0.00912	0.99996	-0.00230	0.00188	0.00229	1.00000		-8.76668	61.04862	872.62585	179.41383	2.05055	-2.34043	0.52700	0.99853	0.04120	0.03533	0.04081	-0.99910	0.01168	0.03578	-0.01022	-0.99931		501.18907	5.54415	40.06903	1.53917	-0.19506	-0.44348	0.50024	0.99996	-0.00783	0.00320	0.00774	0.99961	0.02689	-0.00340	-0.02686	0.99963	
67	0.66000	-6.66523	13.09275	0.30150	-0.13536	0.11756	-0.52520	0.44466	0.99996	-0.00917	-0.00203	0.00917	0.99996	-0.00238	0.00205	0.00236	0.99999		-8.91260	60.99558	872.58701	179.42569	2.05512	-2.35477	0.52972	0.99851	0.04144	0.03542	0.04106	-0.99909	0.01149	0.03586	-0.01002	-0.99931		501.18910	5.56983	40.12524	1.55085	-0.21137	-0.44465	0.50487	0.99996	-0.00786	0.00348	0.00776	0.99960	0.02709	-0.00369	-0.02706	0.99963	
68	0.67000	-6.66786	13.08664	0.30252	-0.14025	0.11786	-0.52215	0.44358	0.99996	-0.00912	-0.00203	0.00911	0.99996	-0.00247	0.00206	0.00245	0.99999		-8.91086	60.92516	872.60093	179.42876	2.05610	-2.35354	0.52760	0.99851	0.04142	0.03544	0.04104	-0.99909	0.01143	0.03588	-0.00996	-0.99931		501.19983	5.54716	40.12601	1.54671	-0.22524	-0.44646	0.50634	0.99996	-0.00790	0.00372	0.00779	0.99960	0.02702	-0.00393	-0.02699	0.99963	
69	0.68000	-6.66333	13.08025	0.29412	-0.13256	0.11585	-0.51923	0.43834	0.99996	-0.00907	-0.00200	0.00906	0.99996	-0.00233	0.00202	0.00231	0.99999		-8.88743	61.04465	872.59671	179.41673	2.05298	-2.34937	0.52918	0.99852	0.04136	0.03537	0.04097	-0.99909	0.01164	0.03582	-0.01017	-0.99931		501.20078	5.55046	40.11746	1.55719	-0.22342	-0.47083	0.50406	0.99996	-0.00832	0.00367	0.00822	0.99960	0.02721	-0.00390	-0.02717	0.99962	
70	0.69000	-6.66442	13.08655	0.30203	-0.14363	0.11737	-0.52551	0.44068	0.99996	-0.00918	-0.00202	0.00917	0.99995	-0.00253	0.00205	0.00251	0.99999		-8.91254	60.85729	872.60963	179.43626	2.06009	-2.34310	0.52769	0.99852	0.04123	0.03551	0.04086	-0.99910	0.01130	0.03595	-0.00983	-0.99931		501.18596	5.55926	40.13262	1.53833	-0.19823	-0.42796	0.50338	0.99997	-0.00756	0.00326	0.00747	0.99961	0.02687	-0.00346	-0.02685	0.99963	
71	0.70000	-6.66988	13.08563	0.29262	-0.13850	0.11325	-0.52251	0.44699	0.99996	-0.00912	-0.00195	0.00912	0.99996	-0.00244	0.00198	0.00242	0.99999		-8.84139	60.94014	872.60234	179.42735	2.05017	-2.34177	0.52672	0.99853	0.04122	0.03533	0.04083	-0.99910	0.01145	0.03577	-0.00999	-0.99931		501.20660	5.57501	40.09354	1.56675	-0.22295	-0.47752	0.50821	0.99996	-0.00844	0.00366	0.00833	0.99959	0.02737	-0.00389	-0.02734	0.99962	
72	0.71000	-6.66972	13.08206	0.32553	-0.14709	0.12640	-0.52136	0.44514	0.99996	-0.00910	-0.00218	0.00910	0.99996	-0.00259	0.00221	0.00257	0.99999		-9.03416	60.81777	872.58757	179.43509	2.06628	-2.34361	0.52691	0.99851	0.04125	0.03562	0.04087	-0.99910	0.01133	0.03606	-0.00985	-0.99930		501.18653	5.52425	40.18125	1.54081	-0.22267	-0.43190	0.50218	0.99996	-0.00764	0.00368	0.00754	0.99961	0.02692	-0.00389	-0.02689	0.99963	
73	0.72000	-6.66729	13.08822	0.29876	-0.13152	0.11889	-0.52423	0.44020	0.99996	-0.00915	-0.00205	0.00915	0.99996	-0.00231	0.00207	0.00230	0.99999		-8.92866	61.04702	872.60119	179.41776	2.06464	-2.34834	0.53100	0.99851	0.04134	0.03558	0.04095	-0.99909	0.01163	0.03603	-0.01016	-0.99930		501.19245	5.56885	40.13454	1.54653	-0.21987	-0.44773	0.49662	0.99996	-0.00792	0.00363	0.00781	0.99960	0.02702	-0.00384	-0.02699	0.99963	
74	0.73000	-6.67111	13.09388	0.28470	-0.12796	0.11450	-0.52714	0.44500	0.99996	-0.00920	-0.00198	0.00920	0.99996	-0.00225	0.00200	0.00223	1.00000		-8.86227	61.09945	872.60180	179.41496	2.05053	-2.35281	0.52459	0.99852	0.04142	0.03533	0.04103	-0.99909	0.01167	0.03578	-0.01020	-0.99931		501.20775	5.59351	40.11496	1.54849	-0.22520	-0.45430	0.49734	0.99996	-0.00803	0.00371	0.00793	0.99960	0.02705	-0.00393	-0.02702	0.99963	
75	0.74000	-6.67031	13.08624	0.30899	-0.12989	0.12167	-0.52138	0.44178	0.99996	-0.00910	-0.00210	0.00910	0.99996	-0.00229	0.00212	0.00227	0.99999		-8.97049	61.07018	872.58470	179.41559	2.06775	-2.34294	0.52501	0.99851	0.04125	0.03563	0.04085	-0.99910	0.01167	0.03608	-0.01019	-0.99930		501.19642	5.54615	40.16110	1.54957	-0.21738	-0.45703	0.50857	0.99996	-0.00808	0.00358	0.00798	0.99960	0.02707	-0.00379	-0.02704	0.99963	
76	0.75000	-6.67213	13.07438	0.29388	-0.13053	0.11421	-0.51755	0.44619	0.99996	-0.00904	-0.00197	0.00903	0.99996	-0.00230	0.00199	0.00228	0.99999		-8.84525	61.08308	872.60139	179.42314	2.05754	-2.34592	0.52892	0.99852	0.04129	0.03546	0.04091	-0.99910	0.01153	0.03590	-0.01006	-0.99930		501.21580	5.52219	40.10211	1.53166	-0.22276	-0.46551	0.49673	0.99996	-0.00823	0.00367	0.00812	0.99961	0.02676	-0.00389	-0.02673	0.99964	
77	0.76000	-6.67363	13.08272	0.29574	-0.13469	0.11765	-0.51834	0.44221	0.99996	-0.00905	-0.00203	0.00905	0.99996	-0.00237	0.00205	0.00235	0.99999		-8.90707	61.00411	872.58687	179.41833	2.04721	-2.34476	0.53388	0.99853	0.04127	0.03528	0.04089	-0.99910	0.01160	0.03572	-0.01015	-0.99931		501.20744	5.52543	40.12364	1.53723	-0.23136	-0.46789	0.50038	0.99996	-0.00827	0.00382	0.00817	0.99961	0.02686	-0.00404	-0.02683	0.99963	
78	0.77000	-6.67110	13.09630	0.30877	-0.12715	0.12111	-0.52630	0.44367	0.99996	-0.00919	-0.00209	0.00919	0.99996	-0.00224	0.00211	0.00222	0.99999		-8.96491	61.10793	872.58599	179.41916	2.06708	-2.35218	0.52866	0.99851	0.04140	0.03562	0.04101	-0.99909	0.01161	0.03607	-0.01013	-0.99930		501.20003	5.58231	40.14343	1.54804	-0.22922	-0.44679	0.49904	0.99996	-0.00790	0.00379	0.00780	0.99960	0.02705	-0.00400	-0.02701	0.99963	
79	0.78000	-6.66762	13.09491	0.28184	-0.13432	0.11076	-0.52406	0.44289	0.99996	-0.00915	-0.00191	0.00915	0.99996	-0.00236	0.00193	0.00234	0.99999		-8.80920	61.00026	872.60216	179.41794	2.04281	-2.35199	0.52542	0.99852	0.04140	0.03520	0.04101	-0.99909	0.01161	0.03565	-0.01015	-0.99931		501.20146	5.56757	40.08014	1.56147	-0.22933	-0.45808	0.50017	0.99996	-0.00810	0.00378	0.00799	0.99960	0.02728	-0.00400	-0.02725	0.99962	
80	0.79000	-6.67033	13.09846	0.27792	-0.12003	0.11109	-0.52549	0.44805	0.99996	-0.00918	-0.00192	0.00917	0.99996	-0.00211	0.00194	0.00209	1.00000		-8.80848	61.21131	872.59808	179.40846	2.05188	-2.34704	0.53053	0.99852	0.04132	0.03535	0.04093	-0.99909	0.01178	0.03580	-0.01032	-0.99931		501.22077	5.59113	40.08272	1.53622	-0.24091	-0.47057	0.50637	0.99996	-0.00832	0.00398	0.00821	0.99961	0.02684	-0.00420	-0.02681	0.99963	
81	0.80000	-6.67082	13.10492	0.28707	-0.13060	0.11545	-0.52826	0.44226	0.99996	-0.00922	-0.00199	0.00922	0.99995	-0.00230	0.00201	0.00228	0.99999		-8.88219	61.05674	872.59243	179.41977	2.04961	-2.36491	0.52791	0.99851	0.04162	0.03531	0.04124	-0.99908	0.01159	0.03576	-0.01012	-0.99931		501.20223	5.58762	40.11821	1.54696	-0.22429	-0.45271	0.50689	0.99996	-0.00800	0.00370	0.00790	0.99960	0.02703	-0.00391	-0.02700	0.99963	
82	0.81000	-6.67435	13.09253	0.30408	-0.14306	0.12128	-0.52519	0.44245	0.99996	-0.00917	-0.00209	0.00917	0.99995	-0.00252	0.00212	0.00250	0.99999		-8.95939	60.86801	872.59407	179.43030	2.05943	-2.35159	0.53209	0.99851	0.04139	0.03550	0.04100	-0.99909	0.01141	0.03594	-0.00994	-0.99930		501.21251	5.58343	40.15817	1.58550	-0.23388	-0.46749	0.50315	0.99996	-0.00827	0.00385	0.00816	0.99958	0.02770	-0.00408	-0.02767	0.99961	
83	0.82000	-6.67332	13.09403	0.31550	-0.14439	0.12548	-0.52775	0.44327	0.99995	-0.00922	-0.00217	0.00921	0.99995	-0.00254	0.00219	0.00252	0.99999		-9.02463	60.85143	872.58743	179.43791	2.06551	-2.35588	0.53044	0.99851	0.04146	0.03561	0.04108	-0.99909	0.01128	0.03604	-0.00980	-0.99930		501.20282	5.57252	40.16126	1.54009	-0.25169	-0.44219	0.50409	0.99996	-0.00783	0.00418	0.00772	0.99961	0.02691	-0.00439	-0.02688	0.99963	
84	0.83000	-6.66877	13.07747	0.30709	-0.14108	0.12149	-0.52174	0.44376	0.99996	-0.00911	-0.00210	0.00911	0.99996	-0.00248	0.00212	0.00246	0.99999		-8.96535	60.90403	872.59314	179.42070	2.06138	-2.34198	0.53106	0.99852	0.04123	0.03553	0.04084	-0.99910	0.01157	0.03597	-0.01010	-0.99930		501.20570	5.55918	40.14191	1.55181	-0.24508	-0.47257	0.50707	0.99996	-0.00836	0.00405	0.00825	0.99960	0.02712	-0.00428	-0.02708	0.99962	
85	0.84000	-6.66771	13.08401	0.29682	-0.13484	0.11793	-0.52120	0.44055	0.99996	-0.00910	-0.00204	0.00910	0.99996	-0.00237	0.00206	0.00235	0.99999		-8.91115	61.00434	872.59957	179.42288	2.05802	-2.34933	0.52958	0.99851	0.04135	0.03547	0.04097	-0.99909	0.01154	0.03591	-0.01007	-0.99930		501.20742	5.54551	40.12130	1.54262	-0.23339	-0.46506	0.50614	0.99996	-0.00822	0.00385	0.00812	0.99960	0.02695	-0.00407	-0.02692	0.99963	
86	0.85000	-6.67618	13.07874	0.31070	-0.13796	0.12490	-0.51989	0.44102	0.99996	-0.00908	-0.00216	0.00907	0.99996	-0.00243	0.00218	0.00241	0.99999		-9.00733	60.95649	872.58744	179.42233	2.06511	-2.34450	0.52741	0.99851	0.04127	0.03559	0.04088	-0.99910	0.01155	0.03604	-0.01008	-0.99930		501.20041	5.52100	40.16559	1.53524	-0.24091	-0.45378	0.50499	0.99996	-0.00803	0.00399	0.00792	0.99961	0.02682	-0.00420	-0.02679	0.99963	
87	0.86000	-6.66796	13.09151	0.27584	-0.13224	0.10856	-0.52402	0.44045	0.99996	-0.00915	-0.00187	0.00915	0.99996	-0.00233	0.00189	0.00231	1.00000		-8.77174	61.04452	872.62202	179.42436	2.04951	-2.35907	0.53070	0.99851	0.04152	0.03532	0.04114	-0.99909	0.01151	0.03576	-0.01004	-0.99931		501.20743	5.56632	40.06069	1.55009	-0.22950	-0.45398	0.50636	0.99996	-0.00803	0.00379	0.00792	0.99960	0.02708	-0.00401	-0.02705	0.99963	
88	0.87000	-6.67203	13.07244	0.30667	-0.12910	0.12013	-0.51727	0.44737	0.99996	-0.00903	-0.00208	0.00903	0.99996	-0.00227	0.00210	0.00225	0.99999		-8.93632	61.09673	872.59069	179.41713	2.06564	-2.34281	0.53109	0.99851	0.04124	0.03560	0.04085	-0.99910	0.01164	0.03604	-0.01017	-0.99930		501.19659	5.52598	40.13518	1.54119	-0.23003	-0.46614	0.50363	0.99996	-0.00824	0.00379	0.00814	0.99960	0.02693	-0.00401	-0.02690	0.99963	
89	0.88000	-6.66960	13.09635	0.30292	-0.13508	0.11827	-0.52649	0.44453	0.99996	-0.00919	-0.00204	0.00919	0.99996	-0.00238	0.00206	0.00236	0.99999		-8.91525	60.98427	872.60050	179.42363	2.06458	-2.35526	0.53014	0.99851	0.04146	0.03558	0.04107	-0.99909	0.01153	0.03603	-0.01005	-0.99930		501.19258	5.57255	40.13944	1.55444	-0.21430	-0.44333	0.50842	0.99996	-0.00784	0.00353	0.00774	0.99960	0.02715	-0.00374	-0.02713	0.99963	
90	0.89000	-6.67769	13.07153	0.34751	-0.15230	0.13558	-0.52031	0.44038	0.99996	-0.00909	-0.00234	0.00908	0.99996	-0.00268	0.00237	0.00266	0.99999		-9.16384	60.74626	872.57394	179.44630	2.08389	-2.34649	0.53000	0.99850	0.04129	0.03593	0.04092	-0.99910	0.01114	0.03636	-0.00966	-0.99929		501.19047	5.54896	40.23414	1.58493	-0.23584	-0.47020	0.50943	0.99996	-0.00832	0.00389	0.00821	0.99958	0.02769	-0.00412	-0.02766	0.99961	
91	0.90000	-6.67433	13.07969	0.28153	-0.12274	0.11118	-0.51880	0.44363	0.99996	-0.00906	-0.00192	0.00905	0.99996	-0.00216	0.00194	0.00214	1.00000		-8.79844	61.18798	872.61109	179.41692	2.06153	-2.34031	0.52916	0.99852	0.04120	0.03553	0.04081	-0.99910	0.01164	0.03597	-0.01017	-0.99930		501.21400	5.55800	40.09370	1.56457	-0.22438	-0.48855	0.51140	0.99996	-0.00863	0.00368	0.00853	0.99959	0.02734	-0.00392	-0.02730	0.99962	
92	0.91000	-6.67729	13.08243	0.30952	-0.13517	0.12244	-0.51845	0.44574	0.99996	-0.00905	-0.00211	0.00905	0.99996	-0.00238	0.00214	0.00236	0.99999		-8.97144	60.99863	872.58123	179.42804	2.06018	-2.34777	0.52735	0.99851	0.04132	0.03551	0.04094	-0.99910	0.01145	0.03595	-0.00998	-0.99930		501.20667	5.54336	40.15580	1.56794	-0.23748	-0.48114	0.50401	0.99996	-0.00851	0.00391	0.00840	0.99959	0.02740	-0.00414	-0.02736	0.99962	
93	0.92000	-6.67955	13.07939	0.33037	-0.13899	0.12913	-0.52109	0.44492	0.99996	-0.00910	-0.00223	0.00909	0.99996	-0.00245	0.00225	0.00243	0.99999		-9.06389	60.94503	872.57991	179.43730	2.07952	-2.34923	0.52959	0.99850	0.04134	0.03585	0.04096	-0.99910	0.01130	0.03629	-0.00981	-0.99929		501.20375	5.53492	40.20448	1.54495	-0.23568	-0.44868	0.50956	0.99996	-0.00794	0.00390	0.00783	0.99961	0.02699	-0.00411	-0.02696	0.99963	
94	0.93000	-6.67776	13.09081	0.30687	-0.13864	0.12003	-0.52486	0.44332	0.99996	-0.00917	-0.00207	0.00916	0.99996	-0.00244	0.00209	0.00242	0.99999		-8.93147	60.93628	872.60028	179.43065	2.06895	-2.35162	0.52996	0.99851	0.04139	0.03566	0.04101	-0.99909	0.01141	0.03610	-0.00993	-0.99930		501.20107	5.55915	40.14602	1.55031	-0.22533	-0.44054	0.50666	0.99996	-0.00779	0.00372	0.00769	0.99960	0.02708	-0.00393	-0.02705	0.99963	
