1	0.00000	-6.57632	13.61163	0.58422	-0.07176	0.30954	-0.69114	0.46655	0.99991	-0.01207	-0.00539	0.01206	0.99993	-0.00132	0.00540	0.00125	0.99998		-12.72247	61.36716	871.92208	179.35645	2.12470	-2.76233	0.45782	0.99815	0.04861	0.03649	0.04816	-0.99875	0.01301	0.03707	-0.01122	-0.99925		501.10571	6.19726	41.08694	0.98664	-0.78421	-0.28917	0.26062	0.99989	-0.00528	0.01360	0.00505	0.99984	0.01729	-0.01369	-0.01722	0.99976	
2	0.01000	-6.57723	13.62390	0.59900	-0.07348	0.31365	-0.69567	0.47028	0.99991	-0.01215	-0.00546	0.01214	0.99993	-0.00135	0.00547	0.00128	0.99998		-12.78647	61.32539	871.90706	179.36015	2.12751	-2.76126	0.45947	0.99815	0.04859	0.03654	0.04814	-0.99876	0.01294	0.03712	-0.01116	-0.99925		501.08827	6.21728	41.11019	0.97249	-0.77355	-0.28291	0.25709	0.99990	-0.00517	0.01341	0.00494	0.99984	0.01704	-0.01350	-0.01697	0.99976	
3	0.02000	-6.57665	13.62157	0.58973	-0.06581	0.31003	-0.69292	0.47181	0.99991	-0.01210	-0.00540	0.01209	0.99993	-0.00121	0.00541	0.00115	0.99998		-12.72979	61.45355	871.90898	179.34921	2.12403	-2.76917	0.45986	0.99815	0.04873	0.03647	0.04828	-0.99875	0.01314	0.03706	-0.01135	-0.99925		501.08744	6.20433	41.08873	0.98102	-0.77228	-0.28986	0.25883	0.99990	-0.00529	0.01339	0.00506	0.99984	0.01719	-0.01348	-0.01712	0.99976	
4	0.03000	-6.61041	13.20257	0.13061	-0.51235	0.21212	-0.57789	0.40132	0.99994	-0.01012	-0.00361	0.01009	0.99991	-0.00898	0.00370	0.00894	0.99995		-11.12255	55.34924	872.78942	179.77168	1.90924	-2.83334	0.54063	0.99822	0.04956	0.03308	0.04940	-0.99876	0.00563	0.03332	-0.00398	-0.99944		500.72719	5.12309	40.83611	1.33622	0.01243	0.06254	0.21407	1.00000	0.00110	-0.00019	-0.00109	0.99973	0.02332	0.00022	-0.02332	0.99973	
5	0.04000	-6.58921	13.06963	0.31327	-0.58181	0.27676	-0.53766	0.38534	0.99994	-0.00943	-0.00473	0.00938	0.99990	-0.01020	0.00483	0.01015	0.99994		-12.08552	54.41956	872.65942	179.83871	1.96903	-2.79187	0.54044	0.99822	0.04880	0.03418	0.04868	-0.99880	0.00449	0.03436	-0.00281	-0.99941		500.77404	4.68107	41.25141	1.22021	-0.13936	0.08073	0.33082	1.00000	0.00136	0.00246	-0.00141	0.99977	0.02129	-0.00243	-0.02129	0.99977	
6	0.05000	-6.23518	13.00657	-0.81047	-0.41052	-0.27582	-0.48690	0.53381	0.99995	-0.00846	0.00488	0.00850	0.99994	-0.00712	-0.00481	0.00716	0.99996		-3.93554	56.65345	873.50061	179.79184	1.33280	-2.27858	0.55857	0.99894	0.03984	0.02310	0.03975	-0.99920	0.00455	0.02326	-0.00363	-0.99972		500.91000	3.84224	37.42585	0.43907	0.46548	0.54672	0.21752	0.99992	0.00960	-0.00805	-0.00954	0.99992	0.00774	0.00812	-0.00766	0.99994	
7	0.06000	-6.75627	12.94660	1.01780	-0.60280	0.51827	-0.52119	0.44482	0.99992	-0.00919	-0.00895	0.00910	0.99990	-0.01060	0.00905	0.01052	0.99990		-15.41045	54.03288	871.90750	179.82918	2.25716	-2.48438	0.49356	0.99828	0.04346	0.03922	0.04331	-0.99905	0.00469	0.03938	-0.00298	-0.99922		500.63382	4.79911	42.72805	1.37184	-0.31626	-0.02254	0.21752	0.99998	-0.00053	0.00551	0.00039	0.99971	0.02394	-0.00552	-0.02394	0.99970	
8	0.07000	-6.79561	13.05619	0.54947	-0.43414	0.35509	-0.54826	0.44376	0.99993	-0.00962	-0.00612	0.00957	0.99993	-0.00764	0.00620	0.00758	0.99995		-12.91905	56.51272	872.25458	179.66133	2.10437	-2.50861	0.48913	0.99837	0.04399	0.03643	0.04374	-0.99901	0.00751	0.03672	-0.00591	-0.99931		500.77108	5.06269	41.80656	1.21205	-0.13660	-0.02724	0.20254	1.00000	-0.00053	0.00237	0.00048	0.99978	0.02115	-0.00238	-0.02115	0.99977	
9	0.08000	-6.81119	13.03047	0.55345	-0.43540	0.35740	-0.53804	0.44304	0.99994	-0.00944	-0.00617	0.00939	0.99993	-0.00766	0.00624	0.00760	0.99995		-12.92081	56.52724	872.26348	179.66556	2.11429	-2.49755	0.48657	0.99837	0.04379	0.03660	0.04355	-0.99902	0.00744	0.03689	-0.00583	-0.99930		500.77376	5.01239	41.84140	1.23692	-0.12342	-0.04277	0.20871	1.00000	-0.00079	0.00214	0.00075	0.99977	0.02159	-0.00215	-0.02159	0.99976	
10	0.09000	-6.82251	13.03659	0.56966	-0.43951	0.36262	-0.54158	0.44186	0.99994	-0.00950	-0.00626	0.00945	0.99993	-0.00773	0.00633	0.00767	0.99995		-12.99209	56.46381	872.23925	179.67264	2.11600	-2.50230	0.48206	0.99837	0.04387	0.03664	0.04363	-0.99902	0.00732	0.03692	-0.00571	-0.99930		500.77424	5.04924	41.86739	1.24899	-0.14051	-0.05397	0.21185	1.00000	-0.00100	0.00243	0.00094	0.99976	0.02180	-0.00245	-0.02180	0.99976	
11	0.10000	-6.82916	13.02563	0.54713	-0.42698	0.35487	-0.53630	0.44055	0.99994	-0.00941	-0.00612	0.00936	0.99993	-0.00751	0.00619	0.00745	0.99995		-12.85860	56.67455	872.26212	179.67780	2.11514	-2.49811	0.47709	0.99837	0.04379	0.03663	0.04356	-0.99902	0.00723	0.03691	-0.00562	-0.99930		500.79735	5.04814	41.82594	1.26310	-0.14110	-0.08426	0.21198	1.00000	-0.00152	0.00243	0.00147	0.99976	0.02205	-0.00246	-0.02204	0.99975	
12	0.11000	-6.83762	13.02118	0.57116	-0.43786	0.36423	-0.53508	0.44235	0.99994	-0.00939	-0.00628	0.00934	0.99993	-0.00770	0.00636	0.00764	0.99995		-12.99196	56.51240	872.24511	179.67490	2.12350	-2.49964	0.47972	0.99836	0.04382	0.03677	0.04358	-0.99902	0.00728	0.03705	-0.00567	-0.99930		500.79214	5.01657	41.88331	1.25324	-0.15000	-0.06660	0.21084	1.00000	-0.00122	0.00259	0.00116	0.99976	0.02187	-0.00262	-0.02187	0.99976	
13	0.12000	-6.84035	13.04670	0.56496	-0.43879	0.36222	-0.54424	0.44304	0.99993	-0.00955	-0.00625	0.00950	0.99993	-0.00772	0.00632	0.00766	0.99995		-12.96581	56.47191	872.25212	179.69147	2.12438	-2.50222	0.47786	0.99836	0.04386	0.03680	0.04363	-0.99902	0.00700	0.03707	-0.00538	-0.99930		500.79432	5.07212	41.87525	1.24678	-0.15146	-0.06365	0.21202	1.00000	-0.00117	0.00262	0.00111	0.99976	0.02176	-0.00264	-0.02176	0.99976	
14	0.13000	-6.84313	13.02748	0.55462	-0.42924	0.35753	-0.53531	0.44153	0.99994	-0.00939	-0.00617	0.00934	0.99993	-0.00755	0.00624	0.00749	0.99995		-12.87796	56.64102	872.25515	179.66557	2.11478	-2.49971	0.47920	0.99837	0.04383	0.03661	0.04358	-0.99902	0.00744	0.03690	-0.00583	-0.99930		500.80556	5.02340	41.84376	1.25197	-0.14927	-0.06659	0.21833	1.00000	-0.00122	0.00258	0.00116	0.99976	0.02185	-0.00261	-0.02185	0.99976	
15	0.14000	-6.85379	13.01076	0.59176	-0.44825	0.36979	-0.53261	0.44489	0.99994	-0.00935	-0.00638	0.00930	0.99993	-0.00788	0.00645	0.00782	0.99995		-13.04895	56.38666	872.23432	179.69824	2.13434	-2.50724	0.47507	0.99835	0.04394	0.03698	0.04372	-0.99902	0.00689	0.03724	-0.00526	-0.99929		500.80438	5.02441	41.90871	1.28730	-0.16387	-0.08698	0.21770	0.99999	-0.00158	0.00283	0.00152	0.99975	0.02247	-0.00286	-0.02247	0.99974	
16	0.15000	-6.85312	13.01577	0.58398	-0.43443	0.36793	-0.53203	0.44710	0.99994	-0.00933	-0.00635	0.00929	0.99993	-0.00764	0.00642	0.00758	0.99995		-13.01685	56.59311	872.23024	179.67920	2.13233	-2.50807	0.47329	0.99835	0.04397	0.03693	0.04373	-0.99902	0.00722	0.03721	-0.00560	-0.99929		500.80068	5.01825	41.90132	1.27381	-0.16351	-0.07869	0.21661	0.99999	-0.00144	0.00282	0.00137	0.99975	0.02223	-0.00285	-0.02223	0.99975	
17	0.16000	-6.85923	13.02717	0.58746	-0.42948	0.37135	-0.53570	0.44122	0.99994	-0.00940	-0.00641	0.00935	0.99993	-0.00756	0.00648	0.00750	0.99995		-13.06547	56.64803	872.21384	179.67876	2.13151	-2.50289	0.47696	0.99835	0.04388	0.03691	0.04364	-0.99902	0.00723	0.03719	-0.00560	-0.99929		500.80924	5.04526	41.93592	1.27640	-0.16232	-0.08457	0.21377	0.99999	-0.00154	0.00280	0.00148	0.99975	0.02228	-0.00283	-0.02228	0.99975	
18	0.17000	-6.85870	13.03687	0.56274	-0.42990	0.36178	-0.53880	0.44579	0.99994	-0.00945	-0.00624	0.00940	0.99993	-0.00756	0.00631	0.00750	0.99995		-12.91872	56.62836	872.25431	179.67302	2.13311	-2.49886	0.47620	0.99836	0.04381	0.03694	0.04357	-0.99902	0.00732	0.03722	-0.00570	-0.99929		500.81426	5.05518	41.87493	1.26943	-0.15896	-0.07853	0.21960	1.00000	-0.00143	0.00274	0.00137	0.99975	0.02216	-0.00277	-0.02215	0.99975	
19	0.18000	-6.86322	13.01351	0.58802	-0.44183	0.36879	-0.53254	0.44377	0.99994	-0.00934	-0.00636	0.00929	0.99993	-0.00777	0.00644	0.00771	0.99995		-13.01062	56.48636	872.23853	179.69057	2.14061	-2.50337	0.47379	0.99835	0.04388	0.03708	0.04365	-0.99902	0.00703	0.03735	-0.00540	-0.99929		500.81603	5.03248	41.91173	1.28516	-0.16533	-0.10081	0.21774	0.99999	-0.00182	0.00285	0.00176	0.99975	0.02243	-0.00289	-0.02243	0.99974	
20	0.19000	-6.86045	13.03503	0.57812	-0.43436	0.36573	-0.53951	0.44479	0.99994	-0.00946	-0.00631	0.00942	0.99993	-0.00764	0.00638	0.00758	0.99995		-12.97190	56.57420	872.23908	179.68568	2.13596	-2.50644	0.47632	0.99835	0.04394	0.03699	0.04370	-0.99902	0.00711	0.03727	-0.00548	-0.99929		500.81362	5.06750	41.89257	1.26969	-0.16650	-0.08307	0.22274	0.99999	-0.00151	0.00287	0.00145	0.99975	0.02216	-0.00291	-0.02216	0.99975	
21	0.20000	-6.86371	13.02375	0.57935	-0.43627	0.36801	-0.53305	0.44282	0.99994	-0.00935	-0.00635	0.00930	0.99993	-0.00767	0.00642	0.00761	0.99995		-12.99391	56.55871	872.24094	179.68282	2.14286	-2.50191	0.47224	0.99835	0.04386	0.03711	0.04362	-0.99902	0.00716	0.03739	-0.00553	-0.99929		500.81727	5.04383	41.90982	1.30085	-0.17788	-0.11189	0.22231	0.99999	-0.00202	0.00306	0.00195	0.99974	0.02271	-0.00310	-0.02270	0.99974	
22	0.21000	-6.86400	13.03324	0.57356	-0.44230	0.36505	-0.53919	0.44388	0.99994	-0.00946	-0.00630	0.00941	0.99993	-0.00778	0.00637	0.00772	0.99995		-12.95721	56.45671	872.25427	179.69315	2.13787	-2.50450	0.47378	0.99835	0.04390	0.03703	0.04367	-0.99902	0.00698	0.03730	-0.00535	-0.99929		500.81713	5.05761	41.89043	1.27440	-0.16610	-0.08724	0.22031	0.99999	-0.00159	0.00286	0.00152	0.99975	0.02224	-0.00290	-0.02224	0.99975	
23	0.22000	-6.86418	13.02438	0.57978	-0.43873	0.36722	-0.53752	0.44176	0.99994	-0.00943	-0.00634	0.00938	0.99993	-0.00772	0.00641	0.00766	0.99995		-12.98617	56.52204	872.24586	179.69408	2.14199	-2.50864	0.47772	0.99834	0.04397	0.03711	0.04374	-0.99902	0.00697	0.03738	-0.00534	-0.99929		500.81963	5.07582	41.89254	1.28217	-0.18192	-0.10668	0.21352	0.99999	-0.00193	0.00313	0.00186	0.99975	0.02238	-0.00318	-0.02238	0.99974	
24	0.23000	-6.86349	13.03073	0.57827	-0.43216	0.36797	-0.53771	0.44489	0.99994	-0.00943	-0.00635	0.00938	0.99993	-0.00760	0.00642	0.00754	0.99995		-12.97998	56.60716	872.29366	179.72398	2.17165	-2.46412	0.48898	0.99836	0.04318	0.03765	0.04296	-0.99906	0.00644	0.03789	-0.00481	-0.99927		500.81897	5.04366	41.81950	1.30027	-0.26477	-0.06702	0.23978	0.99999	-0.00127	0.00459	0.00117	0.99974	0.02270	-0.00462	-0.02269	0.99973	
25	0.24000	-6.86959	13.00153	0.56862	-0.42764	0.36283	-0.52555	0.44501	0.99994	-0.00922	-0.00626	0.00917	0.99993	-0.00752	0.00633	0.00746	0.99995		-12.88661	56.72174	872.29454	179.71494	2.15958	-2.46811	0.49067	0.99836	0.04325	0.03743	0.04303	-0.99905	0.00659	0.03768	-0.00497	-0.99928		500.84375	4.96745	41.78441	1.30996	-0.27646	-0.08122	0.23859	0.99999	-0.00153	0.00479	0.00142	0.99974	0.02287	-0.00483	-0.02286	0.99973	
26	0.25000	-6.87134	13.02190	0.57143	-0.43023	0.36463	-0.53195	0.44514	0.99994	-0.00933	-0.00629	0.00928	0.99993	-0.00757	0.00636	0.00751	0.99995		-12.91884	56.64902	872.29972	179.71774	2.16731	-2.46169	0.48863	0.99836	0.04314	0.03757	0.04292	-0.99906	0.00655	0.03782	-0.00492	-0.99927		500.83810	4.98222	41.79696	1.30005	-0.26849	-0.05153	0.24482	0.99999	-0.00101	0.00466	0.00090	0.99974	0.02269	-0.00469	-0.02269	0.99973	
27	0.26000	-6.87917	13.00896	0.60101	-0.44517	0.37408	-0.52869	0.44977	0.99994	-0.00928	-0.00646	0.00923	0.99993	-0.00783	0.00653	0.00777	0.99995		-13.04713	56.44953	872.27680	179.73540	2.17218	-2.47253	0.48538	0.99835	0.04331	0.03767	0.04311	-0.99905	0.00625	0.03790	-0.00462	-0.99927		500.83646	4.96681	41.84520	1.31847	-0.27707	-0.06315	0.23773	0.99999	-0.00121	0.00481	0.00110	0.99973	0.02301	-0.00484	-0.02301	0.99972	
28	0.27000	-6.87369	13.01727	0.58688	-0.43277	0.36971	-0.53192	0.44488	0.99994	-0.00933	-0.00638	0.00928	0.99993	-0.00761	0.00645	0.00755	0.99995		-12.99305	56.63686	872.28174	179.72110	2.16478	-2.48007	0.49129	0.99835	0.04345	0.03753	0.04324	-0.99904	0.00650	0.03777	-0.00486	-0.99927		500.83249	4.98850	41.81825	1.29981	-0.28280	-0.05107	0.23956	0.99999	-0.00100	0.00491	0.00089	0.99974	0.02269	-0.00494	-0.02268	0.99973	
29	0.28000	-6.88107	13.02181	0.59910	-0.43389	0.37754	-0.53263	0.44680	0.99993	-0.00935	-0.00652	0.00930	0.99993	-0.00763	0.00659	0.00757	0.99995		-13.10140	56.60045	872.27356	179.72328	2.17660	-2.46710	0.49215	0.99835	0.04323	0.03774	0.04301	-0.99905	0.00646	0.03798	-0.00483	-0.99927		500.83377	4.99932	41.87851	1.31617	-0.28658	-0.06602	0.24237	0.99999	-0.00127	0.00497	0.00115	0.99974	0.02298	-0.00500	-0.02297	0.99972	
30	0.29000	-6.87260	13.00975	0.57153	-0.43105	0.36437	-0.52898	0.44609	0.99994	-0.00928	-0.00629	0.00923	0.99993	-0.00758	0.00636	0.00752	0.99995		-12.90013	56.66082	872.30638	179.72620	2.17100	-2.46432	0.49218	0.99836	0.04318	0.03764	0.04297	-0.99906	0.00640	0.03788	-0.00478	-0.99927		500.83076	4.97123	41.79483	1.30438	-0.26854	-0.05958	0.24337	0.99999	-0.00115	0.00466	0.00104	0.99974	0.02277	-0.00469	-0.02276	0.99973	
31	0.30000	-6.87640	13.01192	0.56017	-0.42886	0.36017	-0.52935	0.44530	0.99994	-0.00929	-0.00622	0.00924	0.99993	-0.00754	0.00629	0.00748	0.99995		-12.84640	56.68157	872.31069	179.72537	2.15832	-2.45606	0.49355	0.99837	0.04303	0.03742	0.04282	-0.99906	0.00640	0.03766	-0.00479	-0.99928		500.83693	4.97471	41.76411	1.30381	-0.26811	-0.06120	0.24148	0.99999	-0.00117	0.00465	0.00107	0.99974	0.02276	-0.00468	-0.02275	0.99973	
32	0.31000	-6.87677	13.01525	0.60863	-0.43956	0.37579	-0.53078	0.44894	0.99994	-0.00931	-0.00649	0.00926	0.99993	-0.00773	0.00656	0.00767	0.99995		-13.08007	56.52234	872.26516	179.73613	2.17468	-2.46607	0.49061	0.99835	0.04320	0.03771	0.04300	-0.99906	0.00623	0.03795	-0.00460	-0.99927		500.82738	4.97496	41.84986	1.30138	-0.28679	-0.05447	0.23391	0.99999	-0.00106	0.00498	0.00095	0.99974	0.02272	-0.00501	-0.02271	0.99973	
33	0.32000	-6.88288	13.04148	0.57343	-0.43442	0.36516	-0.54365	0.44504	0.99993	-0.00954	-0.00630	0.00949	0.99993	-0.00764	0.00637	0.00758	0.99995		-12.91817	56.57595	872.29805	179.72673	2.16403	-2.48700	0.49328	0.99835	0.04357	0.03752	0.04336	-0.99904	0.00640	0.03776	-0.00477	-0.99928		500.84538	5.06544	41.79246	1.29939	-0.27921	-0.04410	0.24448	0.99999	-0.00088	0.00485	0.00077	0.99974	0.02268	-0.00487	-0.02268	0.99973	
34	0.33000	-6.87902	13.02405	0.56357	-0.43312	0.35984	-0.53682	0.44624	0.99994	-0.00942	-0.00621	0.00937	0.99993	-0.00762	0.00628	0.00756	0.99995		-12.83165	56.61039	872.32167	179.73405	2.16910	-2.47031	0.49052	0.99835	0.04328	0.03761	0.04307	-0.99905	0.00627	0.03785	-0.00464	-0.99927		500.84619	5.02464	41.75522	1.30633	-0.27114	-0.05406	0.23951	0.99999	-0.00105	0.00471	0.00094	0.99974	0.02280	-0.00473	-0.02280	0.99973	
35	0.34000	-6.88454	13.02116	0.58459	-0.42888	0.36946	-0.53221	0.44777	0.99994	-0.00934	-0.00638	0.00929	0.99993	-0.00755	0.00645	0.00749	0.99995		-12.97681	56.68058	872.27779	179.72507	2.16437	-2.46705	0.49274	0.99836	0.04323	0.03752	0.04301	-0.99905	0.00642	0.03777	-0.00480	-0.99928		500.84039	4.99926	41.81869	1.30605	-0.28288	-0.06515	0.24049	0.99999	-0.00125	0.00491	0.00114	0.99974	0.02280	-0.00494	-0.02279	0.99973	
36	0.35000	-6.88359	13.03127	0.58369	-0.42811	0.36723	-0.53603	0.44592	0.99994	-0.00940	-0.00634	0.00936	0.99993	-0.00753	0.00641	0.00747	0.99995		-12.94807	56.68167	872.28029	179.72621	2.16442	-2.47302	0.48692	0.99836	0.04333	0.03753	0.04312	-0.99905	0.00640	0.03777	-0.00478	-0.99928		500.84887	5.01829	41.79551	1.30775	-0.29395	-0.05531	0.24187	0.99999	-0.00108	0.00511	0.00097	0.99974	0.02283	-0.00513	-0.02282	0.99973	
37	0.36000	-6.88191	13.02309	0.57430	-0.44249	0.36564	-0.53428	0.44500	0.99994	-0.00937	-0.00631	0.00932	0.99993	-0.00778	0.00638	0.00772	0.99995		-12.92147	56.46392	872.31074	179.74350	2.17022	-2.46115	0.49242	0.99836	0.04311	0.03764	0.04291	-0.99906	0.00610	0.03787	-0.00447	-0.99927		500.84842	5.00680	41.79166	1.31546	-0.28901	-0.05883	0.24188	0.99999	-0.00114	0.00502	0.00103	0.99974	0.02296	-0.00504	-0.02296	0.99972	
38	0.37000	-6.88604	13.01634	0.58816	-0.43708	0.36993	-0.53217	0.45079	0.99994	-0.00934	-0.00638	0.00929	0.99993	-0.00769	0.00646	0.00763	0.99995		-12.97511	56.56145	872.28795	179.73097	2.17153	-2.46927	0.49010	0.99835	0.04326	0.03765	0.04305	-0.99905	0.00632	0.03789	-0.00469	-0.99927		500.85988	5.01717	41.82031	1.33092	-0.29797	-0.08643	0.24621	0.99999	-0.00163	0.00516	0.00151	0.99973	0.02323	-0.00520	-0.02323	0.99972	
39	0.38000	-6.88331	13.01187	0.58366	-0.44470	0.36852	-0.53002	0.44593	0.99994	-0.00930	-0.00636	0.00925	0.99993	-0.00782	0.00643	0.00776	0.99995		-12.95668	56.45744	872.30315	179.73999	2.16976	-2.47267	0.48871	0.99835	0.04331	0.03763	0.04311	-0.99905	0.00617	0.03786	-0.00453	-0.99927		500.84703	4.98314	41.81582	1.32571	-0.28431	-0.06718	0.24414	0.99999	-0.00129	0.00493	0.00117	0.99973	0.02314	-0.00496	-0.02314	0.99972	
40	0.39000	-6.88367	13.02670	0.59002	-0.43311	0.37142	-0.53680	0.44837	0.99993	-0.00942	-0.00641	0.00937	0.99993	-0.00762	0.00648	0.00756	0.99995		-13.00867	56.60773	872.28225	179.72966	2.17102	-2.47040	0.48788	0.99835	0.04328	0.03764	0.04307	-0.99905	0.00635	0.03788	-0.00472	-0.99927		500.85267	5.02796	41.82187	1.30628	-0.30507	-0.05489	0.24364	0.99999	-0.00108	0.00530	0.00096	0.99974	0.02280	-0.00532	-0.02280	0.99973	
41	0.40000	-6.88707	13.01914	0.61351	-0.44244	0.38117	-0.53069	0.44729	0.99993	-0.00931	-0.00658	0.00926	0.99993	-0.00778	0.00665	0.00772	0.99995		-13.14739	56.47058	872.26500	179.73056	2.17933	-2.46530	0.49036	0.99835	0.04319	0.03779	0.04298	-0.99906	0.00633	0.03803	-0.00470	-0.99927		500.84310	4.97258	41.89793	1.31431	-0.29866	-0.05716	0.24705	0.99999	-0.00112	0.00519	0.00100	0.99974	0.02294	-0.00521	-0.02294	0.99972	
42	0.41000	-6.88649	13.02318	0.59063	-0.44376	0.37127	-0.53639	0.44751	0.99993	-0.00941	-0.00641	0.00936	0.99993	-0.00781	0.00648	0.00774	0.99995		-12.99693	56.44312	872.31097	179.74356	2.18314	-2.46479	0.49051	0.99835	0.04318	0.03787	0.04297	-0.99906	0.00611	0.03809	-0.00447	-0.99926		500.85429	5.02246	41.81995	1.31684	-0.30038	-0.05905	0.24148	0.99999	-0.00115	0.00522	0.00103	0.99974	0.02299	-0.00524	-0.02298	0.99972	
43	0.42000	-6.88715	13.02701	0.59823	-0.44838	0.37226	-0.53844	0.44753	0.99993	-0.00945	-0.00642	0.00940	0.99992	-0.00789	0.00650	0.00783	0.99995		-13.00920	56.37580	872.30325	179.74611	2.18322	-2.46836	0.48727	0.99835	0.04324	0.03787	0.04304	-0.99906	0.00607	0.03810	-0.00443	-0.99926		500.85474	5.04473	41.82062	1.33263	-0.30704	-0.06953	0.24879	0.99998	-0.00134	0.00533	0.00121	0.99973	0.02326	-0.00536	-0.02326	0.99972	
44	0.43000	-6.88543	13.01984	0.60341	-0.43009	0.37524	-0.53399	0.44574	0.99993	-0.00937	-0.00648	0.00932	0.99993	-0.00757	0.00655	0.00751	0.99995		-13.06034	56.65505	872.26407	179.73294	2.17844	-2.46440	0.49164	0.99835	0.04318	0.03778	0.04297	-0.99906	0.00629	0.03801	-0.00466	-0.99927		500.85150	5.03374	41.84012	1.31981	-0.30866	-0.07711	0.24272	0.99998	-0.00147	0.00535	0.00135	0.99973	0.02304	-0.00539	-0.02303	0.99972	
45	0.44000	-6.88386	13.01207	0.59385	-0.43920	0.37112	-0.53244	0.44704	0.99994	-0.00934	-0.00640	0.00929	0.99993	-0.00773	0.00648	0.00767	0.99995		-12.99096	56.54632	872.29157	179.74210	2.17395	-2.47700	0.48886	0.99835	0.04339	0.03770	0.04319	-0.99905	0.00614	0.03793	-0.00450	-0.99927		500.84587	5.00633	41.82939	1.32540	-0.29382	-0.06489	0.24782	0.99999	-0.00125	0.00510	0.00113	0.99973	0.02314	-0.00513	-0.02313	0.99972	
46	0.45000	-6.88467	13.00651	0.57178	-0.42999	0.36287	-0.52679	0.44847	0.99994	-0.00924	-0.00626	0.00919	0.99993	-0.00756	0.00633	0.00750	0.99995		-12.84141	56.68051	872.36211	179.78188	2.19811	-2.41981	0.51752	0.99837	0.04237	0.03816	0.04219	-0.99909	0.00542	0.03835	-0.00380	-0.99926		500.85259	4.97810	41.76959	1.32544	-0.29112	-0.08142	0.24820	0.99999	-0.00154	0.00505	0.00142	0.99973	0.02314	-0.00508	-0.02313	0.99972	
47	0.46000	-6.88572	13.01728	0.58022	-0.42742	0.36489	-0.53305	0.45228	0.99994	-0.00935	-0.00630	0.00930	0.99993	-0.00752	0.00637	0.00746	0.99995		-12.89617	56.70969	872.29825	179.73021	2.17505	-2.46569	0.49171	0.99835	0.04320	0.03771	0.04299	-0.99906	0.00634	0.03795	-0.00471	-0.99927		500.85028	5.01170	41.78400	1.32912	-0.28739	-0.05926	0.25215	0.99999	-0.00115	0.00499	0.00103	0.99973	0.02320	-0.00502	-0.02320	0.99972	
48	0.47000	-6.88559	13.01405	0.57594	-0.43491	0.36394	-0.53231	0.44852	0.99994	-0.00934	-0.00628	0.00929	0.99993	-0.00765	0.00635	0.00759	0.99995		-12.88803	56.59648	872.30146	179.73451	2.16673	-2.46336	0.49151	0.99836	0.04316	0.03757	0.04295	-0.99906	0.00625	0.03781	-0.00463	-0.99927		500.85546	5.01308	41.77141	1.31422	-0.29058	-0.07482	0.24526	0.99999	-0.00142	0.00504	0.00131	0.99974	0.02294	-0.00507	-0.02294	0.99972	
49	0.48000	-6.88701	13.00870	0.58460	-0.43788	0.36891	-0.52982	0.44790	0.99994	-0.00930	-0.00637	0.00925	0.99993	-0.00770	0.00644	0.00764	0.99995		-12.95232	56.55446	872.29415	179.73785	2.17223	-2.46255	0.49032	0.99836	0.04314	0.03767	0.04294	-0.99906	0.00620	0.03790	-0.00457	-0.99927		500.85544	5.01162	41.81068	1.34828	-0.29907	-0.09402	0.24606	0.99998	-0.00176	0.00518	0.00164	0.99972	0.02354	-0.00522	-0.02353	0.99971	
50	0.49000	-6.89198	12.98654	0.61470	-0.45141	0.38103	-0.52310	0.44345	0.99994	-0.00918	-0.00658	0.00913	0.99993	-0.00794	0.00665	0.00788	0.99995		-13.12365	56.37305	872.28488	179.75526	2.19416	-2.45420	0.49061	0.99835	0.04298	0.03807	0.04279	-0.99907	0.00591	0.03829	-0.00427	-0.99926		500.85070	4.95810	41.88725	1.35321	-0.30679	-0.09151	0.25032	0.99998	-0.00172	0.00532	0.00160	0.99972	0.02362	-0.00535	-0.02362	0.99971	
51	0.50000	-6.89250	13.00329	0.60278	-0.44952	0.37453	-0.52813	0.44801	0.99994	-0.00927	-0.00646	0.00922	0.99993	-0.00791	0.00654	0.00785	0.99995		-13.02636	56.38933	872.29433	179.75206	2.18506	-2.46876	0.48807	0.99835	0.04324	0.03791	0.04304	-0.99906	0.00597	0.03813	-0.00432	-0.99926		500.85580	4.97656	41.83280	1.33420	-0.31061	-0.07991	0.24322	0.99998	-0.00152	0.00539	0.00139	0.99973	0.02329	-0.00542	-0.02328	0.99971	
52	0.51000	-6.89158	13.00810	0.59776	-0.43494	0.37190	-0.52925	0.44951	0.99994	-0.00929	-0.00642	0.00924	0.99993	-0.00765	0.00649	0.00759	0.99995		-12.99350	56.60726	872.27831	179.73833	2.17474	-2.47054	0.48630	0.99835	0.04328	0.03771	0.04307	-0.99905	0.00620	0.03795	-0.00456	-0.99927		500.85646	4.99634	41.82789	1.33877	-0.29265	-0.08132	0.24743	0.99999	-0.00154	0.00507	0.00142	0.99973	0.02337	-0.00511	-0.02336	0.99971	
53	0.52000	-6.89083	13.01479	0.58948	-0.44452	0.36878	-0.53344	0.44994	0.99994	-0.00936	-0.00636	0.00931	0.99993	-0.00782	0.00644	0.00776	0.99995		-12.94940	56.44754	872.30344	179.74649	2.17687	-2.46851	0.48862	0.99835	0.04324	0.03776	0.04304	-0.99906	0.00606	0.03798	-0.00442	-0.99927		500.84662	5.00664	41.80014	1.32839	-0.28871	-0.05130	0.24940	0.99999	-0.00101	0.00502	0.00090	0.99973	0.02319	-0.00504	-0.02318	0.99972	
54	0.53000	-6.89166	13.01925	0.58873	-0.43155	0.36947	-0.53345	0.44838	0.99994	-0.00936	-0.00638	0.00931	0.99993	-0.00759	0.00645	0.00753	0.99995		-12.96172	56.64338	872.28314	179.73814	2.17464	-2.47036	0.49051	0.99835	0.04328	0.03771	0.04307	-0.99905	0.00620	0.03795	-0.00457	-0.99927		500.84689	5.00739	41.80746	1.30012	-0.28953	-0.05859	0.24867	0.99999	-0.00114	0.00503	0.00102	0.99974	0.02269	-0.00505	-0.02269	0.99973	
55	0.54000	-6.89289	13.00370	0.61860	-0.44001	0.38147	-0.52802	0.44840	0.99994	-0.00927	-0.00659	0.00922	0.99993	-0.00774	0.00666	0.00768	0.99995		-13.13470	56.52373	872.26415	179.74368	2.18887	-2.45469	0.48603	0.99835	0.04300	0.03797	0.04280	-0.99907	0.00611	0.03819	-0.00447	-0.99926		500.85653	4.97614	41.87820	1.32436	-0.31366	-0.07852	0.24504	0.99998	-0.00150	0.00544	0.00137	0.99973	0.02312	-0.00547	-0.02311	0.99972	
56	0.55000	-6.89321	13.00874	0.57361	-0.42086	0.36576	-0.52792	0.45158	0.99994	-0.00926	-0.00632	0.00921	0.99993	-0.00740	0.00638	0.00735	0.99995		-12.89867	56.81652	872.29199	179.72810	2.17122	-2.45739	0.49014	0.99836	0.04306	0.03765	0.04285	-0.99906	0.00637	0.03789	-0.00474	-0.99927		500.85970	5.00206	41.79759	1.33527	-0.29477	-0.08800	0.24952	0.99999	-0.00166	0.00511	0.00154	0.99973	0.02331	-0.00514	-0.02330	0.99972	
57	0.56000	-6.89758	13.00621	0.60557	-0.43586	0.37757	-0.52848	0.44997	0.99994	-0.00927	-0.00652	0.00922	0.99993	-0.00767	0.00659	0.00761	0.99995		-13.07166	56.59336	872.27461	179.73810	2.18379	-2.46514	0.48872	0.99835	0.04319	0.03787	0.04298	-0.99906	0.00621	0.03811	-0.00457	-0.99926		500.85793	4.99165	41.86384	1.33462	-0.30512	-0.08145	0.25140	0.99998	-0.00155	0.00529	0.00142	0.99973	0.02330	-0.00533	-0.02329	0.99971	
58	0.57000	-6.89705	13.01017	0.61554	-0.44748	0.37695	-0.53051	0.44727	0.99994	-0.00931	-0.00651	0.00926	0.99993	-0.00787	0.00658	0.00781	0.99995		-13.06165	56.41147	872.27747	179.75294	2.18527	-2.46611	0.48912	0.99835	0.04319	0.03791	0.04300	-0.99906	0.00595	0.03813	-0.00431	-0.99926		500.85404	4.98381	41.84604	1.32039	-0.29817	-0.06296	0.25005	0.99999	-0.00122	0.00518	0.00110	0.99973	0.02305	-0.00520	-0.02304	0.99972	
59	0.58000	-6.89875	13.01680	0.61916	-0.44295	0.38042	-0.53324	0.45038	0.99993	-0.00936	-0.00657	0.00931	0.99993	-0.00779	0.00664	0.00773	0.99995		-13.11605	56.47777	872.26378	179.74675	2.18084	-2.47046	0.48570	0.99835	0.04327	0.03783	0.04307	-0.99905	0.00606	0.03805	-0.00442	-0.99927		500.85297	5.00290	41.87213	1.32368	-0.30735	-0.06057	0.25240	0.99999	-0.00118	0.00534	0.00106	0.99973	0.02311	-0.00536	-0.02310	0.99972	
60	0.59000	-6.89390	13.01234	0.59381	-0.44339	0.37305	-0.53047	0.44812	0.99994	-0.00931	-0.00644	0.00926	0.99993	-0.00780	0.00651	0.00774	0.99995		-13.01161	56.47180	872.29062	179.74373	2.17423	-2.46830	0.48715	0.99835	0.04324	0.03771	0.04304	-0.99905	0.00610	0.03794	-0.00447	-0.99927		500.86389	4.99446	41.83256	1.33448	-0.31619	-0.07910	0.24682	0.99998	-0.00151	0.00548	0.00138	0.99973	0.02330	-0.00552	-0.02329	0.99971	
61	0.60000	-6.90209	13.00214	0.62294	-0.44102	0.38434	-0.52831	0.44978	0.99993	-0.00927	-0.00664	0.00922	0.99993	-0.00776	0.00671	0.00770	0.99995		-13.16328	56.52408	872.26530	179.73877	2.18951	-2.47180	0.49096	0.99834	0.04330	0.03797	0.04310	-0.99905	0.00620	0.03820	-0.00456	-0.99926		500.85679	4.98689	41.90283	1.33230	-0.31660	-0.08334	0.24593	0.99998	-0.00158	0.00549	0.00145	0.99973	0.02326	-0.00553	-0.02325	0.99971	
62	0.61000	-6.90150	13.00296	0.60508	-0.44578	0.37634	-0.52758	0.45076	0.99994	-0.00926	-0.00650	0.00921	0.99993	-0.00784	0.00657	0.00778	0.99995		-13.05075	56.43741	872.28259	179.74771	2.17861	-2.46074	0.48713	0.99836	0.04310	0.03779	0.04290	-0.99906	0.00603	0.03801	-0.00440	-0.99927		500.86517	4.97152	41.85475	1.33578	-0.30762	-0.07165	0.24651	0.99998	-0.00138	0.00534	0.00125	0.99973	0.02332	-0.00537	-0.02331	0.99971	
63	0.62000	-6.89870	12.99785	0.60341	-0.44082	0.37678	-0.52485	0.44864	0.99994	-0.00921	-0.00650	0.00916	0.99993	-0.00775	0.00658	0.00769	0.99995		-13.06203	56.53458	872.28052	179.74600	2.17858	-2.46333	0.48524	0.99835	0.04315	0.03779	0.04295	-0.99906	0.00606	0.03801	-0.00443	-0.99927		500.86308	4.97010	41.86434	1.33862	-0.30612	-0.09076	0.25102	0.99998	-0.00171	0.00530	0.00158	0.99973	0.02337	-0.00534	-0.02336	0.99971	
64	0.63000	-6.89284	13.00961	0.57508	-0.43518	0.36336	-0.53128	0.45133	0.99994	-0.00932	-0.00627	0.00927	0.99993	-0.00765	0.00634	0.00760	0.99995		-12.86113	56.59733	872.31683	179.74628	2.17521	-2.46138	0.48686	0.99836	0.04311	0.03773	0.04291	-0.99906	0.00605	0.03796	-0.00443	-0.99927		500.86519	5.00920	41.77874	1.32150	-0.29184	-0.07768	0.25181	0.99999	-0.00147	0.00506	0.00136	0.99973	0.02307	-0.00509	-0.02306	0.99972	
65	0.64000	-6.89306	13.01701	0.59049	-0.44406	0.36920	-0.53436	0.44853	0.99994	-0.00938	-0.00637	0.00933	0.99993	-0.00781	0.00644	0.00775	0.99995		-12.95041	56.45940	872.31081	179.74840	2.18086	-2.47636	0.48861	0.99834	0.04337	0.03783	0.04318	-0.99905	0.00603	0.03805	-0.00439	-0.99927		500.85592	5.02541	41.80175	1.33869	-0.30050	-0.07518	0.25155	0.99999	-0.00143	0.00521	0.00131	0.99973	0.02337	-0.00524	-0.02336	0.99971	
66	0.65000	-6.89572	12.99822	0.59107	-0.44736	0.37026	-0.52591	0.44670	0.99994	-0.00923	-0.00639	0.00918	0.99993	-0.00787	0.00646	0.00781	0.99995		-12.96073	56.42651	872.30493	179.75180	2.17488	-2.45818	0.48779	0.99836	0.04305	0.03773	0.04286	-0.99906	0.00596	0.03795	-0.00433	-0.99927		500.85915	4.96366	41.81495	1.33428	-0.29783	-0.07822	0.24735	0.99999	-0.00149	0.00516	0.00137	0.99973	0.02329	-0.00520	-0.02329	0.99972	
67	0.66000	-6.89941	13.00358	0.59461	-0.45074	0.37117	-0.53114	0.45056	0.99994	-0.00932	-0.00640	0.00927	0.99993	-0.00793	0.00648	0.00787	0.99995		-12.96999	56.39202	872.29807	179.75696	2.17272	-2.48411	0.48890	0.99834	0.04350	0.03769	0.04331	-0.99904	0.00588	0.03791	-0.00424	-0.99927		500.85877	5.00050	41.82289	1.34328	-0.29533	-0.06983	0.24977	0.99999	-0.00134	0.00512	0.00122	0.99972	0.02345	-0.00515	-0.02344	0.99971	
68	0.67000	-6.89918	13.00861	0.58784	-0.44234	0.37084	-0.53130	0.44906	0.99994	-0.00932	-0.00640	0.00927	0.99993	-0.00778	0.00647	0.00772	0.99995		-12.96946	56.49862	872.29589	179.74768	2.17297	-2.46941	0.48693	0.99835	0.04325	0.03769	0.04306	-0.99905	0.00603	0.03792	-0.00440	-0.99927		500.86519	4.99645	41.81787	1.33390	-0.30793	-0.06110	0.25152	0.99999	-0.00119	0.00535	0.00107	0.99973	0.02328	-0.00537	-0.02328	0.99971	
69	0.68000	-6.90298	13.00044	0.60555	-0.44228	0.37673	-0.52744	0.44971	0.99994	-0.00926	-0.00650	0.00921	0.99993	-0.00778	0.00658	0.00772	0.99995		-13.04795	56.49434	872.28498	179.74500	2.18079	-2.45233	0.49115	0.99836	0.04296	0.03783	0.04276	-0.99907	0.00607	0.03805	-0.00445	-0.99927		500.86849	4.99687	41.85974	1.35834	-0.30572	-0.09430	0.25006	0.99998	-0.00177	0.00530	0.00165	0.99972	0.02371	-0.00534	-0.02370	0.99970	
70	0.69000	-6.90505	12.99930	0.61228	-0.44368	0.37896	-0.52801	0.45276	0.99994	-0.00927	-0.00654	0.00922	0.99993	-0.00780	0.00661	0.00774	0.99995		-13.07501	56.49416	872.28124	179.74399	2.18805	-2.47528	0.49041	0.99834	0.04336	0.03795	0.04316	-0.99905	0.00611	0.03818	-0.00446	-0.99926		500.87253	4.99878	41.86133	1.34742	-0.32279	-0.09012	0.24808	0.99998	-0.00170	0.00560	0.00157	0.99972	0.02352	-0.00563	-0.02351	0.99971	
71	0.70000	-6.90290	13.01653	0.59578	-0.43922	0.37162	-0.53353	0.44791	0.99994	-0.00936	-0.00641	0.00931	0.99993	-0.00773	0.00649	0.00767	0.99995		-12.97207	56.53305	872.28943	179.74271	2.17599	-2.46808	0.49176	0.99835	0.04323	0.03774	0.04303	-0.99905	0.00612	0.03797	-0.00449	-0.99927		500.87105	5.03705	41.82371	1.35034	-0.30224	-0.08428	0.25283	0.99999	-0.00159	0.00524	0.00147	0.99972	0.02357	-0.00528	-0.02357	0.99971	
72	0.71000	-6.90315	13.01709	0.58146	-0.43946	0.36810	-0.53643	0.45427	0.99994	-0.00941	-0.00635	0.00936	0.99993	-0.00773	0.00642	0.00767	0.99995		-12.91675	56.53540	872.31766	179.74474	2.18261	-2.47313	0.48721	0.99834	0.04332	0.03786	0.04312	-0.99905	0.00609	0.03808	-0.00445	-0.99926		500.87097	5.05521	41.79331	1.34366	-0.30897	-0.07608	0.25161	0.99998	-0.00145	0.00536	0.00133	0.99972	0.02346	-0.00539	-0.02345	0.99971	
73	0.72000	-6.90170	12.99243	0.59853	-0.44966	0.37308	-0.52684	0.45135	0.99994	-0.00925	-0.00644	0.00919	0.99993	-0.00791	0.00651	0.00785	0.99995		-12.99091	56.40712	872.30403	179.75130	2.18146	-2.46826	0.49002	0.99835	0.04323	0.03784	0.04303	-0.99906	0.00598	0.03806	-0.00434	-0.99927		500.86556	4.96453	41.83266	1.32294	-0.30107	-0.06692	0.25096	0.99999	-0.00129	0.00523	0.00117	0.99973	0.02309	-0.00525	-0.02309	0.99972	
74	0.73000	-6.90427	13.00450	0.58283	-0.43803	0.36875	-0.52927	0.44602	0.99994	-0.00929	-0.00636	0.00924	0.99993	-0.00770	0.00644	0.00764	0.99995		-12.93261	56.56530	872.29856	179.74336	2.17270	-2.46073	0.48617	0.99836	0.04310	0.03768	0.04290	-0.99906	0.00610	0.03791	-0.00448	-0.99927		500.87626	4.99777	41.80580	1.33411	-0.30761	-0.08001	0.25370	0.99998	-0.00152	0.00533	0.00140	0.99973	0.02329	-0.00537	-0.02328	0.99971	
75	0.74000	-6.91018	13.01190	0.60534	-0.44435	0.37660	-0.53386	0.45195	0.99993	-0.00937	-0.00650	0.00932	0.99993	-0.00782	0.00657	0.00776	0.99995		-13.04443	56.46146	872.28898	179.74286	2.18935	-2.46898	0.48642	0.99834	0.04325	0.03797	0.04305	-0.99905	0.00613	0.03820	-0.00448	-0.99926		500.86984	5.03996	41.84712	1.35545	-0.31574	-0.08846	0.24619	0.99998	-0.00167	0.00547	0.00154	0.99972	0.02366	-0.00551	-0.02365	0.99971	
76	0.75000	-6.90157	13.01588	0.59363	-0.43764	0.37147	-0.53493	0.45155	0.99994	-0.00939	-0.00641	0.00934	0.99993	-0.00770	0.00648	0.00764	0.99995		-12.97823	56.56811	872.28797	179.74666	2.17572	-2.47721	0.48807	0.99835	0.04339	0.03774	0.04319	-0.99905	0.00606	0.03796	-0.00442	-0.99927		500.86987	5.02901	41.81374	1.31872	-0.30709	-0.06988	0.25165	0.99998	-0.00134	0.00533	0.00122	0.99973	0.02302	-0.00536	-0.02301	0.99972	
77	0.76000	-6.90388	13.00253	0.58866	-0.43424	0.37073	-0.52927	0.45410	0.99994	-0.00929	-0.00640	0.00924	0.99993	-0.00764	0.00647	0.00758	0.99995		-12.95732	56.61931	872.29993	179.73741	2.18875	-2.45609	0.48948	0.99835	0.04303	0.03796	0.04282	-0.99906	0.00622	0.03819	-0.00458	-0.99926		500.87117	5.00145	41.81761	1.33028	-0.30585	-0.07916	0.24993	0.99998	-0.00151	0.00530	0.00138	0.99973	0.02322	-0.00534	-0.02322	0.99972	
78	0.77000	-6.89933	12.99805	0.58417	-0.43624	0.36849	-0.52781	0.44943	0.99994	-0.00926	-0.00636	0.00921	0.99993	-0.00767	0.00643	0.00761	0.99995		-12.92500	56.60680	872.30614	179.74474	2.18033	-2.46591	0.48751	0.99835	0.04319	0.03782	0.04299	-0.99906	0.00609	0.03804	-0.00445	-0.99927		500.86920	4.99170	41.79973	1.33648	-0.30862	-0.08010	0.24878	0.99998	-0.00152	0.00535	0.00140	0.99973	0.02333	-0.00539	-0.02332	0.99971	
79	0.78000	-6.90169	13.02319	0.58984	-0.42700	0.36829	-0.53601	0.45046	0.99994	-0.00940	-0.00636	0.00935	0.99993	-0.00751	0.00643	0.00745	0.99995		-12.93086	56.71395	872.29670	179.72806	2.18671	-2.47458	0.48831	0.99834	0.04336	0.03792	0.04314	-0.99905	0.00639	0.03816	-0.00474	-0.99926		500.86851	5.04986	41.79570	1.33694	-0.30417	-0.08051	0.25152	0.99998	-0.00153	0.00527	0.00141	0.99973	0.02334	-0.00531	-0.02333	0.99971	
80	0.79000	-6.90474	12.98652	0.59226	-0.44541	0.37048	-0.52298	0.44999	0.99994	-0.00918	-0.00639	0.00913	0.99993	-0.00783	0.00647	0.00777	0.99995		-12.94766	56.46698	872.31467	179.75055	2.18920	-2.45396	0.48763	0.99835	0.04298	0.03798	0.04279	-0.99907	0.00599	0.03820	-0.00435	-0.99926		500.87147	4.96499	41.79932	1.35221	-0.31131	-0.09814	0.25319	0.99998	-0.00184	0.00539	0.00171	0.99972	0.02361	-0.00543	-0.02360	0.99971	
81	0.80000	-6.90647	13.00732	0.58360	-0.43917	0.36701	-0.52939	0.45098	0.99994	-0.00929	-0.00633	0.00924	0.99993	-0.00772	0.00641	0.00766	0.99995		-12.89435	56.54413	872.30381	179.73874	2.17404	-2.46401	0.49169	0.99836	0.04316	0.03770	0.04296	-0.99906	0.00619	0.03794	-0.00456	-0.99927		500.87735	4.99910	41.78639	1.34749	-0.30436	-0.08579	0.24861	0.99998	-0.00162	0.00528	0.00150	0.99972	0.02352	-0.00531	-0.02352	0.99971	
82	0.81000	-6.90490	12.99837	0.61277	-0.43929	0.37963	-0.52610	0.44980	0.99994	-0.00923	-0.00655	0.00918	0.99993	-0.00773	0.00663	0.00767	0.99995		-13.09134	56.55002	872.27568	179.74591	2.18844	-2.45859	0.48881	0.99835	0.04307	0.03796	0.04287	-0.99906	0.00607	0.03819	-0.00443	-0.99926		500.86409	4.97433	41.86231	1.34737	-0.31773	-0.08090	0.25088	0.99998	-0.00154	0.00551	0.00141	0.99972	0.02352	-0.00555	-0.02351	0.99971	
83	0.82000	-6.90879	13.00628	0.61314	-0.44198	0.37731	-0.53261	0.44967	0.99993	-0.00935	-0.00651	0.00930	0.99993	-0.00778	0.00659	0.00771	0.99995		-13.05817	56.49991	872.28394	179.75310	2.19226	-2.46761	0.48926	0.99834	0.04322	0.03803	0.04302	-0.99906	0.00595	0.03825	-0.00431	-0.99926		500.87073	5.03829	41.84704	1.35906	-0.31483	-0.09320	0.25494	0.99998	-0.00176	0.00545	0.00163	0.99972	0.02373	-0.00549	-0.02372	0.99970	
84	0.83000	-6.90460	13.01161	0.60709	-0.43847	0.37503	-0.53334	0.45012	0.99994	-0.00936	-0.00647	0.00931	0.99993	-0.00771	0.00655	0.00765	0.99995		-13.02555	56.54019	872.29283	179.74202	2.19224	-2.46134	0.49028	0.99835	0.04312	0.03802	0.04291	-0.99906	0.00614	0.03825	-0.00450	-0.99926		500.86165	5.03305	41.84234	1.34763	-0.29866	-0.07576	0.25202	0.99999	-0.00144	0.00518	0.00132	0.99972	0.02353	-0.00521	-0.02352	0.99971	
85	0.84000	-6.90380	13.01348	0.61101	-0.43765	0.37665	-0.53311	0.45044	0.99993	-0.00935	-0.00650	0.00930	0.99993	-0.00770	0.00657	0.00764	0.99995		-13.05263	56.56419	872.27727	179.74844	2.18716	-2.47258	0.49021	0.99834	0.04331	0.03794	0.04311	-0.99905	0.00603	0.03816	-0.00439	-0.99926		500.85938	5.00801	41.85037	1.32422	-0.30278	-0.05640	0.25321	0.99999	-0.00111	0.00526	0.00098	0.99973	0.02312	-0.00528	-0.02311	0.99972	
86	0.85000	-6.90489	13.01680	0.59367	-0.43531	0.37145	-0.53265	0.44893	0.99994	-0.00935	-0.00641	0.00930	0.99993	-0.00766	0.00648	0.00760	0.99995		-12.97055	56.59457	872.29416	179.74118	2.18368	-2.47051	0.48898	0.99835	0.04328	0.03787	0.04307	-0.99905	0.00616	0.03810	-0.00451	-0.99926		500.86658	5.02805	41.82185	1.34438	-0.29481	-0.08005	0.25296	0.99999	-0.00152	0.00511	0.00140	0.99972	0.02347	-0.00515	-0.02346	0.99971	
87	0.86000	-6.89994	13.00216	0.59731	-0.43635	0.37193	-0.52707	0.45254	0.99994	-0.00925	-0.00642	0.00920	0.99993	-0.00768	0.00649	0.00762	0.99995		-12.97610	56.59568	872.29268	179.73805	2.18477	-2.46647	0.48725	0.99835	0.04321	0.03789	0.04300	-0.99906	0.00621	0.03812	-0.00457	-0.99926		500.86496	4.97374	41.80988	1.33509	-0.31007	-0.06652	0.25399	0.99998	-0.00129	0.00538	0.00116	0.99973	0.02331	-0.00541	-0.02330	0.99971	
88	0.87000	-6.90249	13.01390	0.59823	-0.43858	0.37144	-0.53292	0.45175	0.99994	-0.00935	-0.00641	0.00930	0.99993	-0.00772	0.00648	0.00765	0.99995		-12.97972	56.54898	872.29013	179.74916	2.17880	-2.47235	0.48875	0.99835	0.04330	0.03779	0.04311	-0.99905	0.00601	0.03802	-0.00437	-0.99927		500.87078	5.02550	41.80774	1.34661	-0.30487	-0.07150	0.25319	0.99999	-0.00137	0.00529	0.00125	0.99972	0.02351	-0.00532	-0.02350	0.99971	
89	0.88000	-6.90272	13.01469	0.62342	-0.44389	0.38122	-0.53533	0.45087	0.99993	-0.00939	-0.00658	0.00934	0.99993	-0.00781	0.00665	0.00775	0.99995		-13.12476	56.45836	872.27089	179.74765	2.19511	-2.47052	0.48934	0.99834	0.04327	0.03808	0.04307	-0.99905	0.00605	0.03830	-0.00440	-0.99926		500.86638	5.04243	41.87357	1.34929	-0.31424	-0.07734	0.25274	0.99998	-0.00148	0.00545	0.00135	0.99972	0.02355	-0.00548	-0.02355	0.99971	
90	0.89000	-6.90933	13.00834	0.60338	-0.44371	0.37448	-0.53112	0.45139	0.99994	-0.00932	-0.00646	0.00927	0.99993	-0.00781	0.00654	0.00774	0.99995		-13.01129	56.47796	872.29180	179.75264	2.18580	-2.46967	0.48448	0.99834	0.04325	0.03792	0.04306	-0.99905	0.00596	0.03814	-0.00431	-0.99926		500.87301	5.01866	41.83506	1.35799	-0.30422	-0.08010	0.25110	0.99998	-0.00152	0.00528	0.00140	0.99972	0.02371	-0.00531	-0.02370	0.99971	
91	0.90000	-6.90445	13.01200	0.59907	-0.42602	0.37225	-0.53089	0.45062	0.99994	-0.00931	-0.00643	0.00927	0.99993	-0.00750	0.00650	0.00744	0.99995		-12.98091	56.74290	872.28652	179.73209	2.19093	-2.46887	0.48483	0.99834	0.04325	0.03799	0.04305	-0.99905	0.00632	0.03823	-0.00467	-0.99926		500.86784	5.01840	41.81644	1.32147	-0.30437	-0.07553	0.24385	0.99999	-0.00144	0.00528	0.00132	0.99973	0.02307	-0.00531	-0.02306	0.99972	
92	0.91000	-6.90747	12.99115	0.62927	-0.43695	0.38310	-0.52459	0.45070	0.99994	-0.00921	-0.00662	0.00916	0.99993	-0.00769	0.00669	0.00763	0.99995		-13.13653	56.58660	872.26043	179.74225	2.19700	-2.45597	0.48735	0.99835	0.04302	0.03811	0.04282	-0.99906	0.00614	0.03834	-0.00450	-0.99925		500.86952	4.97772	41.87860	1.34374	-0.31745	-0.08199	0.25412	0.99998	-0.00156	0.00551	0.00143	0.99972	0.02346	-0.00554	-0.02345	0.99971	
93	0.92000	-6.90597	13.01263	0.60845	-0.43850	0.37555	-0.53269	0.44952	0.99994	-0.00935	-0.00648	0.00930	0.99993	-0.00771	0.00655	0.00765	0.99995		-13.03259	56.54895	872.28077	179.74283	2.18437	-2.47032	0.48521	0.99834	0.04327	0.03789	0.04307	-0.99905	0.00613	0.03812	-0.00449	-0.99926		500.87511	5.02476	41.83507	1.33768	-0.31203	-0.06981	0.24836	0.99998	-0.00135	0.00542	0.00122	0.99973	0.02335	-0.00545	-0.02334	0.99971	
94	0.93000	-6.90560	13.00105	0.62463	-0.43695	0.37987	-0.52735	0.45180	0.99994	-0.00925	-0.00656	0.00920	0.99993	-0.00769	0.00663	0.00763	0.99995		-13.09525	56.57500	872.26371	179.74081	2.18945	-2.45588	0.48943	0.99835	0.04302	0.03797	0.04282	-0.99906	0.00616	0.03820	-0.00452	-0.99926		500.86975	5.00334	41.85631	1.34548	-0.31435	-0.08486	0.24797	0.99998	-0.00161	0.00545	0.00148	0.99972	0.02349	-0.00549	-0.02348	0.99971	
