1	0.00000	-6.31878	13.79175	0.40237	0.34768	0.08217	-0.69634	0.44053	0.99992	-0.01214	-0.00151	0.01215	0.99991	0.00605	0.00143	-0.00607	0.99998		-8.43074	67.59520	872.00010	178.95375	1.87951	-2.75476	0.49500	0.99831	0.04865	0.03188	0.04804	-0.99865	0.01981	0.03280	-0.01825	-0.99930		501.22567	6.70265	39.47941	0.99439	-0.67838	-0.36133	0.30363	0.99991	-0.00651	0.01173	0.00631	0.99983	0.01743	-0.01184	-0.01735	0.99978	
2	0.01000	-6.33247	13.78081	0.43449	0.35677	0.09367	-0.68739	0.42902	0.99993	-0.01199	-0.00171	0.01200	0.99991	0.00621	0.00163	-0.00623	0.99998		-8.58499	67.76027	871.95740	178.94659	1.89110	-2.75731	0.49482	0.99830	0.04870	0.03207	0.04808	-0.99864	0.01995	0.03300	-0.01837	-0.99929		501.23842	6.64273	39.53628	0.96746	-0.69344	-0.37626	0.30197	0.99991	-0.00677	0.01199	0.00657	0.99983	0.01696	-0.01210	-0.01688	0.99978	
3	0.02000	-6.32749	13.77475	0.43390	0.33773	0.09440	-0.69046	0.43888	0.99993	-0.01204	-0.00172	0.01205	0.99991	0.00587	0.00165	-0.00589	0.99998		-8.59550	67.47079	871.97997	178.96320	1.89605	-2.76001	0.49342	0.99829	0.04874	0.03217	0.04813	-0.99865	0.01967	0.03309	-0.01808	-0.99929		501.23034	6.66257	39.54638	0.99112	-0.69044	-0.37605	0.30389	0.99991	-0.00677	0.01193	0.00656	0.99983	0.01738	-0.01205	-0.01730	0.99978	
4	0.03000	-6.35626	13.29804	0.00335	-0.11709	-0.04040	-0.56308	0.42560	0.99995	-0.00983	0.00073	0.00983	0.99995	-0.00204	-0.00071	0.00204	1.00000		-6.38823	61.26776	872.90785	179.38095	1.65874	-2.79859	0.57440	0.99839	0.04913	0.02838	0.04880	-0.99873	0.01220	0.02895	-0.01080	-0.99952		500.95427	5.69282	38.97123	1.41590	0.13569	-0.20419	0.39401	0.99999	-0.00350	-0.00246	0.00356	0.99969	0.02470	0.00237	-0.02471	0.99969	
5	0.04000	-6.35441	13.28093	-0.02604	-0.12774	-0.05120	-0.55891	0.42964	0.99995	-0.00975	0.00092	0.00975	0.99995	-0.00222	-0.00089	0.00223	1.00000		-6.22098	61.14811	872.95029	179.39461	1.64355	-2.80968	0.57548	0.99839	0.04932	0.02813	0.04900	-0.99873	0.01196	0.02868	-0.01056	-0.99953		501.06452	5.42737	38.94763	1.18352	0.05785	-0.10755	0.50673	1.00000	-0.00186	-0.00105	0.00188	0.99978	0.02065	0.00101	-0.02065	0.99979	
6	0.05000	-6.04189	12.85922	-0.69254	-0.84636	-0.46560	-0.47896	0.48658	0.99993	-0.00824	0.00825	0.00836	0.99986	-0.01470	-0.00813	0.01477	0.99986		0.04675	50.12327	874.12968	-179.77228	1.16638	-2.20217	0.58004	0.99905	0.03834	0.02049	0.03842	-0.99926	-0.00319	0.02036	0.00397	-0.99978		501.24404	4.07294	35.70066	1.26051	0.54815	0.51981	0.44995	0.99991	0.00928	-0.00936	-0.00907	0.99971	0.02208	0.00957	-0.02200	0.99971	
7	0.06000	-6.53136	13.01965	0.74678	-0.28656	0.23831	-0.51563	0.45294	0.99995	-0.00902	-0.00411	0.00900	0.99995	-0.00504	0.00416	0.00500	0.99998		-10.18744	58.70161	872.32786	179.51788	2.00245	-2.41668	0.52507	0.99850	0.04246	0.03456	0.04214	-0.99906	0.00988	0.03494	-0.00841	-0.99935		501.05085	5.22699	40.77539	1.33237	-0.34315	-0.10856	0.50557	0.99998	-0.00203	0.00594	0.00189	0.99973	0.02326	-0.00599	-0.02325	0.99971	
8	0.07000	-6.55063	13.09683	0.30546	-0.13135	0.08238	-0.52919	0.44103	0.99996	-0.00924	-0.00142	0.00924	0.99995	-0.00231	0.00144	0.00229	1.00000		-7.82113	61.00061	872.64828	179.37616	1.85919	-2.42252	0.51891	0.99858	0.04262	0.03195	0.04225	-0.99903	0.01225	0.03244	-0.01088	-0.99941		501.13418	5.54598	39.91302	1.34482	-0.02791	-0.35248	0.47046	0.99998	-0.00616	0.00034	0.00615	0.99971	0.02347	-0.00049	-0.02347	0.99972	
9	0.08000	-6.56540	13.09100	0.30928	-0.12888	0.08503	-0.52641	0.44413	0.99996	-0.00919	-0.00146	0.00919	0.99996	-0.00226	0.00148	0.00225	1.00000		-7.84349	61.04785	872.62388	179.36925	1.85044	-2.42075	0.51225	0.99859	0.04259	0.03179	0.04222	-0.99903	0.01236	0.03229	-0.01100	-0.99942		501.14520	5.54134	39.93770	1.35612	-0.03892	-0.36594	0.47556	0.99998	-0.00640	0.00053	0.00639	0.99970	0.02367	-0.00068	-0.02367	0.99972	
10	0.09000	-6.57625	13.09312	0.33582	-0.12930	0.09471	-0.52710	0.44028	0.99996	-0.00920	-0.00163	0.00920	0.99996	-0.00227	0.00165	0.00226	1.00000		-7.98693	61.04043	872.59469	179.37299	1.85563	-2.42328	0.51265	0.99858	0.04263	0.03189	0.04226	-0.99903	0.01230	0.03238	-0.01094	-0.99942		501.13631	5.50544	39.99993	1.32026	-0.03601	-0.33320	0.47203	0.99998	-0.00583	0.00049	0.00582	0.99972	0.02304	-0.00063	-0.02304	0.99973	
11	0.10000	-6.58513	13.09674	0.31383	-0.13048	0.08763	-0.53054	0.44234	0.99996	-0.00926	-0.00151	0.00926	0.99995	-0.00229	0.00153	0.00228	1.00000		-7.86003	61.01767	872.62816	179.37109	1.85737	-2.42514	0.50923	0.99858	0.04267	0.03192	0.04229	-0.99903	0.01234	0.03241	-0.01097	-0.99941		501.14321	5.54490	39.95965	1.32391	-0.03445	-0.34693	0.47585	0.99998	-0.00607	0.00046	0.00606	0.99971	0.02311	-0.00060	-0.02310	0.99973	
12	0.11000	-6.58120	13.08139	0.30407	-0.11458	0.08157	-0.52258	0.43871	0.99996	-0.00912	-0.00140	0.00912	0.99996	-0.00201	0.00142	0.00200	1.00000		-7.76551	61.27259	872.63212	179.35750	1.85963	-2.41175	0.50688	0.99859	0.04244	0.03195	0.04206	-0.99904	0.01257	0.03245	-0.01121	-0.99941		501.23253	5.69662	39.96991	1.54888	-0.10665	-0.59195	0.56605	0.99994	-0.01038	0.00158	0.01033	0.99958	0.02705	-0.00186	-0.02703	0.99963	
13	0.12000	-6.56927	12.99981	0.54258	-0.19214	0.16693	-0.49876	0.43307	0.99996	-0.00871	-0.00288	0.00870	0.99996	-0.00338	0.00291	0.00335	0.99999		-9.04248	60.17939	872.45987	179.43895	1.93965	-2.39538	0.50455	0.99855	0.04212	0.03341	0.04177	-0.99906	0.01120	0.03385	-0.00979	-0.99938		501.17409	5.52906	40.47179	1.64235	-0.21486	-0.63011	0.56765	0.99993	-0.01110	0.00343	0.01100	0.99953	0.02870	-0.00375	-0.02866	0.99958	
14	0.13000	-6.59061	13.09292	0.30231	-0.10715	0.07968	-0.52593	0.44063	0.99996	-0.00918	-0.00137	0.00918	0.99996	-0.00188	0.00139	0.00187	1.00000		-7.72716	61.37817	872.63393	179.35376	1.85940	-2.41896	0.51040	0.99858	0.04257	0.03194	0.04218	-0.99903	0.01264	0.03245	-0.01127	-0.99941		501.15743	5.57421	39.91179	1.35284	-0.03379	-0.40082	0.47949	0.99998	-0.00701	0.00042	0.00700	0.99970	0.02361	-0.00059	-0.02361	0.99972	
15	0.14000	-6.59603	13.08380	0.31567	-0.12164	0.08541	-0.52220	0.44425	0.99996	-0.00912	-0.00147	0.00911	0.99996	-0.00214	0.00149	0.00212	1.00000		-7.80622	61.16420	872.61885	179.36937	1.85582	-2.41453	0.50321	0.99859	0.04248	0.03189	0.04211	-0.99904	0.01236	0.03238	-0.01100	-0.99941		501.16573	5.53869	39.94127	1.36017	-0.04988	-0.40371	0.48163	0.99997	-0.00706	0.00070	0.00705	0.99969	0.02374	-0.00087	-0.02374	0.99972	
16	0.15000	-6.57642	12.98594	0.54716	-0.18797	0.16461	-0.49502	0.43312	0.99996	-0.00865	-0.00284	0.00864	0.99996	-0.00331	0.00287	0.00328	0.99999		-8.99409	60.24851	872.45127	179.43587	1.93609	-2.38983	0.50715	0.99856	0.04203	0.03334	0.04167	-0.99907	0.01125	0.03378	-0.00984	-0.99938		501.08558	5.33114	40.41129	1.42094	-0.12659	-0.41255	0.47502	0.99997	-0.00725	0.00203	0.00720	0.99967	0.02481	-0.00221	-0.02480	0.99969	
17	0.16000	-6.58999	13.11284	0.29538	-0.11169	0.07625	-0.53371	0.44478	0.99996	-0.00932	-0.00131	0.00931	0.99995	-0.00196	0.00133	0.00195	1.00000		-7.68732	61.27863	872.63416	179.35732	1.84833	-2.41842	0.50548	0.99859	0.04256	0.03175	0.04217	-0.99903	0.01257	0.03225	-0.01121	-0.99942		501.16023	5.59640	39.87215	1.32942	-0.04878	-0.37518	0.48342	0.99998	-0.00657	0.00070	0.00655	0.99971	0.02321	-0.00085	-0.02320	0.99973	
18	0.17000	-6.57893	13.00199	0.53643	-0.18304	0.16218	-0.49949	0.43394	0.99996	-0.00873	-0.00280	0.00872	0.99996	-0.00322	0.00283	0.00319	0.99999		-8.96550	60.31620	872.44293	179.43800	1.92394	-2.39730	0.50060	0.99856	0.04216	0.03313	0.04180	-0.99906	0.01120	0.03357	-0.00980	-0.99939		501.18124	5.55280	40.44267	1.65206	-0.21730	-0.62991	0.56594	0.99993	-0.01110	0.00347	0.01099	0.99952	0.02887	-0.00379	-0.02883	0.99958	
19	0.18000	-6.60054	13.09264	0.32707	-0.12692	0.08837	-0.52762	0.44180	0.99996	-0.00921	-0.00152	0.00921	0.99996	-0.00223	0.00154	0.00222	1.00000		-7.85493	61.08738	872.60726	179.37978	1.85972	-2.42987	0.50752	0.99857	0.04275	0.03196	0.04237	-0.99903	0.01219	0.03245	-0.01082	-0.99941		501.16572	5.56385	39.94909	1.35187	-0.05246	-0.39776	0.48051	0.99998	-0.00696	0.00075	0.00694	0.99970	0.02360	-0.00092	-0.02359	0.99972	
20	0.19000	-6.59876	13.09498	0.30531	-0.11452	0.07959	-0.52594	0.44273	0.99996	-0.00918	-0.00137	0.00918	0.99996	-0.00201	0.00139	0.00200	1.00000		-7.71974	61.26980	872.61904	179.36835	1.85014	-2.42378	0.50639	0.99858	0.04264	0.03179	0.04227	-0.99903	0.01238	0.03229	-0.01102	-0.99942		501.25549	5.72058	39.94562	1.56404	-0.13177	-0.59588	0.56881	0.99994	-0.01046	0.00202	0.01040	0.99957	0.02732	-0.00230	-0.02729	0.99962	
21	0.20000	-6.60236	13.09277	0.30197	-0.11247	0.07862	-0.52300	0.44418	0.99996	-0.00913	-0.00135	0.00913	0.99996	-0.00198	0.00137	0.00196	1.00000		-7.70046	61.29753	872.61858	179.36777	1.85075	-2.41623	0.50253	0.99859	0.04251	0.03180	0.04214	-0.99904	0.01239	0.03230	-0.01103	-0.99942		501.17705	5.55760	39.89539	1.36839	-0.06231	-0.42021	0.48621	0.99997	-0.00736	0.00091	0.00733	0.99969	0.02389	-0.00109	-0.02388	0.99971	
22	0.21000	-6.60035	13.09801	0.30031	-0.11482	0.07774	-0.52600	0.44232	0.99996	-0.00918	-0.00134	0.00918	0.99996	-0.00202	0.00136	0.00200	1.00000		-7.68996	61.26371	872.63191	179.36934	1.85217	-2.42153	0.50099	0.99859	0.04260	0.03182	0.04223	-0.99903	0.01236	0.03232	-0.01100	-0.99942		501.16540	5.54343	39.89033	1.34250	-0.04068	-0.38901	0.48072	0.99998	-0.00680	0.00055	0.00679	0.99970	0.02343	-0.00071	-0.02343	0.99973	
23	0.22000	-6.60396	13.09253	0.29548	-0.12575	0.07624	-0.52565	0.43803	0.99996	-0.00918	-0.00131	0.00917	0.99996	-0.00221	0.00133	0.00219	1.00000		-7.66494	61.10309	872.63826	179.38043	1.84253	-2.42156	0.50098	0.99859	0.04260	0.03167	0.04223	-0.99903	0.01216	0.03215	-0.01081	-0.99942		501.26021	5.72150	39.93541	1.59433	-0.12450	-0.60493	0.57176	0.99994	-0.01061	0.00188	0.01056	0.99956	0.02784	-0.00217	-0.02782	0.99961	
24	0.23000	-6.60295	13.10680	0.31467	-0.11586	0.08113	-0.52918	0.44510	0.99996	-0.00924	-0.00140	0.00924	0.99996	-0.00204	0.00142	0.00202	1.00000		-7.72881	61.24444	872.65638	179.40985	1.88047	-2.39616	0.52188	0.99859	0.04214	0.03235	0.04179	-0.99906	0.01166	0.03281	-0.01029	-0.99941		501.26701	5.73376	39.89646	1.60556	-0.19590	-0.58741	0.58573	0.99994	-0.01034	0.00313	0.01025	0.99955	0.02805	-0.00342	-0.02802	0.99960	
25	0.24000	-6.60525	13.09631	0.29169	-0.11643	0.07798	-0.52576	0.44502	0.99996	-0.00918	-0.00134	0.00918	0.99996	-0.00205	0.00136	0.00203	1.00000		-7.67345	61.24643	872.67706	179.40260	1.87157	-2.39646	0.52360	0.99859	0.04215	0.03219	0.04179	-0.99906	0.01178	0.03266	-0.01042	-0.99941		501.23954	5.70645	39.93461	1.69420	-0.21093	-0.59651	0.57704	0.99994	-0.01052	0.00337	0.01041	0.99951	0.02960	-0.00368	-0.02956	0.99956	
26	0.25000	-6.60803	13.09143	0.31713	-0.12565	0.08611	-0.52243	0.44054	0.99996	-0.00912	-0.00148	0.00912	0.99996	-0.00221	0.00150	0.00219	1.00000		-7.78524	61.10506	872.66922	179.41216	1.88573	-2.38919	0.52290	0.99859	0.04202	0.03245	0.04166	-0.99906	0.01162	0.03291	-0.01025	-0.99941		501.15763	5.52572	39.91894	1.49747	-0.16024	-0.40974	0.48859	0.99997	-0.00722	0.00261	0.00715	0.99963	0.02615	-0.00280	-0.02613	0.99965	
27	0.26000	-6.61709	13.09660	0.33485	-0.12233	0.09147	-0.52566	0.44239	0.99996	-0.00918	-0.00158	0.00917	0.99996	-0.00215	0.00160	0.00214	1.00000		-7.85672	61.15762	872.64346	179.40965	1.88563	-2.39400	0.52352	0.99859	0.04211	0.03244	0.04175	-0.99906	0.01167	0.03290	-0.01030	-0.99941		501.15305	5.54655	39.95330	1.50020	-0.15355	-0.40293	0.48759	0.99997	-0.00710	0.00249	0.00703	0.99963	0.02620	-0.00268	-0.02618	0.99965	
28	0.27000	-6.61724	13.09868	0.32523	-0.11165	0.08881	-0.52696	0.44265	0.99996	-0.00920	-0.00153	0.00920	0.99996	-0.00196	0.00155	0.00195	1.00000		-7.81605	61.31621	872.65211	179.40825	1.89695	-2.38956	0.52326	0.99858	0.04203	0.03264	0.04167	-0.99906	0.01170	0.03310	-0.01032	-0.99940		501.15144	5.55872	39.94486	1.49471	-0.13801	-0.38964	0.48354	0.99997	-0.00686	0.00223	0.00680	0.99964	0.02610	-0.00241	-0.02608	0.99966	
29	0.28000	-6.61897	13.09412	0.28898	-0.10997	0.07524	-0.52564	0.44552	0.99996	-0.00918	-0.00129	0.00917	0.99996	-0.00193	0.00131	0.00192	1.00000		-7.60388	61.34616	872.68294	179.40271	1.87873	-2.38790	0.52654	0.99859	0.04200	0.03232	0.04164	-0.99906	0.01178	0.03278	-0.01042	-0.99941		501.17086	5.57915	39.86024	1.52327	-0.14355	-0.41558	0.48694	0.99997	-0.00732	0.00231	0.00725	0.99962	0.02660	-0.00251	-0.02658	0.99964	
30	0.29000	-6.61659	13.10079	0.29576	-0.11366	0.07948	-0.52770	0.44539	0.99996	-0.00921	-0.00137	0.00921	0.99996	-0.00200	0.00139	0.00198	1.00000		-7.67253	61.29428	872.66939	179.41148	1.87479	-2.39774	0.52145	0.99859	0.04217	0.03226	0.04181	-0.99906	0.01163	0.03272	-0.01027	-0.99941		501.16438	5.58653	39.88236	1.51496	-0.15603	-0.41523	0.49196	0.99997	-0.00732	0.00253	0.00725	0.99962	0.02646	-0.00272	-0.02644	0.99965	
31	0.30000	-6.61745	13.09958	0.30608	-0.11264	0.08083	-0.52661	0.44487	0.99996	-0.00919	-0.00139	0.00919	0.99996	-0.00198	0.00141	0.00197	1.00000		-7.68308	61.30260	872.67546	179.41109	1.89251	-2.38802	0.52510	0.99859	0.04200	0.03257	0.04164	-0.99906	0.01165	0.03302	-0.01027	-0.99940		501.17303	5.58483	39.87977	1.50618	-0.16519	-0.42630	0.49589	0.99997	-0.00751	0.00269	0.00744	0.99963	0.02631	-0.00288	-0.02628	0.99965	
32	0.31000	-6.62046	13.10200	0.31864	-0.11020	0.08857	-0.52757	0.44499	0.99996	-0.00921	-0.00153	0.00921	0.99996	-0.00194	0.00155	0.00192	1.00000		-7.80342	61.33554	872.65880	179.39854	1.89846	-2.38761	0.52455	0.99858	0.04200	0.03266	0.04164	-0.99906	0.01187	0.03313	-0.01049	-0.99940		501.16386	5.55700	39.94187	1.47954	-0.16256	-0.40140	0.49196	0.99997	-0.00708	0.00266	0.00701	0.99964	0.02584	-0.00284	-0.02582	0.99966	
33	0.32000	-6.62149	13.08922	0.32116	-0.12507	0.09101	-0.52277	0.44040	0.99996	-0.00913	-0.00157	0.00912	0.99996	-0.00220	0.00159	0.00218	1.00000		-7.83502	61.13260	872.66459	179.41615	1.89120	-2.39683	0.52532	0.99858	0.04215	0.03254	0.04180	-0.99906	0.01156	0.03300	-0.01018	-0.99940		501.16398	5.53337	39.95682	1.51163	-0.16897	-0.41443	0.49377	0.99997	-0.00731	0.00276	0.00723	0.99963	0.02640	-0.00295	-0.02638	0.99965	
34	0.33000	-6.62848	13.10033	0.34187	-0.12259	0.09650	-0.52932	0.44391	0.99996	-0.00924	-0.00166	0.00924	0.99996	-0.00216	0.00168	0.00214	1.00000		-7.92206	61.14029	872.63439	179.41357	1.89609	-2.38657	0.52546	0.99859	0.04198	0.03263	0.04162	-0.99907	0.01160	0.03309	-0.01023	-0.99940		501.25570	5.73068	40.02617	1.71609	-0.26005	-0.58714	0.58182	0.99994	-0.01038	0.00423	0.01025	0.99950	0.02999	-0.00454	-0.02995	0.99954	
35	0.34000	-6.61982	13.09750	0.31473	-0.13170	0.08695	-0.52725	0.44276	0.99996	-0.00921	-0.00150	0.00920	0.99996	-0.00231	0.00152	0.00230	1.00000		-7.77412	61.01394	872.68378	179.42889	1.89417	-2.39011	0.52773	0.99858	0.04203	0.03261	0.04168	-0.99907	0.01134	0.03305	-0.00996	-0.99940		501.17037	5.56515	39.92427	1.52126	-0.17372	-0.42491	0.49634	0.99997	-0.00749	0.00283	0.00742	0.99962	0.02657	-0.00303	-0.02655	0.99964	
36	0.35000	-6.62949	13.07994	0.32855	-0.12730	0.09315	-0.52091	0.44221	0.99996	-0.00909	-0.00160	0.00909	0.99996	-0.00224	0.00163	0.00222	1.00000		-7.85798	61.11700	872.65265	179.42606	1.89284	-2.39799	0.52558	0.99858	0.04217	0.03258	0.04182	-0.99906	0.01139	0.03303	-0.01001	-0.99940		501.16458	5.54290	39.96576	1.53771	-0.17113	-0.43286	0.49894	0.99997	-0.00763	0.00278	0.00755	0.99961	0.02686	-0.00299	-0.02683	0.99964	
37	0.36000	-6.62670	13.10252	0.34363	-0.13922	0.09810	-0.53056	0.44249	0.99996	-0.00926	-0.00169	0.00926	0.99995	-0.00245	0.00171	0.00243	1.00000		-7.94203	60.88857	872.66113	179.43260	1.90491	-2.38627	0.52444	0.99858	0.04196	0.03280	0.04161	-0.99907	0.01128	0.03324	-0.00990	-0.99940		501.16496	5.58433	39.98848	1.52325	-0.18008	-0.41634	0.49042	0.99997	-0.00735	0.00295	0.00727	0.99962	0.02660	-0.00314	-0.02658	0.99964	
38	0.37000	-6.62731	13.07824	0.34186	-0.11757	0.09725	-0.51846	0.44265	0.99996	-0.00905	-0.00168	0.00905	0.99996	-0.00207	0.00170	0.00205	1.00000		-7.91531	61.25194	872.64060	179.41339	1.90704	-2.38146	0.52424	0.99858	0.04189	0.03282	0.04153	-0.99907	0.01161	0.03328	-0.01023	-0.99939		501.17529	5.53635	39.97952	1.53813	-0.19446	-0.44625	0.49473	0.99996	-0.00788	0.00318	0.00779	0.99961	0.02687	-0.00339	-0.02684	0.99963	
39	0.38000	-6.61213	12.99467	0.54922	-0.20167	0.17115	-0.49906	0.43475	0.99996	-0.00872	-0.00296	0.00871	0.99996	-0.00355	0.00299	0.00352	0.99999		-9.02248	60.05327	872.51742	179.49834	1.98153	-2.36442	0.52346	0.99855	0.04156	0.03419	0.04123	-0.99910	0.01017	0.03458	-0.00875	-0.99936		501.10668	5.38817	40.42200	1.60414	-0.25619	-0.45942	0.49964	0.99996	-0.00814	0.00425	0.00802	0.99957	0.02803	-0.00447	-0.02799	0.99960	
40	0.39000	-6.62532	13.08382	0.31117	-0.11685	0.08605	-0.52065	0.44223	0.99996	-0.00909	-0.00148	0.00909	0.99996	-0.00205	0.00150	0.00204	1.00000		-7.74108	61.26793	872.67805	179.41565	1.90006	-2.38853	0.52574	0.99858	0.04201	0.03270	0.04165	-0.99907	0.01157	0.03316	-0.01019	-0.99940		501.17514	5.54632	39.92072	1.51380	-0.17006	-0.43603	0.49246	0.99997	-0.00769	0.00277	0.00761	0.99962	0.02644	-0.00297	-0.02642	0.99965	
41	0.40000	-6.62817	13.08186	0.32376	-0.12085	0.09138	-0.51976	0.44219	0.99996	-0.00907	-0.00158	0.00907	0.99996	-0.00212	0.00159	0.00211	1.00000		-7.82566	61.19401	872.66909	179.41890	1.90441	-2.37532	0.52538	0.99859	0.04178	0.03278	0.04142	-0.99908	0.01151	0.03323	-0.01014	-0.99940		501.17475	5.54237	39.95912	1.53370	-0.17402	-0.44132	0.49858	0.99997	-0.00778	0.00283	0.00770	0.99961	0.02679	-0.00304	-0.02676	0.99964	
42	0.41000	-6.63071	13.08723	0.31039	-0.10864	0.08616	-0.52294	0.44482	0.99996	-0.00913	-0.00149	0.00913	0.99996	-0.00191	0.00150	0.00190	1.00000		-7.74463	61.38594	872.67302	179.40504	1.89894	-2.39013	0.52473	0.99858	0.04205	0.03267	0.04168	-0.99906	0.01176	0.03314	-0.01038	-0.99940		501.17983	5.54525	39.91841	1.48646	-0.17389	-0.41706	0.49873	0.99997	-0.00736	0.00285	0.00728	0.99964	0.02596	-0.00303	-0.02594	0.99966	
43	0.42000	-6.64075	13.08109	0.30875	-0.11805	0.08665	-0.52019	0.44144	0.99996	-0.00908	-0.00149	0.00908	0.99996	-0.00207	0.00151	0.00206	1.00000		-7.73832	61.24633	872.68300	179.41405	1.89910	-2.38428	0.52406	0.99859	0.04194	0.03268	0.04158	-0.99907	0.01160	0.03314	-0.01022	-0.99940		501.19644	5.54716	39.93667	1.53211	-0.18383	-0.44755	0.50281	0.99996	-0.00789	0.00300	0.00781	0.99961	0.02676	-0.00321	-0.02674	0.99964	
44	0.43000	-6.63798	13.09141	0.32531	-0.12134	0.09104	-0.52340	0.44067	0.99996	-0.00914	-0.00157	0.00913	0.99996	-0.00213	0.00159	0.00212	1.00000		-7.80615	61.18513	872.67320	179.41736	1.90718	-2.38804	0.52429	0.99858	0.04200	0.03283	0.04164	-0.99907	0.01155	0.03328	-0.01016	-0.99939		501.18225	5.56102	39.94173	1.52888	-0.18493	-0.43043	0.49633	0.99997	-0.00760	0.00303	0.00751	0.99962	0.02670	-0.00323	-0.02668	0.99964	
45	0.44000	-6.62115	12.99348	0.54315	-0.18748	0.16912	-0.49401	0.43630	0.99996	-0.00863	-0.00292	0.00862	0.99996	-0.00330	0.00295	0.00327	0.99999		-8.97662	60.27610	872.50811	179.48682	1.98101	-2.35661	0.52386	0.99856	0.04143	0.03417	0.04109	-0.99910	0.01037	0.03457	-0.00895	-0.99936		501.11483	5.35554	40.41984	1.60055	-0.25913	-0.46743	0.50085	0.99996	-0.00828	0.00429	0.00816	0.99958	0.02797	-0.00452	-0.02793	0.99960	
46	0.45000	-6.62961	13.09704	0.32304	-0.11811	0.09040	-0.52514	0.44255	0.99996	-0.00917	-0.00156	0.00917	0.99996	-0.00208	0.00158	0.00206	1.00000		-7.80750	61.22664	872.66677	179.41165	1.90351	-2.38840	0.52513	0.99858	0.04201	0.03276	0.04165	-0.99906	0.01164	0.03322	-0.01026	-0.99940		501.17738	5.55363	39.94422	1.50622	-0.17874	-0.42197	0.50070	0.99997	-0.00744	0.00292	0.00736	0.99963	0.02631	-0.00312	-0.02629	0.99965	
47	0.46000	-6.63560	13.08761	0.34055	-0.12489	0.09823	-0.52288	0.43966	0.99996	-0.00913	-0.00169	0.00913	0.99996	-0.00220	0.00171	0.00218	1.00000		-7.91922	61.12751	872.66118	179.41643	1.91398	-2.38119	0.52681	0.99858	0.04189	0.03295	0.04152	-0.99907	0.01156	0.03340	-0.01018	-0.99939		501.17709	5.55532	39.98795	1.52954	-0.19646	-0.43796	0.50287	0.99996	-0.00773	0.00322	0.00764	0.99961	0.02672	-0.00343	-0.02669	0.99964	
48	0.47000	-6.63434	13.09272	0.33014	-0.12731	0.09351	-0.52444	0.44061	0.99996	-0.00916	-0.00161	0.00915	0.99996	-0.00224	0.00163	0.00222	1.00000		-7.84662	61.09176	872.67050	179.42175	1.90843	-2.38636	0.52802	0.99858	0.04197	0.03285	0.04161	-0.99907	0.01147	0.03330	-0.01009	-0.99939		501.18691	5.57143	39.96255	1.54746	-0.19349	-0.44279	0.49990	0.99996	-0.00782	0.00317	0.00773	0.99960	0.02703	-0.00338	-0.02700	0.99963	
49	0.48000	-6.63128	13.08869	0.30990	-0.11289	0.08473	-0.52089	0.44144	0.99996	-0.00909	-0.00146	0.00909	0.99996	-0.00198	0.00148	0.00197	1.00000		-7.71392	61.32273	872.68090	179.41216	1.90424	-2.38680	0.52349	0.99858	0.04198	0.03277	0.04162	-0.99907	0.01163	0.03323	-0.01025	-0.99940		501.18906	5.53820	39.91110	1.50815	-0.17354	-0.43907	0.50071	0.99997	-0.00774	0.00283	0.00766	0.99962	0.02634	-0.00303	-0.02632	0.99965	
50	0.49000	-6.63401	13.10553	0.32772	-0.11866	0.09163	-0.52833	0.44110	0.99996	-0.00922	-0.00158	0.00922	0.99996	-0.00209	0.00160	0.00207	1.00000		-7.82173	61.21863	872.67437	179.42136	1.91627	-2.39542	0.52384	0.99857	0.04213	0.03299	0.04177	-0.99906	0.01149	0.03344	-0.01009	-0.99939		501.17981	5.58215	39.96193	1.52626	-0.17619	-0.41914	0.50102	0.99997	-0.00739	0.00288	0.00732	0.99962	0.02666	-0.00308	-0.02663	0.99964	
51	0.50000	-6.63447	13.10014	0.31427	-0.11421	0.08830	-0.52485	0.44332	0.99996	-0.00916	-0.00152	0.00916	0.99996	-0.00201	0.00154	0.00199	1.00000		-7.77035	61.28185	872.67945	179.40799	1.90635	-2.38653	0.52484	0.99858	0.04198	0.03281	0.04162	-0.99907	0.01171	0.03327	-0.01033	-0.99939		501.18354	5.56824	39.92784	1.51942	-0.18927	-0.44758	0.49354	0.99996	-0.00790	0.00309	0.00781	0.99962	0.02654	-0.00330	-0.02652	0.99964	
52	0.51000	-6.63422	13.08818	0.31712	-0.11363	0.09115	-0.52199	0.44000	0.99996	-0.00911	-0.00157	0.00911	0.99996	-0.00200	0.00159	0.00198	1.00000		-7.81649	61.30814	872.65680	179.40765	1.89377	-2.38379	0.52643	0.99859	0.04193	0.03259	0.04157	-0.99907	0.01170	0.03305	-0.01033	-0.99940		501.19300	5.57423	39.96039	1.54401	-0.19273	-0.45346	0.50460	0.99996	-0.00800	0.00315	0.00791	0.99960	0.02697	-0.00336	-0.02694	0.99963	
53	0.52000	-6.63960	13.08257	0.32235	-0.12356	0.09188	-0.52330	0.44483	0.99996	-0.00914	-0.00158	0.00913	0.99996	-0.00217	0.00160	0.00216	1.00000		-7.81336	61.16624	872.68134	179.42479	1.90967	-2.38660	0.52584	0.99858	0.04197	0.03288	0.04162	-0.99907	0.01142	0.03332	-0.01003	-0.99939		501.18932	5.56212	39.95603	1.53786	-0.19202	-0.42944	0.50450	0.99997	-0.00758	0.00315	0.00749	0.99961	0.02686	-0.00335	-0.02684	0.99963	
54	0.53000	-6.64232	13.08868	0.33117	-0.11663	0.09396	-0.52268	0.44162	0.99996	-0.00913	-0.00162	0.00912	0.99996	-0.00205	0.00164	0.00204	1.00000		-7.84057	61.26563	872.66412	179.41408	1.91296	-2.39118	0.52911	0.99857	0.04206	0.03292	0.04170	-0.99906	0.01161	0.03338	-0.01022	-0.99939		501.19331	5.56514	39.94992	1.52417	-0.20202	-0.43948	0.50586	0.99996	-0.00776	0.00332	0.00767	0.99962	0.02662	-0.00353	-0.02660	0.99964	
55	0.54000	-6.64118	13.07952	0.33302	-0.13149	0.09392	-0.51989	0.44319	0.99996	-0.00908	-0.00162	0.00907	0.99996	-0.00231	0.00164	0.00229	1.00000		-7.83852	61.05278	872.67412	179.42749	1.90959	-2.38786	0.52575	0.99858	0.04199	0.03288	0.04164	-0.99907	0.01137	0.03332	-0.00999	-0.99939		501.19215	5.53283	39.96121	1.54788	-0.18914	-0.42814	0.50372	0.99997	-0.00756	0.00310	0.00747	0.99961	0.02704	-0.00330	-0.02701	0.99963	
56	0.55000	-6.63458	13.09880	0.30968	-0.12115	0.08549	-0.52753	0.44016	0.99996	-0.00921	-0.00147	0.00921	0.99996	-0.00213	0.00149	0.00211	1.00000		-7.72379	61.19118	872.69264	179.42087	1.90219	-2.39488	0.52451	0.99858	0.04212	0.03274	0.04176	-0.99906	0.01149	0.03319	-0.01010	-0.99940		501.18832	5.58670	39.91685	1.53471	-0.17951	-0.43097	0.50498	0.99997	-0.00760	0.00293	0.00752	0.99961	0.02681	-0.00313	-0.02678	0.99964	
57	0.56000	-6.64616	13.09407	0.33498	-0.11608	0.09761	-0.52311	0.43926	0.99996	-0.00913	-0.00168	0.00913	0.99996	-0.00204	0.00170	0.00203	1.00000		-7.90517	61.26241	872.65459	179.41516	1.91410	-2.38592	0.52287	0.99858	0.04197	0.03295	0.04161	-0.99907	0.01159	0.03340	-0.01020	-0.99939		501.20119	5.57644	39.99334	1.54348	-0.20807	-0.45113	0.51112	0.99996	-0.00797	0.00342	0.00787	0.99961	0.02696	-0.00363	-0.02694	0.99963	
58	0.57000	-6.64570	13.08903	0.34407	-0.12120	0.10246	-0.52207	0.44205	0.99996	-0.00912	-0.00177	0.00911	0.99996	-0.00213	0.00179	0.00212	1.00000		-7.97072	61.19021	872.65012	179.41679	1.91699	-2.38500	0.52737	0.99857	0.04195	0.03300	0.04159	-0.99907	0.01156	0.03345	-0.01017	-0.99939		501.18842	5.55819	40.02939	1.54125	-0.20471	-0.44882	0.50794	0.99996	-0.00793	0.00336	0.00783	0.99961	0.02692	-0.00357	-0.02690	0.99963	
59	0.58000	-6.64226	13.08444	0.34053	-0.11996	0.09763	-0.51968	0.44245	0.99996	-0.00907	-0.00168	0.00907	0.99996	-0.00211	0.00170	0.00209	1.00000		-7.89331	61.22614	872.65610	179.42570	1.91795	-2.38744	0.52650	0.99857	0.04199	0.03302	0.04163	-0.99907	0.01141	0.03347	-0.01002	-0.99939		501.18654	5.52841	39.99537	1.53766	-0.19380	-0.43979	0.50692	0.99996	-0.00776	0.00318	0.00768	0.99961	0.02686	-0.00338	-0.02683	0.99963	
60	0.59000	-6.64561	13.08330	0.31042	-0.11065	0.08801	-0.51782	0.44222	0.99996	-0.00904	-0.00152	0.00904	0.99996	-0.00195	0.00154	0.00193	1.00000		-7.74877	61.35297	872.67444	179.41222	1.90672	-2.37300	0.52776	0.99859	0.04174	0.03282	0.04138	-0.99908	0.01163	0.03327	-0.01025	-0.99939		501.19695	5.53101	39.92943	1.52642	-0.18991	-0.45289	0.50308	0.99996	-0.00799	0.00310	0.00790	0.99961	0.02666	-0.00331	-0.02664	0.99964	
61	0.60000	-6.63720	13.09399	0.29444	-0.10475	0.08103	-0.52344	0.44001	0.99996	-0.00914	-0.00140	0.00914	0.99996	-0.00184	0.00141	0.00183	1.00000		-7.65033	61.44494	872.68809	179.40274	1.89991	-2.39144	0.52645	0.99858	0.04207	0.03269	0.04170	-0.99906	0.01180	0.03315	-0.01042	-0.99940		501.20211	5.58783	39.88723	1.53236	-0.19154	-0.45666	0.50748	0.99996	-0.00806	0.00313	0.00797	0.99961	0.02677	-0.00334	-0.02674	0.99964	
62	0.61000	-6.64807	13.10049	0.33850	-0.11764	0.09803	-0.52503	0.44404	0.99996	-0.00917	-0.00169	0.00916	0.99996	-0.00207	0.00171	0.00205	1.00000		-7.90304	61.23426	872.66741	179.42009	1.92099	-2.38401	0.52337	0.99857	0.04193	0.03307	0.04157	-0.99907	0.01151	0.03352	-0.01012	-0.99939		501.19681	5.59421	39.99034	1.54952	-0.21015	-0.46267	0.50753	0.99996	-0.00817	0.00345	0.00808	0.99960	0.02707	-0.00367	-0.02704	0.99963	
63	0.62000	-6.64431	13.10350	0.30247	-0.11395	0.08489	-0.52550	0.44173	0.99996	-0.00917	-0.00146	0.00917	0.99996	-0.00200	0.00148	0.00199	1.00000		-7.70802	61.28958	872.68824	179.40868	1.90157	-2.38757	0.52185	0.99858	0.04200	0.03272	0.04164	-0.99906	0.01169	0.03318	-0.01031	-0.99940		501.19854	5.57910	39.91690	1.54073	-0.18042	-0.44495	0.50796	0.99996	-0.00785	0.00294	0.00777	0.99961	0.02691	-0.00315	-0.02689	0.99963	
64	0.63000	-6.64745	13.09207	0.33086	-0.12004	0.09592	-0.52286	0.44113	0.99996	-0.00913	-0.00165	0.00913	0.99996	-0.00211	0.00167	0.00210	1.00000		-7.86384	61.21105	872.66901	179.42076	1.91786	-2.38670	0.52506	0.99857	0.04198	0.03301	0.04162	-0.99907	0.01149	0.03347	-0.01010	-0.99939		501.19819	5.57793	39.98875	1.54791	-0.20115	-0.46835	0.50114	0.99996	-0.00827	0.00329	0.00817	0.99960	0.02704	-0.00351	-0.02701	0.99963	
65	0.64000	-6.64516	13.08625	0.32983	-0.11489	0.09508	-0.51935	0.44001	0.99996	-0.00907	-0.00164	0.00906	0.99996	-0.00202	0.00166	0.00201	1.00000		-7.85134	61.29463	872.66517	179.41452	1.91367	-2.38236	0.52382	0.99858	0.04191	0.03294	0.04154	-0.99907	0.01160	0.03339	-0.01021	-0.99939		501.20003	5.54444	39.97695	1.53668	-0.20273	-0.45471	0.51121	0.99996	-0.00803	0.00332	0.00794	0.99961	0.02684	-0.00354	-0.02682	0.99963	
66	0.65000	-6.64257	13.09040	0.33342	-0.11805	0.09605	-0.52177	0.44186	0.99996	-0.00911	-0.00166	0.00911	0.99996	-0.00208	0.00168	0.00206	1.00000		-7.86886	61.22779	872.67300	179.41968	1.92433	-2.37082	0.52642	0.99858	0.04170	0.03313	0.04134	-0.99908	0.01151	0.03358	-0.01012	-0.99938		501.18965	5.54789	39.98098	1.53085	-0.20164	-0.44087	0.50630	0.99996	-0.00779	0.00331	0.00769	0.99961	0.02674	-0.00352	-0.02671	0.99964	
67	0.66000	-6.64384	13.09163	0.31929	-0.12043	0.09019	-0.52190	0.44431	0.99996	-0.00911	-0.00155	0.00911	0.99996	-0.00212	0.00157	0.00210	1.00000		-7.77099	61.20197	872.68985	179.42198	1.91639	-2.38150	0.52802	0.99858	0.04189	0.03299	0.04153	-0.99907	0.01147	0.03344	-0.01008	-0.99939		501.19907	5.58086	39.93589	1.56000	-0.20489	-0.47001	0.50506	0.99996	-0.00830	0.00335	0.00820	0.99959	0.02725	-0.00358	-0.02722	0.99962	
68	0.67000	-6.64650	13.07844	0.33185	-0.11828	0.09490	-0.51715	0.44130	0.99996	-0.00903	-0.00164	0.00903	0.99996	-0.00208	0.00166	0.00206	1.00000		-7.84251	61.23556	872.66961	179.41487	1.91653	-2.36945	0.52900	0.99859	0.04168	0.03299	0.04132	-0.99908	0.01159	0.03344	-0.01021	-0.99939		501.18928	5.52840	39.97444	1.54109	-0.19061	-0.44993	0.50669	0.99996	-0.00794	0.00311	0.00785	0.99961	0.02692	-0.00333	-0.02689	0.99963	
69	0.68000	-6.64241	13.09671	0.32527	-0.11308	0.09302	-0.52312	0.44107	0.99996	-0.00913	-0.00160	0.00913	0.99996	-0.00199	0.00162	0.00197	1.00000		-7.82083	61.30750	872.66917	179.40968	1.91812	-2.38378	0.52782	0.99857	0.04194	0.03301	0.04157	-0.99907	0.01169	0.03347	-0.01030	-0.99939		501.19373	5.55803	39.97587	1.52946	-0.18468	-0.42668	0.50920	0.99997	-0.00753	0.00302	0.00745	0.99962	0.02671	-0.00322	-0.02669	0.99964	
70	0.69000	-6.63747	13.01383	0.58408	-0.20342	0.18760	-0.50242	0.43330	0.99996	-0.00878	-0.00324	0.00877	0.99996	-0.00358	0.00327	0.00355	0.99999		-9.23556	60.01011	872.49125	179.50653	2.00686	-2.36118	0.52557	0.99854	0.04150	0.03463	0.04117	-0.99910	0.01005	0.03502	-0.00861	-0.99935		501.13114	5.41350	40.53567	1.62032	-0.29037	-0.47795	0.50071	0.99995	-0.00848	0.00483	0.00834	0.99956	0.02832	-0.00507	-0.02828	0.99959	
71	0.70000	-6.64540	13.10195	0.36058	-0.12133	0.10615	-0.52631	0.44280	0.99996	-0.00919	-0.00183	0.00919	0.99996	-0.00214	0.00185	0.00212	1.00000		-8.02367	61.17231	872.64342	179.42661	1.93011	-2.38089	0.52671	0.99857	0.04188	0.03323	0.04152	-0.99907	0.01140	0.03368	-0.01000	-0.99938		501.18145	5.57875	40.05633	1.54671	-0.19776	-0.43497	0.50770	0.99997	-0.00768	0.00325	0.00759	0.99961	0.02702	-0.00345	-0.02699	0.99963	
72	0.71000	-6.64625	13.09088	0.35091	-0.12636	0.10217	-0.52272	0.44241	0.99996	-0.00913	-0.00176	0.00912	0.99996	-0.00222	0.00178	0.00221	1.00000		-7.95764	61.11103	872.64591	179.42999	1.92080	-2.37945	0.52803	0.99858	0.04185	0.03307	0.04149	-0.99907	0.01133	0.03352	-0.00994	-0.99939		501.19111	5.57597	40.01331	1.55667	-0.20688	-0.45990	0.50834	0.99996	-0.00812	0.00339	0.00803	0.99960	0.02719	-0.00361	-0.02717	0.99962	
73	0.72000	-6.64933	13.09495	0.32831	-0.11864	0.09651	-0.52285	0.44569	0.99996	-0.00913	-0.00166	0.00913	0.99996	-0.00209	0.00168	0.00207	1.00000		-7.86484	61.22544	872.67678	179.42230	1.92586	-2.38312	0.52685	0.99857	0.04192	0.03316	0.04156	-0.99907	0.01147	0.03361	-0.01008	-0.99938		501.29333	5.73478	40.02764	1.74829	-0.29659	-0.64853	0.59991	0.99992	-0.01147	0.00483	0.01132	0.99947	0.03057	-0.00518	-0.03051	0.99952	
74	0.73000	-6.64583	13.08910	0.32110	-0.11916	0.08938	-0.52099	0.44135	0.99996	-0.00910	-0.00154	0.00909	0.99996	-0.00209	0.00156	0.00208	1.00000		-7.75901	61.22194	872.67802	179.42648	1.91543	-2.37635	0.52672	0.99858	0.04180	0.03298	0.04144	-0.99908	0.01139	0.03342	-0.01000	-0.99939		501.20633	5.54648	39.93302	1.52778	-0.19630	-0.45056	0.50738	0.99996	-0.00795	0.00322	0.00786	0.99961	0.02669	-0.00343	-0.02666	0.99964	
75	0.74000	-6.64524	13.10272	0.30224	-0.10280	0.08607	-0.52488	0.44244	0.99996	-0.00916	-0.00149	0.00916	0.99996	-0.00181	0.00150	0.00179	1.00000		-7.71946	61.46387	872.68053	179.40948	1.91250	-2.38035	0.52314	0.99858	0.04187	0.03291	0.04151	-0.99907	0.01168	0.03337	-0.01030	-0.99939		501.20350	5.60153	39.93382	1.54149	-0.19205	-0.46222	0.50896	0.99996	-0.00815	0.00313	0.00807	0.99960	0.02693	-0.00335	-0.02690	0.99963	
76	0.75000	-6.65106	13.09372	0.31276	-0.11480	0.08953	-0.52254	0.44243	0.99996	-0.00912	-0.00154	0.00912	0.99996	-0.00202	0.00156	0.00200	1.00000		-7.75678	61.28810	872.67722	179.41681	1.91347	-2.38166	0.52937	0.99858	0.04189	0.03294	0.04153	-0.99907	0.01156	0.03339	-0.01017	-0.99939		501.20179	5.56745	39.94966	1.53920	-0.18485	-0.45154	0.50752	0.99996	-0.00796	0.00301	0.00788	0.99961	0.02689	-0.00323	-0.02686	0.99963	
77	0.76000	-6.64732	13.10784	0.33045	-0.12303	0.09630	-0.52962	0.44127	0.99996	-0.00925	-0.00166	0.00924	0.99996	-0.00216	0.00168	0.00215	1.00000		-7.87077	61.15402	872.67489	179.42821	1.92229	-2.39632	0.52429	0.99856	0.04214	0.03310	0.04179	-0.99906	0.01137	0.03354	-0.00997	-0.99939		501.19350	5.61199	40.00076	1.53854	-0.18724	-0.44578	0.50729	0.99996	-0.00787	0.00306	0.00778	0.99961	0.02687	-0.00327	-0.02685	0.99963	
78	0.77000	-6.64578	13.08862	0.32079	-0.11335	0.09033	-0.52234	0.44262	0.99996	-0.00912	-0.00156	0.00912	0.99996	-0.00199	0.00158	0.00198	1.00000		-7.77746	61.31777	872.66900	179.40834	1.91121	-2.38724	0.52520	0.99858	0.04200	0.03289	0.04163	-0.99906	0.01171	0.03335	-0.01032	-0.99939		501.28855	5.72821	39.99842	1.72604	-0.27331	-0.64048	0.59892	0.99993	-0.01132	0.00443	0.01118	0.99948	0.03017	-0.00477	-0.03012	0.99953	
79	0.78000	-6.63308	13.00666	0.52148	-0.17800	0.16331	-0.49742	0.43602	0.99996	-0.00869	-0.00282	0.00868	0.99996	-0.00313	0.00285	0.00311	0.99999		-8.86331	60.41212	872.53484	179.48080	1.98882	-2.36330	0.52841	0.99855	0.04155	0.03430	0.04121	-0.99910	0.01048	0.03470	-0.00906	-0.99936		501.13754	5.40571	40.38725	1.61019	-0.26687	-0.48982	0.50519	0.99995	-0.00868	0.00442	0.00855	0.99957	0.02814	-0.00466	-0.02810	0.99959	
80	0.79000	-6.64765	13.09413	0.32907	-0.12379	0.09646	-0.52259	0.43946	0.99996	-0.00912	-0.00166	0.00912	0.99996	-0.00218	0.00168	0.00216	1.00000		-7.86110	61.15002	872.67233	179.42065	1.92016	-2.38849	0.52952	0.99857	0.04201	0.03305	0.04165	-0.99907	0.01150	0.03351	-0.01011	-0.99939		501.20177	5.57155	39.99453	1.53839	-0.20347	-0.47281	0.50989	0.99996	-0.00834	0.00333	0.00825	0.99960	0.02688	-0.00355	-0.02685	0.99963	
81	0.80000	-6.65039	13.09057	0.35261	-0.11339	0.10518	-0.52311	0.44319	0.99996	-0.00913	-0.00182	0.00913	0.99996	-0.00200	0.00184	0.00198	1.00000		-8.00560	61.30735	872.63194	179.41077	1.92336	-2.37948	0.52435	0.99857	0.04186	0.03311	0.04149	-0.99907	0.01167	0.03356	-0.01028	-0.99938		501.19447	5.58970	40.03836	1.54145	-0.21723	-0.46844	0.50838	0.99996	-0.00827	0.00357	0.00818	0.99960	0.02693	-0.00379	-0.02690	0.99963	
82	0.81000	-6.65338	13.08319	0.33162	-0.11973	0.09840	-0.51905	0.44009	0.99996	-0.00906	-0.00170	0.00906	0.99996	-0.00211	0.00172	0.00209	1.00000		-7.88639	61.22063	872.66585	179.42422	1.91796	-2.37389	0.52683	0.99858	0.04175	0.03302	0.04140	-0.99908	0.01143	0.03347	-0.01004	-0.99939		501.20125	5.54038	40.00287	1.52828	-0.20277	-0.45568	0.50709	0.99996	-0.00804	0.00333	0.00795	0.99961	0.02670	-0.00354	-0.02667	0.99964	
83	0.82000	-6.64128	12.99977	0.57030	-0.19531	0.18138	-0.49843	0.43627	0.99996	-0.00871	-0.00314	0.00870	0.99996	-0.00344	0.00317	0.00341	0.99999		-9.12730	60.15228	872.49193	179.50403	2.00493	-2.35675	0.52756	0.99854	0.04142	0.03460	0.04110	-0.99910	0.01009	0.03499	-0.00865	-0.99935		501.13553	5.39457	40.49475	1.62314	-0.27823	-0.47007	0.51232	0.99995	-0.00834	0.00462	0.00820	0.99956	0.02836	-0.00486	-0.02832	0.99959	
84	0.83000	-6.64605	13.09681	0.32026	-0.11303	0.09082	-0.52614	0.44070	0.99996	-0.00919	-0.00157	0.00918	0.99996	-0.00199	0.00159	0.00197	1.00000		-7.78176	61.32295	872.67227	179.42024	1.91650	-2.39446	0.52289	0.99857	0.04211	0.03299	0.04176	-0.99906	0.01151	0.03344	-0.01011	-0.99939		501.28514	5.76806	39.99900	1.74516	-0.27515	-0.65626	0.59481	0.99992	-0.01159	0.00445	0.01145	0.99947	0.03051	-0.00480	-0.03045	0.99952	
85	0.84000	-6.63865	12.99866	0.58347	-0.19858	0.18595	-0.49625	0.43653	0.99996	-0.00867	-0.00321	0.00866	0.99996	-0.00349	0.00325	0.00347	0.99999		-9.20268	60.09595	872.48833	179.50407	2.01146	-2.35191	0.52204	0.99854	0.04134	0.03471	0.04101	-0.99911	0.01009	0.03510	-0.00865	-0.99935		501.12427	5.38173	40.52385	1.63311	-0.28581	-0.48144	0.50915	0.99995	-0.00854	0.00475	0.00840	0.99956	0.02854	-0.00499	-0.02850	0.99958	
86	0.85000	-6.64756	13.08982	0.31519	-0.11943	0.09007	-0.52240	0.44004	0.99996	-0.00912	-0.00155	0.00912	0.99996	-0.00210	0.00157	0.00208	1.00000		-7.77061	61.22183	872.68742	179.42525	1.91575	-2.38129	0.52329	0.99858	0.04188	0.03298	0.04153	-0.99907	0.01141	0.03343	-0.01003	-0.99939		501.19736	5.54866	39.94943	1.52868	-0.19247	-0.43613	0.50550	0.99997	-0.00770	0.00315	0.00761	0.99961	0.02670	-0.00336	-0.02668	0.99964	
87	0.86000	-6.66004	13.08418	0.38547	-0.12936	0.11604	-0.52244	0.44662	0.99996	-0.00912	-0.00200	0.00912	0.99996	-0.00228	0.00203	0.00226	0.99999		-8.15012	61.07846	872.62310	179.43184	1.94059	-2.38822	0.52755	0.99856	0.04200	0.03342	0.04165	-0.99907	0.01132	0.03386	-0.00991	-0.99938		501.18948	5.55614	40.11657	1.55427	-0.20655	-0.44354	0.51390	0.99996	-0.00784	0.00339	0.00774	0.99960	0.02715	-0.00361	-0.02712	0.99963	
88	0.87000	-6.64849	13.09111	0.32888	-0.11562	0.09286	-0.52310	0.44457	0.99996	-0.00913	-0.00160	0.00913	0.99996	-0.00203	0.00162	0.00202	1.00000		-7.81248	61.28310	872.66148	179.41997	1.91261	-2.38775	0.52656	0.99858	0.04200	0.03292	0.04164	-0.99907	0.01150	0.03338	-0.01012	-0.99939		501.19687	5.57465	39.95976	1.52601	-0.19511	-0.46115	0.51436	0.99996	-0.00814	0.00319	0.00805	0.99961	0.02666	-0.00341	-0.02663	0.99964	
89	0.88000	-6.64101	12.99985	0.57303	-0.18661	0.18464	-0.49328	0.43553	0.99996	-0.00862	-0.00319	0.00861	0.99996	-0.00329	0.00322	0.00326	0.99999		-9.17687	60.27953	872.48781	179.48653	2.00742	-2.35307	0.52585	0.99854	0.04137	0.03463	0.04103	-0.99910	0.01039	0.03503	-0.00896	-0.99935		501.13413	5.38216	40.52003	1.64222	-0.29754	-0.50110	0.50902	0.99995	-0.00889	0.00494	0.00875	0.99955	0.02870	-0.00519	-0.02866	0.99958	
90	0.89000	-6.65199	13.09592	0.35984	-0.11550	0.10864	-0.52223	0.44421	0.99996	-0.00912	-0.00188	0.00911	0.99996	-0.00203	0.00190	0.00202	1.00000		-8.04911	61.26712	872.63032	179.41640	1.93192	-2.37916	0.52589	0.99857	0.04185	0.03326	0.04149	-0.99907	0.01158	0.03371	-0.01018	-0.99938		501.18553	5.56729	40.07372	1.54522	-0.20837	-0.45998	0.51146	0.99996	-0.00812	0.00342	0.00803	0.99960	0.02699	-0.00364	-0.02697	0.99963	
91	0.90000	-6.65099	13.09646	0.34397	-0.11810	0.09914	-0.52290	0.44095	0.99996	-0.00913	-0.00171	0.00913	0.99996	-0.00208	0.00173	0.00206	1.00000		-7.90205	61.23103	872.65112	179.42801	1.92669	-2.37422	0.52405	0.99858	0.04176	0.03318	0.04140	-0.99908	0.01137	0.03362	-0.00998	-0.99938		501.28542	5.73803	40.04173	1.75502	-0.29716	-0.65473	0.60148	0.99992	-0.01158	0.00483	0.01143	0.99946	0.03068	-0.00519	-0.03063	0.99952	
92	0.91000	-6.65546	13.07787	0.36034	-0.12953	0.10384	-0.51690	0.44451	0.99996	-0.00903	-0.00179	0.00902	0.99996	-0.00228	0.00181	0.00226	1.00000		-7.95668	61.08531	872.65874	179.42857	1.93415	-2.37945	0.52440	0.99857	0.04185	0.03331	0.04149	-0.99907	0.01137	0.03375	-0.00997	-0.99938		501.29056	5.68752	40.07189	1.76487	-0.29954	-0.66204	0.60503	0.99992	-0.01171	0.00487	0.01155	0.99946	0.03086	-0.00523	-0.03080	0.99951	
93	0.92000	-6.64678	13.09077	0.32324	-0.12464	0.09176	-0.52080	0.44250	0.99996	-0.00909	-0.00158	0.00909	0.99996	-0.00219	0.00160	0.00218	1.00000		-7.79249	61.14383	872.68402	179.43288	1.91762	-2.37708	0.52493	0.99858	0.04180	0.03302	0.04145	-0.99908	0.01128	0.03346	-0.00989	-0.99939		501.20390	5.55799	39.96030	1.55197	-0.19933	-0.47296	0.51938	0.99996	-0.00835	0.00325	0.00825	0.99960	0.02711	-0.00348	-0.02708	0.99963	
94	0.93000	-6.65260	13.10228	0.34529	-0.12378	0.10308	-0.52720	0.44291	0.99996	-0.00920	-0.00178	0.00920	0.99996	-0.00218	0.00180	0.00216	1.00000		-7.95694	61.15042	872.66863	179.42831	1.93398	-2.39076	0.52483	0.99856	0.04205	0.03330	0.04169	-0.99907	0.01138	0.03375	-0.00997	-0.99938		501.28726	5.75813	40.06574	1.75296	-0.30266	-0.64677	0.60156	0.99992	-0.01144	0.00493	0.01129	0.99947	0.03065	-0.00528	-0.03059	0.99952	
