1	0.00000	-6.32321	13.75200	0.35220	0.36187	0.10715	-0.68424	0.43721	0.99993	-0.01193	-0.00194	0.01194	0.99991	0.00629	0.00187	-0.00632	0.99998		-9.03587	67.85185	871.90892	178.92789	1.91136	-2.74204	0.49212	0.99830	0.04845	0.03241	0.04781	-0.99865	0.02028	0.03335	-0.01870	-0.99927		501.20202	6.60110	39.66338	0.94582	-0.66498	-0.37171	0.30725	0.99991	-0.00668	0.01150	0.00649	0.99984	0.01658	-0.01161	-0.01651	0.99980	
2	0.01000	-6.32120	13.74215	0.32772	0.35499	0.09880	-0.67862	0.43307	0.99993	-0.01183	-0.00180	0.01184	0.99991	0.00617	0.00172	-0.00620	0.99998		-8.89664	67.76418	871.94934	178.93863	1.91374	-2.74491	0.49722	0.99830	0.04850	0.03246	0.04786	-0.99865	0.02010	0.03339	-0.01851	-0.99927		501.21349	6.55094	39.60129	0.92924	-0.67943	-0.36704	0.30665	0.99991	-0.00660	0.01175	0.00641	0.99985	0.01629	-0.01186	-0.01622	0.99980	
3	0.02000	-6.32997	13.75056	0.34011	0.37025	0.10312	-0.67883	0.42192	0.99993	-0.01184	-0.00188	0.01185	0.99991	0.00644	0.00180	-0.00646	0.99998		-8.95078	67.98651	871.91642	178.92192	1.91486	-2.74663	0.49682	0.99829	0.04854	0.03247	0.04789	-0.99864	0.02039	0.03341	-0.01880	-0.99926		501.22338	6.54730	39.62865	0.91352	-0.68143	-0.35941	0.30971	0.99991	-0.00646	0.01179	0.00627	0.99985	0.01602	-0.01189	-0.01594	0.99980	
4	0.03000	-6.35051	13.26137	-0.11896	-0.13766	-0.04085	-0.55416	0.42710	0.99995	-0.00967	0.00074	0.00967	0.99995	-0.00240	-0.00071	0.00240	1.00000		-6.60554	61.00135	872.94203	179.39748	1.67582	-2.79179	0.57406	0.99839	0.04901	0.02870	0.04869	-0.99874	0.01193	0.02924	-0.01051	-0.99952		500.93772	5.59866	38.99628	1.42717	0.16532	-0.20703	0.39227	0.99999	-0.00354	-0.00297	0.00361	0.99968	0.02490	0.00289	-0.02491	0.99969	
5	0.04000	-6.34276	13.24840	-0.12902	-0.13869	-0.04402	-0.55057	0.43075	0.99995	-0.00961	0.00079	0.00961	0.99995	-0.00241	-0.00077	0.00242	1.00000		-6.56346	60.99646	872.96095	179.39697	1.67313	-2.78960	0.57553	0.99839	0.04897	0.02865	0.04865	-0.99874	0.01193	0.02920	-0.01052	-0.99952		501.03622	5.31916	39.01799	1.14272	0.07192	-0.09918	0.50512	1.00000	-0.00171	-0.00129	0.00173	0.99980	0.01994	0.00126	-0.01994	0.99980	
6	0.05000	-6.03541	12.80509	-0.79922	-0.87368	-0.46429	-0.46866	0.47915	0.99993	-0.00805	0.00823	0.00818	0.99985	-0.01518	-0.00810	0.01525	0.99985		-0.19184	49.77050	874.16973	-179.74831	1.18508	-2.20252	0.58323	0.99905	0.03834	0.02084	0.03842	-0.99926	-0.00360	0.02068	0.00439	-0.99978		501.22284	3.95901	35.73396	1.23699	0.56970	0.54640	0.45886	0.99991	0.00975	-0.00973	-0.00954	0.99972	0.02168	0.00994	-0.02159	0.99972	
7	0.06000	-6.59794	13.07027	0.78479	-0.44955	0.35827	-0.57177	0.42176	0.99993	-0.01003	-0.00617	0.00998	0.99992	-0.00791	0.00625	0.00785	0.99995		-12.18897	56.16193	872.32127	179.67671	2.13815	-2.48502	0.52816	0.99836	0.04357	0.03703	0.04333	-0.99903	0.00725	0.03731	-0.00564	-0.99929		501.06646	5.21347	41.68002	1.12112	-0.46428	0.16494	0.50166	0.99996	0.00272	0.00816	-0.00288	0.99980	0.01954	-0.00810	-0.01957	0.99978	
8	0.07000	-6.55241	13.07372	0.21893	-0.14224	0.10302	-0.52733	0.44550	0.99996	-0.00921	-0.00177	0.00920	0.99995	-0.00250	0.00180	0.00248	0.99999		-8.34439	60.89076	872.61343	179.36832	1.88644	-2.44761	0.52241	0.99855	0.04307	0.03242	0.04268	-0.99901	0.01242	0.03292	-0.01102	-0.99940		501.11191	5.50781	40.07988	1.31499	-0.01762	-0.33151	0.46869	0.99998	-0.00579	0.00017	0.00579	0.99972	0.02295	-0.00031	-0.02295	0.99974	
9	0.08000	-6.56834	13.05758	0.20120	-0.13784	0.09686	-0.51991	0.44593	0.99996	-0.00908	-0.00167	0.00907	0.99996	-0.00242	0.00169	0.00241	1.00000		-8.21849	60.97525	872.62573	179.36415	1.88000	-2.44054	0.51837	0.99856	0.04294	0.03230	0.04256	-0.99902	0.01248	0.03281	-0.01109	-0.99940		501.12567	5.46905	40.04805	1.30863	-0.01955	-0.36536	0.46298	0.99998	-0.00638	0.00020	0.00638	0.99972	0.02284	-0.00034	-0.02284	0.99974	
10	0.09000	-6.56628	13.06669	0.18317	-0.12674	0.08770	-0.52074	0.44408	0.99996	-0.00909	-0.00151	0.00909	0.99996	-0.00223	0.00153	0.00221	1.00000		-8.08545	61.14317	872.63835	179.36115	1.87393	-2.43928	0.51082	0.99856	0.04292	0.03219	0.04254	-0.99902	0.01253	0.03270	-0.01114	-0.99940		501.12092	5.46516	39.99632	1.28661	0.00212	-0.35631	0.46273	0.99998	-0.00622	-0.00018	0.00622	0.99973	0.02245	0.00004	-0.02245	0.99975	
11	0.10000	-6.57675	13.07005	0.20681	-0.12527	0.09703	-0.52194	0.44162	0.99996	-0.00911	-0.00167	0.00911	0.99996	-0.00220	0.00169	0.00219	1.00000		-8.22063	61.14779	872.61291	179.35945	1.88453	-2.43326	0.51322	0.99856	0.04282	0.03238	0.04243	-0.99902	0.01257	0.03289	-0.01117	-0.99940		501.12177	5.50184	40.05458	1.32150	-0.01062	-0.38294	0.47014	0.99998	-0.00669	0.00003	0.00668	0.99971	0.02306	-0.00019	-0.02306	0.99973	
12	0.11000	-6.58137	13.06008	0.18394	-0.11877	0.08727	-0.51812	0.44273	0.99996	-0.00905	-0.00150	0.00904	0.99996	-0.00209	0.00152	0.00207	1.00000		-8.06591	61.26121	872.62914	179.34955	1.87288	-2.43563	0.50864	0.99856	0.04286	0.03217	0.04247	-0.99902	0.01273	0.03268	-0.01135	-0.99940		501.13958	5.47985	39.98635	1.30410	-0.01944	-0.38084	0.46555	0.99998	-0.00665	0.00019	0.00665	0.99972	0.02276	-0.00034	-0.02276	0.99974	
13	0.12000	-6.57939	13.08219	0.18378	-0.11244	0.08731	-0.52526	0.44548	0.99996	-0.00917	-0.00151	0.00917	0.99996	-0.00198	0.00152	0.00196	1.00000		-8.07265	61.34616	872.61928	179.35036	1.87304	-2.44223	0.51111	0.99856	0.04298	0.03217	0.04259	-0.99901	0.01272	0.03268	-0.01133	-0.99940		501.13746	5.52220	39.99921	1.29901	-0.01150	-0.37623	0.47370	0.99998	-0.00657	0.00005	0.00657	0.99972	0.02267	-0.00020	-0.02267	0.99974	
14	0.13000	-6.58409	13.05593	0.21741	-0.12401	0.10094	-0.51647	0.44240	0.99996	-0.00902	-0.00174	0.00901	0.99996	-0.00218	0.00176	0.00216	1.00000		-8.26722	61.18656	872.59961	179.35568	1.88758	-2.43239	0.50567	0.99856	0.04281	0.03243	0.04242	-0.99902	0.01263	0.03294	-0.01124	-0.99939		501.11820	5.45914	40.08490	1.31440	-0.00906	-0.37198	0.47342	0.99998	-0.00649	0.00001	0.00649	0.99972	0.02294	-0.00016	-0.02294	0.99974	
15	0.14000	-6.58701	13.07283	0.18335	-0.11625	0.08822	-0.52180	0.44442	0.99996	-0.00911	-0.00152	0.00911	0.99996	-0.00204	0.00154	0.00203	1.00000		-8.07748	61.29697	872.62202	179.35208	1.87287	-2.44041	0.50818	0.99856	0.04295	0.03217	0.04256	-0.99901	0.01269	0.03268	-0.01130	-0.99940		501.13321	5.50052	40.00828	1.30439	-0.00080	-0.37682	0.47401	0.99998	-0.00658	-0.00014	0.00658	0.99972	0.02276	-0.00001	-0.02276	0.99974	
16	0.15000	-6.59106	13.06409	0.19845	-0.11783	0.09401	-0.51897	0.44555	0.99996	-0.00906	-0.00162	0.00906	0.99996	-0.00207	0.00164	0.00206	1.00000		-8.15651	61.27369	872.60897	179.36310	1.87864	-2.43152	0.50702	0.99856	0.04279	0.03228	0.04240	-0.99902	0.01250	0.03278	-0.01111	-0.99940		501.12847	5.47767	40.03680	1.29418	-0.00975	-0.37533	0.47531	0.99998	-0.00655	0.00002	0.00655	0.99972	0.02259	-0.00017	-0.02259	0.99974	
17	0.16000	-6.59104	13.06616	0.18913	-0.12908	0.09081	-0.52053	0.44475	0.99996	-0.00909	-0.00156	0.00908	0.99996	-0.00227	0.00159	0.00225	1.00000		-8.10958	61.10600	872.62786	179.37071	1.87306	-2.43585	0.50559	0.99856	0.04286	0.03219	0.04248	-0.99902	0.01236	0.03269	-0.01098	-0.99941		501.13308	5.48202	40.01993	1.31901	-0.00856	-0.37599	0.47068	0.99998	-0.00656	-0.00000	0.00656	0.99971	0.02302	-0.00015	-0.02302	0.99973	
18	0.17000	-6.59466	13.08011	0.18230	-0.11351	0.08739	-0.52270	0.44356	0.99996	-0.00913	-0.00151	0.00912	0.99996	-0.00200	0.00153	0.00198	1.00000		-8.05449	61.32981	872.62054	179.35788	1.87515	-2.43626	0.50757	0.99856	0.04287	0.03221	0.04249	-0.99902	0.01259	0.03272	-0.01120	-0.99940		501.14212	5.51738	40.00157	1.31560	-0.00842	-0.39775	0.46965	0.99998	-0.00694	-0.00001	0.00694	0.99971	0.02296	-0.00015	-0.02296	0.99974	
19	0.18000	-6.59915	13.06297	0.19951	-0.12959	0.09630	-0.51979	0.44652	0.99996	-0.00908	-0.00166	0.00907	0.99996	-0.00228	0.00168	0.00226	1.00000		-8.18597	61.09496	872.62210	179.37193	1.88023	-2.43184	0.50812	0.99856	0.04279	0.03231	0.04241	-0.99902	0.01234	0.03281	-0.01096	-0.99940		501.14207	5.50670	40.05927	1.34108	-0.01803	-0.40050	0.46685	0.99998	-0.00700	0.00015	0.00699	0.99970	0.02341	-0.00031	-0.02340	0.99973	
20	0.19000	-6.59512	13.06631	0.18945	-0.12135	0.09090	-0.52018	0.44243	0.99996	-0.00908	-0.00157	0.00908	0.99996	-0.00213	0.00159	0.00212	1.00000		-8.10477	61.22158	872.63380	179.36197	1.88184	-2.43334	0.50384	0.99856	0.04282	0.03233	0.04243	-0.99902	0.01252	0.03284	-0.01113	-0.99940		501.13846	5.48574	40.01220	1.30694	-0.02099	-0.38438	0.46842	0.99998	-0.00672	0.00021	0.00671	0.99972	0.02281	-0.00037	-0.02281	0.99974	
21	0.20000	-6.60211	13.07373	0.19630	-0.11974	0.09393	-0.52403	0.44486	0.99996	-0.00915	-0.00162	0.00915	0.99996	-0.00211	0.00164	0.00209	1.00000		-8.14971	61.24154	872.60993	179.36290	1.87717	-2.43753	0.50615	0.99856	0.04289	0.03225	0.04251	-0.99902	0.01250	0.03276	-0.01111	-0.99940		501.14977	5.53313	40.04480	1.32131	-0.01835	-0.39952	0.47420	0.99998	-0.00698	0.00016	0.00697	0.99971	0.02306	-0.00032	-0.02306	0.99973	
22	0.21000	-6.59990	13.07303	0.20830	-0.11885	0.09915	-0.52231	0.44556	0.99996	-0.00912	-0.00171	0.00912	0.99996	-0.00209	0.00173	0.00207	1.00000		-8.22798	61.25789	872.59759	179.35689	1.88331	-2.44553	0.50620	0.99855	0.04304	0.03235	0.04265	-0.99901	0.01262	0.03286	-0.01122	-0.99940		501.13974	5.50957	40.07838	1.31803	-0.02380	-0.39074	0.47339	0.99998	-0.00683	0.00026	0.00682	0.99971	0.02300	-0.00042	-0.02300	0.99974	
23	0.22000	-6.60093	13.06316	0.22848	-0.13894	0.10363	-0.52022	0.44556	0.99996	-0.00908	-0.00179	0.00908	0.99996	-0.00244	0.00181	0.00243	0.99999		-8.29255	60.96086	872.59518	179.38460	1.88460	-2.43526	0.50665	0.99856	0.04284	0.03240	0.04247	-0.99902	0.01213	0.03289	-0.01074	-0.99940		501.13969	5.49195	40.09421	1.33676	-0.03092	-0.39517	0.47918	0.99998	-0.00691	0.00038	0.00690	0.99970	0.02333	-0.00054	-0.02333	0.99973	
24	0.23000	-6.59866	13.05783	0.21228	-0.13298	0.09685	-0.51678	0.44493	0.99996	-0.00902	-0.00167	0.00902	0.99996	-0.00234	0.00169	0.00232	1.00000		-8.17340	61.06557	872.64585	179.40561	1.90220	-2.40773	0.53000	0.99857	0.04235	0.03273	0.04199	-0.99905	0.01176	0.03319	-0.01037	-0.99940		501.15163	5.43029	39.97135	1.34912	-0.11205	-0.34779	0.49074	0.99998	-0.00611	0.00181	0.00607	0.99970	0.02356	-0.00196	-0.02354	0.99972	
25	0.24000	-6.60392	13.04666	0.21897	-0.12991	0.10057	-0.51463	0.44195	0.99996	-0.00899	-0.00173	0.00898	0.99996	-0.00228	0.00176	0.00227	1.00000		-8.22238	61.11952	872.63655	179.40601	1.90589	-2.39592	0.52902	0.99857	0.04215	0.03279	0.04178	-0.99906	0.01175	0.03326	-0.01036	-0.99939		501.13189	5.45359	40.03713	1.47289	-0.14716	-0.39476	0.48450	0.99997	-0.00695	0.00239	0.00689	0.99965	0.02572	-0.00257	-0.02570	0.99967	
26	0.25000	-6.60178	13.06196	0.18918	-0.11758	0.09008	-0.51707	0.44100	0.99996	-0.00903	-0.00155	0.00902	0.99996	-0.00207	0.00157	0.00205	1.00000		-8.06676	61.30304	872.65967	179.39931	1.89833	-2.40878	0.53014	0.99857	0.04237	0.03265	0.04201	-0.99905	0.01187	0.03313	-0.01048	-0.99940		501.13617	5.46062	39.97439	1.45575	-0.13489	-0.37951	0.48575	0.99998	-0.00668	0.00219	0.00662	0.99965	0.02542	-0.00235	-0.02540	0.99967	
27	0.26000	-6.60525	13.07410	0.22662	-0.13099	0.10303	-0.52445	0.44178	0.99996	-0.00916	-0.00178	0.00915	0.99996	-0.00230	0.00180	0.00229	1.00000		-8.26393	61.08418	872.62752	179.40614	1.90696	-2.42298	0.52829	0.99855	0.04262	0.03281	0.04225	-0.99904	0.01176	0.03328	-0.01036	-0.99939		501.13835	5.52481	40.03767	1.48586	-0.16353	-0.39627	0.48431	0.99997	-0.00699	0.00267	0.00692	0.99964	0.02595	-0.00285	-0.02593	0.99966	
28	0.27000	-6.61065	13.07064	0.19475	-0.12582	0.09340	-0.52175	0.44772	0.99996	-0.00911	-0.00161	0.00911	0.99996	-0.00221	0.00163	0.00220	1.00000		-8.10544	61.16943	872.65580	179.41168	1.90060	-2.41331	0.52886	0.99856	0.04245	0.03270	0.04208	-0.99905	0.01166	0.03317	-0.01026	-0.99940		501.14249	5.48150	39.99878	1.45629	-0.14073	-0.38155	0.48245	0.99997	-0.00672	0.00229	0.00666	0.99965	0.02543	-0.00246	-0.02541	0.99967	
29	0.28000	-6.60800	13.06261	0.20086	-0.12266	0.09576	-0.51700	0.44234	0.99996	-0.00903	-0.00165	0.00902	0.99996	-0.00216	0.00167	0.00214	1.00000		-8.13572	61.21422	872.65530	179.40021	1.90667	-2.40446	0.53187	0.99857	0.04230	0.03280	0.04193	-0.99905	0.01185	0.03327	-0.01046	-0.99939		501.13514	5.46495	40.00596	1.47047	-0.14225	-0.40679	0.48770	0.99997	-0.00716	0.00230	0.00710	0.99965	0.02568	-0.00248	-0.02566	0.99967	
30	0.29000	-6.61607	13.06994	0.21365	-0.13640	0.10023	-0.52257	0.44517	0.99996	-0.00912	-0.00173	0.00912	0.99996	-0.00240	0.00175	0.00238	1.00000		-8.20193	61.01165	872.66001	179.42101	1.91326	-2.41755	0.52666	0.99855	0.04252	0.03293	0.04216	-0.99904	0.01150	0.03339	-0.01010	-0.99939		501.15318	5.51063	40.01747	1.48453	-0.16387	-0.40782	0.49192	0.99997	-0.00719	0.00267	0.00712	0.99964	0.02593	-0.00286	-0.02591	0.99966	
31	0.30000	-6.61451	13.06211	0.21487	-0.12861	0.10269	-0.51882	0.44319	0.99996	-0.00906	-0.00177	0.00905	0.99996	-0.00226	0.00179	0.00224	1.00000		-8.23591	61.13048	872.65152	179.40855	1.91952	-2.41023	0.52940	0.99855	0.04240	0.03303	0.04203	-0.99905	0.01172	0.03350	-0.01032	-0.99939		501.14505	5.49111	40.04516	1.48873	-0.16195	-0.40511	0.49930	0.99997	-0.00714	0.00264	0.00707	0.99964	0.02600	-0.00283	-0.02598	0.99966	
32	0.31000	-6.61587	13.07036	0.20416	-0.12226	0.09780	-0.52237	0.44153	0.99996	-0.00912	-0.00169	0.00912	0.99996	-0.00215	0.00171	0.00213	1.00000		-8.16695	61.22370	872.64194	179.39903	1.90440	-2.42078	0.53537	0.99856	0.04258	0.03276	0.04221	-0.99904	0.01188	0.03323	-0.01048	-0.99939		501.14656	5.52537	40.01411	1.48697	-0.16363	-0.41585	0.48520	0.99997	-0.00733	0.00267	0.00726	0.99964	0.02597	-0.00286	-0.02595	0.99966	
33	0.32000	-6.61727	13.07569	0.20129	-0.13074	0.09879	-0.52246	0.44293	0.99996	-0.00912	-0.00170	0.00912	0.99996	-0.00230	0.00172	0.00228	1.00000		-8.17155	61.08838	872.66165	179.41263	1.91293	-2.41509	0.53349	0.99855	0.04248	0.03292	0.04212	-0.99904	0.01165	0.03338	-0.01025	-0.99939		501.14456	5.51087	40.02799	1.49464	-0.15870	-0.39984	0.49725	0.99997	-0.00705	0.00259	0.00698	0.99963	0.02610	-0.00277	-0.02608	0.99966	
34	0.33000	-6.62420	13.06848	0.21744	-0.13486	0.10385	-0.52135	0.44367	0.99996	-0.00910	-0.00179	0.00910	0.99996	-0.00237	0.00181	0.00235	1.00000		-8.23994	61.03372	872.65210	179.41872	1.91777	-2.41195	0.53301	0.99855	0.04242	0.03301	0.04206	-0.99905	0.01154	0.03347	-0.01014	-0.99939		501.24271	5.64546	40.09476	1.68536	-0.26094	-0.58581	0.58535	0.99994	-0.01035	0.00425	0.01022	0.99951	0.02946	-0.00455	-0.02941	0.99956	
35	0.34000	-6.62036	13.06758	0.22575	-0.11975	0.10790	-0.51868	0.44289	0.99996	-0.00906	-0.00186	0.00905	0.99996	-0.00211	0.00188	0.00209	1.00000		-8.30731	61.26048	872.62770	179.39944	1.91985	-2.41392	0.53032	0.99855	0.04247	0.03303	0.04209	-0.99904	0.01188	0.03350	-0.01048	-0.99938		501.14954	5.50430	40.07753	1.50259	-0.18098	-0.42293	0.49686	0.99997	-0.00746	0.00296	0.00738	0.99963	0.02624	-0.00316	-0.02622	0.99965	
36	0.35000	-6.62413	13.06579	0.23116	-0.13388	0.10870	-0.52185	0.44568	0.99996	-0.00911	-0.00188	0.00911	0.99996	-0.00235	0.00190	0.00234	1.00000		-8.31750	61.04674	872.63403	179.41278	1.92096	-2.41665	0.53218	0.99855	0.04251	0.03306	0.04214	-0.99904	0.01165	0.03352	-0.01024	-0.99939		501.15151	5.50902	40.08138	1.49148	-0.18046	-0.40068	0.49235	0.99997	-0.00707	0.00297	0.00699	0.99964	0.02605	-0.00315	-0.02603	0.99966	
37	0.36000	-6.61969	13.04721	0.20878	-0.12236	0.10158	-0.51226	0.44248	0.99996	-0.00894	-0.00175	0.00894	0.99996	-0.00215	0.00177	0.00214	1.00000		-8.20551	61.25693	872.64529	179.41360	1.91768	-2.40762	0.53452	0.99856	0.04235	0.03300	0.04198	-0.99905	0.01163	0.03346	-0.01023	-0.99939		501.14858	5.45840	40.04088	1.49314	-0.17025	-0.42546	0.49752	0.99997	-0.00750	0.00278	0.00743	0.99963	0.02608	-0.00297	-0.02606	0.99966	
38	0.37000	-6.62670	13.06989	0.23538	-0.13082	0.11093	-0.52094	0.44390	0.99996	-0.00910	-0.00191	0.00909	0.99996	-0.00230	0.00194	0.00228	1.00000		-8.34075	61.10667	872.63421	179.40971	1.92929	-2.42377	0.53463	0.99854	0.04263	0.03320	0.04227	-0.99904	0.01172	0.03367	-0.01030	-0.99938		501.15255	5.49892	40.08411	1.48658	-0.19309	-0.40884	0.49155	0.99997	-0.00722	0.00318	0.00714	0.99964	0.02597	-0.00337	-0.02594	0.99966	
39	0.38000	-6.62524	13.07374	0.23717	-0.13013	0.11050	-0.52237	0.44671	0.99996	-0.00912	-0.00191	0.00912	0.99996	-0.00229	0.00193	0.00227	1.00000		-8.33366	61.11002	872.62874	179.41045	1.92784	-2.42084	0.53014	0.99854	0.04258	0.03317	0.04222	-0.99904	0.01170	0.03364	-0.01028	-0.99938		501.16210	5.52082	40.08118	1.49679	-0.20230	-0.41799	0.50250	0.99997	-0.00739	0.00334	0.00730	0.99963	0.02615	-0.00353	-0.02612	0.99965	
40	0.39000	-6.62798	13.06378	0.22051	-0.13807	0.10540	-0.51947	0.44626	0.99996	-0.00907	-0.00182	0.00907	0.99996	-0.00243	0.00184	0.00241	0.99999		-8.25595	60.98927	872.64971	179.42096	1.91970	-2.40927	0.53374	0.99856	0.04237	0.03304	0.04201	-0.99905	0.01151	0.03350	-0.01010	-0.99939		501.15829	5.49032	40.06489	1.50073	-0.17574	-0.41593	0.50104	0.99997	-0.00734	0.00288	0.00726	0.99963	0.02621	-0.00307	-0.02619	0.99965	
41	0.40000	-6.67683	13.04233	0.61224	-0.35612	0.30613	-0.55157	0.41007	0.99994	-0.00966	-0.00528	0.00963	0.99993	-0.00627	0.00534	0.00622	0.99997		-11.25926	57.66364	872.45268	179.64201	2.11810	-2.44781	0.53129	0.99840	0.04294	0.03666	0.04268	-0.99906	0.00782	0.03696	-0.00624	-0.99930		501.06086	5.64878	41.43801	1.71511	-0.36710	-0.38573	0.49507	0.99996	-0.00692	0.00620	0.00673	0.99953	0.02997	-0.00641	-0.02993	0.99953	
42	0.41000	-6.62893	13.08856	0.23047	-0.13683	0.11336	-0.52880	0.44549	0.99996	-0.00923	-0.00196	0.00923	0.99995	-0.00241	0.00198	0.00239	0.99999		-8.37511	60.97639	872.64961	179.41783	1.94140	-2.41333	0.53053	0.99854	0.04245	0.03342	0.04208	-0.99905	0.01158	0.03388	-0.01015	-0.99937		501.15509	5.53941	40.11902	1.48832	-0.18780	-0.39267	0.49599	0.99997	-0.00694	0.00310	0.00685	0.99964	0.02600	-0.00328	-0.02597	0.99966	
43	0.42000	-6.62813	13.07438	0.21664	-0.12101	0.10541	-0.52297	0.44211	0.99996	-0.00913	-0.00182	0.00913	0.99996	-0.00213	0.00184	0.00211	1.00000		-8.26036	61.23068	872.63946	179.40343	1.92524	-2.40621	0.53352	0.99855	0.04233	0.03313	0.04196	-0.99905	0.01181	0.03360	-0.01041	-0.99938		501.15807	5.52728	40.07601	1.48895	-0.17287	-0.41327	0.50012	0.99997	-0.00729	0.00283	0.00721	0.99964	0.02601	-0.00302	-0.02598	0.99966	
44	0.43000	-6.63236	13.06797	0.21946	-0.12088	0.10582	-0.51848	0.44492	0.99996	-0.00905	-0.00183	0.00905	0.99996	-0.00213	0.00185	0.00211	1.00000		-8.25315	61.23984	872.63985	179.40468	1.92890	-2.40233	0.53169	0.99856	0.04226	0.03319	0.04189	-0.99905	0.01179	0.03366	-0.01038	-0.99938		501.16634	5.50177	40.08514	1.50721	-0.17332	-0.42115	0.50473	0.99997	-0.00743	0.00283	0.00735	0.99963	0.02632	-0.00303	-0.02630	0.99965	
45	0.44000	-6.68348	13.06328	0.59386	-0.35473	0.29825	-0.55831	0.41320	0.99994	-0.00978	-0.00514	0.00974	0.99993	-0.00624	0.00521	0.00619	0.99997		-11.13308	57.66036	872.48559	179.63828	2.12474	-2.44620	0.53397	0.99840	0.04291	0.03677	0.04265	-0.99906	0.00789	0.03708	-0.00631	-0.99929		501.08738	5.70656	41.37457	1.74175	-0.37857	-0.39291	0.50216	0.99995	-0.00706	0.00640	0.00686	0.99951	0.03044	-0.00661	-0.03039	0.99952	
46	0.45000	-6.63270	13.07356	0.22969	-0.12746	0.11216	-0.52107	0.44020	0.99996	-0.00910	-0.00194	0.00909	0.99996	-0.00224	0.00196	0.00222	1.00000		-8.34000	61.14206	872.64698	179.40858	1.94032	-2.41225	0.53408	0.99854	0.04244	0.03339	0.04207	-0.99905	0.01174	0.03386	-0.01032	-0.99937		501.16719	5.53882	40.11611	1.53969	-0.19987	-0.44130	0.49995	0.99996	-0.00779	0.00328	0.00770	0.99961	0.02690	-0.00349	-0.02687	0.99963	
47	0.46000	-6.63232	13.06771	0.24360	-0.13964	0.11558	-0.52196	0.44419	0.99996	-0.00911	-0.00199	0.00911	0.99996	-0.00246	0.00202	0.00244	0.99999		-8.39571	60.97273	872.63905	179.42473	1.94324	-2.41623	0.53059	0.99854	0.04250	0.03345	0.04213	-0.99905	0.01146	0.03391	-0.01003	-0.99937		501.16103	5.53654	40.12967	1.53724	-0.19808	-0.43424	0.49876	0.99997	-0.00767	0.00325	0.00758	0.99961	0.02685	-0.00346	-0.02683	0.99963	
48	0.47000	-6.63404	13.05158	0.24553	-0.12983	0.11492	-0.51418	0.44167	0.99996	-0.00898	-0.00198	0.00897	0.99996	-0.00228	0.00201	0.00227	0.99999		-8.37587	61.12344	872.62656	179.41212	1.94323	-2.39718	0.53617	0.99855	0.04217	0.03345	0.04180	-0.99906	0.01167	0.03391	-0.01025	-0.99937		501.15841	5.48194	40.11926	1.50640	-0.19079	-0.44459	0.50904	0.99996	-0.00784	0.00312	0.00776	0.99962	0.02631	-0.00333	-0.02629	0.99965	
49	0.48000	-6.68368	13.03805	0.61931	-0.34692	0.30897	-0.54768	0.41290	0.99994	-0.00959	-0.00533	0.00956	0.99994	-0.00611	0.00539	0.00605	0.99997		-11.28603	57.81626	872.44713	179.63283	2.13230	-2.44251	0.53602	0.99840	0.04285	0.03690	0.04259	-0.99906	0.00799	0.03721	-0.00640	-0.99929		501.08105	5.64383	41.44308	1.73318	-0.39563	-0.39724	0.49947	0.99995	-0.00714	0.00669	0.00693	0.99952	0.03029	-0.00690	-0.03024	0.99952	
50	0.49000	-6.63390	13.06990	0.24067	-0.12934	0.11647	-0.51885	0.44250	0.99996	-0.00906	-0.00201	0.00906	0.99996	-0.00228	0.00203	0.00226	0.99999		-8.40756	61.12129	872.62237	179.41798	1.93890	-2.40436	0.53282	0.99855	0.04229	0.03338	0.04193	-0.99905	0.01157	0.03383	-0.01015	-0.99938		501.16241	5.52323	40.13044	1.51946	-0.20085	-0.44915	0.50789	0.99996	-0.00793	0.00330	0.00784	0.99962	0.02654	-0.00351	-0.02652	0.99964	
51	0.50000	-6.63769	13.05442	0.22891	-0.12383	0.11230	-0.51336	0.44270	0.99996	-0.00896	-0.00194	0.00896	0.99996	-0.00218	0.00196	0.00216	1.00000		-8.32736	61.22300	872.63904	179.40756	1.94007	-2.40419	0.53583	0.99855	0.04230	0.03339	0.04192	-0.99905	0.01175	0.03385	-0.01033	-0.99937		501.16814	5.47004	40.11027	1.51006	-0.20032	-0.43656	0.49630	0.99996	-0.00771	0.00329	0.00762	0.99962	0.02638	-0.00350	-0.02635	0.99965	
52	0.51000	-6.68955	13.03443	0.60592	-0.35998	0.30485	-0.54864	0.41140	0.99994	-0.00961	-0.00526	0.00958	0.99993	-0.00633	0.00532	0.00628	0.99997		-11.21441	57.61076	872.47364	179.64598	2.13260	-2.43553	0.53413	0.99840	0.04272	0.03692	0.04247	-0.99907	0.00775	0.03721	-0.00617	-0.99929		501.08927	5.65156	41.41311	1.74611	-0.40614	-0.40569	0.49872	0.99995	-0.00729	0.00687	0.00708	0.99951	0.03052	-0.00709	-0.03047	0.99951	
53	0.52000	-6.63586	13.06184	0.21251	-0.12898	0.10451	-0.51803	0.44282	0.99996	-0.00904	-0.00180	0.00904	0.99996	-0.00227	0.00182	0.00225	1.00000		-8.21956	61.11850	872.65481	179.41185	1.93077	-2.39234	0.53437	0.99856	0.04209	0.03323	0.04172	-0.99906	0.01166	0.03369	-0.01026	-0.99938		501.17405	5.50717	40.05957	1.51085	-0.19320	-0.43666	0.49947	0.99997	-0.00771	0.00317	0.00762	0.99962	0.02639	-0.00337	-0.02637	0.99965	
54	0.53000	-6.63429	13.06759	0.20955	-0.11845	0.10362	-0.51752	0.44410	0.99996	-0.00904	-0.00179	0.00903	0.99996	-0.00208	0.00181	0.00207	1.00000		-8.20421	61.29030	872.64263	179.39961	1.92823	-2.40771	0.53444	0.99855	0.04236	0.03318	0.04199	-0.99905	0.01188	0.03365	-0.01047	-0.99938		501.16971	5.49552	40.05155	1.49052	-0.19030	-0.42843	0.50611	0.99997	-0.00756	0.00313	0.00748	0.99963	0.02604	-0.00332	-0.02601	0.99966	
55	0.54000	-6.63958	13.06950	0.20887	-0.11074	0.10284	-0.51741	0.44357	0.99996	-0.00903	-0.00178	0.00903	0.99996	-0.00195	0.00179	0.00193	1.00000		-8.18272	61.40635	872.65542	179.39651	1.93901	-2.40636	0.53253	0.99855	0.04234	0.03336	0.04196	-0.99905	0.01194	0.03384	-0.01053	-0.99937		501.16672	5.49228	40.04966	1.48547	-0.18424	-0.41476	0.50372	0.99997	-0.00732	0.00303	0.00724	0.99964	0.02595	-0.00322	-0.02592	0.99966	
56	0.55000	-6.64692	13.05760	0.22472	-0.12762	0.11021	-0.51509	0.44434	0.99996	-0.00899	-0.00190	0.00899	0.99996	-0.00225	0.00192	0.00223	1.00000		-8.29000	61.16757	872.63647	179.41260	1.93098	-2.40977	0.53170	0.99855	0.04239	0.03323	0.04202	-0.99905	0.01166	0.03370	-0.01025	-0.99938		501.17250	5.48426	40.10728	1.51529	-0.18552	-0.42445	0.50178	0.99997	-0.00749	0.00304	0.00741	0.99962	0.02647	-0.00324	-0.02644	0.99965	
57	0.56000	-6.63893	13.06605	0.21101	-0.11476	0.10473	-0.51826	0.44649	0.99996	-0.00905	-0.00181	0.00905	0.99996	-0.00202	0.00183	0.00200	1.00000		-8.20894	61.34684	872.66803	179.40158	1.94968	-2.40068	0.53371	0.99854	0.04224	0.03355	0.04186	-0.99905	0.01186	0.03402	-0.01044	-0.99937		501.17034	5.50480	40.05177	1.49009	-0.19947	-0.42601	0.50067	0.99997	-0.00752	0.00329	0.00744	0.99963	0.02603	-0.00348	-0.02600	0.99966	
58	0.57000	-6.64391	13.05636	0.23998	-0.13017	0.11338	-0.51466	0.44840	0.99996	-0.00899	-0.00196	0.00898	0.99996	-0.00229	0.00198	0.00227	0.99999		-8.33881	61.11999	872.63748	179.41028	1.94516	-2.40030	0.53127	0.99855	0.04223	0.03348	0.04186	-0.99906	0.01170	0.03394	-0.01029	-0.99937		501.16237	5.46170	40.11518	1.49757	-0.19245	-0.41543	0.50310	0.99997	-0.00734	0.00317	0.00725	0.99963	0.02616	-0.00336	-0.02613	0.99965	
59	0.58000	-6.64536	13.06259	0.24514	-0.13845	0.11621	-0.51862	0.44687	0.99996	-0.00906	-0.00201	0.00905	0.99996	-0.00244	0.00203	0.00242	0.99999		-8.37902	60.97919	872.64965	179.42674	1.95176	-2.39257	0.53129	0.99855	0.04208	0.03361	0.04172	-0.99906	0.01142	0.03406	-0.01000	-0.99937		501.16338	5.50704	40.12835	1.52537	-0.18992	-0.42096	0.50223	0.99997	-0.00743	0.00312	0.00735	0.99962	0.02664	-0.00331	-0.02662	0.99964	
60	0.59000	-6.64393	13.06547	0.22597	-0.12588	0.11076	-0.51765	0.44514	0.99996	-0.00904	-0.00191	0.00903	0.99996	-0.00222	0.00193	0.00220	1.00000		-8.29588	61.18351	872.64651	179.41840	1.94410	-2.40353	0.53593	0.99855	0.04228	0.03347	0.04191	-0.99905	0.01156	0.03392	-0.01015	-0.99937		501.16949	5.48712	40.09678	1.50061	-0.19781	-0.41644	0.50764	0.99997	-0.00736	0.00326	0.00727	0.99963	0.02621	-0.00345	-0.02619	0.99965	
61	0.60000	-6.64644	13.07816	0.21997	-0.12516	0.10872	-0.52144	0.44377	0.99996	-0.00910	-0.00188	0.00910	0.99996	-0.00220	0.00190	0.00218	1.00000		-8.27358	61.18483	872.64669	179.41290	1.93463	-2.41274	0.53560	0.99854	0.04244	0.03330	0.04207	-0.99905	0.01166	0.03376	-0.01024	-0.99938		501.18393	5.53736	40.08440	1.52544	-0.21291	-0.45484	0.50351	0.99996	-0.00803	0.00350	0.00794	0.99961	0.02665	-0.00372	-0.02662	0.99964	
62	0.61000	-6.64919	13.06680	0.23196	-0.12967	0.11234	-0.51934	0.44817	0.99996	-0.00907	-0.00194	0.00906	0.99996	-0.00228	0.00196	0.00226	1.00000		-8.31930	61.11194	872.65175	179.41599	1.94878	-2.39902	0.53380	0.99855	0.04220	0.03355	0.04183	-0.99906	0.01161	0.03401	-0.01019	-0.99937		501.18376	5.53005	40.10435	1.53902	-0.21167	-0.44498	0.50730	0.99996	-0.00786	0.00348	0.00777	0.99961	0.02689	-0.00369	-0.02686	0.99963	
63	0.62000	-6.64943	13.08020	0.23254	-0.12640	0.11062	-0.52524	0.44595	0.99996	-0.00917	-0.00191	0.00917	0.99996	-0.00222	0.00193	0.00221	1.00000		-8.29392	61.16124	872.64824	179.40936	1.94652	-2.41459	0.53650	0.99854	0.04248	0.03350	0.04211	-0.99904	0.01173	0.03397	-0.01030	-0.99937		501.17383	5.54834	40.09386	1.50994	-0.18920	-0.43108	0.50979	0.99997	-0.00761	0.00310	0.00752	0.99962	0.02637	-0.00330	-0.02635	0.99965	
64	0.63000	-6.64481	13.06736	0.22698	-0.13091	0.10859	-0.51867	0.44385	0.99996	-0.00906	-0.00187	0.00905	0.99996	-0.00230	0.00190	0.00228	1.00000		-8.26225	61.09594	872.65220	179.41766	1.94424	-2.40172	0.53281	0.99855	0.04225	0.03347	0.04188	-0.99906	0.01158	0.03393	-0.01016	-0.99937		501.17565	5.51413	40.07523	1.53627	-0.21178	-0.44427	0.50855	0.99996	-0.00785	0.00349	0.00775	0.99961	0.02684	-0.00370	-0.02681	0.99963	
65	0.64000	-6.64907	13.06279	0.26893	-0.15067	0.12462	-0.51973	0.44396	0.99996	-0.00908	-0.00215	0.00907	0.99996	-0.00265	0.00218	0.00263	0.99999		-8.49952	60.81328	872.63685	179.44232	1.96064	-2.41558	0.53293	0.99853	0.04248	0.03377	0.04212	-0.99905	0.01117	0.03421	-0.00973	-0.99937		501.17618	5.51559	40.17775	1.54967	-0.22607	-0.44812	0.49870	0.99996	-0.00792	0.00373	0.00782	0.99960	0.02707	-0.00395	-0.02704	0.99963	
66	0.65000	-6.64740	13.06790	0.21938	-0.12576	0.10801	-0.51870	0.44157	0.99996	-0.00906	-0.00186	0.00905	0.99996	-0.00221	0.00189	0.00219	1.00000		-8.25185	61.18072	872.66050	179.40981	1.94320	-2.40533	0.53216	0.99854	0.04232	0.03344	0.04194	-0.99905	0.01171	0.03391	-0.01029	-0.99937		501.17646	5.50742	40.08169	1.51413	-0.19246	-0.42556	0.50326	0.99997	-0.00751	0.00316	0.00743	0.99962	0.02645	-0.00336	-0.02642	0.99965	
67	0.66000	-6.65042	13.06369	0.23941	-0.12658	0.11479	-0.51826	0.44397	0.99996	-0.00905	-0.00198	0.00905	0.99996	-0.00223	0.00200	0.00221	1.00000		-8.35565	61.17526	872.62810	179.41280	1.94341	-2.40748	0.53293	0.99854	0.04235	0.03345	0.04198	-0.99905	0.01166	0.03391	-0.01024	-0.99937		501.26593	5.66627	40.16273	1.71814	-0.29168	-0.63078	0.59870	0.99993	-0.01116	0.00476	0.01101	0.99949	0.03004	-0.00509	-0.02998	0.99954	
68	0.67000	-6.64934	13.06034	0.21730	-0.12587	0.10690	-0.51684	0.44487	0.99996	-0.00902	-0.00185	0.00902	0.99996	-0.00221	0.00187	0.00220	1.00000		-8.23131	61.19596	872.65806	179.41589	1.94297	-2.41058	0.53368	0.99854	0.04240	0.03344	0.04204	-0.99905	0.01161	0.03390	-0.01019	-0.99937		501.18128	5.50184	40.06403	1.51262	-0.20974	-0.43392	0.50590	0.99996	-0.00767	0.00346	0.00757	0.99962	0.02642	-0.00366	-0.02640	0.99964	
69	0.68000	-6.65234	13.06645	0.25804	-0.13790	0.12221	-0.51989	0.44198	0.99996	-0.00908	-0.00211	0.00907	0.99996	-0.00243	0.00213	0.00241	0.99999		-8.45738	60.99493	872.63618	179.42778	1.96264	-2.40322	0.53463	0.99853	0.04227	0.03380	0.04191	-0.99906	0.01141	0.03425	-0.00998	-0.99936		501.16992	5.51862	40.17288	1.52554	-0.20622	-0.44952	0.50645	0.99996	-0.00794	0.00339	0.00785	0.99961	0.02665	-0.00360	-0.02662	0.99964	
70	0.69000	-6.70206	13.03188	0.61120	-0.34540	0.30647	-0.54634	0.41297	0.99994	-0.00957	-0.00529	0.00954	0.99994	-0.00608	0.00535	0.00603	0.99997		-11.21937	57.83816	872.45203	179.63393	2.13417	-2.42681	0.53350	0.99841	0.04258	0.03694	0.04231	-0.99907	0.00796	0.03724	-0.00638	-0.99929		501.09901	5.65382	41.42532	1.74550	-0.40925	-0.42749	0.50934	0.99995	-0.00768	0.00691	0.00746	0.99951	0.03051	-0.00714	-0.03046	0.99951	
71	0.70000	-6.64578	13.07340	0.22965	-0.12484	0.11426	-0.52174	0.44363	0.99996	-0.00911	-0.00197	0.00911	0.99996	-0.00220	0.00199	0.00218	1.00000		-8.35205	61.19853	872.64170	179.40781	1.94430	-2.42114	0.53252	0.99853	0.04259	0.03346	0.04222	-0.99904	0.01176	0.03393	-0.01033	-0.99937		501.17435	5.53518	40.13257	1.52042	-0.20230	-0.43246	0.50323	0.99997	-0.00764	0.00333	0.00755	0.99962	0.02656	-0.00353	-0.02653	0.99964	
72	0.71000	-6.69844	13.03795	0.60479	-0.34713	0.30700	-0.54697	0.41635	0.99994	-0.00958	-0.00530	0.00955	0.99994	-0.00611	0.00536	0.00606	0.99997		-11.22021	57.80383	872.47954	179.64096	2.14966	-2.42757	0.53364	0.99840	0.04259	0.03721	0.04233	-0.99907	0.00785	0.03751	-0.00626	-0.99928		501.08748	5.63236	41.43980	1.73254	-0.39956	-0.39651	0.50588	0.99995	-0.00713	0.00676	0.00692	0.99952	0.03028	-0.00697	-0.03023	0.99952	
73	0.72000	-6.64813	13.05636	0.22180	-0.12633	0.10992	-0.51530	0.44236	0.99996	-0.00900	-0.00190	0.00899	0.99996	-0.00222	0.00192	0.00220	1.00000		-8.27205	61.19030	872.65724	179.41588	1.95123	-2.40472	0.53422	0.99854	0.04230	0.03359	0.04193	-0.99905	0.01161	0.03405	-0.01019	-0.99937		501.17534	5.49909	40.09203	1.51717	-0.20283	-0.44083	0.50914	0.99996	-0.00778	0.00333	0.00769	0.99962	0.02650	-0.00354	-0.02648	0.99964	
74	0.73000	-6.65223	13.06109	0.24108	-0.13262	0.11503	-0.51819	0.44661	0.99996	-0.00905	-0.00199	0.00904	0.99996	-0.00233	0.00201	0.00231	0.99999		-8.35551	61.06665	872.63695	179.42064	1.94779	-2.38875	0.53380	0.99855	0.04202	0.03354	0.04166	-0.99907	0.01152	0.03399	-0.01011	-0.99937		501.17956	5.50204	40.11605	1.50604	-0.21309	-0.43623	0.50478	0.99996	-0.00771	0.00352	0.00761	0.99962	0.02631	-0.00372	-0.02628	0.99965	
75	0.74000	-6.65437	13.05536	0.24800	-0.14141	0.12043	-0.51582	0.44400	0.99996	-0.00901	-0.00208	0.00900	0.99996	-0.00249	0.00210	0.00247	0.99999		-8.43004	60.96422	872.63728	179.43053	1.94785	-2.41035	0.53183	0.99854	0.04239	0.03354	0.04203	-0.99905	0.01136	0.03399	-0.00993	-0.99937		501.18248	5.49876	40.15291	1.53594	-0.22524	-0.45390	0.51012	0.99996	-0.00802	0.00372	0.00792	0.99961	0.02683	-0.00393	-0.02680	0.99963	
76	0.75000	-6.65434	13.07014	0.22633	-0.13086	0.11127	-0.52028	0.44378	0.99996	-0.00908	-0.00192	0.00908	0.99996	-0.00230	0.00194	0.00228	1.00000		-8.29620	61.09258	872.65611	179.41751	1.94732	-2.40304	0.53136	0.99854	0.04227	0.03352	0.04190	-0.99905	0.01158	0.03398	-0.01016	-0.99937		501.18546	5.51445	40.09710	1.51147	-0.20697	-0.43279	0.50339	0.99996	-0.00765	0.00341	0.00755	0.99962	0.02640	-0.00361	-0.02638	0.99965	
77	0.76000	-6.70590	13.04354	0.62487	-0.35460	0.31456	-0.55143	0.41270	0.99994	-0.00966	-0.00543	0.00962	0.99993	-0.00624	0.00549	0.00619	0.99997		-11.33511	57.68229	872.46151	179.64203	2.15321	-2.43372	0.53559	0.99839	0.04270	0.03727	0.04243	-0.99907	0.00784	0.03757	-0.00624	-0.99927		501.08884	5.65660	41.47666	1.72854	-0.41240	-0.39540	0.50785	0.99995	-0.00711	0.00699	0.00690	0.99952	0.03021	-0.00720	-0.03016	0.99952	
78	0.77000	-6.64547	13.05784	0.24063	-0.12906	0.11623	-0.51472	0.44008	0.99996	-0.00899	-0.00201	0.00898	0.99996	-0.00227	0.00203	0.00225	0.99999		-8.37495	61.14418	872.63972	179.41306	1.95136	-2.40417	0.53509	0.99854	0.04229	0.03359	0.04192	-0.99905	0.01166	0.03405	-0.01024	-0.99937		501.17053	5.47804	40.13174	1.50890	-0.21271	-0.43337	0.50481	0.99996	-0.00766	0.00351	0.00756	0.99962	0.02636	-0.00371	-0.02633	0.99965	
79	0.78000	-6.65342	13.05961	0.24753	-0.14101	0.11882	-0.51944	0.44567	0.99996	-0.00907	-0.00205	0.00907	0.99996	-0.00248	0.00207	0.00246	0.99999		-8.40787	60.95097	872.64187	179.42888	1.95037	-2.39937	0.53487	0.99854	0.04220	0.03359	0.04184	-0.99906	0.01138	0.03403	-0.00996	-0.99937		501.18368	5.51724	40.13521	1.53139	-0.22482	-0.44802	0.50615	0.99996	-0.00792	0.00371	0.00782	0.99961	0.02675	-0.00392	-0.02672	0.99964	
80	0.79000	-6.70414	13.03953	0.60550	-0.34851	0.30591	-0.54961	0.41331	0.99994	-0.00962	-0.00528	0.00959	0.99994	-0.00613	0.00534	0.00608	0.99997		-11.20675	57.79033	872.47029	179.64349	2.13980	-2.43330	0.53592	0.99840	0.04269	0.03704	0.04243	-0.99907	0.00780	0.03734	-0.00622	-0.99928		501.08811	5.65687	41.43208	1.74371	-0.39358	-0.38970	0.50638	0.99995	-0.00701	0.00666	0.00680	0.99951	0.03047	-0.00687	-0.03043	0.99951	
81	0.80000	-6.65226	13.06819	0.22288	-0.11854	0.11250	-0.51917	0.44310	0.99996	-0.00906	-0.00194	0.00906	0.99996	-0.00209	0.00196	0.00207	1.00000		-8.31145	61.29156	872.65103	179.40672	1.95081	-2.40340	0.53320	0.99854	0.04228	0.03358	0.04191	-0.99905	0.01177	0.03404	-0.01035	-0.99937		501.18573	5.53789	40.11101	1.53045	-0.21804	-0.45182	0.50300	0.99996	-0.00798	0.00359	0.00789	0.99961	0.02674	-0.00381	-0.02671	0.99964	
82	0.81000	-6.65002	13.05873	0.22753	-0.11628	0.11229	-0.51432	0.44177	0.99996	-0.00898	-0.00194	0.00898	0.99996	-0.00205	0.00196	0.00203	1.00000		-8.30702	61.34240	872.62996	179.40343	1.94595	-2.40771	0.53302	0.99854	0.04236	0.03349	0.04199	-0.99905	0.01183	0.03396	-0.01041	-0.99937		501.18298	5.50764	40.10804	1.52744	-0.21610	-0.45363	0.51711	0.99996	-0.00802	0.00356	0.00792	0.99961	0.02668	-0.00377	-0.02666	0.99964	
83	0.82000	-6.70565	13.03669	0.62573	-0.34714	0.31460	-0.54774	0.41768	0.99994	-0.00959	-0.00543	0.00956	0.99994	-0.00611	0.00549	0.00606	0.99997		-11.33321	57.81168	872.45594	179.63797	2.15378	-2.43202	0.53551	0.99839	0.04267	0.03728	0.04240	-0.99907	0.00791	0.03758	-0.00631	-0.99927		501.09066	5.63874	41.48100	1.73139	-0.41439	-0.40220	0.50860	0.99995	-0.00723	0.00702	0.00702	0.99952	0.03026	-0.00723	-0.03021	0.99952	
84	0.83000	-6.65378	13.06678	0.23941	-0.13721	0.11605	-0.52138	0.44283	0.99996	-0.00910	-0.00200	0.00910	0.99996	-0.00241	0.00203	0.00239	0.99999		-8.36062	61.00961	872.65496	179.42896	1.95855	-2.40598	0.53466	0.99853	0.04232	0.03373	0.04196	-0.99905	0.01139	0.03418	-0.00996	-0.99937		501.18929	5.54084	40.12012	1.53821	-0.23114	-0.45277	0.51123	0.99996	-0.00801	0.00382	0.00790	0.99961	0.02687	-0.00403	-0.02684	0.99963	
85	0.84000	-6.65696	13.08082	0.22171	-0.14819	0.10725	-0.52861	0.44630	0.99996	-0.00923	-0.00185	0.00923	0.99995	-0.00260	0.00187	0.00259	0.99999		-8.22797	60.82648	872.67987	179.43860	1.94719	-2.41210	0.53354	0.99854	0.04242	0.03353	0.04206	-0.99905	0.01122	0.03398	-0.00979	-0.99937		501.18545	5.57053	40.05382	1.53202	-0.21625	-0.41980	0.50914	0.99997	-0.00743	0.00358	0.00733	0.99962	0.02676	-0.00377	-0.02674	0.99964	
86	0.85000	-6.70544	13.04737	0.61873	-0.35582	0.31036	-0.55564	0.41195	0.99994	-0.00973	-0.00536	0.00970	0.99993	-0.00626	0.00542	0.00621	0.99997		-11.28274	57.66453	872.45304	179.65103	2.13715	-2.44043	0.53366	0.99840	0.04281	0.03700	0.04255	-0.99906	0.00767	0.03729	-0.00609	-0.99929		501.09589	5.71019	41.45516	1.75789	-0.41220	-0.40125	0.51183	0.99995	-0.00722	0.00698	0.00700	0.99950	0.03073	-0.00719	-0.03068	0.99950	
87	0.86000	-6.65248	13.05571	0.23442	-0.14948	0.11388	-0.51792	0.44455	0.99996	-0.00904	-0.00196	0.00904	0.99996	-0.00263	0.00199	0.00261	0.99999		-8.32578	60.83410	872.67030	179.43672	1.95585	-2.40529	0.53101	0.99854	0.04230	0.03369	0.04194	-0.99906	0.01125	0.03413	-0.00983	-0.99937		501.18713	5.49285	40.10878	1.52292	-0.22190	-0.43372	0.50996	0.99996	-0.00767	0.00367	0.00757	0.99962	0.02661	-0.00387	-0.02658	0.99964	
88	0.87000	-6.65165	13.06171	0.21028	-0.12877	0.10519	-0.51758	0.44599	0.99996	-0.00904	-0.00182	0.00903	0.99996	-0.00226	0.00184	0.00225	1.00000		-8.19518	61.14745	872.66144	179.41447	1.93954	-2.40923	0.53791	0.99854	0.04238	0.03338	0.04201	-0.99905	0.01163	0.03384	-0.01021	-0.99937		501.18486	5.50181	40.06610	1.51021	-0.20101	-0.44106	0.51187	0.99996	-0.00779	0.00330	0.00770	0.99962	0.02638	-0.00351	-0.02635	0.99965	
89	0.88000	-6.70726	13.03977	0.59749	-0.35638	0.30227	-0.55005	0.41387	0.99994	-0.00963	-0.00521	0.00960	0.99993	-0.00627	0.00528	0.00622	0.99997		-11.14287	57.67403	872.49277	179.65353	2.14167	-2.44070	0.53767	0.99839	0.04281	0.03708	0.04256	-0.99906	0.00763	0.03737	-0.00604	-0.99928		501.08983	5.67189	41.40748	1.76072	-0.38363	-0.41080	0.50680	0.99995	-0.00737	0.00647	0.00717	0.99950	0.03077	-0.00670	-0.03072	0.99951	
90	0.89000	-6.65012	13.05390	0.22708	-0.13451	0.11339	-0.51442	0.44530	0.99996	-0.00898	-0.00196	0.00898	0.99996	-0.00237	0.00198	0.00235	0.99999		-8.32068	61.06537	872.65306	179.42696	1.94701	-2.40108	0.53215	0.99855	0.04223	0.03352	0.04187	-0.99906	0.01142	0.03398	-0.01000	-0.99937		501.16952	5.45979	40.11305	1.49847	-0.20477	-0.42254	0.51278	0.99997	-0.00747	0.00338	0.00737	0.99963	0.02618	-0.00357	-0.02615	0.99965	
91	0.90000	-6.65417	13.04665	0.25856	-0.14107	0.12296	-0.51109	0.44578	0.99996	-0.00892	-0.00212	0.00892	0.99996	-0.00248	0.00215	0.00246	0.99999		-8.45514	60.96691	872.63563	179.42674	1.96356	-2.39517	0.53148	0.99854	0.04213	0.03381	0.04177	-0.99906	0.01143	0.03426	-0.01000	-0.99936		501.18079	5.46422	40.15932	1.53562	-0.23221	-0.44899	0.50602	0.99996	-0.00794	0.00384	0.00784	0.99961	0.02683	-0.00405	-0.02680	0.99963	
92	0.91000	-6.65140	13.06513	0.23207	-0.12901	0.11548	-0.51791	0.44800	0.99996	-0.00904	-0.00199	0.00904	0.99996	-0.00227	0.00202	0.00225	0.99999		-8.34834	61.13051	872.64585	179.41144	1.95406	-2.40092	0.53433	0.99854	0.04224	0.03364	0.04187	-0.99905	0.01169	0.03410	-0.01027	-0.99937		501.17705	5.51653	40.13244	1.52510	-0.21534	-0.44951	0.50586	0.99996	-0.00794	0.00355	0.00785	0.99961	0.02664	-0.00376	-0.02661	0.99964	
93	0.92000	-6.65365	13.06174	0.24630	-0.13232	0.11864	-0.51608	0.44739	0.99996	-0.00901	-0.00205	0.00901	0.99996	-0.00233	0.00207	0.00231	0.99999		-8.40235	61.09529	872.62477	179.42253	1.94953	-2.40874	0.53193	0.99854	0.04237	0.03356	0.04200	-0.99905	0.01150	0.03402	-0.01007	-0.99937		501.18659	5.50727	40.13196	1.53661	-0.23821	-0.45891	0.50898	0.99996	-0.00812	0.00394	0.00801	0.99961	0.02685	-0.00416	-0.02682	0.99963	
94	0.93000	-6.65506	13.06007	0.23305	-0.12937	0.11055	-0.51758	0.44553	0.99996	-0.00904	-0.00191	0.00903	0.99996	-0.00228	0.00193	0.00226	1.00000		-8.27726	61.13715	872.63763	179.41937	1.94153	-2.40632	0.53345	0.99854	0.04233	0.03342	0.04196	-0.99905	0.01155	0.03388	-0.01013	-0.99937		501.18680	5.51158	40.08036	1.52370	-0.21992	-0.43690	0.51124	0.99996	-0.00772	0.00363	0.00763	0.99962	0.02662	-0.00384	-0.02659	0.99964	
