1	0.00000	-6.31840	13.78673	0.40445	0.33371	0.09134	-0.69005	0.44303	0.99993	-0.01203	-0.00166	0.01204	0.99991	0.00580	0.00159	-0.00582	0.99998		-9.42953	67.39897	871.96897	178.94942	2.03861	-2.69935	0.49149	0.99826	0.04774	0.03466	0.04707	-0.99869	0.01999	0.03557	-0.01832	-0.99920		501.21510	6.65146	39.54090	0.99815	-0.67176	-0.37131	0.31083	0.99991	-0.00668	0.01161	0.00648	0.99983	0.01750	-0.01172	-0.01742	0.99978	
2	0.01000	-6.31669	13.78627	0.41873	0.34035	0.09378	-0.69240	0.44206	0.99993	-0.01207	-0.00171	0.01208	0.99991	0.00592	0.00164	-0.00594	0.99998		-9.47359	67.50327	871.94209	178.94283	2.03603	-2.70944	0.49189	0.99825	0.04792	0.03461	0.04724	-0.99868	0.02011	0.03553	-0.01844	-0.99920		501.22061	6.68965	39.53714	1.00477	-0.68985	-0.38347	0.30749	0.99991	-0.00690	0.01192	0.00669	0.99982	0.01762	-0.01204	-0.01753	0.99977	
3	0.02000	-6.32304	13.76725	0.40347	0.32742	0.08928	-0.68401	0.43999	0.99993	-0.01193	-0.00163	0.01194	0.99991	0.00569	0.00156	-0.00571	0.99998		-9.39444	67.33161	871.96531	178.96065	2.02754	-2.69956	0.48951	0.99826	0.04773	0.03448	0.04707	-0.99870	0.01979	0.03538	-0.01813	-0.99921		501.22703	6.61350	39.51528	1.00018	-0.67853	-0.37661	0.30773	0.99991	-0.00678	0.01173	0.00657	0.99982	0.01753	-0.01184	-0.01745	0.99978	
4	0.03000	-6.35622	13.30761	-0.02515	-0.12627	-0.04288	-0.56396	0.42606	0.99995	-0.00984	0.00077	0.00984	0.99995	-0.00220	-0.00075	0.00220	1.00000		-7.21754	61.13645	872.90829	179.37694	1.80915	-2.74756	0.57260	0.99835	0.04828	0.03101	0.04791	-0.99877	0.01237	0.03157	-0.01087	-0.99944		500.94407	5.69358	38.96387	1.44017	0.14973	-0.18113	0.39952	0.99999	-0.00309	-0.00269	0.00316	0.99968	0.02512	0.00261	-0.02513	0.99968	
5	0.04000	-6.36245	13.28748	-0.01739	-0.14784	-0.03920	-0.56160	0.42726	0.99995	-0.00980	0.00071	0.00980	0.99995	-0.00257	-0.00068	0.00258	1.00000		-7.26283	60.84100	872.91364	179.40109	1.80117	-2.75578	0.57534	0.99835	0.04840	0.03089	0.04806	-0.99877	0.01195	0.03143	-0.01045	-0.99945		501.05728	5.42910	39.02077	1.19881	0.05079	-0.09381	0.51127	1.00000	-0.00162	-0.00092	0.00164	0.99978	0.02092	0.00089	-0.02092	0.99978	
6	0.05000	-6.04197	12.83760	-0.71365	-0.84967	-0.46909	-0.46963	0.48480	0.99993	-0.00807	0.00831	0.00820	0.99986	-0.01476	-0.00819	0.01483	0.99986		-0.76130	50.09977	874.12642	-179.78131	1.31366	-2.13451	0.58098	0.99904	0.03716	0.02305	0.03724	-0.99930	-0.00296	0.02293	0.00382	-0.99973		501.24070	3.99630	35.68628	1.24055	0.57219	0.53434	0.45348	0.99991	0.00954	-0.00978	-0.00933	0.99972	0.02174	0.00999	-0.02165	0.99972	
7	0.06000	-6.53828	13.02665	0.73404	-0.29550	0.24399	-0.51449	0.44729	0.99995	-0.00900	-0.00421	0.00898	0.99995	-0.00520	0.00426	0.00516	0.99998		-11.09049	58.58985	872.38491	179.60370	2.19843	-2.29100	0.58405	0.99847	0.04024	0.03805	0.03995	-0.99917	0.00844	0.03836	-0.00691	-0.99924		501.05786	5.21936	40.81762	1.35310	-0.34189	-0.10645	0.50545	0.99998	-0.00200	0.00592	0.00186	0.99972	0.02362	-0.00597	-0.02361	0.99970	
8	0.07000	-6.55991	13.10234	0.28633	-0.14248	0.08741	-0.53057	0.43991	0.99996	-0.00926	-0.00150	0.00926	0.99995	-0.00250	0.00153	0.00249	1.00000		-8.75245	60.84260	872.61709	179.36349	1.99788	-2.37700	0.51414	0.99853	0.04186	0.03437	0.04145	-0.99906	0.01255	0.03486	-0.01110	-0.99933		501.13191	5.53264	39.95382	1.34380	-0.01698	-0.31837	0.48072	0.99998	-0.00556	0.00017	0.00556	0.99971	0.02345	-0.00030	-0.02345	0.99972	
9	0.08000	-6.57415	13.11147	0.28744	-0.12021	0.08566	-0.52948	0.43815	0.99996	-0.00924	-0.00148	0.00924	0.99996	-0.00211	0.00150	0.00210	1.00000		-8.71391	61.17662	872.59677	179.34377	1.99995	-2.37541	0.51363	0.99853	0.04184	0.03439	0.04142	-0.99906	0.01289	0.03490	-0.01145	-0.99933		501.14616	5.56209	39.94913	1.34254	-0.02317	-0.37142	0.47713	0.99998	-0.00649	0.00025	0.00648	0.99970	0.02343	-0.00040	-0.02343	0.99973	
10	0.09000	-6.57482	13.10877	0.28297	-0.13476	0.08398	-0.53097	0.43736	0.99996	-0.00927	-0.00144	0.00927	0.99995	-0.00237	0.00147	0.00235	1.00000		-8.68923	60.95705	872.61186	179.36542	1.99561	-2.37377	0.51464	0.99854	0.04180	0.03433	0.04139	-0.99906	0.01251	0.03482	-0.01107	-0.99933		501.14332	5.54251	39.93554	1.32999	-0.01991	-0.34558	0.48129	0.99998	-0.00604	0.00021	0.00603	0.99971	0.02321	-0.00035	-0.02321	0.99973	
11	0.10000	-6.58312	13.09659	0.30516	-0.12699	0.09286	-0.52511	0.44067	0.99996	-0.00917	-0.00160	0.00916	0.99996	-0.00223	0.00162	0.00222	1.00000		-8.80679	61.08293	872.58970	179.36427	2.00705	-2.36616	0.50862	0.99853	0.04167	0.03453	0.04126	-0.99907	0.01253	0.03502	-0.01109	-0.99933		501.14350	5.53559	39.99242	1.35498	-0.03705	-0.36512	0.47379	0.99998	-0.00639	0.00050	0.00637	0.99970	0.02365	-0.00065	-0.02365	0.99972	
12	0.11000	-6.57388	12.99667	0.54251	-0.21154	0.17596	-0.49707	0.43192	0.99996	-0.00869	-0.00304	0.00868	0.99996	-0.00372	0.00307	0.00369	0.99999		-10.04164	59.89349	872.42403	179.44298	2.08870	-2.34125	0.50961	0.99850	0.04120	0.03602	0.04082	-0.99910	0.01120	0.03645	-0.00972	-0.99929		501.07951	5.31983	40.48364	1.42112	-0.11701	-0.39949	0.48477	0.99997	-0.00702	0.00187	0.00697	0.99967	0.02481	-0.00204	-0.02480	0.99969	
13	0.12000	-6.59370	13.08224	0.31903	-0.13745	0.09459	-0.51947	0.44049	0.99996	-0.00907	-0.00163	0.00907	0.99996	-0.00241	0.00165	0.00240	1.00000		-8.81751	60.93778	872.57997	179.37161	2.00603	-2.36011	0.50495	0.99854	0.04156	0.03452	0.04115	-0.99908	0.01240	0.03500	-0.01096	-0.99933		501.15675	5.50078	39.99221	1.36999	-0.04155	-0.39155	0.48318	0.99998	-0.00685	0.00056	0.00683	0.99969	0.02391	-0.00073	-0.02391	0.99971	
14	0.13000	-6.59580	13.09594	0.28746	-0.13063	0.08494	-0.52598	0.43947	0.99996	-0.00918	-0.00146	0.00918	0.99996	-0.00229	0.00148	0.00228	1.00000		-8.67431	61.04385	872.60561	179.37001	1.99764	-2.37642	0.50565	0.99853	0.04184	0.03437	0.04144	-0.99906	0.01243	0.03486	-0.01099	-0.99933		501.14917	5.53812	39.95794	1.35943	-0.00992	-0.36186	0.48469	0.99998	-0.00632	0.00002	0.00632	0.99970	0.02372	-0.00017	-0.02372	0.99972	
15	0.14000	-6.59809	13.09144	0.30020	-0.12785	0.09057	-0.52423	0.44424	0.99996	-0.00915	-0.00156	0.00915	0.99996	-0.00225	0.00158	0.00223	1.00000		-8.75781	61.07707	872.58009	179.36537	1.99919	-2.36554	0.50599	0.99854	0.04166	0.03440	0.04125	-0.99907	0.01251	0.03489	-0.01107	-0.99933		501.15435	5.53218	39.98264	1.35232	-0.03714	-0.38577	0.47901	0.99998	-0.00675	0.00049	0.00673	0.99970	0.02360	-0.00065	-0.02360	0.99972	
16	0.15000	-6.60026	13.09646	0.29678	-0.12737	0.08864	-0.52371	0.44176	0.99996	-0.00914	-0.00153	0.00914	0.99996	-0.00224	0.00155	0.00222	1.00000		-8.73351	61.07913	872.56996	179.36375	1.98662	-2.36715	0.50611	0.99855	0.04168	0.03418	0.04128	-0.99907	0.01253	0.03467	-0.01110	-0.99934		501.15544	5.53491	39.96264	1.36813	-0.03269	-0.38392	0.47696	0.99998	-0.00671	0.00041	0.00670	0.99969	0.02388	-0.00057	-0.02388	0.99971	
17	0.16000	-6.59874	13.09861	0.30787	-0.11900	0.09106	-0.52211	0.44071	0.99996	-0.00912	-0.00157	0.00911	0.99996	-0.00209	0.00159	0.00208	1.00000		-8.76048	61.20766	872.57923	179.36433	2.00828	-2.36140	0.50489	0.99854	0.04159	0.03455	0.04118	-0.99907	0.01253	0.03504	-0.01109	-0.99932		501.16175	5.54171	39.97424	1.37249	-0.04485	-0.41702	0.48133	0.99997	-0.00729	0.00061	0.00728	0.99969	0.02396	-0.00078	-0.02395	0.99971	
18	0.17000	-6.59739	13.10275	0.26527	-0.11405	0.07612	-0.52203	0.44104	0.99996	-0.00911	-0.00131	0.00911	0.99996	-0.00200	0.00133	0.00199	1.00000		-8.54050	61.28632	872.60563	179.35912	1.98524	-2.37038	0.50609	0.99854	0.04174	0.03415	0.04133	-0.99907	0.01261	0.03464	-0.01118	-0.99934		501.16383	5.50199	39.88626	1.31597	-0.02547	-0.37374	0.48619	0.99998	-0.00653	0.00029	0.00652	0.99971	0.02297	-0.00044	-0.02297	0.99974	
19	0.18000	-6.60576	13.10632	0.27489	-0.12680	0.08059	-0.52722	0.44057	0.99996	-0.00920	-0.00139	0.00920	0.99996	-0.00223	0.00141	0.00221	1.00000		-8.60580	61.08547	872.61209	179.36470	1.98661	-2.37373	0.50363	0.99854	0.04180	0.03417	0.04139	-0.99906	0.01251	0.03467	-0.01108	-0.99934		501.16669	5.57327	39.92107	1.37513	-0.02568	-0.39959	0.48115	0.99998	-0.00698	0.00028	0.00697	0.99969	0.02400	-0.00045	-0.02400	0.99971	
20	0.19000	-6.60821	13.09870	0.28526	-0.11639	0.08448	-0.52361	0.44022	0.99996	-0.00914	-0.00146	0.00914	0.99996	-0.00205	0.00147	0.00203	1.00000		-8.65500	61.24591	872.58943	179.36090	1.99798	-2.36124	0.49997	0.99854	0.04159	0.03437	0.04117	-0.99907	0.01258	0.03486	-0.01115	-0.99933		501.16127	5.53351	39.94293	1.34230	-0.03125	-0.39115	0.47512	0.99998	-0.00684	0.00039	0.00683	0.99970	0.02343	-0.00055	-0.02343	0.99973	
21	0.20000	-6.60965	13.12325	0.30762	-0.12252	0.09119	-0.53305	0.43830	0.99996	-0.00931	-0.00157	0.00930	0.99995	-0.00215	0.00159	0.00214	1.00000		-8.76795	61.12875	872.57465	179.36449	2.00530	-2.37973	0.50279	0.99853	0.04191	0.03450	0.04150	-0.99906	0.01253	0.03499	-0.01108	-0.99933		501.15735	5.58209	39.98469	1.33928	-0.03812	-0.37214	0.48491	0.99998	-0.00651	0.00051	0.00649	0.99971	0.02338	-0.00067	-0.02337	0.99973	
22	0.21000	-6.60767	13.10042	0.30087	-0.12174	0.09064	-0.52370	0.44206	0.99996	-0.00914	-0.00156	0.00914	0.99996	-0.00214	0.00158	0.00212	1.00000		-8.75264	61.15270	872.57579	179.36774	2.00260	-2.35578	0.50032	0.99854	0.04149	0.03446	0.04108	-0.99908	0.01246	0.03494	-0.01103	-0.99933		501.16516	5.53471	39.98653	1.34936	-0.03959	-0.39298	0.48679	0.99998	-0.00687	0.00053	0.00686	0.99970	0.02355	-0.00069	-0.02355	0.99972	
23	0.22000	-6.60730	13.09343	0.28301	-0.11243	0.08208	-0.51990	0.44335	0.99996	-0.00908	-0.00141	0.00907	0.99996	-0.00198	0.00143	0.00196	1.00000		-8.61636	61.31775	872.58476	179.35503	1.98766	-2.36765	0.49922	0.99855	0.04170	0.03419	0.04129	-0.99907	0.01268	0.03468	-0.01125	-0.99933		501.16696	5.52297	39.93439	1.35927	-0.02738	-0.40358	0.48554	0.99998	-0.00705	0.00031	0.00704	0.99969	0.02372	-0.00048	-0.02372	0.99972	
24	0.23000	-6.60591	13.10181	0.27751	-0.12270	0.08094	-0.52544	0.43935	0.99996	-0.00917	-0.00139	0.00917	0.99996	-0.00216	0.00141	0.00214	1.00000		-8.60524	61.15285	872.59876	179.36519	1.98593	-2.37246	0.50095	0.99854	0.04178	0.03416	0.04137	-0.99907	0.01250	0.03465	-0.01107	-0.99934		501.18412	5.53782	39.85399	1.37053	-0.11115	-0.38728	0.48699	0.99998	-0.00680	0.00178	0.00676	0.99969	0.02393	-0.00194	-0.02392	0.99971	
25	0.24000	-6.61416	13.10812	0.31365	-0.14064	0.09573	-0.52853	0.44008	0.99996	-0.00923	-0.00165	0.00922	0.99995	-0.00247	0.00167	0.00245	1.00000		-8.80690	60.87549	872.61301	179.42258	2.02142	-2.34380	0.52184	0.99854	0.04125	0.03483	0.04087	-0.99910	0.01151	0.03527	-0.01007	-0.99933		501.14451	5.53467	39.98677	1.48604	-0.14129	-0.37315	0.48549	0.99998	-0.00657	0.00230	0.00651	0.99964	0.02595	-0.00247	-0.02593	0.99966	
26	0.25000	-6.61942	13.10810	0.29543	-0.12020	0.08647	-0.52802	0.44433	0.99996	-0.00922	-0.00149	0.00922	0.99996	-0.00211	0.00151	0.00210	1.00000		-8.66057	61.20317	872.60801	179.40750	2.01425	-2.35355	0.51918	0.99854	0.04143	0.03469	0.04104	-0.99909	0.01178	0.03515	-0.01033	-0.99933		501.15255	5.56671	39.92578	1.49361	-0.13707	-0.39575	0.48877	0.99997	-0.00697	0.00221	0.00691	0.99964	0.02608	-0.00239	-0.02607	0.99966	
27	0.26000	-6.61716	13.11251	0.28520	-0.11745	0.08405	-0.52880	0.44072	0.99996	-0.00923	-0.00145	0.00923	0.99996	-0.00206	0.00147	0.00205	1.00000		-8.62461	61.22068	872.62752	179.39543	2.01877	-2.34103	0.52628	0.99855	0.04122	0.03476	0.04082	-0.99909	0.01198	0.03523	-0.01054	-0.99932		501.15737	5.55674	39.92200	1.49474	-0.13480	-0.37890	0.48581	0.99998	-0.00667	0.00218	0.00661	0.99964	0.02610	-0.00235	-0.02609	0.99966	
28	0.27000	-6.60191	13.00130	0.55486	-0.18921	0.17938	-0.49335	0.43320	0.99996	-0.00862	-0.00310	0.00861	0.99996	-0.00333	0.00313	0.00330	0.99999		-10.03830	60.23535	872.42381	179.46205	2.11342	-2.30507	0.52532	0.99851	0.04056	0.03647	0.04019	-0.99913	0.01086	0.03688	-0.00938	-0.99928		501.07969	5.31077	40.47009	1.55486	-0.24374	-0.41690	0.48675	0.99996	-0.00739	0.00405	0.00728	0.99960	0.02716	-0.00425	-0.02713	0.99962	
29	0.28000	-6.61266	13.09362	0.29013	-0.11848	0.08660	-0.52107	0.44226	0.99996	-0.00910	-0.00149	0.00909	0.99996	-0.00208	0.00151	0.00207	1.00000		-8.65681	61.22748	872.62581	179.39619	2.02457	-2.33405	0.52545	0.99855	0.04110	0.03487	0.04070	-0.99910	0.01197	0.03533	-0.01053	-0.99932		501.16425	5.53260	39.92987	1.51563	-0.16346	-0.41538	0.49330	0.99997	-0.00732	0.00266	0.00725	0.99962	0.02647	-0.00285	-0.02645	0.99965	
30	0.29000	-6.61951	13.10129	0.30937	-0.11559	0.09394	-0.52364	0.44277	0.99996	-0.00914	-0.00162	0.00914	0.99996	-0.00203	0.00164	0.00202	1.00000		-8.76371	61.26460	872.60380	179.39597	2.02978	-2.33784	0.52455	0.99854	0.04116	0.03496	0.04077	-0.99910	0.01198	0.03542	-0.01054	-0.99932		501.16677	5.55948	39.96713	1.51839	-0.17519	-0.42375	0.49263	0.99997	-0.00747	0.00286	0.00740	0.99962	0.02652	-0.00306	-0.02650	0.99964	
31	0.30000	-6.62034	13.09727	0.28403	-0.12679	0.08356	-0.52487	0.44402	0.99996	-0.00916	-0.00144	0.00916	0.99996	-0.00223	0.00146	0.00221	1.00000		-8.59702	61.10523	872.64565	179.40916	2.02675	-2.34353	0.52642	0.99854	0.04125	0.03491	0.04087	-0.99910	0.01175	0.03537	-0.01031	-0.99932		501.16494	5.52963	39.90630	1.49656	-0.14930	-0.38437	0.49213	0.99997	-0.00677	0.00243	0.00671	0.99964	0.02613	-0.00261	-0.02612	0.99966	
32	0.31000	-6.62221	13.09869	0.29562	-0.12421	0.08955	-0.52233	0.44289	0.99996	-0.00912	-0.00154	0.00912	0.99996	-0.00218	0.00156	0.00217	1.00000		-8.68690	61.14646	872.63411	179.40947	2.02767	-2.33834	0.52170	0.99854	0.04116	0.03493	0.04077	-0.99910	0.01174	0.03538	-0.01030	-0.99932		501.16534	5.54527	39.93958	1.53502	-0.16630	-0.43204	0.49836	0.99997	-0.00762	0.00270	0.00754	0.99961	0.02681	-0.00290	-0.02679	0.99964	
33	0.32000	-6.62336	13.09548	0.30064	-0.12849	0.09014	-0.52242	0.44231	0.99996	-0.00912	-0.00155	0.00912	0.99996	-0.00226	0.00157	0.00224	1.00000		-8.69313	61.06808	872.63346	179.40915	2.03512	-2.32480	0.52344	0.99855	0.04093	0.03506	0.04054	-0.99911	0.01174	0.03551	-0.01031	-0.99932		501.16217	5.53213	39.94692	1.51408	-0.15951	-0.41374	0.49341	0.99997	-0.00729	0.00259	0.00722	0.99962	0.02644	-0.00278	-0.02642	0.99965	
34	0.33000	-6.62461	13.09707	0.31008	-0.12956	0.09475	-0.52365	0.44249	0.99996	-0.00914	-0.00163	0.00914	0.99996	-0.00228	0.00165	0.00226	1.00000		-8.76081	61.05660	872.62713	179.41400	2.04020	-2.33527	0.52617	0.99854	0.04111	0.03515	0.04072	-0.99910	0.01167	0.03560	-0.01022	-0.99931		501.16947	5.54248	39.97297	1.52657	-0.17713	-0.41122	0.49619	0.99997	-0.00726	0.00290	0.00718	0.99962	0.02666	-0.00309	-0.02664	0.99964	
35	0.34000	-6.62519	13.09856	0.32002	-0.12966	0.10016	-0.52376	0.44017	0.99996	-0.00914	-0.00173	0.00914	0.99996	-0.00228	0.00175	0.00226	1.00000		-8.84064	61.04927	872.62083	179.41290	2.04386	-2.33077	0.52511	0.99854	0.04103	0.03522	0.04064	-0.99911	0.01169	0.03566	-0.01024	-0.99931		501.16832	5.55836	40.02007	1.53812	-0.18205	-0.43124	0.49549	0.99997	-0.00761	0.00297	0.00753	0.99961	0.02687	-0.00318	-0.02684	0.99963	
36	0.35000	-6.62843	13.09151	0.30470	-0.13034	0.09264	-0.51908	0.43985	0.99996	-0.00906	-0.00160	0.00906	0.99996	-0.00229	0.00162	0.00227	1.00000		-8.71413	61.05475	872.63754	179.41260	2.04003	-2.32835	0.52431	0.99854	0.04099	0.03515	0.04060	-0.99911	0.01169	0.03560	-0.01025	-0.99931		501.17199	5.49567	39.96788	1.52086	-0.16866	-0.40053	0.50319	0.99997	-0.00707	0.00276	0.00699	0.99962	0.02656	-0.00294	-0.02654	0.99964	
37	0.36000	-6.63741	13.10672	0.33757	-0.13352	0.10731	-0.52512	0.44309	0.99996	-0.00917	-0.00185	0.00916	0.99996	-0.00235	0.00187	0.00233	1.00000		-8.93641	60.98689	872.60087	179.41566	2.04530	-2.33358	0.52235	0.99853	0.04108	0.03524	0.04069	-0.99910	0.01164	0.03569	-0.01019	-0.99931		501.17743	5.54466	40.05503	1.52801	-0.19828	-0.41345	0.50545	0.99997	-0.00731	0.00327	0.00722	0.99962	0.02669	-0.00346	-0.02667	0.99964	
38	0.37000	-6.63055	13.10288	0.30140	-0.12336	0.09459	-0.52244	0.44040	0.99996	-0.00912	-0.00163	0.00912	0.99996	-0.00217	0.00165	0.00215	1.00000		-8.74730	61.14466	872.62526	179.40549	2.03551	-2.32686	0.52642	0.99854	0.04097	0.03507	0.04057	-0.99911	0.01181	0.03552	-0.01037	-0.99932		501.17417	5.54065	39.97203	1.50777	-0.18053	-0.44045	0.50195	0.99997	-0.00777	0.00295	0.00769	0.99962	0.02634	-0.00315	-0.02631	0.99965	
39	0.38000	-6.63405	13.09102	0.31228	-0.13005	0.09425	-0.52169	0.44137	0.99996	-0.00911	-0.00162	0.00911	0.99996	-0.00229	0.00165	0.00227	1.00000		-8.73180	61.07014	872.62241	179.42123	2.04114	-2.33611	0.52170	0.99853	0.04112	0.03517	0.04074	-0.99910	0.01154	0.03562	-0.01009	-0.99931		501.18159	5.52775	39.96264	1.51746	-0.18278	-0.42143	0.50177	0.99997	-0.00744	0.00299	0.00736	0.99962	0.02650	-0.00319	-0.02648	0.99964	
40	0.39000	-6.63206	13.11368	0.31456	-0.12807	0.09737	-0.53058	0.44095	0.99996	-0.00926	-0.00168	0.00926	0.99995	-0.00225	0.00170	0.00224	1.00000		-8.78785	61.05817	872.62962	179.41840	2.05132	-2.33103	0.52416	0.99853	0.04103	0.03535	0.04065	-0.99911	0.01160	0.03579	-0.01014	-0.99931		501.17691	5.60432	39.98782	1.53317	-0.18716	-0.42186	0.49751	0.99997	-0.00745	0.00307	0.00736	0.99961	0.02678	-0.00327	-0.02676	0.99964	
41	0.40000	-6.62137	13.01091	0.54154	-0.18824	0.17939	-0.49848	0.43004	0.99996	-0.00871	-0.00310	0.00870	0.99996	-0.00331	0.00313	0.00329	0.99999		-10.00481	60.24619	872.44089	179.47249	2.12423	-2.30459	0.52693	0.99850	0.04055	0.03666	0.04018	-0.99914	0.01069	0.03707	-0.00920	-0.99927		501.10760	5.36094	40.48428	1.56040	-0.25450	-0.44065	0.49307	0.99996	-0.00781	0.00423	0.00769	0.99960	0.02726	-0.00444	-0.02723	0.99962	
42	0.41000	-6.63951	13.09531	0.33101	-0.11893	0.10456	-0.52312	0.43912	0.99996	-0.00913	-0.00181	0.00913	0.99996	-0.00209	0.00182	0.00208	1.00000		-8.88679	61.22941	872.59530	179.39714	2.05302	-2.33609	0.52405	0.99853	0.04114	0.03536	0.04074	-0.99910	0.01197	0.03582	-0.01052	-0.99930		501.18245	5.56283	40.02918	1.52405	-0.20481	-0.43764	0.49984	0.99996	-0.00773	0.00337	0.00764	0.99962	0.02662	-0.00357	-0.02660	0.99964	
43	0.42000	-6.63959	13.09608	0.33094	-0.13348	0.10414	-0.52363	0.43934	0.99996	-0.00914	-0.00180	0.00914	0.99996	-0.00235	0.00182	0.00233	1.00000		-8.87425	61.01170	872.61747	179.42194	2.05679	-2.33824	0.52207	0.99852	0.04116	0.03545	0.04077	-0.99910	0.01154	0.03589	-0.01008	-0.99930		501.18373	5.55887	40.03299	1.54855	-0.19883	-0.42852	0.49999	0.99997	-0.00757	0.00327	0.00748	0.99961	0.02705	-0.00347	-0.02702	0.99963	
44	0.43000	-6.63653	13.10112	0.29135	-0.12668	0.08831	-0.52121	0.43956	0.99996	-0.00910	-0.00152	0.00910	0.99996	-0.00223	0.00154	0.00221	1.00000		-8.63177	61.10177	872.64732	179.41435	2.04141	-2.32363	0.52314	0.99854	0.04091	0.03518	0.04052	-0.99911	0.01166	0.03562	-0.01021	-0.99931		501.19679	5.55193	39.93042	1.54540	-0.18280	-0.44885	0.50196	0.99996	-0.00792	0.00298	0.00783	0.99960	0.02699	-0.00319	-0.02697	0.99963	
45	0.44000	-6.62577	13.01234	0.55879	-0.21147	0.18620	-0.49917	0.43176	0.99996	-0.00872	-0.00322	0.00871	0.99996	-0.00372	0.00325	0.00369	0.99999		-10.10327	59.90499	872.43387	179.49194	2.12256	-2.31764	0.52251	0.99850	0.04077	0.03665	0.04041	-0.99913	0.01036	0.03704	-0.00886	-0.99927		501.10736	5.38059	40.52021	1.63419	-0.27900	-0.47161	0.50123	0.99995	-0.00837	0.00463	0.00823	0.99956	0.02856	-0.00487	-0.02852	0.99958	
46	0.45000	-6.64050	13.10634	0.32514	-0.12843	0.10206	-0.52587	0.44246	0.99996	-0.00918	-0.00176	0.00918	0.99996	-0.00226	0.00178	0.00224	1.00000		-8.84325	61.06884	872.61418	179.42006	2.05738	-2.32763	0.52704	0.99853	0.04097	0.03546	0.04059	-0.99911	0.01157	0.03590	-0.01012	-0.99930		501.19129	5.57561	40.00509	1.53859	-0.20502	-0.43552	0.50362	0.99996	-0.00769	0.00337	0.00760	0.99961	0.02688	-0.00358	-0.02685	0.99963	
47	0.46000	-6.62492	13.01012	0.52270	-0.19164	0.17263	-0.49692	0.43329	0.99996	-0.00868	-0.00298	0.00867	0.99996	-0.00337	0.00301	0.00334	0.99999		-9.89048	60.20722	872.46479	179.47646	2.11819	-2.30860	0.52552	0.99851	0.04062	0.03656	0.04025	-0.99913	0.01062	0.03696	-0.00913	-0.99927		501.12041	5.37780	40.43829	1.60271	-0.26760	-0.46429	0.50491	0.99996	-0.00823	0.00444	0.00810	0.99957	0.02801	-0.00467	-0.02797	0.99960	
48	0.47000	-6.63731	13.08955	0.30368	-0.13537	0.09587	-0.51973	0.44197	0.99996	-0.00907	-0.00165	0.00907	0.99996	-0.00238	0.00167	0.00236	1.00000		-8.73940	60.98633	872.64377	179.42386	2.04923	-2.32906	0.52497	0.99853	0.04100	0.03532	0.04061	-0.99911	0.01150	0.03576	-0.01005	-0.99931		501.18754	5.51688	39.98324	1.53177	-0.18601	-0.43325	0.50601	0.99997	-0.00765	0.00304	0.00756	0.99961	0.02676	-0.00325	-0.02673	0.99964	
49	0.48000	-6.64063	13.10039	0.31630	-0.12294	0.09738	-0.52196	0.44190	0.99996	-0.00911	-0.00168	0.00911	0.99996	-0.00216	0.00170	0.00215	1.00000		-8.76703	61.15459	872.61811	179.40797	2.05074	-2.32723	0.52402	0.99854	0.04097	0.03533	0.04058	-0.99911	0.01178	0.03578	-0.01033	-0.99931		501.18819	5.54140	39.98851	1.52614	-0.18543	-0.43834	0.50742	0.99997	-0.00773	0.00303	0.00765	0.99962	0.02666	-0.00324	-0.02663	0.99964	
50	0.49000	-6.63756	13.11305	0.30303	-0.12065	0.09242	-0.52593	0.44172	0.99996	-0.00918	-0.00159	0.00918	0.99996	-0.00212	0.00161	0.00211	1.00000		-8.69726	61.18083	872.62926	179.41298	2.04805	-2.32755	0.52105	0.99854	0.04098	0.03529	0.04059	-0.99911	0.01169	0.03574	-0.01024	-0.99931		501.19753	5.58964	39.96089	1.55351	-0.18723	-0.46029	0.50972	0.99996	-0.00812	0.00305	0.00803	0.99960	0.02714	-0.00327	-0.02711	0.99963	
51	0.50000	-6.63791	13.11247	0.30171	-0.11721	0.09516	-0.52591	0.43878	0.99996	-0.00918	-0.00164	0.00918	0.99996	-0.00206	0.00166	0.00205	1.00000		-8.73629	61.23551	872.62673	179.40942	2.05136	-2.33060	0.52372	0.99853	0.04103	0.03534	0.04064	-0.99910	0.01175	0.03580	-0.01030	-0.99931		501.19062	5.58348	39.97257	1.53407	-0.19255	-0.44066	0.50266	0.99996	-0.00778	0.00315	0.00769	0.99961	0.02680	-0.00336	-0.02677	0.99964	
52	0.51000	-6.64433	13.11033	0.30590	-0.11199	0.09753	-0.52675	0.44073	0.99996	-0.00920	-0.00168	0.00919	0.99996	-0.00197	0.00170	0.00195	1.00000		-8.76897	61.30925	872.62675	179.39915	2.05595	-2.32698	0.52506	0.99853	0.04098	0.03542	0.04058	-0.99911	0.01193	0.03588	-0.01048	-0.99930		501.19496	5.60825	39.99882	1.54142	-0.18790	-0.46225	0.50974	0.99996	-0.00815	0.00306	0.00807	0.99960	0.02693	-0.00328	-0.02690	0.99963	
53	0.52000	-6.64636	13.09316	0.30777	-0.13577	0.09782	-0.52076	0.44032	0.99996	-0.00909	-0.00169	0.00909	0.99996	-0.00239	0.00171	0.00237	1.00000		-8.76301	60.97560	872.63830	179.42766	2.05119	-2.32686	0.52220	0.99854	0.04096	0.03536	0.04057	-0.99911	0.01143	0.03579	-0.00998	-0.99931		501.19492	5.54460	39.99758	1.55068	-0.19074	-0.46390	0.50972	0.99996	-0.00818	0.00311	0.00810	0.99960	0.02709	-0.00333	-0.02706	0.99963	
54	0.53000	-6.62858	13.02120	0.53137	-0.20225	0.17744	-0.50417	0.43431	0.99996	-0.00881	-0.00307	0.00880	0.99996	-0.00356	0.00310	0.00353	0.99999		-9.96105	60.01933	872.48803	179.49158	2.13863	-2.29998	0.52465	0.99850	0.04046	0.03693	0.04010	-0.99914	0.01036	0.03732	-0.00887	-0.99926		501.12578	5.41503	40.47514	1.60882	-0.26620	-0.44990	0.50400	0.99996	-0.00798	0.00442	0.00785	0.99957	0.02811	-0.00465	-0.02808	0.99959	
55	0.54000	-6.62969	13.02027	0.53047	-0.19663	0.17617	-0.50010	0.43094	0.99996	-0.00874	-0.00304	0.00873	0.99996	-0.00346	0.00307	0.00343	0.99999		-9.94560	60.11216	872.46693	179.48360	2.12516	-2.30682	0.52750	0.99850	0.04058	0.03669	0.04022	-0.99914	0.01050	0.03708	-0.00901	-0.99927		501.12993	5.39437	40.45275	1.61720	-0.28213	-0.45692	0.50815	0.99996	-0.00811	0.00470	0.00797	0.99957	0.02826	-0.00492	-0.02822	0.99959	
56	0.55000	-6.63974	13.10682	0.28255	-0.12405	0.08903	-0.52434	0.43760	0.99996	-0.00915	-0.00153	0.00915	0.99996	-0.00218	0.00155	0.00217	1.00000		-8.64176	61.13093	872.66869	179.41286	2.04975	-2.32634	0.52696	0.99854	0.04096	0.03532	0.04057	-0.99911	0.01169	0.03577	-0.01024	-0.99931		501.19416	5.55980	39.94660	1.54435	-0.17969	-0.42829	0.51289	0.99997	-0.00756	0.00293	0.00747	0.99961	0.02697	-0.00314	-0.02695	0.99963	
57	0.56000	-6.64714	13.10562	0.30846	-0.12947	0.09614	-0.52690	0.44129	0.99996	-0.00920	-0.00166	0.00920	0.99996	-0.00228	0.00168	0.00226	1.00000		-8.74187	61.05797	872.63548	179.42007	2.05444	-2.33461	0.52441	0.99853	0.04110	0.03541	0.04071	-0.99910	0.01157	0.03585	-0.01012	-0.99931		501.18614	5.56963	39.98650	1.53087	-0.17560	-0.41615	0.50610	0.99997	-0.00734	0.00287	0.00726	0.99962	0.02674	-0.00306	-0.02672	0.99964	
58	0.57000	-6.64384	13.11230	0.32065	-0.13080	0.10369	-0.52713	0.44145	0.99996	-0.00920	-0.00179	0.00920	0.99996	-0.00230	0.00181	0.00228	1.00000		-8.85802	61.01860	872.62275	179.42407	2.05976	-2.32140	0.52515	0.99853	0.04086	0.03550	0.04048	-0.99911	0.01150	0.03594	-0.01005	-0.99930		501.19008	5.60914	40.03699	1.56956	-0.19949	-0.46159	0.51001	0.99996	-0.00815	0.00326	0.00806	0.99959	0.02742	-0.00348	-0.02739	0.99962	
59	0.58000	-6.64948	13.09924	0.31827	-0.13721	0.10236	-0.52423	0.43999	0.99996	-0.00915	-0.00176	0.00915	0.99996	-0.00241	0.00179	0.00239	1.00000		-8.82735	60.93493	872.64324	179.42879	2.06324	-2.32478	0.52740	0.99853	0.04092	0.03557	0.04054	-0.99911	0.01142	0.03600	-0.00996	-0.99930		501.19577	5.55524	40.03398	1.54416	-0.19410	-0.42553	0.51131	0.99997	-0.00752	0.00319	0.00743	0.99961	0.02697	-0.00339	-0.02695	0.99963	
60	0.59000	-6.63410	13.01751	0.53079	-0.19656	0.17715	-0.50048	0.43521	0.99996	-0.00875	-0.00306	0.00873	0.99996	-0.00346	0.00309	0.00343	0.99999		-9.94768	60.11920	872.48415	179.49223	2.13947	-2.30913	0.52526	0.99849	0.04062	0.03694	0.04026	-0.99914	0.01036	0.03733	-0.00886	-0.99926		501.13406	5.40672	40.46863	1.62190	-0.28139	-0.46657	0.51419	0.99995	-0.00828	0.00468	0.00814	0.99957	0.02834	-0.00491	-0.02830	0.99959	
61	0.60000	-6.64549	13.11386	0.31190	-0.12855	0.09769	-0.52722	0.44052	0.99996	-0.00921	-0.00168	0.00920	0.99996	-0.00226	0.00170	0.00224	1.00000		-8.77157	61.05433	872.62465	179.41666	2.04638	-2.33028	0.52477	0.99854	0.04102	0.03526	0.04063	-0.99911	0.01162	0.03571	-0.01017	-0.99931		501.19555	5.58881	39.98502	1.54741	-0.19462	-0.44957	0.51410	0.99996	-0.00794	0.00318	0.00785	0.99960	0.02703	-0.00340	-0.02700	0.99963	
62	0.61000	-6.64685	13.10074	0.32245	-0.12592	0.10381	-0.52285	0.44158	0.99996	-0.00913	-0.00179	0.00913	0.99996	-0.00221	0.00181	0.00220	1.00000		-8.85936	61.11470	872.60953	179.41393	2.05263	-2.32853	0.52456	0.99853	0.04099	0.03537	0.04060	-0.99911	0.01168	0.03582	-0.01022	-0.99931		501.18888	5.56700	40.03713	1.54827	-0.19790	-0.44762	0.51083	0.99996	-0.00790	0.00324	0.00781	0.99960	0.02705	-0.00345	-0.02702	0.99963	
63	0.62000	-6.65263	13.10493	0.32028	-0.13199	0.10323	-0.52606	0.43994	0.99996	-0.00919	-0.00178	0.00918	0.99996	-0.00232	0.00180	0.00230	1.00000		-8.83897	61.01818	872.62782	179.42468	2.06442	-2.33350	0.52902	0.99852	0.04108	0.03558	0.04069	-0.99911	0.01150	0.03602	-0.01003	-0.99930		501.19993	5.58179	40.02990	1.55700	-0.20368	-0.43914	0.50803	0.99996	-0.00776	0.00335	0.00766	0.99960	0.02720	-0.00355	-0.02717	0.99962	
64	0.63000	-6.64863	13.10993	0.31153	-0.12083	0.09841	-0.52662	0.44257	0.99996	-0.00919	-0.00170	0.00919	0.99996	-0.00213	0.00172	0.00211	1.00000		-8.77732	61.17434	872.63129	179.40796	2.05587	-2.32782	0.52404	0.99853	0.04099	0.03542	0.04059	-0.99911	0.01178	0.03587	-0.01033	-0.99930		501.20284	5.59974	40.00107	1.53651	-0.18908	-0.45556	0.51259	0.99996	-0.00804	0.00309	0.00795	0.99961	0.02684	-0.00330	-0.02681	0.99964	
65	0.64000	-6.65141	13.10398	0.33738	-0.12957	0.10850	-0.52399	0.44121	0.99996	-0.00915	-0.00187	0.00915	0.99996	-0.00228	0.00189	0.00226	1.00000		-8.92016	61.04583	872.61558	179.42120	2.06901	-2.32457	0.52895	0.99853	0.04092	0.03566	0.04053	-0.99911	0.01156	0.03610	-0.01010	-0.99930		501.19034	5.58252	40.06443	1.56813	-0.19614	-0.45491	0.50739	0.99996	-0.00803	0.00320	0.00794	0.99959	0.02739	-0.00342	-0.02737	0.99962	
66	0.65000	-6.63468	13.01811	0.51647	-0.19029	0.17385	-0.49925	0.43413	0.99996	-0.00872	-0.00300	0.00871	0.99996	-0.00335	0.00303	0.00332	0.99999		-9.90121	60.20829	872.47803	179.47981	2.12483	-2.30172	0.52188	0.99851	0.04050	0.03668	0.04013	-0.99914	0.01056	0.03708	-0.00907	-0.99927		501.12925	5.37724	40.45188	1.59741	-0.25959	-0.45539	0.51309	0.99996	-0.00807	0.00431	0.00795	0.99958	0.02791	-0.00453	-0.02788	0.99960	
67	0.66000	-6.64903	13.10281	0.30788	-0.12485	0.09844	-0.52382	0.43817	0.99996	-0.00915	-0.00170	0.00914	0.99996	-0.00220	0.00172	0.00218	1.00000		-8.77066	61.12571	872.64294	179.41917	2.06053	-2.32816	0.52466	0.99853	0.04099	0.03551	0.04060	-0.99911	0.01159	0.03596	-0.01013	-0.99930		501.20278	5.56513	39.99764	1.53711	-0.19784	-0.43880	0.51562	0.99996	-0.00775	0.00325	0.00766	0.99961	0.02685	-0.00345	-0.02682	0.99963	
68	0.67000	-6.63997	13.01167	0.54876	-0.20102	0.18474	-0.49965	0.43284	0.99996	-0.00873	-0.00319	0.00872	0.99996	-0.00354	0.00322	0.00351	0.99999		-10.05726	60.05474	872.46405	179.49297	2.14504	-2.30267	0.52176	0.99849	0.04051	0.03704	0.04015	-0.99914	0.01035	0.03743	-0.00884	-0.99926		501.13855	5.39906	40.52534	1.62491	-0.27916	-0.48202	0.51517	0.99995	-0.00855	0.00463	0.00841	0.99956	0.02840	-0.00487	-0.02836	0.99959	
69	0.68000	-6.63698	12.99930	0.54161	-0.19906	0.18318	-0.49374	0.43245	0.99996	-0.00863	-0.00317	0.00862	0.99996	-0.00350	0.00320	0.00347	0.99999		-10.03662	60.08434	872.46771	179.48511	2.13665	-2.28879	0.52655	0.99851	0.04027	0.03689	0.03991	-0.99915	0.01047	0.03728	-0.00898	-0.99926		501.13699	5.37761	40.51020	1.63409	-0.28292	-0.50072	0.51404	0.99995	-0.00888	0.00469	0.00874	0.99955	0.02856	-0.00494	-0.02852	0.99958	
70	0.69000	-6.65840	13.08914	0.34840	-0.12952	0.11293	-0.52193	0.44414	0.99996	-0.00911	-0.00195	0.00911	0.99996	-0.00228	0.00197	0.00226	1.00000		-8.97602	61.06114	872.60861	179.42159	2.08166	-2.31440	0.52349	0.99852	0.04075	0.03588	0.04036	-0.99912	0.01155	0.03632	-0.01009	-0.99929		501.20505	5.55823	40.08855	1.54775	-0.22069	-0.44507	0.51434	0.99996	-0.00787	0.00364	0.00777	0.99960	0.02704	-0.00385	-0.02701	0.99963	
71	0.70000	-6.65445	13.10706	0.32059	-0.13378	0.10302	-0.52704	0.44023	0.99996	-0.00920	-0.00178	0.00920	0.99996	-0.00235	0.00180	0.00233	1.00000		-8.83324	60.97447	872.63530	179.42545	2.06469	-2.32342	0.52770	0.99853	0.04090	0.03559	0.04051	-0.99911	0.01148	0.03603	-0.01002	-0.99930		501.20345	5.59639	40.02921	1.56585	-0.20431	-0.46262	0.51626	0.99996	-0.00817	0.00334	0.00807	0.99959	0.02735	-0.00357	-0.02733	0.99962	
72	0.71000	-6.65528	13.10526	0.31765	-0.12232	0.10190	-0.52551	0.43832	0.99996	-0.00918	-0.00176	0.00917	0.99996	-0.00215	0.00178	0.00213	1.00000		-8.81513	61.16968	872.62394	179.41455	2.06209	-2.32999	0.52555	0.99853	0.04102	0.03554	0.04063	-0.99911	0.01167	0.03598	-0.01021	-0.99930		501.20506	5.57820	40.02542	1.53711	-0.19736	-0.44306	0.51288	0.99996	-0.00782	0.00324	0.00773	0.99961	0.02685	-0.00344	-0.02682	0.99963	
73	0.72000	-6.65847	13.11089	0.31615	-0.13065	0.10271	-0.52737	0.44395	0.99996	-0.00921	-0.00177	0.00920	0.99996	-0.00230	0.00179	0.00228	1.00000		-8.82815	61.02776	872.63224	179.41840	2.05871	-2.33331	0.52674	0.99853	0.04107	0.03548	0.04069	-0.99910	0.01161	0.03592	-0.01014	-0.99930		501.20725	5.60359	40.02943	1.56931	-0.20341	-0.46577	0.51402	0.99996	-0.00822	0.00333	0.00813	0.99959	0.02741	-0.00355	-0.02739	0.99962	
74	0.73000	-6.63906	13.01939	0.53912	-0.20509	0.17993	-0.50400	0.43375	0.99996	-0.00881	-0.00311	0.00880	0.99995	-0.00361	0.00314	0.00358	0.99999		-9.98654	59.98905	872.48108	179.49507	2.14121	-2.31177	0.52837	0.99849	0.04066	0.03698	0.04031	-0.99913	0.01031	0.03736	-0.00881	-0.99926		501.14383	5.42695	40.48907	1.63332	-0.28496	-0.46315	0.51704	0.99995	-0.00822	0.00474	0.00808	0.99956	0.02854	-0.00497	-0.02850	0.99958	
75	0.74000	-6.65320	13.10165	0.31159	-0.12117	0.09872	-0.52416	0.44041	0.99996	-0.00915	-0.00170	0.00915	0.99996	-0.00213	0.00172	0.00211	1.00000		-8.77360	61.18498	872.62783	179.41736	2.05650	-2.32775	0.52444	0.99853	0.04098	0.03544	0.04059	-0.99911	0.01162	0.03588	-0.01016	-0.99930		501.21365	5.61228	40.00827	1.58333	-0.21169	-0.48651	0.51858	0.99996	-0.00859	0.00346	0.00849	0.99958	0.02766	-0.00369	-0.02763	0.99961	
76	0.75000	-6.65767	13.10339	0.31843	-0.13055	0.10409	-0.52484	0.43730	0.99996	-0.00916	-0.00180	0.00916	0.99996	-0.00230	0.00182	0.00228	1.00000		-8.84138	61.04119	872.63916	179.43080	2.07161	-2.32712	0.52499	0.99852	0.04096	0.03571	0.04058	-0.99911	0.01139	0.03615	-0.00993	-0.99930		501.20865	5.57522	40.04932	1.56187	-0.19453	-0.44543	0.51343	0.99996	-0.00786	0.00318	0.00777	0.99960	0.02728	-0.00340	-0.02726	0.99962	
77	0.76000	-6.65413	13.10064	0.30273	-0.11772	0.09682	-0.52165	0.44042	0.99996	-0.00911	-0.00167	0.00910	0.99996	-0.00207	0.00169	0.00205	1.00000		-8.73802	61.24519	872.63332	179.40854	2.05698	-2.33089	0.52389	0.99853	0.04104	0.03544	0.04064	-0.99910	0.01177	0.03589	-0.01032	-0.99930		501.20206	5.54425	39.99891	1.51836	-0.18999	-0.43960	0.51240	0.99997	-0.00776	0.00311	0.00767	0.99962	0.02652	-0.00332	-0.02650	0.99964	
78	0.77000	-6.65288	13.10149	0.30220	-0.12409	0.09688	-0.52274	0.44153	0.99996	-0.00913	-0.00167	0.00912	0.99996	-0.00218	0.00169	0.00217	1.00000		-8.74020	61.13952	872.65449	179.41449	2.06305	-2.32502	0.52445	0.99853	0.04093	0.03555	0.04054	-0.99911	0.01167	0.03600	-0.01021	-0.99930		501.21091	5.57572	39.99831	1.55310	-0.20195	-0.46095	0.52157	0.99996	-0.00814	0.00331	0.00805	0.99960	0.02713	-0.00352	-0.02710	0.99963	
79	0.78000	-6.65150	13.09463	0.31101	-0.12053	0.09876	-0.51899	0.43966	0.99996	-0.00906	-0.00170	0.00906	0.99996	-0.00212	0.00172	0.00210	1.00000		-8.76085	61.20714	872.63919	179.41563	2.06860	-2.32937	0.52585	0.99852	0.04101	0.03565	0.04062	-0.99911	0.01166	0.03610	-0.01019	-0.99930		501.20636	5.55683	40.00665	1.55901	-0.19682	-0.46191	0.51375	0.99996	-0.00815	0.00321	0.00806	0.99960	0.02723	-0.00344	-0.02721	0.99962	
80	0.79000	-6.65491	13.10618	0.32818	-0.12496	0.10892	-0.52390	0.43958	0.99996	-0.00915	-0.00188	0.00914	0.99996	-0.00220	0.00190	0.00218	1.00000		-8.92258	61.11746	872.61767	179.41824	2.06798	-2.32279	0.52897	0.99853	0.04089	0.03564	0.04050	-0.99911	0.01161	0.03609	-0.01015	-0.99930		501.20282	5.57088	40.07673	1.55197	-0.21118	-0.44883	0.52394	0.99996	-0.00793	0.00347	0.00783	0.99960	0.02711	-0.00369	-0.02708	0.99963	
81	0.80000	-6.65809	13.09985	0.33708	-0.11461	0.10944	-0.52405	0.43886	0.99996	-0.00915	-0.00189	0.00915	0.99996	-0.00202	0.00191	0.00200	1.00000		-8.92375	61.28640	872.59948	179.41306	2.07351	-2.32837	0.52621	0.99852	0.04099	0.03573	0.04060	-0.99911	0.01171	0.03618	-0.01024	-0.99929		501.20829	5.59344	40.06873	1.52831	-0.20905	-0.45997	0.51625	0.99996	-0.00812	0.00343	0.00803	0.99961	0.02670	-0.00365	-0.02667	0.99964	
82	0.81000	-6.65016	13.10956	0.30597	-0.11301	0.09861	-0.52364	0.43791	0.99996	-0.00914	-0.00170	0.00914	0.99996	-0.00199	0.00172	0.00197	1.00000		-8.76315	61.30106	872.63724	179.41158	2.06623	-2.32160	0.52719	0.99853	0.04088	0.03561	0.04048	-0.99911	0.01172	0.03605	-0.01026	-0.99930		501.20097	5.56913	40.00345	1.52621	-0.19665	-0.44552	0.51502	0.99996	-0.00786	0.00322	0.00778	0.99961	0.02666	-0.00343	-0.02663	0.99964	
83	0.82000	-6.65821	13.09816	0.33166	-0.11530	0.10819	-0.52061	0.44056	0.99996	-0.00909	-0.00187	0.00909	0.99996	-0.00203	0.00189	0.00201	1.00000		-8.90439	61.27529	872.60113	179.40874	2.06691	-2.32086	0.52583	0.99853	0.04087	0.03562	0.04047	-0.99911	0.01177	0.03607	-0.01031	-0.99930		501.19527	5.55615	40.07160	1.54445	-0.19841	-0.44745	0.51534	0.99996	-0.00790	0.00325	0.00781	0.99961	0.02698	-0.00346	-0.02695	0.99963	
84	0.83000	-6.64214	13.00237	0.54954	-0.19307	0.18540	-0.49406	0.43644	0.99996	-0.00863	-0.00321	0.00862	0.99996	-0.00340	0.00324	0.00337	0.99999		-10.05370	60.17927	872.45332	179.48204	2.13956	-2.29278	0.52509	0.99850	0.04034	0.03694	0.03998	-0.99915	0.01053	0.03733	-0.00903	-0.99926		501.13266	5.37266	40.52676	1.61916	-0.27733	-0.48702	0.51494	0.99995	-0.00863	0.00460	0.00850	0.99956	0.02830	-0.00484	-0.02826	0.99959	
85	0.84000	-6.65054	13.10945	0.31637	-0.12198	0.10239	-0.52603	0.44097	0.99996	-0.00918	-0.00177	0.00918	0.99996	-0.00215	0.00179	0.00213	1.00000		-8.82417	61.16125	872.62617	179.41832	2.06418	-2.32044	0.52400	0.99853	0.04085	0.03558	0.04046	-0.99911	0.01160	0.03602	-0.01015	-0.99930		501.20234	5.58492	40.02521	1.52829	-0.20381	-0.45602	0.51262	0.99996	-0.00805	0.00334	0.00796	0.99961	0.02670	-0.00356	-0.02667	0.99964	
86	0.85000	-6.65236	13.10087	0.31897	-0.12721	0.10195	-0.52638	0.44264	0.99996	-0.00919	-0.00176	0.00919	0.99996	-0.00224	0.00178	0.00222	1.00000		-8.81348	61.09368	872.62768	179.41562	2.06217	-2.33303	0.52816	0.99852	0.04107	0.03554	0.04068	-0.99910	0.01166	0.03598	-0.01019	-0.99930		501.20109	5.60946	40.02102	1.55643	-0.20239	-0.46703	0.51512	0.99996	-0.00824	0.00331	0.00815	0.99960	0.02719	-0.00353	-0.02716	0.99962	
87	0.86000	-6.66184	13.09332	0.31784	-0.12970	0.10157	-0.52136	0.44251	0.99996	-0.00910	-0.00175	0.00910	0.99996	-0.00228	0.00177	0.00226	1.00000		-8.79395	61.07350	872.63016	179.41908	2.05960	-2.33442	0.52479	0.99852	0.04109	0.03549	0.04071	-0.99910	0.01159	0.03594	-0.01013	-0.99930		501.21217	5.54643	40.01949	1.54468	-0.20236	-0.44134	0.51240	0.99996	-0.00780	0.00332	0.00770	0.99961	0.02698	-0.00353	-0.02696	0.99963	
88	0.87000	-6.65664	13.09825	0.31131	-0.12475	0.10186	-0.52245	0.43977	0.99996	-0.00912	-0.00176	0.00912	0.99996	-0.00219	0.00178	0.00218	1.00000		-8.80209	61.13406	872.64138	179.42070	2.06971	-2.32429	0.52185	0.99853	0.04092	0.03567	0.04053	-0.99911	0.01157	0.03612	-0.01010	-0.99930		501.19518	5.53517	40.02082	1.51303	-0.19574	-0.43237	0.51263	0.99997	-0.00763	0.00322	0.00755	0.99962	0.02643	-0.00342	-0.02640	0.99965	
89	0.88000	-6.65438	13.09641	0.31921	-0.11802	0.10384	-0.51949	0.43839	0.99996	-0.00907	-0.00179	0.00907	0.99996	-0.00208	0.00181	0.00206	1.00000		-8.83491	61.24076	872.62323	179.40691	2.06714	-2.32677	0.52652	0.99853	0.04097	0.03562	0.04057	-0.99911	0.01181	0.03607	-0.01034	-0.99930		501.19841	5.54663	40.03497	1.54524	-0.20874	-0.45350	0.51365	0.99996	-0.00801	0.00343	0.00791	0.99960	0.02699	-0.00364	-0.02697	0.99963	
90	0.89000	-6.65367	13.08912	0.32667	-0.13498	0.10501	-0.51941	0.44322	0.99996	-0.00907	-0.00181	0.00907	0.99996	-0.00237	0.00183	0.00236	1.00000		-8.85012	60.99119	872.63123	179.42969	2.06579	-2.32596	0.52427	0.99853	0.04094	0.03561	0.04056	-0.99911	0.01141	0.03605	-0.00995	-0.99930		501.19732	5.53316	40.04416	1.54840	-0.20034	-0.44849	0.51351	0.99996	-0.00792	0.00328	0.00783	0.99960	0.02705	-0.00350	-0.02702	0.99963	
91	0.90000	-6.65739	13.08577	0.32312	-0.12423	0.10518	-0.51770	0.44061	0.99996	-0.00904	-0.00182	0.00904	0.99996	-0.00219	0.00184	0.00217	1.00000		-8.84297	61.15113	872.63113	179.42096	2.07744	-2.31708	0.52827	0.99853	0.04079	0.03581	0.04040	-0.99912	0.01156	0.03625	-0.01010	-0.99929		501.19691	5.53177	40.03293	1.54088	-0.21081	-0.45619	0.51720	0.99996	-0.00806	0.00346	0.00796	0.99961	0.02692	-0.00368	-0.02689	0.99963	
92	0.91000	-6.66645	13.10291	0.32798	-0.12289	0.10791	-0.52609	0.44154	0.99996	-0.00919	-0.00186	0.00918	0.99996	-0.00216	0.00188	0.00214	1.00000		-8.88758	61.15465	872.62071	179.41295	2.07639	-2.32918	0.52307	0.99852	0.04101	0.03578	0.04061	-0.99911	0.01171	0.03623	-0.01024	-0.99929		501.20791	5.59161	40.05472	1.53570	-0.21254	-0.45524	0.51728	0.99996	-0.00804	0.00350	0.00795	0.99961	0.02683	-0.00371	-0.02680	0.99963	
93	0.92000	-6.65721	13.10478	0.31841	-0.12105	0.10241	-0.52521	0.43690	0.99996	-0.00917	-0.00177	0.00917	0.99996	-0.00213	0.00179	0.00211	1.00000		-8.81345	61.17188	872.62696	179.41292	2.06775	-2.31691	0.52878	0.99853	0.04079	0.03564	0.04040	-0.99912	0.01170	0.03608	-0.01024	-0.99930		501.20426	5.56866	40.02364	1.52346	-0.21401	-0.44959	0.51726	0.99996	-0.00794	0.00353	0.00785	0.99961	0.02661	-0.00374	-0.02659	0.99964	
94	0.93000	-6.65886	13.11101	0.32319	-0.11956	0.10697	-0.52485	0.43967	0.99996	-0.00916	-0.00185	0.00916	0.99996	-0.00210	0.00187	0.00209	1.00000		-8.88300	61.20160	872.62383	179.41815	2.07631	-2.32850	0.52355	0.99852	0.04099	0.03579	0.04060	-0.99911	0.01162	0.03623	-0.01015	-0.99929		501.20363	5.59231	40.05398	1.55373	-0.21896	-0.46311	0.51294	0.99996	-0.00818	0.00360	0.00808	0.99960	0.02714	-0.00382	-0.02711	0.99963	
