1	0.00000	-6.58391	13.75940	0.61723	0.12294	0.37949	-0.71512	0.46846	0.99990	-0.01247	-0.00665	0.01248	0.99992	0.00206	0.00662	-0.00215	0.99998		-13.47811	64.13915	871.63956	179.17734	2.19559	-2.81778	0.45744	0.99806	0.04970	0.03755	0.04912	-0.99866	0.01622	0.03831	-0.01435	-0.99916		501.07269	6.38057	41.64040	0.77383	-0.87817	-0.28215	0.24519	0.99987	-0.00513	0.01526	0.00492	0.99990	0.01358	-0.01533	-0.01350	0.99979	
2	0.01000	-6.58406	13.74396	0.59695	0.12961	0.36926	-0.70813	0.46783	0.99990	-0.01234	-0.00647	0.01236	0.99992	0.00218	0.00644	-0.00226	0.99998		-13.31627	64.25618	871.64774	179.17055	2.18018	-2.80623	0.46181	0.99808	0.04950	0.03728	0.04892	-0.99867	0.01632	0.03804	-0.01447	-0.99917		501.05856	6.29807	41.56944	0.71959	-0.85043	-0.23489	0.25321	0.99988	-0.00429	0.01479	0.00410	0.99991	0.01262	-0.01484	-0.01256	0.99981	
3	0.02000	-6.58481	13.73825	0.62209	0.10135	0.37887	-0.70830	0.46696	0.99990	-0.01235	-0.00663	0.01236	0.99992	0.00169	0.00661	-0.00177	0.99998		-13.46081	63.81767	871.66868	179.19980	2.19571	-2.79839	0.46223	0.99807	0.04935	0.03758	0.04879	-0.99868	0.01582	0.03831	-0.01396	-0.99917		501.05491	6.29221	41.62679	0.75639	-0.86473	-0.24150	0.25367	0.99988	-0.00441	0.01503	0.00421	0.99990	0.01326	-0.01509	-0.01320	0.99980	
4	0.03000	-6.61546	13.16649	0.05167	-0.50501	0.20251	-0.56277	0.40222	0.99995	-0.00985	-0.00345	0.00982	0.99991	-0.00885	0.00353	0.00881	0.99995		-10.60824	55.44919	872.83700	179.77907	1.89373	-2.83283	0.54146	0.99823	0.04955	0.03281	0.04940	-0.99876	0.00548	0.03305	-0.00385	-0.99945		500.75129	4.99878	40.80562	1.28692	0.00631	0.06026	0.20991	1.00000	0.00105	-0.00009	-0.00105	0.99975	0.02246	0.00011	-0.02246	0.99975	
5	0.04000	-6.59876	13.05442	0.24843	-0.59478	0.27540	-0.53280	0.38633	0.99994	-0.00935	-0.00471	0.00930	0.99990	-0.01043	0.00481	0.01038	0.99993		-11.69807	54.19777	872.70495	179.86629	1.95913	-2.80945	0.54183	0.99821	0.04909	0.03403	0.04899	-0.99879	0.00401	0.03419	-0.00233	-0.99941		500.79007	4.60335	41.29356	1.18874	-0.13613	0.11015	0.32267	1.00000	0.00187	0.00242	-0.00192	0.99978	0.02074	-0.00238	-0.02075	0.99978	
6	0.05000	-6.40885	12.87999	0.09834	-0.95574	0.20952	-0.52202	0.45995	0.99995	-0.00917	-0.00350	0.00911	0.99982	-0.01671	0.00366	0.01668	0.99985		-10.78355	48.38083	872.98712	-179.64543	1.78261	-2.34273	0.54965	0.99868	0.04068	0.03133	0.04086	-0.99915	-0.00491	0.03111	0.00619	-0.99950		500.77064	3.88196	40.74800	0.94173	-0.04052	0.60710	0.21250	0.99994	0.01058	0.00088	-0.01060	0.99981	0.01643	-0.00071	-0.01644	0.99986	
7	0.06000	-6.80099	12.92849	1.02601	-0.63241	0.55640	-0.51547	0.44669	0.99991	-0.00910	-0.00961	0.00900	0.99990	-0.01112	0.00971	0.01104	0.99989		-15.57896	53.54788	871.88194	179.85820	2.29306	-2.50217	0.49399	0.99825	0.04376	0.03986	0.04362	-0.99904	0.00422	0.04001	-0.00247	-0.99920		500.65523	4.72107	43.02028	1.35888	-0.37534	-0.00670	0.20489	0.99998	-0.00027	0.00655	0.00012	0.99972	0.02372	-0.00655	-0.02371	0.99970	
8	0.07000	-6.82047	13.03540	0.46322	-0.43448	0.35124	-0.53894	0.44203	0.99994	-0.00945	-0.00606	0.00941	0.99993	-0.00764	0.00613	0.00758	0.99995		-12.47786	56.48765	872.29619	179.67673	2.09164	-2.52720	0.48891	0.99836	0.04430	0.03621	0.04406	-0.99900	0.00725	0.03650	-0.00564	-0.99932		500.79522	5.00188	41.84850	1.20503	-0.12448	-0.03830	0.19839	1.00000	-0.00071	0.00216	0.00067	0.99978	0.02103	-0.00217	-0.02103	0.99978	
9	0.08000	-6.83721	13.03194	0.46356	-0.42854	0.35392	-0.53526	0.43770	0.99994	-0.00939	-0.00611	0.00934	0.99993	-0.00754	0.00618	0.00748	0.99995		-12.49481	56.58848	872.30002	179.66556	2.10084	-2.52473	0.48487	0.99836	0.04426	0.03636	0.04402	-0.99900	0.00745	0.03666	-0.00583	-0.99931		500.80272	5.00115	41.86438	1.21644	-0.14034	-0.06900	0.20132	1.00000	-0.00126	0.00242	0.00120	0.99977	0.02123	-0.00245	-0.02123	0.99977	
10	0.09000	-6.85671	13.02656	0.49434	-0.44908	0.36415	-0.53428	0.44010	0.99994	-0.00937	-0.00628	0.00932	0.99993	-0.00790	0.00636	0.00784	0.99995		-12.62192	56.27857	872.29255	179.68776	2.11293	-2.51460	0.48427	0.99836	0.04407	0.03659	0.04384	-0.99901	0.00706	0.03687	-0.00545	-0.99931		500.80971	4.97494	41.92619	1.22379	-0.15268	-0.05755	0.20362	1.00000	-0.00106	0.00264	0.00100	0.99977	0.02136	-0.00266	-0.02136	0.99977	
11	0.10000	-6.85844	13.04402	0.49015	-0.43983	0.36479	-0.53601	0.43754	0.99994	-0.00940	-0.00629	0.00935	0.99993	-0.00774	0.00637	0.00768	0.99995		-12.62746	56.41272	872.28810	179.67688	2.11464	-2.52838	0.48048	0.99835	0.04432	0.03661	0.04408	-0.99900	0.00726	0.03690	-0.00564	-0.99930		500.80899	4.98894	41.92945	1.22283	-0.16005	-0.06871	0.20768	1.00000	-0.00126	0.00277	0.00120	0.99977	0.02134	-0.00279	-0.02134	0.99977	
12	0.11000	-6.86594	13.03987	0.50212	-0.43507	0.36865	-0.53532	0.44219	0.99994	-0.00939	-0.00636	0.00934	0.99993	-0.00765	0.00643	0.00759	0.99995		-12.67996	56.48574	872.26827	179.68185	2.11833	-2.51623	0.47890	0.99835	0.04411	0.03668	0.04387	-0.99901	0.00717	0.03696	-0.00555	-0.99930		500.81884	4.99318	41.95114	1.22514	-0.17216	-0.06952	0.21009	0.99999	-0.00128	0.00298	0.00121	0.99977	0.02138	-0.00300	-0.02138	0.99977	
13	0.12000	-6.87116	13.04779	0.47627	-0.43038	0.35841	-0.53785	0.44086	0.99994	-0.00943	-0.00618	0.00939	0.99993	-0.00757	0.00626	0.00751	0.99995		-12.51695	56.57044	872.28414	179.67422	2.10393	-2.53840	0.47908	0.99835	0.04450	0.03642	0.04426	-0.99899	0.00731	0.03671	-0.00568	-0.99931		500.82501	5.01098	41.89428	1.22633	-0.15308	-0.06489	0.21259	1.00000	-0.00119	0.00265	0.00113	0.99977	0.02140	-0.00267	-0.02140	0.99977	
14	0.13000	-6.87619	13.03768	0.48580	-0.43315	0.36274	-0.53483	0.44346	0.99994	-0.00938	-0.00626	0.00933	0.99993	-0.00762	0.00633	0.00756	0.99995		-12.57812	56.54247	872.27583	179.68011	2.10770	-2.53469	0.47171	0.99835	0.04443	0.03649	0.04419	-0.99900	0.00720	0.03678	-0.00558	-0.99931		500.82280	5.00028	41.91931	1.23928	-0.16017	-0.07930	0.21481	1.00000	-0.00144	0.00276	0.00138	0.99977	0.02163	-0.00280	-0.02163	0.99976	
15	0.14000	-6.87704	13.04566	0.47420	-0.43435	0.35721	-0.53738	0.44057	0.99994	-0.00943	-0.00616	0.00938	0.99993	-0.00764	0.00623	0.00758	0.99995		-12.48499	56.50634	872.31100	179.68364	2.12029	-2.53077	0.47643	0.99834	0.04436	0.03672	0.04413	-0.99900	0.00715	0.03700	-0.00552	-0.99930		500.82926	5.02322	41.88651	1.24016	-0.15498	-0.08010	0.21044	1.00000	-0.00146	0.00267	0.00140	0.99976	0.02165	-0.00270	-0.02164	0.99976	
16	0.15000	-6.88375	13.03427	0.47575	-0.43892	0.35941	-0.53296	0.44248	0.99994	-0.00935	-0.00620	0.00930	0.99993	-0.00772	0.00627	0.00766	0.99995		-12.51096	56.44704	872.30017	179.68898	2.11355	-2.52515	0.47350	0.99835	0.04426	0.03660	0.04403	-0.99901	0.00705	0.03688	-0.00542	-0.99931		500.83547	4.98651	41.89875	1.24538	-0.16898	-0.08616	0.21417	0.99999	-0.00157	0.00292	0.00150	0.99976	0.02174	-0.00295	-0.02173	0.99976	
17	0.16000	-6.88470	13.01451	0.49266	-0.42589	0.36457	-0.52248	0.44270	0.99994	-0.00917	-0.00629	0.00912	0.99993	-0.00749	0.00636	0.00743	0.99995		-12.57998	56.66221	872.27764	179.66856	2.12409	-2.51164	0.47312	0.99835	0.04404	0.03677	0.04379	-0.99901	0.00740	0.03706	-0.00578	-0.99930		500.84005	4.93603	41.92499	1.24147	-0.18008	-0.11547	0.21455	0.99999	-0.00208	0.00310	0.00202	0.99976	0.02167	-0.00314	-0.02167	0.99976	
18	0.17000	-6.88682	13.03142	0.47657	-0.42705	0.35844	-0.52931	0.44446	0.99994	-0.00928	-0.00619	0.00924	0.99993	-0.00751	0.00626	0.00745	0.99995		-12.48578	56.63794	872.29289	179.67719	2.11684	-2.52148	0.47682	0.99835	0.04420	0.03665	0.04396	-0.99901	0.00725	0.03694	-0.00563	-0.99930		500.83718	4.97408	41.88184	1.22918	-0.16897	-0.10018	0.21500	0.99999	-0.00181	0.00291	0.00175	0.99977	0.02146	-0.00295	-0.02145	0.99977	
19	0.18000	-6.89177	13.02812	0.47981	-0.43491	0.35889	-0.52764	0.44294	0.99994	-0.00926	-0.00619	0.00921	0.99993	-0.00765	0.00626	0.00759	0.99995		-12.49007	56.51668	872.28951	179.67943	2.11113	-2.51771	0.47578	0.99836	0.04413	0.03656	0.04390	-0.99901	0.00721	0.03684	-0.00559	-0.99931		500.84040	4.95662	41.88930	1.24511	-0.16509	-0.10111	0.22071	0.99999	-0.00183	0.00284	0.00176	0.99976	0.02173	-0.00288	-0.02173	0.99976	
20	0.19000	-6.89575	13.04141	0.49455	-0.43658	0.36605	-0.53563	0.44142	0.99994	-0.00940	-0.00632	0.00935	0.99993	-0.00768	0.00639	0.00762	0.99995		-12.60559	56.48041	872.27425	179.68785	2.12010	-2.52683	0.47514	0.99834	0.04429	0.03672	0.04406	-0.99900	0.00707	0.03699	-0.00544	-0.99930		500.84295	5.01196	41.93454	1.24663	-0.17751	-0.09416	0.21879	0.99999	-0.00171	0.00306	0.00164	0.99976	0.02176	-0.00310	-0.02176	0.99976	
21	0.20000	-6.89664	13.04225	0.46190	-0.42780	0.35361	-0.53118	0.44042	0.99994	-0.00932	-0.00610	0.00927	0.99993	-0.00752	0.00617	0.00747	0.99995		-12.40877	56.61601	872.31678	179.68127	2.11518	-2.51967	0.47385	0.99835	0.04417	0.03663	0.04393	-0.99901	0.00718	0.03691	-0.00556	-0.99930		500.84447	4.97221	41.86120	1.23349	-0.16153	-0.09191	0.21600	0.99999	-0.00166	0.00278	0.00160	0.99977	0.02153	-0.00282	-0.02153	0.99976	
22	0.21000	-6.89834	13.03101	0.48064	-0.43050	0.36117	-0.53067	0.44186	0.99994	-0.00931	-0.00623	0.00926	0.99993	-0.00757	0.00630	0.00751	0.99995		-12.52687	56.58408	872.29104	179.67636	2.11597	-2.52397	0.47295	0.99835	0.04425	0.03664	0.04401	-0.99900	0.00727	0.03692	-0.00564	-0.99930		500.84212	4.98868	41.90808	1.24719	-0.17252	-0.10407	0.21781	0.99999	-0.00188	0.00297	0.00182	0.99976	0.02177	-0.00301	-0.02177	0.99976	
23	0.22000	-6.89797	13.03274	0.48194	-0.42952	0.35931	-0.52928	0.44307	0.99994	-0.00928	-0.00620	0.00924	0.99993	-0.00755	0.00627	0.00750	0.99995		-12.49417	56.61800	872.28581	179.68202	2.11572	-2.53608	0.47266	0.99834	0.04445	0.03664	0.04422	-0.99900	0.00718	0.03692	-0.00555	-0.99930		500.83525	4.97508	41.88776	1.24306	-0.16391	-0.09594	0.21972	0.99999	-0.00174	0.00282	0.00167	0.99976	0.02170	-0.00286	-0.02169	0.99976	
24	0.23000	-6.90314	13.03112	0.49234	-0.43307	0.36554	-0.53165	0.44227	0.99994	-0.00933	-0.00631	0.00928	0.99993	-0.00762	0.00638	0.00756	0.99995		-12.56715	56.54790	872.33502	179.72218	2.14863	-2.49423	0.49392	0.99835	0.04370	0.03724	0.04349	-0.99903	0.00648	0.03749	-0.00485	-0.99929		500.86315	4.96102	41.82777	1.27763	-0.28854	-0.06195	0.23741	0.99999	-0.00119	0.00501	0.00108	0.99975	0.02230	-0.00504	-0.02230	0.99974	
25	0.24000	-6.89973	13.02658	0.50061	-0.44255	0.36587	-0.52876	0.44165	0.99994	-0.00928	-0.00631	0.00923	0.99993	-0.00778	0.00639	0.00772	0.99995		-12.56745	56.41774	872.33214	179.74155	2.14844	-2.49520	0.49237	0.99835	0.04370	0.03726	0.04351	-0.99903	0.00614	0.03749	-0.00451	-0.99929		500.85530	4.93059	41.82214	1.28177	-0.29018	-0.06709	0.23535	0.99999	-0.00128	0.00504	0.00117	0.99975	0.02238	-0.00506	-0.02237	0.99974	
26	0.25000	-6.90394	13.02668	0.50077	-0.43940	0.36498	-0.52969	0.43978	0.99994	-0.00929	-0.00630	0.00924	0.99993	-0.00773	0.00637	0.00767	0.99995		-12.54479	56.45993	872.33141	179.73352	2.15533	-2.48936	0.49562	0.99835	0.04361	0.03737	0.04340	-0.99904	0.00628	0.03761	-0.00465	-0.99928		500.86309	4.93910	41.81237	1.27801	-0.29493	-0.06392	0.24354	0.99999	-0.00123	0.00512	0.00112	0.99975	0.02231	-0.00515	-0.02230	0.99974	
27	0.26000	-6.90683	13.02394	0.49409	-0.43044	0.36478	-0.52690	0.44353	0.99994	-0.00924	-0.00630	0.00920	0.99993	-0.00757	0.00637	0.00751	0.99995		-12.54224	56.59467	872.33133	179.72563	2.15204	-2.48565	0.49190	0.99835	0.04355	0.03731	0.04334	-0.99904	0.00641	0.03755	-0.00479	-0.99928		500.86223	4.91194	41.81813	1.26093	-0.29585	-0.05401	0.23856	0.99999	-0.00106	0.00514	0.00094	0.99976	0.02201	-0.00516	-0.02201	0.99974	
28	0.27000	-6.90979	13.04753	0.50521	-0.42725	0.36966	-0.53406	0.44291	0.99994	-0.00937	-0.00638	0.00932	0.99993	-0.00752	0.00645	0.00746	0.99995		-12.62451	56.63289	872.30800	179.72990	2.14923	-2.49784	0.49680	0.99835	0.04376	0.03726	0.04355	-0.99903	0.00634	0.03750	-0.00471	-0.99929		500.86406	4.97474	41.84529	1.27882	-0.30456	-0.06575	0.24116	0.99999	-0.00127	0.00529	0.00115	0.99975	0.02232	-0.00532	-0.02232	0.99974	
29	0.28000	-6.90834	13.02389	0.47839	-0.42505	0.35988	-0.52623	0.44472	0.99994	-0.00923	-0.00621	0.00918	0.99993	-0.00748	0.00628	0.00742	0.99995		-12.46095	56.69631	872.32984	179.71887	2.14162	-2.49703	0.49276	0.99835	0.04375	0.03712	0.04354	-0.99903	0.00653	0.03737	-0.00490	-0.99929		500.86807	4.93090	41.78814	1.28045	-0.29020	-0.06912	0.23807	0.99999	-0.00132	0.00504	0.00121	0.99975	0.02235	-0.00506	-0.02235	0.99974	
30	0.29000	-6.90843	13.03560	0.49068	-0.42113	0.36415	-0.52986	0.44442	0.99994	-0.00929	-0.00629	0.00925	0.99993	-0.00741	0.00636	0.00735	0.99995		-12.52958	56.74899	872.31904	179.72343	2.15081	-2.49941	0.49399	0.99834	0.04379	0.03728	0.04358	-0.99903	0.00646	0.03753	-0.00482	-0.99928		500.86970	4.94451	41.80876	1.26304	-0.30455	-0.06242	0.23946	0.99999	-0.00121	0.00529	0.00109	0.99976	0.02205	-0.00532	-0.02204	0.99974	
31	0.30000	-6.90798	13.02534	0.48709	-0.42734	0.36180	-0.52537	0.44535	0.99994	-0.00922	-0.00625	0.00917	0.99993	-0.00752	0.00631	0.00746	0.99995		-12.48561	56.66114	872.33399	179.72122	2.15343	-2.49410	0.48694	0.99835	0.04370	0.03733	0.04349	-0.99903	0.00650	0.03758	-0.00486	-0.99928		500.86921	4.90986	41.80227	1.27794	-0.28901	-0.05916	0.24003	0.99999	-0.00114	0.00502	0.00103	0.99975	0.02231	-0.00504	-0.02230	0.99974	
32	0.31000	-6.91274	13.03265	0.47713	-0.42695	0.35789	-0.52910	0.44112	0.99994	-0.00928	-0.00618	0.00923	0.99993	-0.00751	0.00625	0.00745	0.99995		-12.42418	56.65950	872.33441	179.72411	2.14501	-2.49611	0.49243	0.99835	0.04373	0.03718	0.04352	-0.99903	0.00644	0.03743	-0.00481	-0.99929		500.88141	4.92460	41.75986	1.25327	-0.30174	-0.04666	0.24147	0.99999	-0.00093	0.00525	0.00081	0.99976	0.02188	-0.00527	-0.02187	0.99975	
33	0.32000	-6.91133	13.02615	0.51374	-0.43336	0.37277	-0.52548	0.44208	0.99994	-0.00922	-0.00644	0.00917	0.99993	-0.00762	0.00651	0.00756	0.99995		-12.64980	56.56643	872.30946	179.73193	2.16244	-2.49301	0.49180	0.99834	0.04367	0.03749	0.04347	-0.99903	0.00632	0.03773	-0.00468	-0.99928		500.86303	4.91118	41.85756	1.28324	-0.31405	-0.07075	0.24173	0.99998	-0.00136	0.00545	0.00123	0.99975	0.02240	-0.00548	-0.02239	0.99973	
34	0.33000	-6.91116	13.03932	0.47809	-0.42358	0.35913	-0.53092	0.44744	0.99994	-0.00931	-0.00620	0.00927	0.99993	-0.00745	0.00627	0.00739	0.99995		-12.44088	56.70369	872.33101	179.72881	2.15175	-2.50036	0.49622	0.99834	0.04380	0.03730	0.04359	-0.99903	0.00637	0.03755	-0.00473	-0.99928		500.87783	4.95824	41.77037	1.26962	-0.30738	-0.07454	0.24482	0.99998	-0.00142	0.00533	0.00130	0.99975	0.02216	-0.00536	-0.02216	0.99974	
35	0.34000	-6.91762	13.02863	0.49176	-0.43562	0.36695	-0.52810	0.44263	0.99994	-0.00927	-0.00633	0.00922	0.99993	-0.00766	0.00640	0.00760	0.99995		-12.55323	56.53035	872.33927	179.73431	2.16334	-2.49755	0.49343	0.99834	0.04375	0.03751	0.04355	-0.99903	0.00628	0.03775	-0.00463	-0.99928		500.87257	4.93040	41.83569	1.28060	-0.30445	-0.07039	0.24079	0.99999	-0.00135	0.00528	0.00123	0.99975	0.02236	-0.00531	-0.02235	0.99974	
36	0.35000	-6.91290	13.02942	0.49214	-0.44239	0.36328	-0.52771	0.44516	0.99994	-0.00926	-0.00627	0.00921	0.99993	-0.00778	0.00634	0.00772	0.99995		-12.49775	56.41618	872.33179	179.74414	2.15649	-2.48638	0.49315	0.99835	0.04355	0.03740	0.04335	-0.99904	0.00609	0.03763	-0.00446	-0.99928		500.87306	4.92420	41.80873	1.29706	-0.29461	-0.07197	0.24415	0.99999	-0.00137	0.00511	0.00126	0.99974	0.02264	-0.00514	-0.02264	0.99973	
37	0.36000	-6.91759	13.01476	0.50036	-0.43432	0.36750	-0.52456	0.43990	0.99994	-0.00920	-0.00634	0.00915	0.99993	-0.00764	0.00641	0.00758	0.99995		-12.55182	56.55546	872.32689	179.73856	2.16604	-2.47687	0.49193	0.99835	0.04339	0.03756	0.04319	-0.99905	0.00619	0.03780	-0.00456	-0.99928		500.88245	4.91787	41.82896	1.29303	-0.30704	-0.07810	0.24192	0.99998	-0.00148	0.00533	0.00136	0.99974	0.02257	-0.00536	-0.02257	0.99973	
38	0.37000	-6.91321	13.03217	0.46957	-0.42594	0.35308	-0.52824	0.44431	0.99994	-0.00926	-0.00609	0.00922	0.99993	-0.00749	0.00616	0.00743	0.99995		-12.33913	56.67901	872.35148	179.73286	2.15001	-2.49477	0.49117	0.99835	0.04370	0.03728	0.04350	-0.99903	0.00629	0.03752	-0.00466	-0.99929		500.88484	4.94685	41.73562	1.28104	-0.29543	-0.08473	0.24595	0.99999	-0.00159	0.00512	0.00148	0.99975	0.02236	-0.00516	-0.02236	0.99974	
39	0.38000	-6.92233	13.03587	0.52049	-0.43645	0.37432	-0.53158	0.44250	0.99994	-0.00933	-0.00646	0.00928	0.99993	-0.00768	0.00653	0.00762	0.99995		-12.65398	56.48609	872.31415	179.73961	2.17563	-2.47871	0.49451	0.99834	0.04342	0.03773	0.04322	-0.99905	0.00618	0.03796	-0.00454	-0.99927		500.88482	4.96729	41.86818	1.30322	-0.32128	-0.08236	0.25272	0.99998	-0.00156	0.00557	0.00144	0.99974	0.02275	-0.00561	-0.02274	0.99973	
40	0.39000	-6.92399	13.03512	0.49441	-0.44011	0.36579	-0.53069	0.44280	0.99994	-0.00931	-0.00631	0.00926	0.99993	-0.00774	0.00638	0.00768	0.99995		-12.52265	56.44345	872.34227	179.75107	2.16937	-2.48390	0.49147	0.99834	0.04350	0.03763	0.04331	-0.99904	0.00598	0.03785	-0.00434	-0.99927		500.88743	4.95160	41.81755	1.29879	-0.31310	-0.07749	0.24554	0.99998	-0.00148	0.00543	0.00135	0.99974	0.02267	-0.00546	-0.02267	0.99973	
41	0.40000	-6.91986	13.02015	0.48729	-0.44088	0.36063	-0.52544	0.43977	0.99994	-0.00922	-0.00622	0.00917	0.99993	-0.00775	0.00629	0.00769	0.99995		-12.44185	56.46505	872.34618	179.75114	2.15740	-2.48965	0.49137	0.99835	0.04360	0.03742	0.04341	-0.99904	0.00597	0.03764	-0.00434	-0.99928		500.88534	4.90884	41.78444	1.28890	-0.30359	-0.06214	0.24717	0.99999	-0.00120	0.00527	0.00108	0.99975	0.02250	-0.00530	-0.02249	0.99973	
42	0.41000	-6.92206	13.03435	0.47616	-0.41603	0.35954	-0.52826	0.44307	0.99994	-0.00926	-0.00621	0.00922	0.99993	-0.00732	0.00628	0.00726	0.99995		-12.43346	56.81985	872.32655	179.71384	2.14608	-2.49058	0.49194	0.99835	0.04364	0.03719	0.04342	-0.99903	0.00662	0.03745	-0.00499	-0.99929		500.89628	4.96007	41.77536	1.28614	-0.31502	-0.08838	0.24717	0.99998	-0.00167	0.00546	0.00154	0.99975	0.02245	-0.00550	-0.02245	0.99973	
43	0.42000	-6.92646	13.02547	0.51080	-0.43943	0.37171	-0.52816	0.44593	0.99994	-0.00927	-0.00642	0.00922	0.99993	-0.00773	0.00649	0.00767	0.99995		-12.60572	56.47820	872.33145	179.75000	2.17509	-2.49287	0.49237	0.99833	0.04366	0.03773	0.04346	-0.99904	0.00601	0.03795	-0.00436	-0.99927		500.89196	4.94506	41.85407	1.29051	-0.32207	-0.08389	0.24824	0.99998	-0.00159	0.00559	0.00146	0.99975	0.02253	-0.00562	-0.02252	0.99973	
44	0.43000	-6.92125	13.04209	0.49641	-0.44013	0.36470	-0.53247	0.44474	0.99994	-0.00934	-0.00629	0.00929	0.99993	-0.00774	0.00637	0.00768	0.99995		-12.50666	56.45391	872.33765	179.75093	2.16390	-2.49798	0.48844	0.99834	0.04375	0.03753	0.04355	-0.99903	0.00599	0.03776	-0.00434	-0.99928		500.89071	4.96889	41.80531	1.30380	-0.31740	-0.08450	0.24657	0.99998	-0.00160	0.00550	0.00147	0.99974	0.02276	-0.00554	-0.02275	0.99973	
45	0.44000	-6.91589	13.03389	0.49361	-0.42748	0.36328	-0.52984	0.44386	0.99994	-0.00929	-0.00627	0.00925	0.99993	-0.00752	0.00634	0.00746	0.99995		-12.49225	56.64819	872.33153	179.73697	2.16439	-2.48716	0.49794	0.99835	0.04357	0.03753	0.04336	-0.99904	0.00623	0.03777	-0.00459	-0.99928		500.88898	4.96952	41.79726	1.29918	-0.32292	-0.08732	0.24457	0.99998	-0.00165	0.00560	0.00152	0.99974	0.02268	-0.00564	-0.02267	0.99973	
46	0.45000	-6.92313	13.03295	0.51812	-0.43850	0.37405	-0.53160	0.44784	0.99994	-0.00933	-0.00646	0.00928	0.99993	-0.00771	0.00653	0.00765	0.99995		-12.64216	56.48983	872.32362	179.74524	2.17940	-2.49686	0.49185	0.99833	0.04373	0.03780	0.04353	-0.99903	0.00610	0.03803	-0.00444	-0.99927		500.89378	4.99754	41.86272	1.31793	-0.33562	-0.10910	0.25005	0.99998	-0.00204	0.00581	0.00190	0.99973	0.02301	-0.00586	-0.02300	0.99972	
47	0.46000	-6.92681	13.04381	0.51998	-0.43857	0.37416	-0.53402	0.44617	0.99993	-0.00937	-0.00646	0.00932	0.99993	-0.00772	0.00653	0.00765	0.99995		-12.64779	56.44987	872.30860	179.74442	2.17221	-2.48309	0.49312	0.99834	0.04349	0.03767	0.04329	-0.99904	0.00610	0.03790	-0.00446	-0.99927		500.89187	4.98697	41.85966	1.29957	-0.33015	-0.08527	0.24358	0.99998	-0.00162	0.00573	0.00149	0.99974	0.02269	-0.00576	-0.02268	0.99973	
48	0.47000	-6.92197	13.03020	0.50999	-0.43217	0.37046	-0.52866	0.44440	0.99994	-0.00927	-0.00640	0.00923	0.99993	-0.00760	0.00647	0.00754	0.99995		-12.59099	56.58687	872.31370	179.74071	2.17022	-2.49101	0.49499	0.99834	0.04363	0.03764	0.04343	-0.99904	0.00617	0.03787	-0.00452	-0.99927		500.88655	4.94614	41.84207	1.29014	-0.32708	-0.08820	0.24685	0.99998	-0.00167	0.00567	0.00154	0.99975	0.02252	-0.00571	-0.02251	0.99973	
49	0.48000	-6.92311	13.03160	0.50114	-0.44028	0.36740	-0.52848	0.44710	0.99994	-0.00927	-0.00634	0.00922	0.99993	-0.00774	0.00641	0.00768	0.99995		-12.54028	56.45867	872.34095	179.74638	2.17377	-2.49235	0.49105	0.99834	0.04365	0.03770	0.04345	-0.99904	0.00607	0.03793	-0.00442	-0.99927		500.87972	4.93030	41.83611	1.29279	-0.30117	-0.07722	0.24880	0.99999	-0.00147	0.00522	0.00135	0.99974	0.02257	-0.00526	-0.02256	0.99973	
50	0.49000	-6.92883	13.03404	0.52800	-0.43810	0.37860	-0.52974	0.44582	0.99994	-0.00930	-0.00654	0.00925	0.99993	-0.00771	0.00661	0.00765	0.99995		-12.71436	56.49367	872.29109	179.75145	2.17014	-2.49347	0.49301	0.99834	0.04367	0.03764	0.04347	-0.99904	0.00598	0.03787	-0.00434	-0.99927		500.88383	4.94748	41.89885	1.29374	-0.32485	-0.07906	0.24848	0.99998	-0.00151	0.00564	0.00138	0.99974	0.02259	-0.00567	-0.02258	0.99973	
51	0.50000	-6.92382	13.02429	0.52306	-0.43794	0.37532	-0.52713	0.44388	0.99994	-0.00925	-0.00648	0.00920	0.99993	-0.00770	0.00655	0.00764	0.99995		-12.66021	56.48961	872.31357	179.74797	2.17887	-2.48074	0.49389	0.99834	0.04345	0.03779	0.04325	-0.99905	0.00604	0.03802	-0.00440	-0.99927		500.88350	4.94525	41.88302	1.31414	-0.32727	-0.08809	0.25145	0.99998	-0.00167	0.00568	0.00154	0.99974	0.02294	-0.00571	-0.02293	0.99972	
52	0.51000	-6.92567	13.03771	0.51738	-0.43255	0.37477	-0.53166	0.44453	0.99994	-0.00933	-0.00647	0.00928	0.99993	-0.00761	0.00654	0.00755	0.99995		-12.65580	56.56150	872.31735	179.74271	2.18008	-2.48842	0.49027	0.99833	0.04359	0.03781	0.04339	-0.99904	0.00614	0.03804	-0.00449	-0.99927		500.89003	4.96821	41.87409	1.29669	-0.33387	-0.07588	0.25136	0.99998	-0.00146	0.00580	0.00132	0.99974	0.02264	-0.00583	-0.02263	0.99973	
53	0.52000	-6.92619	13.02641	0.51397	-0.42916	0.37148	-0.52638	0.44764	0.99994	-0.00923	-0.00641	0.00919	0.99993	-0.00755	0.00648	0.00749	0.99995		-12.60422	56.63816	872.31186	179.73438	2.17078	-2.49169	0.48904	0.99834	0.04365	0.03764	0.04344	-0.99904	0.00628	0.03788	-0.00463	-0.99927		500.89094	4.95481	41.84961	1.32483	-0.32844	-0.09813	0.25266	0.99998	-0.00184	0.00569	0.00171	0.99973	0.02313	-0.00573	-0.02312	0.99972	
54	0.53000	-6.92342	13.04765	0.50348	-0.42814	0.36720	-0.53438	0.44956	0.99994	-0.00937	-0.00634	0.00933	0.99993	-0.00753	0.00641	0.00747	0.99995		-12.54522	56.62735	872.32408	179.73874	2.17063	-2.49456	0.49202	0.99834	0.04370	0.03764	0.04349	-0.99903	0.00620	0.03788	-0.00456	-0.99927		500.88761	4.97957	41.81880	1.28247	-0.32851	-0.07541	0.24708	0.99998	-0.00144	0.00570	0.00132	0.99975	0.02239	-0.00573	-0.02238	0.99973	
55	0.54000	-6.92070	13.03233	0.50843	-0.43185	0.36867	-0.52882	0.44555	0.99994	-0.00928	-0.00636	0.00923	0.99993	-0.00760	0.00643	0.00754	0.99995		-12.55742	56.60228	872.32117	179.74611	2.17114	-2.49568	0.49271	0.99833	0.04371	0.03766	0.04351	-0.99903	0.00608	0.03788	-0.00443	-0.99927		500.89270	4.97305	41.82701	1.31066	-0.32973	-0.11287	0.24868	0.99998	-0.00210	0.00571	0.00197	0.99974	0.02288	-0.00575	-0.02287	0.99972	
56	0.55000	-6.92604	13.04534	0.50864	-0.43155	0.37060	-0.53410	0.44504	0.99994	-0.00937	-0.00640	0.00932	0.99993	-0.00759	0.00647	0.00753	0.99995		-12.58543	56.58743	872.32337	179.74571	2.17387	-2.49713	0.48976	0.99833	0.04374	0.03770	0.04354	-0.99903	0.00609	0.03793	-0.00443	-0.99927		500.88970	4.99558	41.85067	1.30523	-0.32453	-0.09111	0.25100	0.99998	-0.00172	0.00563	0.00159	0.99974	0.02279	-0.00566	-0.02278	0.99972	
57	0.56000	-6.92321	13.03194	0.51167	-0.43779	0.37213	-0.52857	0.44615	0.99994	-0.00927	-0.00642	0.00922	0.99993	-0.00770	0.00649	0.00764	0.99995		-12.60595	56.50463	872.33044	179.74846	2.17591	-2.49258	0.49203	0.99833	0.04366	0.03774	0.04346	-0.99904	0.00604	0.03797	-0.00439	-0.99927		500.88719	4.96796	41.85588	1.31879	-0.33659	-0.10702	0.25372	0.99998	-0.00200	0.00583	0.00187	0.99973	0.02303	-0.00587	-0.02301	0.99972	
58	0.57000	-6.93152	13.03222	0.52504	-0.43821	0.37469	-0.52787	0.44658	0.99994	-0.00926	-0.00647	0.00921	0.99993	-0.00771	0.00654	0.00765	0.99995		-12.63729	56.49705	872.31055	179.75041	2.17650	-2.48784	0.49299	0.99834	0.04357	0.03775	0.04338	-0.99904	0.00600	0.03798	-0.00435	-0.99927		500.89637	4.94000	41.86919	1.31456	-0.33331	-0.08809	0.25007	0.99998	-0.00167	0.00578	0.00154	0.99974	0.02295	-0.00582	-0.02294	0.99972	
59	0.58000	-6.92265	13.02871	0.48908	-0.42573	0.36296	-0.52667	0.44600	0.99994	-0.00924	-0.00627	0.00919	0.99993	-0.00749	0.00633	0.00743	0.99995		-12.46300	56.68414	872.34684	179.73695	2.17056	-2.47782	0.49102	0.99835	0.04341	0.03764	0.04320	-0.99905	0.00622	0.03787	-0.00459	-0.99927		500.89099	4.94939	41.80097	1.29632	-0.31739	-0.10115	0.25021	0.99998	-0.00189	0.00550	0.00177	0.99974	0.02263	-0.00554	-0.02262	0.99973	
60	0.59000	-6.92791	13.04252	0.48805	-0.41782	0.36345	-0.52928	0.44469	0.99994	-0.00928	-0.00628	0.00924	0.99993	-0.00735	0.00634	0.00729	0.99995		-12.46746	56.79729	872.34109	179.73129	2.16741	-2.48568	0.48816	0.99834	0.04355	0.03758	0.04334	-0.99904	0.00633	0.03782	-0.00469	-0.99927		500.89524	4.94597	41.79804	1.27066	-0.32321	-0.08234	0.24690	0.99998	-0.00156	0.00561	0.00144	0.99975	0.02218	-0.00564	-0.02217	0.99974	
61	0.60000	-6.92700	13.03917	0.48644	-0.42194	0.36089	-0.53106	0.44359	0.99994	-0.00931	-0.00623	0.00927	0.99993	-0.00742	0.00630	0.00736	0.99995		-12.43443	56.73755	872.34020	179.72969	2.16358	-2.49028	0.48901	0.99834	0.04363	0.03751	0.04342	-0.99904	0.00635	0.03775	-0.00471	-0.99928		500.89674	4.97608	41.78872	1.29419	-0.31452	-0.09555	0.24873	0.99998	-0.00179	0.00545	0.00167	0.99974	0.02260	-0.00549	-0.02259	0.99973	
62	0.61000	-6.92971	13.02955	0.47816	-0.42469	0.35966	-0.52809	0.44569	0.99994	-0.00926	-0.00621	0.00922	0.99993	-0.00747	0.00628	0.00741	0.99995		-12.41221	56.69591	872.35292	179.73222	2.16107	-2.48006	0.48749	0.99835	0.04345	0.03747	0.04324	-0.99904	0.00630	0.03771	-0.00467	-0.99928		500.89915	4.95659	41.78126	1.28720	-0.31569	-0.09021	0.24845	0.99998	-0.00170	0.00547	0.00157	0.99975	0.02247	-0.00551	-0.02246	0.99973	
63	0.62000	-6.93078	13.02268	0.49795	-0.42700	0.36657	-0.52442	0.44708	0.99994	-0.00920	-0.00633	0.00915	0.99993	-0.00751	0.00640	0.00745	0.99995		-12.50723	56.67059	872.34541	179.73648	2.17646	-2.47987	0.49140	0.99834	0.04344	0.03774	0.04324	-0.99905	0.00624	0.03798	-0.00460	-0.99927		500.89788	4.92891	41.81967	1.29061	-0.32549	-0.09399	0.24898	0.99998	-0.00177	0.00564	0.00164	0.99974	0.02253	-0.00568	-0.02252	0.99973	
64	0.63000	-6.93414	13.02944	0.53989	-0.43665	0.38049	-0.53003	0.44775	0.99993	-0.00930	-0.00657	0.00925	0.99993	-0.00768	0.00664	0.00762	0.99995		-12.71899	56.52052	872.30269	179.74936	2.18602	-2.48354	0.48839	0.99833	0.04350	0.03792	0.04330	-0.99904	0.00602	0.03814	-0.00437	-0.99926		500.89412	4.98375	41.90031	1.31963	-0.34336	-0.11052	0.24774	0.99998	-0.00207	0.00595	0.00193	0.99973	0.02304	-0.00599	-0.02303	0.99972	
65	0.64000	-6.92574	13.03988	0.47864	-0.42059	0.35943	-0.52992	0.44602	0.99994	-0.00929	-0.00620	0.00925	0.99993	-0.00740	0.00627	0.00734	0.99995		-12.41126	56.75551	872.34977	179.72537	2.15856	-2.48800	0.49074	0.99835	0.04359	0.03742	0.04338	-0.99904	0.00642	0.03767	-0.00479	-0.99928		500.89979	4.96956	41.77199	1.28193	-0.31856	-0.09342	0.24985	0.99998	-0.00175	0.00552	0.00163	0.99975	0.02238	-0.00556	-0.02237	0.99973	
66	0.65000	-6.92851	13.02804	0.49226	-0.43184	0.36411	-0.52838	0.44592	0.99994	-0.00927	-0.00628	0.00922	0.99993	-0.00760	0.00635	0.00754	0.99995		-12.47646	56.60910	872.34938	179.74632	2.16940	-2.49355	0.48983	0.99834	0.04367	0.03763	0.04348	-0.99904	0.00607	0.03785	-0.00442	-0.99927		500.90425	4.95452	41.80649	1.29432	-0.32479	-0.09738	0.24754	0.99998	-0.00183	0.00563	0.00170	0.99974	0.02260	-0.00567	-0.02259	0.99973	
67	0.66000	-6.93525	13.01716	0.50376	-0.43636	0.36795	-0.52171	0.44460	0.99994	-0.00915	-0.00635	0.00911	0.99993	-0.00767	0.00642	0.00762	0.99995		-12.52112	56.53762	872.33416	179.74962	2.16849	-2.47503	0.49320	0.99835	0.04335	0.03761	0.04315	-0.99905	0.00600	0.03784	-0.00437	-0.99927		500.89978	4.90191	41.82295	1.29718	-0.32627	-0.09092	0.24697	0.99998	-0.00172	0.00566	0.00159	0.99974	0.02265	-0.00569	-0.02264	0.99973	
68	0.67000	-6.92799	13.02209	0.50625	-0.43311	0.36827	-0.52459	0.44833	0.99994	-0.00920	-0.00636	0.00916	0.99993	-0.00762	0.00643	0.00756	0.99995		-12.53729	56.57105	872.33752	179.74171	2.17660	-2.47130	0.48936	0.99835	0.04329	0.03775	0.04309	-0.99905	0.00614	0.03798	-0.00450	-0.99927		500.89607	4.93027	41.82625	1.30659	-0.33018	-0.10018	0.25570	0.99998	-0.00188	0.00572	0.00175	0.99974	0.02281	-0.00576	-0.02280	0.99972	
69	0.68000	-6.92718	13.03591	0.50357	-0.43180	0.36635	-0.52920	0.44663	0.99994	-0.00928	-0.00632	0.00924	0.99993	-0.00760	0.00639	0.00754	0.99995		-12.51463	56.60467	872.33144	179.74388	2.16542	-2.50353	0.49051	0.99833	0.04385	0.03755	0.04365	-0.99903	0.00612	0.03778	-0.00447	-0.99928		500.89233	4.95300	41.80978	1.30236	-0.32352	-0.09618	0.25343	0.99998	-0.00181	0.00561	0.00168	0.99974	0.02274	-0.00565	-0.02273	0.99973	
70	0.69000	-6.93649	13.03072	0.50562	-0.43479	0.37002	-0.52964	0.44702	0.99994	-0.00929	-0.00639	0.00924	0.99993	-0.00765	0.00646	0.00759	0.99995		-12.56263	56.55021	872.32971	179.73958	2.16835	-2.49376	0.49273	0.99834	0.04368	0.03760	0.04348	-0.99904	0.00619	0.03784	-0.00454	-0.99927		500.89948	4.97066	41.84152	1.30403	-0.32380	-0.10202	0.24919	0.99998	-0.00191	0.00561	0.00178	0.99974	0.02277	-0.00565	-0.02276	0.99973	
71	0.70000	-6.93056	13.01274	0.53129	-0.44648	0.37745	-0.52239	0.44782	0.99994	-0.00917	-0.00652	0.00912	0.99993	-0.00785	0.00659	0.00779	0.99995		-12.67589	56.38617	872.31767	179.75194	2.17902	-2.48356	0.49019	0.99834	0.04350	0.03780	0.04330	-0.99904	0.00597	0.03802	-0.00433	-0.99927		500.89760	4.91600	41.87212	1.31604	-0.34810	-0.11226	0.25608	0.99998	-0.00210	0.00603	0.00196	0.99973	0.02298	-0.00608	-0.02297	0.99972	
72	0.71000	-6.93136	13.02558	0.52867	-0.44049	0.37749	-0.52608	0.44505	0.99994	-0.00923	-0.00652	0.00918	0.99993	-0.00775	0.00659	0.00769	0.99995		-12.67940	56.46104	872.31318	179.75549	2.17868	-2.48605	0.49262	0.99834	0.04354	0.03779	0.04334	-0.99904	0.00591	0.03802	-0.00426	-0.99927		500.88654	4.91794	41.87251	1.28685	-0.33550	-0.08800	0.25188	0.99998	-0.00167	0.00582	0.00154	0.99975	0.02247	-0.00586	-0.02246	0.99973	
73	0.72000	-6.93719	13.03567	0.50708	-0.43528	0.36839	-0.53009	0.44359	0.99994	-0.00930	-0.00636	0.00925	0.99993	-0.00766	0.00643	0.00760	0.99995		-12.54280	56.53294	872.33089	179.75284	2.17057	-2.48982	0.49043	0.99834	0.04360	0.03765	0.04341	-0.99904	0.00596	0.03787	-0.00431	-0.99927		500.90080	4.96420	41.81456	1.31416	-0.33263	-0.09646	0.25027	0.99998	-0.00182	0.00577	0.00168	0.99974	0.02294	-0.00581	-0.02293	0.99972	
74	0.73000	-6.93287	13.02467	0.51745	-0.42906	0.37343	-0.52515	0.44865	0.99994	-0.00921	-0.00645	0.00917	0.99993	-0.00755	0.00652	0.00749	0.99995		-12.61631	56.63738	872.30904	179.74188	2.17252	-2.48644	0.49579	0.99834	0.04355	0.03768	0.04335	-0.99904	0.00615	0.03791	-0.00450	-0.99927		500.88843	4.92926	41.85979	1.30066	-0.33177	-0.09273	0.25340	0.99998	-0.00175	0.00575	0.00162	0.99974	0.02271	-0.00579	-0.02270	0.99973	
75	0.74000	-6.93074	13.02228	0.51238	-0.44689	0.37098	-0.52484	0.44634	0.99994	-0.00921	-0.00640	0.00916	0.99993	-0.00786	0.00647	0.00780	0.99995		-12.57690	56.37287	872.33440	179.76247	2.17377	-2.49094	0.49022	0.99834	0.04362	0.03771	0.04343	-0.99904	0.00579	0.03793	-0.00414	-0.99927		500.89079	4.93085	41.84550	1.33601	-0.32527	-0.10791	0.25210	0.99998	-0.00202	0.00563	0.00188	0.99973	0.02333	-0.00568	-0.02332	0.99971	
76	0.75000	-6.93619	13.02858	0.51644	-0.43101	0.37301	-0.52617	0.44743	0.99994	-0.00923	-0.00644	0.00918	0.99993	-0.00758	0.00651	0.00752	0.99995		-12.60249	56.60402	872.31996	179.74147	2.18333	-2.48509	0.48867	0.99833	0.04353	0.03787	0.04333	-0.99904	0.00616	0.03810	-0.00451	-0.99926		500.89430	4.93658	41.85260	1.30287	-0.33324	-0.10055	0.25388	0.99998	-0.00189	0.00577	0.00175	0.99974	0.02275	-0.00582	-0.02274	0.99972	
77	0.76000	-6.93574	13.04789	0.49553	-0.42957	0.36369	-0.53359	0.45027	0.99994	-0.00936	-0.00628	0.00931	0.99993	-0.00756	0.00635	0.00750	0.99995		-12.47924	56.59970	872.32961	179.73946	2.15786	-2.48629	0.48822	0.99835	0.04355	0.03742	0.04335	-0.99904	0.00618	0.03765	-0.00454	-0.99928		500.89873	4.98913	41.79214	1.30788	-0.32014	-0.09650	0.25045	0.99998	-0.00181	0.00555	0.00168	0.99974	0.02283	-0.00559	-0.02282	0.99972	
78	0.77000	-6.93654	13.02223	0.51378	-0.44143	0.37007	-0.52536	0.44326	0.99994	-0.00922	-0.00639	0.00917	0.99993	-0.00776	0.00646	0.00770	0.99995		-12.55903	56.44897	872.33786	179.75545	2.17500	-2.48006	0.49137	0.99834	0.04343	0.03773	0.04324	-0.99905	0.00591	0.03795	-0.00427	-0.99927		500.89564	4.92826	41.82186	1.30988	-0.33525	-0.09845	0.25225	0.99998	-0.00185	0.00581	0.00172	0.99974	0.02287	-0.00585	-0.02286	0.99972	
79	0.78000	-6.93586	13.03405	0.52431	-0.42950	0.37764	-0.52944	0.44305	0.99994	-0.00929	-0.00652	0.00924	0.99993	-0.00756	0.00659	0.00750	0.99995		-12.68117	56.61578	872.31379	179.73898	2.18120	-2.48062	0.49063	0.99834	0.04345	0.03783	0.04325	-0.99905	0.00620	0.03806	-0.00455	-0.99927		500.90027	4.96963	41.88701	1.30634	-0.33766	-0.10512	0.25328	0.99998	-0.00197	0.00585	0.00183	0.99974	0.02281	-0.00589	-0.02280	0.99972	
80	0.79000	-6.93206	13.03425	0.52060	-0.43796	0.37419	-0.52780	0.44662	0.99994	-0.00926	-0.00646	0.00921	0.99993	-0.00770	0.00653	0.00764	0.99995		-12.63028	56.49756	872.32182	179.75510	2.17822	-2.48496	0.49046	0.99834	0.04352	0.03779	0.04333	-0.99904	0.00592	0.03801	-0.00427	-0.99927		500.89095	4.94372	41.86149	1.31430	-0.32870	-0.10507	0.25440	0.99998	-0.00197	0.00569	0.00183	0.99973	0.02295	-0.00574	-0.02294	0.99972	
81	0.80000	-6.93400	13.03686	0.49110	-0.42531	0.36178	-0.52817	0.44256	0.99994	-0.00926	-0.00624	0.00922	0.99993	-0.00748	0.00631	0.00742	0.99995		-12.43482	56.69374	872.33940	179.73680	2.16433	-2.49179	0.49058	0.99834	0.04365	0.03753	0.04345	-0.99904	0.00623	0.03777	-0.00459	-0.99928		500.89328	4.94301	41.78734	1.29356	-0.30615	-0.09073	0.25282	0.99998	-0.00170	0.00531	0.00158	0.99974	0.02258	-0.00534	-0.02257	0.99973	
82	0.81000	-6.93731	13.02480	0.50554	-0.44128	0.36792	-0.52508	0.44407	0.99994	-0.00921	-0.00635	0.00916	0.99993	-0.00776	0.00642	0.00770	0.99995		-12.52006	56.45388	872.34233	179.75421	2.17212	-2.48138	0.49232	0.99834	0.04346	0.03768	0.04326	-0.99905	0.00593	0.03790	-0.00429	-0.99927		500.89918	4.94028	41.81707	1.31747	-0.32311	-0.11113	0.25341	0.99998	-0.00207	0.00559	0.00194	0.99973	0.02300	-0.00564	-0.02299	0.99972	
83	0.82000	-6.93349	13.02876	0.50307	-0.44101	0.36834	-0.52719	0.44257	0.99994	-0.00925	-0.00636	0.00920	0.99993	-0.00776	0.00643	0.00770	0.99995		-12.53710	56.46315	872.33928	179.75656	2.16874	-2.48850	0.49188	0.99834	0.04358	0.03762	0.04339	-0.99904	0.00589	0.03784	-0.00425	-0.99927		500.89319	4.94707	41.83195	1.31412	-0.31863	-0.10003	0.25078	0.99998	-0.00187	0.00552	0.00175	0.99974	0.02294	-0.00556	-0.02293	0.99972	
84	0.83000	-6.93562	13.03653	0.53008	-0.43387	0.37827	-0.53022	0.44829	0.99994	-0.00930	-0.00653	0.00925	0.99993	-0.00763	0.00660	0.00757	0.99995		-12.69057	56.55789	872.31041	179.74463	2.18256	-2.49497	0.49076	0.99833	0.04370	0.03785	0.04350	-0.99903	0.00611	0.03808	-0.00445	-0.99926		500.89132	4.96775	41.89066	1.30659	-0.32593	-0.08546	0.25589	0.99998	-0.00162	0.00565	0.00149	0.99974	0.02281	-0.00569	-0.02280	0.99972	
85	0.84000	-6.93091	13.04196	0.49976	-0.43699	0.36703	-0.53263	0.44435	0.99994	-0.00934	-0.00633	0.00930	0.99993	-0.00769	0.00641	0.00763	0.99995		-12.52612	56.50411	872.34502	179.75298	2.17292	-2.48742	0.49213	0.99834	0.04356	0.03769	0.04337	-0.99904	0.00595	0.03792	-0.00431	-0.99927		500.89335	4.97114	41.81732	1.29726	-0.32289	-0.08170	0.25237	0.99998	-0.00155	0.00560	0.00143	0.99974	0.02265	-0.00564	-0.02264	0.99973	
86	0.85000	-6.93410	13.03672	0.49747	-0.43638	0.36627	-0.52934	0.44560	0.99994	-0.00929	-0.00632	0.00924	0.99993	-0.00768	0.00639	0.00762	0.99995		-12.51116	56.52620	872.34412	179.75009	2.17059	-2.49218	0.49083	0.99834	0.04365	0.03765	0.04345	-0.99904	0.00600	0.03787	-0.00436	-0.99927		500.90957	4.95988	41.81292	1.30965	-0.32992	-0.09888	0.25003	0.99998	-0.00186	0.00572	0.00173	0.99974	0.02287	-0.00576	-0.02286	0.99972	
87	0.86000	-6.93674	13.02271	0.50967	-0.43210	0.37211	-0.52144	0.44836	0.99994	-0.00915	-0.00642	0.00910	0.99993	-0.00760	0.00649	0.00754	0.99995		-12.58341	56.59870	872.34154	179.74599	2.18116	-2.47672	0.49097	0.99834	0.04338	0.03783	0.04318	-0.99905	0.00607	0.03806	-0.00443	-0.99927		500.90068	4.90290	41.86147	1.29659	-0.32647	-0.09432	0.24734	0.99998	-0.00177	0.00566	0.00165	0.99974	0.02264	-0.00570	-0.02263	0.99973	
88	0.87000	-6.93787	13.03906	0.51772	-0.43314	0.37378	-0.52949	0.44518	0.99994	-0.00929	-0.00645	0.00924	0.99993	-0.00762	0.00652	0.00756	0.99995		-12.61119	56.58056	872.32378	179.74712	2.18005	-2.49976	0.48973	0.99833	0.04378	0.03781	0.04358	-0.99903	0.00607	0.03804	-0.00441	-0.99927		500.90314	4.96360	41.86058	1.30533	-0.34143	-0.09381	0.25022	0.99998	-0.00177	0.00592	0.00164	0.99974	0.02279	-0.00596	-0.02278	0.99972	
89	0.88000	-6.93542	13.03603	0.52286	-0.44624	0.37632	-0.52922	0.44654	0.99994	-0.00929	-0.00649	0.00924	0.99993	-0.00785	0.00657	0.00779	0.99995		-12.65813	56.37513	872.32385	179.75711	2.17898	-2.49090	0.49096	0.99833	0.04362	0.03780	0.04343	-0.99904	0.00589	0.03802	-0.00424	-0.99927		500.90390	4.95029	41.87681	1.31774	-0.34510	-0.09184	0.24864	0.99998	-0.00174	0.00598	0.00160	0.99973	0.02301	-0.00602	-0.02300	0.99972	
90	0.89000	-6.93498	13.03185	0.51511	-0.44085	0.37240	-0.52738	0.44879	0.99994	-0.00925	-0.00643	0.00920	0.99993	-0.00775	0.00650	0.00769	0.99995		-12.59975	56.45211	872.33766	179.75539	2.18043	-2.48300	0.49167	0.99834	0.04348	0.03783	0.04329	-0.99905	0.00591	0.03805	-0.00427	-0.99927		500.90834	4.95681	41.84428	1.31131	-0.35078	-0.11114	0.25273	0.99998	-0.00208	0.00608	0.00194	0.99974	0.02290	-0.00612	-0.02288	0.99972	
91	0.90000	-6.93349	13.04015	0.49607	-0.43421	0.36673	-0.53207	0.44982	0.99994	-0.00933	-0.00633	0.00929	0.99993	-0.00764	0.00640	0.00758	0.99995		-12.51401	56.55005	872.34522	179.75337	2.17477	-2.48837	0.49079	0.99834	0.04358	0.03772	0.04339	-0.99904	0.00595	0.03795	-0.00430	-0.99927		500.90812	4.97757	41.81315	1.29153	-0.33194	-0.09108	0.25005	0.99998	-0.00172	0.00576	0.00159	0.99974	0.02255	-0.00579	-0.02254	0.99973	
92	0.91000	-6.93286	13.02281	0.52125	-0.44030	0.37230	-0.52287	0.44741	0.99994	-0.00917	-0.00643	0.00913	0.99993	-0.00774	0.00650	0.00768	0.99995		-12.58892	56.48585	872.32185	179.75406	2.17694	-2.48542	0.48785	0.99834	0.04353	0.03776	0.04333	-0.99904	0.00594	0.03799	-0.00429	-0.99927		500.90332	4.91496	41.85176	1.30993	-0.33128	-0.10234	0.25445	0.99998	-0.00192	0.00574	0.00179	0.99974	0.02287	-0.00578	-0.02286	0.99972	
93	0.92000	-6.93320	13.03595	0.49932	-0.43214	0.36835	-0.52737	0.44855	0.99994	-0.00925	-0.00636	0.00920	0.99993	-0.00760	0.00643	0.00754	0.99995		-12.52715	56.58297	872.34716	179.74858	2.18294	-2.48013	0.48933	0.99834	0.04344	0.03786	0.04324	-0.99905	0.00603	0.03809	-0.00438	-0.99926		500.91237	4.95451	41.82709	1.31820	-0.33572	-0.10566	0.25670	0.99998	-0.00198	0.00582	0.00184	0.99973	0.02302	-0.00586	-0.02300	0.99972	
94	0.93000	-6.93823	13.00588	0.53628	-0.43798	0.38031	-0.51628	0.45040	0.99994	-0.00906	-0.00657	0.00901	0.99993	-0.00770	0.00664	0.00764	0.99995		-12.69391	56.53703	872.30943	179.75479	2.18856	-2.47803	0.48982	0.99834	0.04340	0.03797	0.04320	-0.99905	0.00593	0.03819	-0.00428	-0.99926		500.90342	4.88423	41.89765	1.31589	-0.34179	-0.11128	0.24967	0.99998	-0.00208	0.00592	0.00194	0.99973	0.02298	-0.00597	-0.02296	0.99972	
