1	0.00000	-6.30407	13.75480	0.36244	0.37200	0.10546	-0.68515	0.42741	0.99993	-0.01195	-0.00192	0.01196	0.99991	0.00647	0.00184	-0.00649	0.99998		-9.62903	67.98299	871.89247	178.91838	1.95293	-2.74967	0.49938	0.99827	0.04861	0.03313	0.04794	-0.99864	0.02049	0.03408	-0.01887	-0.99924		501.20128	6.60335	39.62975	0.92363	-0.66658	-0.37216	0.31332	0.99991	-0.00668	0.01153	0.00649	0.99985	0.01619	-0.01163	-0.01612	0.99980	
2	0.01000	-6.30813	13.74823	0.34325	0.36067	0.10197	-0.68868	0.43693	0.99993	-0.01201	-0.00185	0.01202	0.99991	0.00627	0.00178	-0.00629	0.99998		-9.58300	67.82759	871.91124	178.92661	1.94139	-2.76351	0.49895	0.99826	0.04884	0.03293	0.04819	-0.99863	0.02034	0.03388	-0.01872	-0.99925		501.19981	6.62200	39.62927	0.91956	-0.65829	-0.35768	0.31355	0.99991	-0.00643	0.01139	0.00624	0.99985	0.01612	-0.01149	-0.01605	0.99981	
3	0.02000	-6.31440	13.73682	0.34672	0.37389	0.10290	-0.67922	0.42125	0.99993	-0.01184	-0.00187	0.01185	0.99991	0.00650	0.00180	-0.00653	0.99998		-9.57725	68.04210	871.89888	178.91074	1.94484	-2.75283	0.49681	0.99827	0.04866	0.03298	0.04800	-0.99863	0.02062	0.03394	-0.01900	-0.99924		501.21046	6.55503	39.62610	0.88950	-0.67304	-0.37041	0.31502	0.99991	-0.00665	0.01164	0.00646	0.99986	0.01560	-0.01175	-0.01552	0.99981	
4	0.03000	-6.33765	13.22935	-0.11235	-0.12681	-0.04043	-0.54887	0.42718	0.99995	-0.00958	0.00073	0.00958	0.99995	-0.00221	-0.00071	0.00221	1.00000		-7.23517	61.19608	872.90684	179.37706	1.69434	-2.80553	0.58171	0.99836	0.04926	0.02900	0.04892	-0.99873	0.01231	0.02957	-0.01087	-0.99950		500.93504	5.59884	39.00056	1.43143	0.17489	-0.23004	0.39698	0.99999	-0.00394	-0.00315	0.00401	0.99968	0.02497	0.00305	-0.02498	0.99968	
5	0.04000	-6.33559	13.23181	-0.09394	-0.14703	-0.03394	-0.55233	0.43250	0.99995	-0.00964	0.00062	0.00964	0.99995	-0.00256	-0.00059	0.00257	1.00000		-7.34331	60.88198	872.90136	179.40060	1.69406	-2.80770	0.58157	0.99836	0.04929	0.02901	0.04896	-0.99873	0.01190	0.02956	-0.01046	-0.99951		501.03293	5.33904	39.06838	1.15366	0.07416	-0.11341	0.50953	1.00000	-0.00195	-0.00133	0.00198	0.99980	0.02013	0.00129	-0.02013	0.99980	
6	0.05000	-6.02480	12.78040	-0.72942	-0.87554	-0.44298	-0.46442	0.49268	0.99994	-0.00799	0.00785	0.00811	0.99985	-0.01522	-0.00773	0.01528	0.99985		-1.13486	49.77116	874.08229	-179.75639	1.22446	-2.22855	0.59245	0.99902	0.03879	0.02152	0.03888	-0.99924	-0.00342	0.02137	0.00425	-0.99976		501.19828	3.93451	35.86183	1.23848	0.56160	0.51552	0.46245	0.99991	0.00921	-0.00960	-0.00900	0.99972	0.02170	0.00980	-0.02161	0.99972	
7	0.06000	-6.56647	12.92307	1.09688	-0.54392	0.47050	-0.53156	0.41783	0.99992	-0.00935	-0.00812	0.00928	0.99991	-0.00957	0.00821	0.00949	0.99992		-14.49221	54.86294	872.04387	179.75609	2.26543	-2.46507	0.52769	0.99829	0.04318	0.03931	0.04298	-0.99906	0.00595	0.03953	-0.00425	-0.99921		500.94889	4.91145	42.37843	1.18428	-0.52671	0.15878	0.49749	0.99995	0.00258	0.00925	-0.00277	0.99978	0.02064	-0.00919	-0.02067	0.99974	
8	0.07000	-6.52201	13.04967	0.17995	-0.12791	0.08746	-0.52220	0.44894	0.99996	-0.00912	-0.00151	0.00911	0.99996	-0.00225	0.00153	0.00223	1.00000		-8.73746	61.12415	872.62390	179.34747	1.89478	-2.44976	0.52490	0.99854	0.04312	0.03254	0.04272	-0.99901	0.01279	0.03306	-0.01138	-0.99939		501.10099	5.47155	39.99237	1.28814	0.01938	-0.34608	0.46745	0.99998	-0.00603	-0.00047	0.00604	0.99973	0.02248	0.00034	-0.02248	0.99975	
9	0.08000	-6.53129	13.01948	0.19172	-0.14145	0.08913	-0.51247	0.44855	0.99996	-0.00895	-0.00153	0.00894	0.99996	-0.00248	0.00156	0.00247	1.00000		-8.73976	60.95208	872.62309	179.36157	1.89692	-2.44059	0.52468	0.99855	0.04295	0.03259	0.04256	-0.99902	0.01254	0.03310	-0.01114	-0.99939		501.10316	5.43257	39.99669	1.31925	0.00964	-0.38310	0.46456	0.99998	-0.00668	-0.00032	0.00669	0.99971	0.02302	0.00017	-0.02302	0.99973	
10	0.09000	-6.53936	13.04552	0.20546	-0.13654	0.09240	-0.52211	0.44929	0.99996	-0.00912	-0.00159	0.00911	0.99996	-0.00240	0.00161	0.00238	1.00000		-8.79255	60.99872	872.62184	179.36830	1.90962	-2.44670	0.52063	0.99853	0.04305	0.03282	0.04267	-0.99901	0.01244	0.03332	-0.01102	-0.99938		501.10391	5.49960	40.02081	1.32974	0.00527	-0.38603	0.47124	0.99998	-0.00673	-0.00025	0.00674	0.99971	0.02321	0.00009	-0.02321	0.99973	
11	0.10000	-6.55138	13.02038	0.22690	-0.15671	0.10278	-0.51288	0.44940	0.99996	-0.00896	-0.00177	0.00895	0.99996	-0.00275	0.00179	0.00274	0.99999		-8.93302	60.72674	872.59874	179.38402	1.90511	-2.44756	0.51972	0.99854	0.04306	0.03275	0.04268	-0.99901	0.01216	0.03324	-0.01074	-0.99939		501.10859	5.42759	40.08843	1.34219	-0.00739	-0.38956	0.47136	0.99998	-0.00680	-0.00003	0.00680	0.99970	0.02342	-0.00013	-0.02342	0.99973	
12	0.11000	-6.54777	13.03780	0.17726	-0.12263	0.08242	-0.51495	0.44871	0.99996	-0.00899	-0.00142	0.00899	0.99996	-0.00215	0.00144	0.00214	1.00000		-8.62759	61.22216	872.62152	179.35202	1.88953	-2.44425	0.51510	0.99855	0.04302	0.03246	0.04262	-0.99901	0.01271	0.03297	-0.01130	-0.99939		501.11877	5.45311	39.96698	1.31313	0.01185	-0.38160	0.47104	0.99998	-0.00665	-0.00036	0.00666	0.99972	0.02291	0.00021	-0.02292	0.99974	
13	0.12000	-6.55115	13.04718	0.16528	-0.12504	0.07614	-0.51801	0.44854	0.99996	-0.00904	-0.00131	0.00904	0.99996	-0.00219	0.00133	0.00218	1.00000		-8.53157	61.18720	872.62487	179.35017	1.87619	-2.45656	0.51480	0.99855	0.04323	0.03222	0.04284	-0.99900	0.01273	0.03274	-0.01134	-0.99940		501.12767	5.47702	39.91634	1.31375	0.01780	-0.39694	0.47505	0.99998	-0.00692	-0.00047	0.00693	0.99971	0.02292	0.00031	-0.02293	0.99974	
14	0.13000	-6.55818	13.03909	0.18897	-0.12580	0.08684	-0.51698	0.44647	0.99996	-0.00903	-0.00150	0.00902	0.99996	-0.00221	0.00152	0.00220	1.00000		-8.68444	61.18601	872.61820	179.36090	1.90094	-2.45350	0.51472	0.99853	0.04318	0.03266	0.04279	-0.99901	0.01256	0.03317	-0.01115	-0.99939		501.12194	5.47770	39.99585	1.32118	0.01491	-0.39898	0.47178	0.99998	-0.00696	-0.00042	0.00696	0.99971	0.02305	0.00026	-0.02306	0.99973	
15	0.14000	-6.56297	13.04101	0.19076	-0.13122	0.08807	-0.51815	0.45009	0.99996	-0.00905	-0.00152	0.00904	0.99996	-0.00230	0.00154	0.00229	1.00000		-8.70049	61.09152	872.61174	179.36806	1.89551	-2.44355	0.51213	0.99854	0.04300	0.03257	0.04261	-0.99901	0.01243	0.03308	-0.01102	-0.99939		501.12684	5.49516	39.99634	1.33748	0.00368	-0.41577	0.47199	0.99997	-0.00725	-0.00023	0.00726	0.99970	0.02334	0.00006	-0.02334	0.99973	
16	0.15000	-6.56665	13.02818	0.21035	-0.13276	0.09478	-0.51219	0.44953	0.99996	-0.00894	-0.00163	0.00894	0.99996	-0.00233	0.00165	0.00232	1.00000		-8.79343	61.07667	872.60185	179.36180	1.90098	-2.44003	0.51713	0.99854	0.04294	0.03267	0.04255	-0.99902	0.01254	0.03317	-0.01113	-0.99939		501.12618	5.44135	40.04348	1.33226	-0.00639	-0.39938	0.47087	0.99998	-0.00697	-0.00005	0.00697	0.99971	0.02325	-0.00011	-0.02325	0.99973	
17	0.16000	-6.56140	13.04343	0.18948	-0.12160	0.08564	-0.51760	0.44742	0.99996	-0.00904	-0.00147	0.00903	0.99996	-0.00214	0.00149	0.00212	1.00000		-8.66551	61.24093	872.60507	179.35886	1.89487	-2.45229	0.51366	0.99854	0.04315	0.03255	0.04276	-0.99901	0.01259	0.03307	-0.01118	-0.99939		501.12928	5.49650	39.98016	1.33431	0.00077	-0.42214	0.47317	0.99997	-0.00737	-0.00019	0.00737	0.99970	0.02329	0.00001	-0.02329	0.99973	
18	0.17000	-6.56330	13.04770	0.17378	-0.11657	0.08042	-0.51794	0.44864	0.99996	-0.00904	-0.00138	0.00904	0.99996	-0.00205	0.00140	0.00203	1.00000		-8.58635	61.31879	872.61213	179.34250	1.88054	-2.45583	0.51459	0.99854	0.04322	0.03229	0.04283	-0.99900	0.01287	0.03282	-0.01147	-0.99940		501.13110	5.49284	39.95612	1.31439	0.01244	-0.40582	0.47468	0.99997	-0.00708	-0.00038	0.00708	0.99971	0.02294	0.00022	-0.02294	0.99974	
19	0.18000	-6.56730	13.02101	0.20050	-0.13172	0.09074	-0.51063	0.44727	0.99996	-0.00892	-0.00156	0.00891	0.99996	-0.00231	0.00158	0.00230	1.00000		-8.73223	61.10991	872.60254	179.35901	1.89271	-2.44854	0.50840	0.99854	0.04309	0.03252	0.04270	-0.99901	0.01259	0.03303	-0.01118	-0.99939		501.12718	5.43714	40.01700	1.31799	0.00164	-0.40410	0.47173	0.99998	-0.00705	-0.00019	0.00705	0.99971	0.02300	0.00003	-0.02300	0.99974	
20	0.19000	-6.57266	13.04155	0.18246	-0.12054	0.08585	-0.51736	0.45015	0.99996	-0.00903	-0.00148	0.00903	0.99996	-0.00212	0.00150	0.00210	1.00000		-8.65306	61.26859	872.60282	179.35460	1.88818	-2.45454	0.51571	0.99854	0.04319	0.03243	0.04280	-0.99900	0.01266	0.03295	-0.01126	-0.99939		501.13926	5.49851	39.99361	1.32576	-0.00580	-0.42574	0.48090	0.99997	-0.00743	-0.00007	0.00743	0.99970	0.02314	-0.00010	-0.02314	0.99973	
21	0.20000	-6.56599	13.03489	0.17526	-0.12254	0.07983	-0.51461	0.44718	0.99996	-0.00898	-0.00137	0.00898	0.99996	-0.00215	0.00139	0.00214	1.00000		-8.56691	61.23560	872.62864	179.35800	1.89260	-2.44675	0.51276	0.99854	0.04306	0.03252	0.04267	-0.99901	0.01260	0.03303	-0.01120	-0.99939		501.12768	5.46833	39.94487	1.32513	0.00869	-0.40458	0.47647	0.99998	-0.00706	-0.00031	0.00706	0.99971	0.02312	0.00015	-0.02313	0.99973	
22	0.21000	-6.57069	13.01711	0.20350	-0.13684	0.09098	-0.51104	0.44740	0.99996	-0.00892	-0.00157	0.00892	0.99996	-0.00240	0.00159	0.00239	1.00000		-8.73025	61.02904	872.60771	179.37469	1.89897	-2.43789	0.51788	0.99855	0.04290	0.03264	0.04251	-0.99902	0.01231	0.03314	-0.01091	-0.99939		501.12968	5.46666	40.01906	1.35975	-0.00048	-0.43410	0.47375	0.99997	-0.00757	-0.00017	0.00758	0.99969	0.02373	-0.00001	-0.02373	0.99972	
23	0.22000	-6.57200	13.03728	0.19187	-0.13300	0.08725	-0.51667	0.44821	0.99996	-0.00902	-0.00150	0.00902	0.99996	-0.00234	0.00152	0.00232	1.00000		-8.67950	61.06994	872.61285	179.36481	1.89249	-2.45124	0.51225	0.99854	0.04313	0.03252	0.04275	-0.99901	0.01249	0.03302	-0.01108	-0.99939		501.13920	5.46982	39.98482	1.31508	-0.01274	-0.40467	0.47359	0.99998	-0.00707	0.00006	0.00706	0.99971	0.02295	-0.00022	-0.02295	0.99974	
24	0.23000	-6.57794	13.03601	0.20899	-0.12597	0.09471	-0.51523	0.44678	0.99996	-0.00900	-0.00163	0.00899	0.99996	-0.00221	0.00165	0.00220	1.00000		-8.77117	61.19658	872.60528	179.39659	1.90729	-2.42941	0.53386	0.99855	0.04274	0.03280	0.04237	-0.99903	0.01193	0.03328	-0.01053	-0.99939		501.14313	5.44093	39.95764	1.35596	-0.09858	-0.36418	0.49540	0.99998	-0.00640	0.00157	0.00636	0.99970	0.02367	-0.00172	-0.02366	0.99972	
25	0.24000	-6.57334	13.02616	0.19355	-0.11647	0.08702	-0.51153	0.45179	0.99996	-0.00893	-0.00150	0.00893	0.99996	-0.00205	0.00152	0.00203	1.00000		-8.65238	61.34261	872.63152	179.38280	1.91149	-2.41998	0.53314	0.99855	0.04258	0.03287	0.04220	-0.99904	0.01217	0.03336	-0.01077	-0.99939		501.11850	5.44707	39.93964	1.45852	-0.11514	-0.40733	0.48315	0.99997	-0.00716	0.00183	0.00711	0.99965	0.02547	-0.00201	-0.02545	0.99967	
26	0.25000	-6.57156	13.01377	0.19078	-0.13982	0.08658	-0.50740	0.44781	0.99996	-0.00886	-0.00149	0.00886	0.99996	-0.00245	0.00151	0.00244	1.00000		-8.64119	61.00225	872.64768	179.40831	1.90307	-2.41358	0.53617	0.99856	0.04245	0.03274	0.04209	-0.99905	0.01172	0.03321	-0.01032	-0.99940		501.12623	5.40893	39.94048	1.48258	-0.12955	-0.41478	0.48306	0.99997	-0.00730	0.00207	0.00724	0.99964	0.02589	-0.00226	-0.02587	0.99966	
27	0.26000	-6.58271	13.03122	0.21236	-0.14170	0.09490	-0.51427	0.44734	0.99996	-0.00898	-0.00163	0.00898	0.99996	-0.00249	0.00166	0.00247	1.00000		-8.76204	60.94420	872.64502	179.41528	1.92970	-2.40925	0.53988	0.99855	0.04238	0.03321	0.04201	-0.99905	0.01161	0.03367	-0.01020	-0.99938		501.12800	5.44798	39.99809	1.49137	-0.13182	-0.40619	0.48603	0.99997	-0.00715	0.00212	0.00709	0.99964	0.02604	-0.00230	-0.02603	0.99966	
28	0.27000	-6.57908	13.02287	0.21124	-0.13299	0.09561	-0.50939	0.44591	0.99996	-0.00889	-0.00165	0.00889	0.99996	-0.00234	0.00167	0.00232	1.00000		-8.77003	61.08537	872.63193	179.39766	1.92666	-2.40656	0.53411	0.99855	0.04234	0.03315	0.04197	-0.99905	0.01192	0.03362	-0.01051	-0.99938		501.12591	5.43094	40.00594	1.49466	-0.13488	-0.42239	0.48863	0.99997	-0.00743	0.00216	0.00737	0.99963	0.02610	-0.00235	-0.02608	0.99966	
29	0.28000	-6.58584	13.02901	0.22005	-0.12929	0.09872	-0.51421	0.44818	0.99996	-0.00898	-0.00170	0.00897	0.99996	-0.00227	0.00172	0.00226	1.00000		-8.81945	61.13469	872.62659	179.39627	1.93281	-2.41324	0.53738	0.99854	0.04246	0.03325	0.04208	-0.99904	0.01195	0.03373	-0.01053	-0.99938		501.13317	5.46734	40.01620	1.48168	-0.14983	-0.42247	0.49092	0.99997	-0.00744	0.00242	0.00737	0.99964	0.02588	-0.00262	-0.02586	0.99966	
30	0.29000	-6.58552	13.01396	0.23181	-0.14036	0.10257	-0.50725	0.45141	0.99996	-0.00886	-0.00177	0.00885	0.99996	-0.00247	0.00179	0.00245	0.99999		-8.86804	61.00720	872.61242	179.40967	1.92460	-2.42451	0.53536	0.99854	0.04265	0.03312	0.04228	-0.99904	0.01171	0.03358	-0.01030	-0.99938		501.11874	5.41085	40.04161	1.49603	-0.14178	-0.42155	0.48846	0.99997	-0.00742	0.00228	0.00736	0.99963	0.02613	-0.00247	-0.02611	0.99966	
31	0.30000	-6.58754	13.01087	0.23140	-0.14445	0.10399	-0.50787	0.45081	0.99996	-0.00887	-0.00179	0.00886	0.99996	-0.00254	0.00181	0.00252	0.99999		-8.88088	60.94141	872.62411	179.42404	1.93527	-2.41110	0.53536	0.99854	0.04241	0.03332	0.04205	-0.99905	0.01146	0.03377	-0.01005	-0.99938		501.22011	5.57393	40.08396	1.69449	-0.24766	-0.60242	0.58015	0.99994	-0.01064	0.00401	0.01051	0.99951	0.02961	-0.00432	-0.02957	0.99955	
32	0.31000	-6.58731	13.03507	0.20192	-0.13281	0.09453	-0.51227	0.44888	0.99996	-0.00894	-0.00163	0.00894	0.99996	-0.00233	0.00165	0.00232	1.00000		-8.74516	61.08396	872.64124	179.40678	1.92582	-2.41173	0.53407	0.99855	0.04243	0.03314	0.04206	-0.99905	0.01176	0.03361	-0.01035	-0.99938		501.13797	5.45812	39.99922	1.51649	-0.15097	-0.44159	0.49428	0.99997	-0.00777	0.00243	0.00771	0.99962	0.02648	-0.00263	-0.02646	0.99965	
33	0.32000	-6.59196	13.02804	0.22447	-0.13913	0.10094	-0.51063	0.44549	0.99996	-0.00892	-0.00174	0.00891	0.99996	-0.00244	0.00176	0.00243	1.00000		-8.82759	61.00752	872.63293	179.41927	1.94129	-2.41429	0.53914	0.99854	0.04247	0.03342	0.04210	-0.99905	0.01155	0.03388	-0.01013	-0.99937		501.22251	5.58900	40.06571	1.70007	-0.23734	-0.61825	0.58845	0.99993	-0.01091	0.00382	0.01079	0.99950	0.02971	-0.00414	-0.02967	0.99955	
34	0.33000	-6.59535	13.01612	0.25243	-0.13960	0.11337	-0.50793	0.45009	0.99996	-0.00887	-0.00196	0.00886	0.99996	-0.00245	0.00198	0.00244	0.99999		-9.01396	61.00103	872.59363	179.41510	1.94234	-2.41014	0.53629	0.99854	0.04240	0.03343	0.04203	-0.99905	0.01162	0.03389	-0.01020	-0.99937		501.13261	5.42679	40.10132	1.51137	-0.18505	-0.43258	0.49750	0.99997	-0.00763	0.00303	0.00755	0.99962	0.02640	-0.00323	-0.02638	0.99965	
35	0.34000	-6.59142	13.03039	0.23651	-0.13994	0.10524	-0.51447	0.44945	0.99996	-0.00898	-0.00181	0.00898	0.99996	-0.00246	0.00184	0.00244	0.99999		-8.89895	60.99103	872.61754	179.41335	1.93712	-2.42477	0.53526	0.99853	0.04265	0.03334	0.04228	-0.99904	0.01166	0.03380	-0.01023	-0.99938		501.14204	5.47992	40.05709	1.51710	-0.17036	-0.44732	0.50150	0.99997	-0.00788	0.00277	0.00781	0.99962	0.02650	-0.00297	-0.02648	0.99965	
36	0.35000	-6.59298	13.02837	0.21907	-0.12981	0.10094	-0.51041	0.44727	0.99996	-0.00891	-0.00174	0.00891	0.99996	-0.00228	0.00176	0.00227	1.00000		-8.82526	61.13852	872.63243	179.40208	1.94185	-2.40795	0.53494	0.99854	0.04237	0.03341	0.04199	-0.99905	0.01185	0.03389	-0.01043	-0.99937		501.13083	5.43173	40.03292	1.49063	-0.15232	-0.42449	0.49295	0.99997	-0.00748	0.00246	0.00741	0.99963	0.02603	-0.00266	-0.02601	0.99966	
37	0.36000	-6.59618	13.03801	0.23425	-0.13607	0.10631	-0.51608	0.45037	0.99996	-0.00901	-0.00183	0.00901	0.99996	-0.00239	0.00186	0.00237	0.99999		-8.90837	61.04053	872.61748	179.40906	1.94153	-2.42143	0.53621	0.99853	0.04260	0.03341	0.04223	-0.99904	0.01174	0.03388	-0.01031	-0.99937		501.22550	5.63406	40.11056	1.69921	-0.24223	-0.60937	0.59455	0.99993	-0.01076	0.00391	0.01064	0.99950	0.02970	-0.00423	-0.02965	0.99955	
38	0.37000	-6.59683	13.03345	0.21640	-0.14597	0.09855	-0.51710	0.44991	0.99996	-0.00903	-0.00170	0.00902	0.99996	-0.00256	0.00172	0.00255	0.99999		-8.78452	60.89608	872.65590	179.41884	1.94172	-2.42636	0.53597	0.99853	0.04268	0.03342	0.04231	-0.99904	0.01157	0.03388	-0.01014	-0.99937		501.14254	5.47551	40.01734	1.50585	-0.15694	-0.41322	0.49673	0.99997	-0.00728	0.00255	0.00721	0.99963	0.02630	-0.00274	-0.02628	0.99965	
39	0.38000	-6.65199	13.00476	0.62633	-0.37847	0.30564	-0.54679	0.41832	0.99994	-0.00958	-0.00527	0.00954	0.99993	-0.00666	0.00533	0.00661	0.99996		-11.88486	57.34567	872.44703	179.65521	2.13979	-2.44541	0.53512	0.99839	0.04289	0.03705	0.04264	-0.99906	0.00761	0.03734	-0.00601	-0.99928		501.04371	5.60569	41.42496	1.74838	-0.35362	-0.38114	0.49918	0.99996	-0.00684	0.00597	0.00665	0.99951	0.03055	-0.00617	-0.03051	0.99952	
40	0.39000	-6.59869	13.04183	0.22430	-0.14350	0.10414	-0.51855	0.44583	0.99996	-0.00905	-0.00179	0.00905	0.99996	-0.00252	0.00182	0.00250	0.99999		-8.86974	60.91409	872.64015	179.41565	1.94510	-2.42066	0.53626	0.99853	0.04258	0.03348	0.04221	-0.99904	0.01162	0.03394	-0.01019	-0.99937		501.14591	5.50059	40.06151	1.52106	-0.17018	-0.43405	0.49677	0.99997	-0.00765	0.00277	0.00758	0.99962	0.02657	-0.00297	-0.02654	0.99964	
41	0.40000	-6.60390	13.02035	0.25874	-0.15206	0.11682	-0.51109	0.44981	0.99996	-0.00893	-0.00201	0.00892	0.99996	-0.00267	0.00204	0.00265	0.99999		-9.05115	60.80834	872.61757	179.42786	1.96263	-2.40943	0.53182	0.99853	0.04238	0.03380	0.04202	-0.99905	0.01142	0.03425	-0.00998	-0.99936		501.13141	5.44041	40.13936	1.52425	-0.16794	-0.42284	0.49673	0.99997	-0.00746	0.00273	0.00738	0.99962	0.02662	-0.00293	-0.02660	0.99964	
42	0.41000	-6.60254	13.03765	0.23045	-0.13180	0.10677	-0.51418	0.44613	0.99996	-0.00898	-0.00184	0.00897	0.99996	-0.00232	0.00186	0.00230	1.00000		-8.90593	61.10373	872.61941	179.40309	1.94755	-2.42036	0.53528	0.99853	0.04258	0.03351	0.04221	-0.99904	0.01184	0.03398	-0.01041	-0.99937		501.15007	5.47441	40.07259	1.52146	-0.17807	-0.43054	0.50345	0.99997	-0.00759	0.00291	0.00751	0.99962	0.02657	-0.00311	-0.02655	0.99964	
43	0.42000	-6.59672	13.02137	0.22187	-0.14164	0.10337	-0.50886	0.45048	0.99996	-0.00889	-0.00178	0.00888	0.99996	-0.00249	0.00180	0.00247	0.99999		-8.84428	60.97432	872.64852	179.42014	1.94773	-2.41206	0.53763	0.99854	0.04243	0.03353	0.04206	-0.99905	0.01154	0.03399	-0.01011	-0.99937		501.22813	5.59988	40.10049	1.72791	-0.24309	-0.63846	0.59339	0.99993	-0.01127	0.00390	0.01114	0.99948	0.03020	-0.00424	-0.03015	0.99954	
44	0.43000	-6.60114	13.03502	0.20262	-0.12908	0.09620	-0.51420	0.44671	0.99996	-0.00898	-0.00166	0.00897	0.99996	-0.00227	0.00168	0.00225	1.00000		-8.74488	61.14804	872.64664	179.40393	1.93333	-2.41309	0.54019	0.99854	0.04245	0.03327	0.04208	-0.99904	0.01181	0.03374	-0.01040	-0.99938		501.15184	5.47472	40.00665	1.50593	-0.16312	-0.44431	0.49776	0.99997	-0.00783	0.00264	0.00775	0.99962	0.02630	-0.00285	-0.02628	0.99965	
45	0.44000	-6.60313	13.02693	0.22808	-0.13556	0.10247	-0.50970	0.44658	0.99996	-0.00890	-0.00177	0.00890	0.99996	-0.00238	0.00179	0.00237	1.00000		-8.83300	61.05258	872.62751	179.41028	1.94381	-2.40600	0.53667	0.99854	0.04233	0.03346	0.04196	-0.99905	0.01171	0.03392	-0.01029	-0.99937		501.14997	5.43676	40.03226	1.50296	-0.17330	-0.43408	0.50135	0.99997	-0.00765	0.00282	0.00758	0.99963	0.02625	-0.00302	-0.02623	0.99965	
46	0.45000	-6.60562	13.02428	0.24761	-0.13839	0.11260	-0.51032	0.44758	0.99996	-0.00891	-0.00194	0.00891	0.99996	-0.00243	0.00197	0.00242	0.99999		-8.97790	61.02342	872.61500	179.41415	1.95742	-2.41753	0.53689	0.99853	0.04253	0.03369	0.04216	-0.99904	0.01166	0.03416	-0.01022	-0.99936		501.22875	5.60158	40.14252	1.70487	-0.26102	-0.61809	0.59311	0.99993	-0.01092	0.00423	0.01079	0.99950	0.02980	-0.00456	-0.02975	0.99955	
47	0.46000	-6.60580	13.03227	0.25020	-0.14529	0.11291	-0.51600	0.44820	0.99996	-0.00901	-0.00195	0.00901	0.99996	-0.00255	0.00197	0.00254	0.99999		-8.98757	60.90380	872.62358	179.41670	1.95841	-2.41862	0.53511	0.99853	0.04255	0.03371	0.04218	-0.99904	0.01161	0.03417	-0.01017	-0.99936		501.14930	5.49977	40.11161	1.54651	-0.18358	-0.44839	0.50222	0.99996	-0.00791	0.00299	0.00783	0.99960	0.02701	-0.00320	-0.02699	0.99963	
48	0.47000	-6.60194	13.01815	0.22593	-0.13878	0.10322	-0.51050	0.44785	0.99996	-0.00891	-0.00178	0.00891	0.99996	-0.00244	0.00180	0.00242	0.99999		-8.83233	61.02267	872.63299	179.41907	1.95000	-2.40795	0.53447	0.99854	0.04236	0.03357	0.04199	-0.99905	0.01156	0.03403	-0.01013	-0.99937		501.14994	5.46298	40.04071	1.53387	-0.17873	-0.44234	0.50239	0.99997	-0.00780	0.00291	0.00772	0.99961	0.02679	-0.00312	-0.02677	0.99964	
49	0.48000	-6.60496	13.02492	0.22322	-0.13984	0.10399	-0.51044	0.44768	0.99996	-0.00891	-0.00179	0.00891	0.99996	-0.00246	0.00181	0.00244	0.99999		-8.84525	61.00738	872.64772	179.41708	1.95037	-2.42056	0.53509	0.99853	0.04258	0.03357	0.04221	-0.99904	0.01160	0.03403	-0.01017	-0.99937		501.14917	5.43780	40.05838	1.51445	-0.16975	-0.42292	0.50271	0.99997	-0.00746	0.00277	0.00738	0.99962	0.02645	-0.00296	-0.02643	0.99965	
50	0.49000	-6.60390	13.04576	0.21123	-0.12574	0.10076	-0.51809	0.44684	0.99996	-0.00905	-0.00174	0.00904	0.99996	-0.00221	0.00176	0.00219	1.00000		-8.80389	61.20451	872.63797	179.40706	1.95075	-2.42744	0.53519	0.99852	0.04270	0.03357	0.04233	-0.99903	0.01178	0.03404	-0.01034	-0.99937		501.14856	5.50385	40.04125	1.51151	-0.16697	-0.43785	0.50925	0.99997	-0.00772	0.00271	0.00764	0.99962	0.02640	-0.00291	-0.02638	0.99965	
51	0.50000	-6.60947	13.03705	0.24924	-0.14430	0.11287	-0.51709	0.44931	0.99996	-0.00903	-0.00195	0.00902	0.99996	-0.00254	0.00197	0.00252	0.99999		-8.98257	60.91465	872.63322	179.42569	1.96458	-2.41515	0.53805	0.99852	0.04248	0.03383	0.04212	-0.99905	0.01146	0.03428	-0.01002	-0.99936		501.14827	5.50195	40.10227	1.54181	-0.18622	-0.44418	0.50339	0.99996	-0.00784	0.00304	0.00775	0.99961	0.02693	-0.00325	-0.02691	0.99963	
52	0.51000	-6.61175	13.02654	0.21892	-0.13993	0.10319	-0.51131	0.45105	0.99996	-0.00893	-0.00178	0.00892	0.99996	-0.00246	0.00180	0.00244	0.99999		-8.81968	60.99745	872.64406	179.41592	1.95005	-2.40983	0.53882	0.99854	0.04239	0.03357	0.04202	-0.99905	0.01162	0.03403	-0.01019	-0.99937		501.15711	5.45898	40.05044	1.52196	-0.17260	-0.44005	0.50209	0.99997	-0.00776	0.00281	0.00768	0.99962	0.02658	-0.00301	-0.02656	0.99964	
53	0.52000	-6.61183	13.01851	0.23508	-0.14935	0.10681	-0.51079	0.44889	0.99996	-0.00892	-0.00184	0.00891	0.99996	-0.00262	0.00186	0.00261	0.99999		-8.87496	60.86928	872.64948	179.43483	1.96109	-2.41806	0.53547	0.99852	0.04253	0.03377	0.04217	-0.99905	0.01130	0.03422	-0.00986	-0.99937		501.15089	5.45769	40.06982	1.52959	-0.17240	-0.44214	0.50293	0.99997	-0.00779	0.00280	0.00772	0.99961	0.02672	-0.00301	-0.02669	0.99964	
54	0.53000	-6.60810	13.02611	0.22408	-0.14025	0.10475	-0.51024	0.44609	0.99996	-0.00891	-0.00181	0.00891	0.99996	-0.00246	0.00183	0.00245	0.99999		-8.84849	60.99367	872.64190	179.42030	1.95156	-2.40847	0.53509	0.99854	0.04237	0.03360	0.04200	-0.99905	0.01154	0.03405	-0.01011	-0.99937		501.15118	5.45259	40.06405	1.53424	-0.17092	-0.45331	0.50837	0.99996	-0.00799	0.00277	0.00791	0.99961	0.02680	-0.00298	-0.02677	0.99964	
55	0.54000	-6.61340	13.02634	0.22806	-0.14330	0.10484	-0.51311	0.44667	0.99996	-0.00896	-0.00181	0.00896	0.99996	-0.00252	0.00183	0.00250	0.99999		-8.84622	60.94705	872.65114	179.41669	1.95691	-2.41538	0.53574	0.99853	0.04249	0.03369	0.04212	-0.99905	0.01161	0.03415	-0.01017	-0.99937		501.16311	5.46702	40.04377	1.53110	-0.18665	-0.44577	0.50124	0.99996	-0.00786	0.00305	0.00778	0.99961	0.02674	-0.00326	-0.02672	0.99964	
56	0.55000	-6.61382	13.03547	0.23015	-0.12924	0.10760	-0.51352	0.45172	0.99996	-0.00897	-0.00186	0.00896	0.99996	-0.00227	0.00188	0.00226	1.00000		-8.89233	61.14868	872.62529	179.40569	1.95607	-2.41419	0.53791	0.99853	0.04247	0.03366	0.04210	-0.99904	0.01180	0.03413	-0.01037	-0.99936		501.15972	5.47067	40.07352	1.51472	-0.17723	-0.43848	0.50524	0.99997	-0.00773	0.00289	0.00765	0.99962	0.02646	-0.00309	-0.02643	0.99965	
57	0.56000	-6.67104	12.99010	0.64051	-0.37304	0.31388	-0.53915	0.41650	0.99994	-0.00944	-0.00542	0.00941	0.99993	-0.00656	0.00548	0.00651	0.99996		-11.97288	57.45283	872.42705	179.65785	2.15537	-2.43433	0.53925	0.99839	0.04270	0.03732	0.04244	-0.99907	0.00756	0.03761	-0.00597	-0.99927		501.07156	5.59815	41.46600	1.78274	-0.39480	-0.42561	0.50531	0.99995	-0.00764	0.00666	0.00743	0.99949	0.03116	-0.00689	-0.03111	0.99949	
58	0.57000	-6.61633	13.03529	0.22275	-0.13000	0.10739	-0.51313	0.44856	0.99996	-0.00896	-0.00185	0.00896	0.99996	-0.00229	0.00187	0.00227	1.00000		-8.88354	61.14706	872.64369	179.41518	1.96407	-2.41110	0.53544	0.99853	0.04242	0.03381	0.04204	-0.99905	0.01164	0.03427	-0.01020	-0.99936		501.16170	5.47874	40.07782	1.52745	-0.19191	-0.45573	0.50701	0.99996	-0.00804	0.00314	0.00795	0.99961	0.02668	-0.00335	-0.02666	0.99964	
59	0.58000	-6.61253	13.02525	0.24587	-0.15110	0.11309	-0.51133	0.44640	0.99996	-0.00893	-0.00195	0.00892	0.99996	-0.00266	0.00197	0.00264	0.99999		-8.97178	60.82874	872.63263	179.43341	1.96315	-2.41058	0.53569	0.99853	0.04240	0.03381	0.04204	-0.99905	0.01132	0.03426	-0.00988	-0.99936		501.24502	5.61864	40.14597	1.74467	-0.27741	-0.64747	0.60216	0.99992	-0.01144	0.00450	0.01130	0.99947	0.03050	-0.00484	-0.03045	0.99952	
60	0.59000	-6.60759	13.00970	0.23651	-0.14793	0.11000	-0.50567	0.44776	0.99996	-0.00883	-0.00190	0.00883	0.99996	-0.00260	0.00192	0.00258	0.99999		-8.92471	60.89402	872.64054	179.43080	1.96060	-2.40842	0.53915	0.99853	0.04236	0.03376	0.04200	-0.99905	0.01136	0.03421	-0.00993	-0.99937		501.15364	5.42354	40.09450	1.53649	-0.18273	-0.46460	0.50595	0.99996	-0.00819	0.00297	0.00811	0.99961	0.02684	-0.00319	-0.02681	0.99964	
61	0.60000	-6.61172	13.03104	0.20092	-0.13354	0.09757	-0.51263	0.44611	0.99996	-0.00895	-0.00168	0.00895	0.99996	-0.00235	0.00170	0.00233	1.00000		-8.73822	61.09188	872.66882	179.41798	1.95241	-2.41513	0.53579	0.99853	0.04248	0.03361	0.04212	-0.99905	0.01158	0.03407	-0.01015	-0.99937		501.16325	5.48619	40.01894	1.53706	-0.17237	-0.46065	0.50944	0.99996	-0.00812	0.00279	0.00804	0.99961	0.02685	-0.00301	-0.02682	0.99964	
62	0.61000	-6.61647	13.01978	0.25379	-0.14619	0.11720	-0.50947	0.45239	0.99996	-0.00890	-0.00202	0.00889	0.99996	-0.00257	0.00205	0.00255	0.99999		-9.02568	60.91200	872.62562	179.42903	1.97080	-2.40176	0.53734	0.99853	0.04225	0.03394	0.04188	-0.99906	0.01140	0.03439	-0.00996	-0.99936		501.14991	5.43207	40.13292	1.52514	-0.18934	-0.42923	0.50155	0.99997	-0.00758	0.00310	0.00749	0.99962	0.02664	-0.00330	-0.02662	0.99964	
63	0.62000	-6.61457	13.03498	0.20964	-0.13717	0.09896	-0.51408	0.44784	0.99996	-0.00898	-0.00170	0.00897	0.99996	-0.00241	0.00173	0.00239	1.00000		-8.75635	61.03209	872.66570	179.41452	1.95555	-2.41454	0.53625	0.99853	0.04248	0.03366	0.04210	-0.99905	0.01165	0.03412	-0.01021	-0.99937		501.16926	5.48532	40.01565	1.52515	-0.17995	-0.45829	0.50372	0.99996	-0.00808	0.00293	0.00800	0.99961	0.02664	-0.00314	-0.02662	0.99964	
64	0.63000	-6.66650	13.00798	0.60596	-0.36194	0.30088	-0.54580	0.41703	0.99994	-0.00956	-0.00519	0.00953	0.99993	-0.00637	0.00525	0.00632	0.99997		-11.78298	57.59602	872.46138	179.64589	2.14974	-2.43355	0.53772	0.99839	0.04269	0.03721	0.04243	-0.99907	0.00777	0.03751	-0.00618	-0.99928		501.06758	5.63500	41.38251	1.75864	-0.37606	-0.40610	0.50812	0.99995	-0.00729	0.00634	0.00709	0.99950	0.03074	-0.00656	-0.03069	0.99951	
65	0.64000	-6.61306	13.03201	0.21727	-0.13270	0.10438	-0.51125	0.44839	0.99996	-0.00893	-0.00180	0.00892	0.99996	-0.00233	0.00182	0.00232	1.00000		-8.83388	61.10889	872.64345	179.41750	1.95974	-2.41061	0.53561	0.99853	0.04241	0.03374	0.04204	-0.99905	0.01160	0.03420	-0.01016	-0.99936		501.16105	5.48806	40.05847	1.55342	-0.18635	-0.47929	0.50695	0.99996	-0.00845	0.00302	0.00837	0.99960	0.02714	-0.00325	-0.02711	0.99963	
66	0.65000	-6.61141	13.03110	0.20880	-0.14524	0.10086	-0.51423	0.44841	0.99996	-0.00898	-0.00174	0.00897	0.99996	-0.00255	0.00176	0.00253	0.99999		-8.78360	60.91319	872.67571	179.42458	1.96652	-2.41350	0.53425	0.99852	0.04245	0.03386	0.04209	-0.99905	0.01148	0.03432	-0.01004	-0.99936		501.15545	5.48005	40.03705	1.53070	-0.17766	-0.45533	0.50586	0.99996	-0.00803	0.00289	0.00795	0.99961	0.02674	-0.00310	-0.02671	0.99964	
67	0.66000	-6.60863	13.03082	0.22021	-0.13048	0.10364	-0.51070	0.44702	0.99996	-0.00892	-0.00179	0.00891	0.99996	-0.00229	0.00181	0.00228	1.00000		-8.82404	61.14608	872.64232	179.41380	1.95909	-2.41696	0.53601	0.99853	0.04252	0.03372	0.04215	-0.99904	0.01166	0.03419	-0.01022	-0.99936		501.15244	5.45822	40.04366	1.51639	-0.17893	-0.45671	0.50637	0.99996	-0.00805	0.00291	0.00797	0.99962	0.02649	-0.00312	-0.02646	0.99964	
68	0.67000	-6.61448	13.02647	0.21825	-0.13432	0.10318	-0.51028	0.44912	0.99996	-0.00891	-0.00178	0.00891	0.99996	-0.00236	0.00180	0.00234	1.00000		-8.81526	61.08692	872.64153	179.41690	1.95527	-2.41002	0.53547	0.99853	0.04240	0.03366	0.04203	-0.99905	0.01160	0.03412	-0.01017	-0.99937		501.16758	5.46250	40.04188	1.54822	-0.19213	-0.44975	0.51010	0.99996	-0.00794	0.00314	0.00785	0.99960	0.02704	-0.00335	-0.02702	0.99963	
69	0.68000	-6.61711	13.03430	0.21006	-0.14477	0.10007	-0.51537	0.44833	0.99996	-0.00900	-0.00172	0.00899	0.99996	-0.00254	0.00175	0.00253	0.99999		-8.77025	60.91278	872.67065	179.43353	1.95576	-2.40805	0.53597	0.99853	0.04235	0.03368	0.04199	-0.99905	0.01131	0.03413	-0.00988	-0.99937		501.16875	5.49462	40.02187	1.54470	-0.18373	-0.45898	0.50860	0.99996	-0.00809	0.00299	0.00801	0.99960	0.02698	-0.00321	-0.02696	0.99963	
70	0.69000	-6.61925	13.03478	0.26110	-0.14711	0.11809	-0.51558	0.44955	0.99996	-0.00900	-0.00204	0.00900	0.99996	-0.00259	0.00206	0.00257	0.99999		-9.03311	60.87773	872.62819	179.42819	1.98178	-2.41196	0.53678	0.99852	0.04243	0.03413	0.04206	-0.99905	0.01143	0.03458	-0.00997	-0.99935		501.15255	5.47517	40.12878	1.52217	-0.20045	-0.42462	0.51233	0.99997	-0.00750	0.00330	0.00741	0.99962	0.02659	-0.00350	-0.02656	0.99964	
71	0.70000	-6.66849	13.01307	0.63047	-0.35915	0.31003	-0.54594	0.41816	0.99994	-0.00956	-0.00535	0.00953	0.99993	-0.00632	0.00541	0.00627	0.99997		-11.91270	57.64045	872.43450	179.64543	2.16366	-2.44413	0.53713	0.99838	0.04288	0.03745	0.04261	-0.99906	0.00779	0.03775	-0.00618	-0.99927		501.06304	5.63861	41.44515	1.76844	-0.38167	-0.40913	0.50955	0.99995	-0.00734	0.00644	0.00714	0.99950	0.03091	-0.00666	-0.03086	0.99950	
72	0.71000	-6.66582	13.00231	0.61697	-0.36762	0.30568	-0.54351	0.41792	0.99994	-0.00952	-0.00527	0.00949	0.99993	-0.00647	0.00534	0.00642	0.99996		-11.85118	57.53242	872.44842	179.65718	2.15351	-2.44506	0.53508	0.99838	0.04289	0.03729	0.04263	-0.99906	0.00758	0.03758	-0.00598	-0.99928		501.06792	5.62424	41.42887	1.77875	-0.38538	-0.41668	0.51048	0.99995	-0.00748	0.00650	0.00727	0.99949	0.03109	-0.00673	-0.03104	0.99950	
73	0.72000	-6.62246	13.03779	0.25446	-0.14355	0.11925	-0.51618	0.44629	0.99996	-0.00901	-0.00206	0.00901	0.99996	-0.00252	0.00208	0.00251	0.99999		-9.05306	60.93203	872.61776	179.42796	1.97623	-2.41252	0.53610	0.99852	0.04244	0.03403	0.04207	-0.99905	0.01143	0.03448	-0.00998	-0.99936		501.16099	5.49511	40.15380	1.53886	-0.19822	-0.45807	0.51139	0.99996	-0.00808	0.00324	0.00799	0.99961	0.02688	-0.00346	-0.02685	0.99963	
74	0.73000	-6.61858	13.02756	0.23437	-0.14596	0.11190	-0.51234	0.44926	0.99996	-0.00895	-0.00193	0.00894	0.99996	-0.00257	0.00195	0.00255	0.99999		-8.94096	60.91085	872.63983	179.42859	1.96237	-2.41658	0.53614	0.99852	0.04250	0.03379	0.04214	-0.99905	0.01141	0.03424	-0.00997	-0.99936		501.16383	5.46472	40.09599	1.52222	-0.20637	-0.45414	0.51319	0.99996	-0.00802	0.00339	0.00793	0.99961	0.02659	-0.00360	-0.02656	0.99964	
75	0.74000	-6.61402	13.03863	0.20503	-0.13187	0.09898	-0.51509	0.45096	0.99996	-0.00899	-0.00171	0.00899	0.99996	-0.00232	0.00173	0.00230	1.00000		-8.75824	61.11572	872.64895	179.41512	1.94592	-2.41608	0.53468	0.99853	0.04250	0.03349	0.04213	-0.99904	0.01163	0.03396	-0.01020	-0.99937		501.16637	5.51054	40.01866	1.54453	-0.18879	-0.46782	0.51157	0.99996	-0.00825	0.00307	0.00816	0.99960	0.02698	-0.00329	-0.02695	0.99963	
76	0.75000	-6.66938	13.01026	0.60846	-0.34771	0.30175	-0.54496	0.41857	0.99994	-0.00954	-0.00521	0.00951	0.99994	-0.00612	0.00527	0.00607	0.99997		-11.78615	57.83084	872.44482	179.63379	2.15506	-2.45049	0.53862	0.99838	0.04300	0.03730	0.04273	-0.99905	0.00799	0.03760	-0.00639	-0.99927		501.07427	5.63793	41.38358	1.74554	-0.38815	-0.41221	0.51037	0.99995	-0.00740	0.00655	0.00719	0.99951	0.03051	-0.00677	-0.03046	0.99951	
77	0.76000	-6.61957	13.02594	0.26239	-0.14358	0.12125	-0.51153	0.44671	0.99996	-0.00893	-0.00209	0.00893	0.99996	-0.00253	0.00212	0.00251	0.99999		-9.07525	60.94796	872.61921	179.43159	1.98186	-2.41266	0.53567	0.99852	0.04244	0.03413	0.04207	-0.99905	0.01137	0.03458	-0.00991	-0.99935		501.15759	5.48014	40.15417	1.55253	-0.19889	-0.47006	0.51446	0.99996	-0.00830	0.00325	0.00820	0.99960	0.02712	-0.00347	-0.02709	0.99963	
78	0.77000	-6.62403	13.02043	0.26247	-0.14840	0.12048	-0.50837	0.44975	0.99996	-0.00888	-0.00208	0.00887	0.99996	-0.00261	0.00210	0.00259	0.99999		-9.06201	60.86630	872.62111	179.43639	1.97859	-2.39652	0.53579	0.99853	0.04215	0.03408	0.04179	-0.99906	0.01127	0.03453	-0.00983	-0.99936		501.15627	5.44073	40.16113	1.54544	-0.18992	-0.45704	0.51321	0.99996	-0.00806	0.00310	0.00798	0.99960	0.02700	-0.00331	-0.02697	0.99963	
79	0.78000	-6.62040	13.04047	0.21605	-0.12856	0.10389	-0.51635	0.44846	0.99996	-0.00902	-0.00179	0.00901	0.99996	-0.00226	0.00181	0.00224	1.00000		-8.81671	61.15030	872.64551	179.41141	1.96398	-2.40418	0.53662	0.99853	0.04230	0.03381	0.04192	-0.99905	0.01170	0.03427	-0.01027	-0.99936		501.15887	5.48084	40.05430	1.49831	-0.17084	-0.43275	0.50916	0.99997	-0.00763	0.00278	0.00755	0.99963	0.02617	-0.00298	-0.02615	0.99965	
80	0.79000	-6.66855	13.00715	0.58986	-0.35454	0.29583	-0.54472	0.41660	0.99994	-0.00954	-0.00510	0.00951	0.99994	-0.00624	0.00516	0.00619	0.99997		-11.69373	57.73046	872.47027	179.64397	2.14971	-2.44897	0.53327	0.99838	0.04296	0.03721	0.04270	-0.99906	0.00781	0.03751	-0.00621	-0.99928		501.17495	5.81286	41.39500	1.97341	-0.47328	-0.62391	0.60343	0.99991	-0.01117	0.00788	0.01089	0.99934	0.03452	-0.00826	-0.03443	0.99937	
81	0.80000	-6.67751	12.99843	0.63779	-0.37893	0.31470	-0.54531	0.41564	0.99994	-0.00955	-0.00543	0.00952	0.99993	-0.00667	0.00549	0.00661	0.99996		-11.97400	57.35686	872.44315	179.66792	2.16725	-2.44436	0.53576	0.99838	0.04287	0.03753	0.04262	-0.99906	0.00740	0.03782	-0.00579	-0.99927		501.08038	5.64890	41.48122	1.79769	-0.40254	-0.43017	0.51085	0.99995	-0.00772	0.00679	0.00751	0.99948	0.03142	-0.00703	-0.03137	0.99948	
82	0.81000	-6.62143	13.03950	0.23858	-0.14050	0.11395	-0.51716	0.45049	0.99996	-0.00903	-0.00197	0.00903	0.99996	-0.00247	0.00199	0.00245	0.99999		-8.96977	60.98551	872.63417	179.42770	1.97290	-2.41829	0.53876	0.99852	0.04254	0.03397	0.04217	-0.99905	0.01143	0.03443	-0.00998	-0.99936		501.17084	5.51979	40.12480	1.55383	-0.20179	-0.46018	0.51338	0.99996	-0.00812	0.00330	0.00803	0.99960	0.02714	-0.00352	-0.02712	0.99963	
83	0.82000	-6.61958	13.01988	0.24427	-0.14020	0.11461	-0.50876	0.44771	0.99996	-0.00888	-0.00198	0.00888	0.99996	-0.00247	0.00200	0.00245	0.99999		-8.97770	61.00203	872.62925	179.42877	1.97480	-2.40570	0.53560	0.99853	0.04232	0.03401	0.04195	-0.99905	0.01141	0.03446	-0.00996	-0.99936		501.16533	5.46904	40.11409	1.54598	-0.20337	-0.48551	0.51100	0.99996	-0.00857	0.00332	0.00847	0.99960	0.02701	-0.00355	-0.02698	0.99963	
84	0.83000	-6.62061	13.02899	0.22244	-0.12890	0.10641	-0.51125	0.44936	0.99996	-0.00893	-0.00184	0.00892	0.99996	-0.00227	0.00186	0.00225	1.00000		-8.85496	61.16215	872.63879	179.40678	1.96485	-2.40623	0.53592	0.99853	0.04234	0.03382	0.04196	-0.99905	0.01178	0.03429	-0.01035	-0.99936		501.16877	5.47732	40.07078	1.52985	-0.18345	-0.46790	0.50903	0.99996	-0.00825	0.00298	0.00817	0.99961	0.02672	-0.00320	-0.02670	0.99964	
85	0.84000	-6.67238	13.00988	0.60891	-0.36028	0.30371	-0.54606	0.42049	0.99994	-0.00956	-0.00524	0.00953	0.99993	-0.00634	0.00530	0.00629	0.99997		-11.80982	57.63627	872.46481	179.65082	2.16366	-2.44902	0.53959	0.99837	0.04296	0.03746	0.04270	-0.99906	0.00770	0.03775	-0.00609	-0.99927		501.07762	5.64234	41.40401	1.76930	-0.39114	-0.41294	0.50506	0.99995	-0.00741	0.00660	0.00721	0.99950	0.03092	-0.00683	-0.03087	0.99950	
86	0.85000	-6.62591	13.02884	0.24643	-0.14685	0.11688	-0.51367	0.45031	0.99996	-0.00897	-0.00202	0.00897	0.99996	-0.00258	0.00204	0.00256	0.99999		-9.01014	60.89158	872.62857	179.42833	1.97546	-2.41461	0.53575	0.99852	0.04247	0.03402	0.04211	-0.99905	0.01142	0.03447	-0.00997	-0.99936		501.17191	5.49879	40.13843	1.56037	-0.20500	-0.47243	0.50534	0.99996	-0.00834	0.00335	0.00825	0.99959	0.02726	-0.00358	-0.02723	0.99962	
87	0.86000	-6.66757	12.99887	0.62973	-0.37230	0.31046	-0.54187	0.41752	0.99994	-0.00949	-0.00536	0.00946	0.99993	-0.00655	0.00542	0.00650	0.99996		-11.91411	57.45167	872.44066	179.65721	2.15951	-2.43288	0.53515	0.99839	0.04267	0.03739	0.04242	-0.99907	0.00758	0.03768	-0.00598	-0.99927		501.07356	5.61312	41.45098	1.78162	-0.39224	-0.43229	0.51033	0.99995	-0.00775	0.00661	0.00754	0.99949	0.03114	-0.00685	-0.03109	0.99949	
88	0.87000	-6.62195	13.04377	0.21286	-0.13946	0.10356	-0.51910	0.45049	0.99996	-0.00906	-0.00178	0.00906	0.99996	-0.00245	0.00181	0.00243	0.99999		-8.81228	60.99292	872.65712	179.42699	1.96226	-2.41687	0.53911	0.99852	0.04251	0.03379	0.04215	-0.99905	0.01144	0.03424	-0.01000	-0.99936		501.17089	5.52514	40.04871	1.52623	-0.19195	-0.45998	0.50756	0.99996	-0.00811	0.00314	0.00803	0.99961	0.02666	-0.00335	-0.02663	0.99964	
89	0.88000	-6.62071	13.02382	0.23661	-0.13862	0.11046	-0.51009	0.44921	0.99996	-0.00891	-0.00191	0.00890	0.99996	-0.00244	0.00193	0.00242	0.99999		-8.90515	61.01736	872.64662	179.41882	1.97584	-2.40238	0.53620	0.99853	0.04226	0.03402	0.04189	-0.99906	0.01158	0.03448	-0.01014	-0.99935		501.16680	5.46072	40.08384	1.52681	-0.20215	-0.45774	0.50841	0.99996	-0.00808	0.00331	0.00799	0.99961	0.02667	-0.00353	-0.02664	0.99964	
90	0.89000	-6.62397	13.03269	0.24647	-0.14817	0.11473	-0.51338	0.44598	0.99996	-0.00896	-0.00198	0.00896	0.99996	-0.00260	0.00200	0.00259	0.99999		-8.97532	60.86835	872.62898	179.43442	1.97076	-2.41391	0.53886	0.99852	0.04246	0.03394	0.04209	-0.99905	0.01131	0.03439	-0.00987	-0.99936		501.16586	5.47537	40.11762	1.54985	-0.19798	-0.44695	0.50429	0.99996	-0.00789	0.00324	0.00780	0.99960	0.02707	-0.00346	-0.02705	0.99963	
91	0.90000	-6.62317	13.02620	0.23462	-0.13705	0.10862	-0.50992	0.45089	0.99996	-0.00890	-0.00187	0.00890	0.99996	-0.00241	0.00190	0.00239	0.99999		-8.88186	61.04836	872.62723	179.42633	1.96377	-2.41019	0.53671	0.99853	0.04239	0.03381	0.04203	-0.99905	0.01144	0.03427	-0.01001	-0.99936		501.17428	5.46486	40.07491	1.53459	-0.19425	-0.47604	0.50645	0.99996	-0.00840	0.00317	0.00831	0.99961	0.02681	-0.00339	-0.02678	0.99964	
92	0.91000	-6.62287	13.01293	0.24002	-0.14214	0.11195	-0.50767	0.45036	0.99996	-0.00886	-0.00193	0.00886	0.99996	-0.00250	0.00195	0.00248	0.99999		-8.92820	60.98205	872.63078	179.42152	1.96645	-2.40525	0.53787	0.99853	0.04231	0.03386	0.04194	-0.99905	0.01153	0.03431	-0.01009	-0.99936		501.16697	5.44655	40.10554	1.53818	-0.19684	-0.45641	0.50609	0.99996	-0.00806	0.00322	0.00797	0.99961	0.02687	-0.00344	-0.02684	0.99963	
93	0.92000	-6.62360	13.03896	0.26964	-0.12552	0.12514	-0.51571	0.45123	0.99996	-0.00901	-0.00216	0.00900	0.99996	-0.00221	0.00218	0.00219	0.99999		-9.14589	61.20370	872.57869	179.41173	1.97919	-2.41253	0.53596	0.99852	0.04245	0.03407	0.04207	-0.99905	0.01171	0.03454	-0.01026	-0.99935		501.15500	5.50849	40.18295	1.53409	-0.20606	-0.45706	0.50352	0.99996	-0.00807	0.00338	0.00798	0.99961	0.02680	-0.00360	-0.02677	0.99964	
94	0.93000	-6.62235	13.01329	0.20564	-0.11880	0.10023	-0.50452	0.45089	0.99996	-0.00881	-0.00173	0.00881	0.99996	-0.00209	0.00175	0.00207	1.00000		-8.74512	61.33530	872.64757	179.40585	1.96314	-2.39905	0.53981	0.99854	0.04221	0.03379	0.04183	-0.99905	0.01179	0.03426	-0.01036	-0.99936		501.17976	5.43910	40.02797	1.51676	-0.19106	-0.46467	0.50846	0.99996	-0.00820	0.00312	0.00811	0.99962	0.02650	-0.00333	-0.02647	0.99964	
