1	0.00000	-6.58397	13.63693	0.57173	-0.07448	0.31573	-0.69270	0.46879	0.99991	-0.01210	-0.00549	0.01209	0.99993	-0.00137	0.00551	0.00130	0.99998		-12.70369	61.30501	871.90518	179.35228	2.14717	-2.74603	0.45599	0.99815	0.04833	0.03688	0.04788	-0.99877	0.01309	0.03747	-0.01130	-0.99923		501.09201	6.18464	41.14076	0.96528	-0.77958	-0.28972	0.25825	0.99989	-0.00528	0.01352	0.00506	0.99984	0.01692	-0.01361	-0.01685	0.99977	
2	0.01000	-6.58389	13.60233	0.54212	-0.06815	0.30564	-0.67818	0.46827	0.99992	-0.01184	-0.00532	0.01184	0.99993	-0.00125	0.00533	0.00119	0.99998		-12.53638	61.43385	871.93684	179.34827	2.14214	-2.72246	0.45653	0.99817	0.04792	0.03679	0.04746	-0.99879	0.01314	0.03738	-0.01137	-0.99924		501.09151	6.17979	41.09050	1.04399	-0.77499	-0.30562	0.24196	0.99989	-0.00558	0.01343	0.00533	0.99982	0.01829	-0.01353	-0.01822	0.99974	
3	0.02000	-6.58156	13.60891	0.56076	-0.09613	0.31319	-0.68170	0.45796	0.99991	-0.01191	-0.00545	0.01190	0.99993	-0.00174	0.00547	0.00168	0.99998		-12.65016	61.00009	871.94151	179.37921	2.14718	-2.72760	0.45521	0.99817	0.04799	0.03691	0.04755	-0.99879	0.01261	0.03747	-0.01083	-0.99924		501.08769	6.20697	41.14344	1.10155	-0.78950	-0.31257	0.23749	0.99989	-0.00572	0.01367	0.00545	0.99980	0.01930	-0.01378	-0.01922	0.99972	
4	0.03000	-6.61274	13.18971	0.08970	-0.51785	0.20841	-0.56510	0.40087	0.99994	-0.00989	-0.00355	0.00986	0.99991	-0.00907	0.00364	0.00904	0.99995		-10.94627	55.28449	872.80865	179.76474	1.92371	-2.80358	0.53439	0.99824	0.04905	0.03333	0.04888	-0.99879	0.00574	0.03357	-0.00410	-0.99943		500.72041	5.03205	40.82702	1.34124	0.01969	0.05629	0.21035	1.00000	0.00099	-0.00032	-0.00098	0.99973	0.02341	0.00034	-0.02341	0.99973	
5	0.04000	-6.59187	13.08675	0.27924	-0.58604	0.27934	-0.53544	0.38481	0.99994	-0.00939	-0.00478	0.00934	0.99990	-0.01027	0.00488	0.01023	0.99994		-12.01710	54.34055	872.66801	179.83835	1.98819	-2.77079	0.53714	0.99823	0.04844	0.03452	0.04831	-0.99882	0.00450	0.03469	-0.00282	-0.99939		500.80635	4.75574	41.32952	1.35268	-0.16897	-0.02820	0.38128	1.00000	-0.00056	0.00294	0.00049	0.99972	0.02361	-0.00295	-0.02361	0.99972	
6	0.05000	-6.24980	13.01749	-0.77653	-0.42367	-0.25403	-0.47811	0.52783	0.99996	-0.00831	0.00450	0.00834	0.99994	-0.00736	-0.00443	0.00739	0.99996		-4.14928	56.45251	873.44070	179.79532	1.35952	-2.25515	0.54649	0.99894	0.03943	0.02357	0.03934	-0.99922	0.00450	0.02373	-0.00357	-0.99971		500.89010	3.75911	37.58949	0.45355	0.46835	0.56697	0.21566	0.99992	0.00996	-0.00810	-0.00989	0.99992	0.00800	0.00817	-0.00792	0.99994	
7	0.06000	-6.77376	12.96407	1.03291	-0.60750	0.53936	-0.51801	0.44761	0.99991	-0.00914	-0.00932	0.00904	0.99990	-0.01069	0.00941	0.01060	0.99990		-15.60818	53.94844	871.83178	179.82707	2.27668	-2.46768	0.48402	0.99828	0.04318	0.03956	0.04302	-0.99906	0.00473	0.03973	-0.00302	-0.99921		500.62979	4.76932	42.86480	1.38125	-0.34952	-0.01573	0.20448	0.99998	-0.00042	0.00609	0.00027	0.99971	0.02411	-0.00610	-0.02410	0.99969	
8	0.07000	-6.80723	13.04407	0.52282	-0.44241	0.36082	-0.53301	0.44365	0.99994	-0.00935	-0.00622	0.00930	0.99993	-0.00778	0.00630	0.00772	0.99995		-12.87638	56.39956	872.24367	179.66383	2.11470	-2.47282	0.48195	0.99839	0.04336	0.03661	0.04312	-0.99904	0.00745	0.03690	-0.00586	-0.99930		500.76240	4.96269	41.87829	1.23952	-0.11996	-0.03537	0.20218	1.00000	-0.00066	0.00208	0.00062	0.99977	0.02163	-0.00209	-0.02163	0.99976	
9	0.08000	-6.81821	13.05287	0.50527	-0.43708	0.35313	-0.53588	0.44334	0.99994	-0.00940	-0.00609	0.00935	0.99993	-0.00769	0.00616	0.00763	0.99995		-12.74897	56.48036	872.24345	179.65648	2.10629	-2.48182	0.47731	0.99839	0.04352	0.03646	0.04327	-0.99903	0.00758	0.03675	-0.00599	-0.99931		500.77151	4.99367	41.82620	1.23434	-0.11778	-0.04178	0.19895	1.00000	-0.00077	0.00204	0.00073	0.99977	0.02154	-0.00206	-0.02154	0.99977	
10	0.09000	-6.83205	13.05370	0.51632	-0.43127	0.35814	-0.53670	0.44374	0.99994	-0.00941	-0.00618	0.00937	0.99993	-0.00759	0.00625	0.00753	0.99995		-12.80534	56.57455	872.24643	179.66370	2.12430	-2.47528	0.47508	0.99838	0.04340	0.03678	0.04316	-0.99904	0.00746	0.03707	-0.00587	-0.99930		500.78091	5.00526	41.87232	1.23369	-0.11795	-0.04399	0.20672	1.00000	-0.00081	0.00204	0.00077	0.99977	0.02153	-0.00206	-0.02153	0.99977	
11	0.10000	-6.84589	13.06086	0.53296	-0.42914	0.36680	-0.53907	0.44178	0.99993	-0.00946	-0.00633	0.00941	0.99993	-0.00755	0.00640	0.00749	0.99995		-12.92421	56.61253	872.21783	179.66150	2.12859	-2.49011	0.47147	0.99837	0.04367	0.03685	0.04342	-0.99903	0.00752	0.03714	-0.00590	-0.99929		500.78602	5.02250	41.92730	1.23483	-0.13832	-0.04931	0.20354	1.00000	-0.00091	0.00240	0.00086	0.99977	0.02155	-0.00241	-0.02155	0.99976	
12	0.11000	-6.84584	13.04784	0.51901	-0.42064	0.35699	-0.53492	0.44430	0.99994	-0.00938	-0.00616	0.00934	0.99993	-0.00740	0.00623	0.00734	0.99995		-12.76546	56.75524	872.23023	179.65491	2.12270	-2.47903	0.47026	0.99838	0.04348	0.03674	0.04322	-0.99904	0.00762	0.03704	-0.00602	-0.99930		500.79269	5.01963	41.84009	1.22979	-0.14084	-0.06039	0.20815	1.00000	-0.00111	0.00243	0.00105	0.99977	0.02146	-0.00246	-0.02146	0.99977	
13	0.12000	-6.85156	13.03818	0.54605	-0.43163	0.37327	-0.53144	0.44672	0.99994	-0.00932	-0.00644	0.00928	0.99993	-0.00759	0.00651	0.00753	0.99995		-13.00513	56.59150	872.20887	179.66660	2.13714	-2.47629	0.47315	0.99837	0.04342	0.03700	0.04318	-0.99904	0.00742	0.03729	-0.00581	-0.99929		500.79214	4.99160	41.96460	1.25050	-0.15324	-0.06805	0.20957	1.00000	-0.00125	0.00265	0.00119	0.99976	0.02183	-0.00267	-0.02182	0.99976	
14	0.13000	-6.86427	13.06203	0.53070	-0.43044	0.36513	-0.54202	0.44625	0.99993	-0.00951	-0.00630	0.00946	0.99993	-0.00757	0.00637	0.00751	0.99995		-12.87501	56.58144	872.23532	179.67278	2.13914	-2.48238	0.46942	0.99837	0.04352	0.03704	0.04328	-0.99904	0.00732	0.03733	-0.00571	-0.99929		500.80666	5.06635	41.91630	1.24997	-0.13978	-0.06577	0.20771	1.00000	-0.00120	0.00241	0.00115	0.99976	0.02182	-0.00244	-0.02181	0.99976	
15	0.14000	-6.86831	13.04689	0.53261	-0.43417	0.36538	-0.53553	0.44154	0.99994	-0.00939	-0.00631	0.00935	0.99993	-0.00764	0.00638	0.00758	0.99995		-12.86783	56.55306	872.22581	179.67847	2.13303	-2.47966	0.46840	0.99837	0.04347	0.03694	0.04323	-0.99904	0.00722	0.03722	-0.00561	-0.99929		500.81167	5.03102	41.90982	1.26343	-0.14956	-0.07948	0.21129	1.00000	-0.00144	0.00258	0.00139	0.99976	0.02205	-0.00261	-0.02205	0.99975	
16	0.15000	-6.86783	13.04802	0.54505	-0.44450	0.36883	-0.53682	0.44202	0.99994	-0.00942	-0.00636	0.00937	0.99993	-0.00782	0.00644	0.00776	0.99995		-12.91201	56.39396	872.23646	179.68932	2.15045	-2.48286	0.46591	0.99836	0.04352	0.03725	0.04329	-0.99904	0.00704	0.03752	-0.00542	-0.99928		500.80622	5.03633	41.92765	1.26919	-0.14984	-0.08014	0.21127	1.00000	-0.00146	0.00258	0.00140	0.99975	0.02215	-0.00262	-0.02215	0.99975	
17	0.16000	-6.86915	13.03539	0.54492	-0.43347	0.36918	-0.52973	0.44579	0.99994	-0.00929	-0.00637	0.00925	0.99993	-0.00763	0.00644	0.00757	0.99995		-12.91287	56.56894	872.22159	179.67979	2.14682	-2.46931	0.46691	0.99837	0.04329	0.03718	0.04305	-0.99905	0.00720	0.03746	-0.00558	-0.99928		500.81535	5.01631	41.92477	1.28895	-0.16618	-0.10940	0.21008	0.99999	-0.00197	0.00286	0.00191	0.99975	0.02250	-0.00290	-0.02249	0.99974	
18	0.17000	-6.87562	13.04828	0.52286	-0.43258	0.36243	-0.53591	0.44504	0.99994	-0.00940	-0.00625	0.00935	0.99993	-0.00761	0.00633	0.00755	0.99995		-12.81476	56.59082	872.23196	179.67194	2.12869	-2.49652	0.46409	0.99836	0.04377	0.03686	0.04353	-0.99903	0.00734	0.03714	-0.00572	-0.99929		500.82569	5.03934	41.88408	1.27172	-0.16011	-0.08674	0.21304	0.99999	-0.00158	0.00276	0.00151	0.99975	0.02220	-0.00279	-0.02219	0.99975	
19	0.18000	-6.87900	13.04339	0.56492	-0.44256	0.37757	-0.53488	0.44571	0.99993	-0.00939	-0.00652	0.00934	0.99993	-0.00779	0.00659	0.00772	0.99995		-13.02875	56.43639	872.21638	179.68831	2.16057	-2.48938	0.46633	0.99835	0.04364	0.03743	0.04340	-0.99903	0.00707	0.03770	-0.00544	-0.99927		500.82088	5.02998	41.98346	1.28100	-0.17216	-0.08684	0.21248	0.99999	-0.00158	0.00297	0.00152	0.99975	0.02236	-0.00300	-0.02236	0.99975	
20	0.19000	-6.87496	13.04824	0.53941	-0.43509	0.36877	-0.53504	0.44444	0.99994	-0.00939	-0.00636	0.00934	0.99993	-0.00765	0.00644	0.00759	0.99995		-12.90440	56.54408	872.22805	179.68619	2.14267	-2.48526	0.46527	0.99836	0.04357	0.03711	0.04333	-0.99904	0.00709	0.03739	-0.00547	-0.99929		500.82458	5.05472	41.92879	1.28311	-0.16810	-0.11591	0.21609	0.99999	-0.00209	0.00289	0.00202	0.99975	0.02240	-0.00293	-0.02239	0.99974	
21	0.20000	-6.87498	13.05431	0.54747	-0.43416	0.37144	-0.53635	0.44563	0.99993	-0.00941	-0.00641	0.00936	0.99993	-0.00764	0.00648	0.00758	0.99995		-12.94600	56.54667	872.21936	179.68617	2.14803	-2.48130	0.46395	0.99836	0.04350	0.03721	0.04326	-0.99904	0.00709	0.03748	-0.00547	-0.99928		500.81697	5.02954	41.93823	1.25625	-0.17417	-0.08310	0.21330	0.99999	-0.00152	0.00301	0.00145	0.99976	0.02193	-0.00304	-0.02192	0.99976	
22	0.21000	-6.88133	13.04292	0.55910	-0.44575	0.37340	-0.53329	0.44856	0.99994	-0.00936	-0.00644	0.00931	0.99993	-0.00784	0.00652	0.00778	0.99995		-12.96010	56.37875	872.22621	179.69907	2.15326	-2.47744	0.46383	0.99836	0.04342	0.03731	0.04320	-0.99904	0.00687	0.03757	-0.00525	-0.99928		500.82787	5.03389	41.94679	1.29896	-0.17456	-0.10796	0.21534	0.99999	-0.00195	0.00300	0.00188	0.99974	0.02267	-0.00305	-0.02267	0.99974	
23	0.22000	-6.87948	13.04569	0.56023	-0.44528	0.37526	-0.53588	0.44393	0.99993	-0.00940	-0.00648	0.00935	0.99993	-0.00783	0.00655	0.00777	0.99995		-12.99376	56.38077	872.21964	179.69267	2.15462	-2.47864	0.47096	0.99836	0.04345	0.03733	0.04322	-0.99904	0.00698	0.03760	-0.00536	-0.99928		500.83228	5.05502	41.96059	1.28952	-0.18941	-0.10521	0.21858	0.99999	-0.00191	0.00326	0.00184	0.99974	0.02251	-0.00331	-0.02250	0.99974	
24	0.23000	-6.88477	13.03146	0.55150	-0.44290	0.37230	-0.52772	0.45141	0.99994	-0.00926	-0.00643	0.00921	0.99993	-0.00779	0.00650	0.00773	0.99995		-12.91504	56.44295	872.27536	179.73358	2.17596	-2.44601	0.48223	0.99837	0.04285	0.03773	0.04265	-0.99907	0.00627	0.03797	-0.00465	-0.99927		500.84558	4.95784	41.86234	1.31173	-0.27233	-0.07240	0.22977	0.99999	-0.00137	0.00472	0.00126	0.99974	0.02290	-0.00475	-0.02289	0.99973	
25	0.24000	-6.88567	13.05029	0.54800	-0.43542	0.37172	-0.53352	0.44530	0.99994	-0.00936	-0.00642	0.00931	0.99993	-0.00766	0.00649	0.00760	0.99995		-12.90942	56.52813	872.28194	179.72507	2.18221	-2.44121	0.48157	0.99837	0.04278	0.03784	0.04256	-0.99907	0.00642	0.03808	-0.00480	-0.99926		500.84843	4.99074	41.85984	1.30447	-0.27260	-0.05923	0.23503	0.99999	-0.00114	0.00473	0.00103	0.99974	0.02277	-0.00476	-0.02277	0.99973	
26	0.25000	-6.88700	13.04598	0.55815	-0.44587	0.37702	-0.53301	0.44498	0.99993	-0.00935	-0.00651	0.00930	0.99993	-0.00784	0.00658	0.00778	0.99995		-12.99380	56.37217	872.27145	179.73465	2.18021	-2.44393	0.48257	0.99837	0.04282	0.03781	0.04261	-0.99907	0.00625	0.03804	-0.00463	-0.99927		500.84564	4.98190	41.89214	1.30878	-0.28395	-0.05572	0.23659	0.99999	-0.00109	0.00493	0.00097	0.99974	0.02285	-0.00496	-0.02284	0.99973	
27	0.26000	-6.88905	13.04337	0.55199	-0.45027	0.37246	-0.53275	0.44593	0.99994	-0.00935	-0.00643	0.00930	0.99993	-0.00792	0.00650	0.00786	0.99995		-12.91517	56.30105	872.29240	179.73346	2.17807	-2.44061	0.48295	0.99837	0.04276	0.03777	0.04255	-0.99907	0.00627	0.03801	-0.00465	-0.99927		500.85023	4.98625	41.86016	1.33053	-0.28931	-0.06789	0.23681	0.99999	-0.00130	0.00502	0.00118	0.99973	0.02323	-0.00505	-0.02322	0.99972	
28	0.27000	-6.88508	13.03885	0.53540	-0.43032	0.36523	-0.52856	0.44081	0.99994	-0.00927	-0.00630	0.00922	0.99993	-0.00757	0.00637	0.00751	0.99995		-12.80786	56.63167	872.27707	179.72218	2.16624	-2.44550	0.48172	0.99838	0.04285	0.03756	0.04264	-0.99907	0.00646	0.03780	-0.00485	-0.99927		500.84933	4.96527	41.80238	1.29605	-0.28103	-0.05706	0.23975	0.99999	-0.00111	0.00488	0.00100	0.99974	0.02262	-0.00490	-0.02262	0.99973	
29	0.28000	-6.89080	13.04235	0.54376	-0.43773	0.37019	-0.52912	0.44520	0.99994	-0.00928	-0.00639	0.00923	0.99993	-0.00770	0.00646	0.00764	0.99995		-12.87943	56.51633	872.27913	179.73567	2.17138	-2.44317	0.47935	0.99837	0.04280	0.03766	0.04260	-0.99907	0.00622	0.03789	-0.00461	-0.99927		500.86186	4.98128	41.83517	1.31927	-0.29678	-0.08749	0.23535	0.99999	-0.00165	0.00514	0.00153	0.99973	0.02303	-0.00518	-0.02302	0.99972	
30	0.29000	-6.89385	13.02912	0.56768	-0.43698	0.37767	-0.52584	0.44714	0.99994	-0.00923	-0.00652	0.00918	0.99993	-0.00769	0.00659	0.00763	0.99995		-12.98291	56.51829	872.27444	179.72780	2.19603	-2.42744	0.48231	0.99837	0.04254	0.03808	0.04232	-0.99908	0.00637	0.03832	-0.00475	-0.99925		500.85321	4.97081	41.87871	1.32566	-0.29419	-0.08499	0.24287	0.99999	-0.00160	0.00510	0.00148	0.99973	0.02314	-0.00513	-0.02313	0.99972	
31	0.30000	-6.88993	13.03310	0.54844	-0.44681	0.37298	-0.52675	0.44450	0.99994	-0.00924	-0.00644	0.00919	0.99993	-0.00786	0.00651	0.00780	0.99995		-12.90869	56.37975	872.28784	179.74222	2.18140	-2.43763	0.48175	0.99837	0.04270	0.03784	0.04250	-0.99908	0.00611	0.03806	-0.00450	-0.99927		500.85120	4.94539	41.86465	1.31458	-0.28235	-0.06279	0.24004	0.99999	-0.00121	0.00490	0.00110	0.99974	0.02295	-0.00493	-0.02294	0.99972	
32	0.31000	-6.89316	13.04031	0.56797	-0.44422	0.38027	-0.53021	0.44377	0.99993	-0.00930	-0.00656	0.00925	0.99993	-0.00781	0.00664	0.00775	0.99995		-13.02504	56.41264	872.26563	179.73633	2.18596	-2.44241	0.48352	0.99836	0.04279	0.03791	0.04258	-0.99907	0.00622	0.03814	-0.00460	-0.99926		500.85331	4.98139	41.90175	1.32420	-0.30512	-0.07607	0.23849	0.99998	-0.00145	0.00529	0.00133	0.99973	0.02312	-0.00533	-0.02311	0.99972	
33	0.32000	-6.89517	13.04978	0.55288	-0.43759	0.37311	-0.53550	0.44451	0.99993	-0.00940	-0.00644	0.00935	0.99993	-0.00770	0.00651	0.00764	0.99995		-12.91808	56.48564	872.28565	179.73610	2.18596	-2.42982	0.48430	0.99837	0.04257	0.03791	0.04236	-0.99908	0.00622	0.03814	-0.00460	-0.99926		500.86166	5.03950	41.85418	1.33955	-0.29735	-0.08892	0.23735	0.99999	-0.00167	0.00515	0.00155	0.99973	0.02339	-0.00519	-0.02338	0.99971	
34	0.33000	-6.89288	13.05124	0.56544	-0.43613	0.37773	-0.53682	0.44671	0.99993	-0.00942	-0.00652	0.00937	0.99993	-0.00767	0.00659	0.00761	0.99995		-12.99660	56.52228	872.26402	179.73463	2.18623	-2.44461	0.48407	0.99836	0.04283	0.03791	0.04262	-0.99907	0.00625	0.03815	-0.00463	-0.99926		500.84405	5.03284	41.88564	1.32938	-0.29112	-0.06715	0.23915	0.99999	-0.00129	0.00505	0.00117	0.99973	0.02321	-0.00508	-0.02320	0.99972	
35	0.34000	-6.90038	13.04993	0.55995	-0.42887	0.37619	-0.53339	0.44610	0.99993	-0.00936	-0.00649	0.00931	0.99993	-0.00755	0.00657	0.00749	0.99995		-12.95623	56.63494	872.27165	179.73102	2.19570	-2.44400	0.48041	0.99836	0.04282	0.03808	0.04261	-0.99907	0.00632	0.03831	-0.00469	-0.99925		500.85156	4.99903	41.87492	1.30407	-0.28994	-0.06027	0.23721	0.99999	-0.00117	0.00504	0.00105	0.99974	0.02276	-0.00506	-0.02276	0.99973	
36	0.35000	-6.89570	13.04149	0.56145	-0.43951	0.37384	-0.53347	0.45042	0.99994	-0.00936	-0.00645	0.00931	0.99993	-0.00773	0.00652	0.00767	0.99995		-12.92069	56.48161	872.27784	179.73814	2.19068	-2.43792	0.48166	0.99836	0.04271	0.03800	0.04251	-0.99908	0.00619	0.03823	-0.00457	-0.99926		500.85971	5.01620	41.85288	1.33194	-0.29846	-0.07729	0.24251	0.99999	-0.00147	0.00518	0.00135	0.99973	0.02325	-0.00521	-0.02324	0.99972	
37	0.36000	-6.89944	13.03621	0.56092	-0.43524	0.37855	-0.53015	0.44637	0.99994	-0.00930	-0.00654	0.00925	0.99993	-0.00766	0.00661	0.00760	0.99995		-12.98469	56.55485	872.26776	179.73479	2.19274	-2.43787	0.48083	0.99836	0.04271	0.03803	0.04250	-0.99908	0.00625	0.03826	-0.00463	-0.99926		500.85876	4.99604	41.89361	1.32803	-0.30431	-0.08484	0.24144	0.99998	-0.00160	0.00528	0.00148	0.99973	0.02318	-0.00531	-0.02318	0.99972	
38	0.37000	-6.89555	13.03899	0.53903	-0.43389	0.36827	-0.52965	0.44635	0.99994	-0.00929	-0.00636	0.00924	0.99993	-0.00763	0.00643	0.00757	0.99995		-12.82396	56.57256	872.30018	179.72812	2.19092	-2.43701	0.48329	0.99837	0.04270	0.03799	0.04249	-0.99908	0.00637	0.03823	-0.00474	-0.99926		500.85705	4.99519	41.82892	1.33013	-0.28048	-0.08638	0.24368	0.99999	-0.00162	0.00486	0.00151	0.99973	0.02322	-0.00490	-0.02321	0.99972	
39	0.38000	-6.90258	13.03499	0.55433	-0.44096	0.37230	-0.52873	0.44788	0.99994	-0.00928	-0.00643	0.00923	0.99993	-0.00776	0.00650	0.00770	0.99995		-12.87923	56.47568	872.28632	179.73750	2.19060	-2.43971	0.48115	0.99836	0.04274	0.03799	0.04254	-0.99908	0.00620	0.03822	-0.00458	-0.99926		500.86440	4.97724	41.84110	1.32544	-0.29594	-0.07522	0.24281	0.99999	-0.00143	0.00513	0.00131	0.99973	0.02314	-0.00517	-0.02313	0.99972	
40	0.39000	-6.90245	13.03831	0.57647	-0.44527	0.38284	-0.52996	0.44368	0.99993	-0.00930	-0.00661	0.00925	0.99993	-0.00783	0.00668	0.00777	0.99995		-13.03340	56.40733	872.27348	179.74481	2.20564	-2.44352	0.47786	0.99835	0.04281	0.03826	0.04260	-0.99907	0.00609	0.03849	-0.00445	-0.99925		500.86019	4.98116	41.91038	1.32577	-0.31210	-0.08534	0.24187	0.99998	-0.00162	0.00541	0.00149	0.99973	0.02315	-0.00545	-0.02314	0.99972	
41	0.40000	-6.90386	13.04829	0.56618	-0.44604	0.37771	-0.53440	0.44543	0.99993	-0.00938	-0.00652	0.00933	0.99993	-0.00785	0.00659	0.00778	0.99995		-12.96869	56.37391	872.27330	179.74213	2.19149	-2.44550	0.48223	0.99836	0.04284	0.03801	0.04264	-0.99907	0.00613	0.03824	-0.00450	-0.99926		500.85913	5.01884	41.87874	1.34616	-0.30255	-0.08369	0.24304	0.99998	-0.00158	0.00524	0.00146	0.99972	0.02350	-0.00528	-0.02349	0.99971	
42	0.41000	-6.90136	13.04194	0.56409	-0.43390	0.37602	-0.53053	0.44751	0.99994	-0.00931	-0.00649	0.00926	0.99993	-0.00763	0.00656	0.00757	0.99995		-12.93869	56.57396	872.27191	179.73177	2.19438	-2.44624	0.48008	0.99836	0.04286	0.03805	0.04265	-0.99907	0.00631	0.03829	-0.00468	-0.99926		500.85990	4.97587	41.86955	1.31148	-0.29439	-0.06061	0.24266	0.99999	-0.00118	0.00511	0.00106	0.99974	0.02289	-0.00514	-0.02289	0.99972	
43	0.42000	-6.89934	13.05024	0.54149	-0.44029	0.36852	-0.53385	0.44661	0.99994	-0.00937	-0.00636	0.00932	0.99993	-0.00774	0.00643	0.00768	0.99995		-12.83780	56.45375	872.30387	179.73840	2.18858	-2.43850	0.47953	0.99837	0.04272	0.03796	0.04252	-0.99908	0.00619	0.03819	-0.00456	-0.99926		500.86204	5.01629	41.83545	1.33101	-0.28438	-0.08479	0.23939	0.99999	-0.00159	0.00493	0.00148	0.99973	0.02324	-0.00496	-0.02323	0.99972	
44	0.43000	-6.89904	13.04979	0.54530	-0.44179	0.36869	-0.53473	0.44517	0.99994	-0.00938	-0.00636	0.00933	0.99993	-0.00777	0.00643	0.00771	0.99995		-12.84035	56.43829	872.29795	179.74110	2.18533	-2.44308	0.48253	0.99836	0.04280	0.03790	0.04260	-0.99907	0.00614	0.03813	-0.00452	-0.99926		500.86568	5.01061	41.82505	1.33520	-0.29394	-0.07309	0.23951	0.99999	-0.00139	0.00510	0.00128	0.99973	0.02331	-0.00513	-0.02330	0.99972	
45	0.44000	-6.89975	13.03840	0.55955	-0.44243	0.37489	-0.52973	0.44506	0.99994	-0.00930	-0.00647	0.00925	0.99993	-0.00778	0.00654	0.00772	0.99995		-12.92809	56.43644	872.28481	179.73868	2.18923	-2.43357	0.48265	0.99837	0.04263	0.03797	0.04243	-0.99908	0.00618	0.03820	-0.00456	-0.99926		500.85461	4.96907	41.87572	1.31653	-0.28830	-0.07084	0.24157	0.99999	-0.00135	0.00500	0.00124	0.99974	0.02298	-0.00503	-0.02298	0.99972	
46	0.45000	-6.90192	13.04353	0.56938	-0.43420	0.37685	-0.53209	0.44990	0.99994	-0.00934	-0.00651	0.00929	0.99993	-0.00764	0.00658	0.00758	0.99995		-12.96120	56.56243	872.27566	179.73381	2.19615	-2.44056	0.48277	0.99836	0.04276	0.03809	0.04255	-0.99907	0.00627	0.03832	-0.00464	-0.99925		500.86285	4.99355	41.87033	1.31376	-0.30365	-0.07020	0.24253	0.99999	-0.00135	0.00527	0.00123	0.99974	0.02293	-0.00530	-0.02293	0.99972	
47	0.46000	-6.90247	13.05227	0.56435	-0.42980	0.37800	-0.53391	0.44637	0.99993	-0.00937	-0.00653	0.00932	0.99993	-0.00756	0.00660	0.00750	0.99995		-12.98166	56.62641	872.26779	179.72714	2.19098	-2.44861	0.48272	0.99836	0.04290	0.03799	0.04269	-0.99907	0.00639	0.03823	-0.00476	-0.99926		500.85915	5.01117	41.88338	1.31244	-0.30049	-0.07609	0.24392	0.99999	-0.00145	0.00521	0.00133	0.99974	0.02291	-0.00524	-0.02290	0.99972	
48	0.47000	-6.90370	13.04430	0.54373	-0.43921	0.36954	-0.53340	0.44914	0.99994	-0.00936	-0.00638	0.00931	0.99993	-0.00773	0.00645	0.00767	0.99995		-12.84990	56.48335	872.30300	179.73514	2.18584	-2.44279	0.48214	0.99836	0.04280	0.03791	0.04259	-0.99907	0.00624	0.03814	-0.00462	-0.99926		500.86647	5.00654	41.83183	1.32537	-0.28862	-0.07459	0.24397	0.99999	-0.00142	0.00501	0.00130	0.99973	0.02314	-0.00504	-0.02313	0.99972	
49	0.48000	-6.89885	13.05467	0.55197	-0.43892	0.37066	-0.53659	0.44630	0.99993	-0.00941	-0.00640	0.00936	0.99993	-0.00772	0.00647	0.00766	0.99995		-12.87499	56.47788	872.29833	179.73820	2.18601	-2.45042	0.48300	0.99836	0.04293	0.03791	0.04272	-0.99907	0.00620	0.03814	-0.00457	-0.99926		500.86374	5.01575	41.84190	1.30877	-0.28435	-0.06211	0.24726	0.99999	-0.00120	0.00494	0.00108	0.99974	0.02285	-0.00496	-0.02284	0.99973	
50	0.49000	-6.89770	13.03611	0.57213	-0.45377	0.37868	-0.52872	0.44647	0.99994	-0.00928	-0.00654	0.00923	0.99993	-0.00798	0.00661	0.00792	0.99995		-12.99621	56.27551	872.27356	179.74854	2.18141	-2.44442	0.47862	0.99837	0.04282	0.03784	0.04262	-0.99907	0.00601	0.03806	-0.00439	-0.99927		500.85647	4.98603	41.87831	1.34846	-0.30746	-0.10136	0.24535	0.99998	-0.00189	0.00532	0.00177	0.99972	0.02354	-0.00537	-0.02353	0.99971	
51	0.50000	-6.90504	13.04693	0.55312	-0.44755	0.37267	-0.53417	0.44606	0.99994	-0.00937	-0.00643	0.00932	0.99993	-0.00787	0.00650	0.00781	0.99995		-12.90120	56.35104	872.29854	179.74980	2.18484	-2.44000	0.48023	0.99837	0.04274	0.03790	0.04254	-0.99908	0.00599	0.03812	-0.00436	-0.99926		500.87099	5.01245	41.85123	1.33519	-0.29852	-0.08779	0.24516	0.99999	-0.00165	0.00517	0.00153	0.99973	0.02331	-0.00521	-0.02330	0.99971	
52	0.51000	-6.90475	13.03006	0.57472	-0.44686	0.38228	-0.52787	0.44719	0.99994	-0.00926	-0.00660	0.00921	0.99993	-0.00786	0.00667	0.00780	0.99995		-13.03454	56.38766	872.28541	179.74866	2.20166	-2.44550	0.48237	0.99835	0.04284	0.03819	0.04264	-0.99907	0.00602	0.03842	-0.00438	-0.99925		500.86741	4.99387	41.90520	1.34841	-0.31654	-0.11168	0.24525	0.99998	-0.00208	0.00548	0.00195	0.99972	0.02354	-0.00552	-0.02353	0.99971	
53	0.52000	-6.90944	13.05309	0.57058	-0.45338	0.37909	-0.53643	0.44504	0.99993	-0.00941	-0.00654	0.00936	0.99992	-0.00798	0.00662	0.00791	0.99995		-12.99093	56.26829	872.29397	179.75928	2.19461	-2.45728	0.47887	0.99835	0.04303	0.03808	0.04284	-0.99906	0.00584	0.03829	-0.00420	-0.99926		500.86944	5.03612	41.88596	1.35379	-0.30799	-0.09727	0.24538	0.99998	-0.00182	0.00533	0.00170	0.99972	0.02364	-0.00538	-0.02363	0.99971	
54	0.53000	-6.90886	13.04012	0.55794	-0.44175	0.37540	-0.52964	0.44743	0.99994	-0.00929	-0.00648	0.00924	0.99993	-0.00777	0.00655	0.00771	0.99995		-12.93003	56.45218	872.30130	179.74454	2.19668	-2.44448	0.48026	0.99836	0.04282	0.03810	0.04262	-0.99907	0.00609	0.03833	-0.00446	-0.99926		500.86982	4.97631	41.86741	1.33134	-0.29347	-0.08030	0.24857	0.99999	-0.00152	0.00509	0.00140	0.99973	0.02324	-0.00512	-0.02323	0.99972	
55	0.54000	-6.90968	13.04411	0.57420	-0.45660	0.38061	-0.53542	0.44828	0.99993	-0.00940	-0.00657	0.00934	0.99992	-0.00803	0.00664	0.00797	0.99995		-13.01551	56.22784	872.29026	179.75804	2.19910	-2.45416	0.48052	0.99835	0.04298	0.03816	0.04279	-0.99907	0.00586	0.03837	-0.00422	-0.99925		500.86768	5.01610	41.89507	1.34438	-0.30372	-0.08208	0.24923	0.99998	-0.00156	0.00527	0.00143	0.99972	0.02347	-0.00530	-0.02346	0.99971	
56	0.55000	-6.90537	13.04558	0.55623	-0.45591	0.37461	-0.53496	0.44627	0.99993	-0.00939	-0.00646	0.00934	0.99992	-0.00802	0.00654	0.00796	0.99995		-12.92856	56.23545	872.31941	179.75888	2.19814	-2.45047	0.48082	0.99835	0.04292	0.03814	0.04272	-0.99907	0.00584	0.03836	-0.00421	-0.99926		500.86342	5.01847	41.85811	1.34571	-0.29817	-0.09076	0.24162	0.99999	-0.00171	0.00517	0.00158	0.99972	0.02349	-0.00520	-0.02348	0.99971	
57	0.56000	-6.91194	13.05191	0.57702	-0.43872	0.38390	-0.53464	0.44715	0.99993	-0.00938	-0.00663	0.00933	0.99993	-0.00772	0.00670	0.00766	0.99995		-13.06611	56.47859	872.27023	179.74196	2.20264	-2.44247	0.47820	0.99835	0.04279	0.03821	0.04258	-0.99907	0.00614	0.03843	-0.00450	-0.99925		500.87065	5.01996	41.92179	1.33815	-0.30838	-0.09149	0.24534	0.99998	-0.00172	0.00534	0.00160	0.99973	0.02336	-0.00538	-0.02335	0.99971	
58	0.57000	-6.91013	13.04587	0.58313	-0.45765	0.38251	-0.53430	0.44829	0.99993	-0.00938	-0.00660	0.00932	0.99992	-0.00805	0.00668	0.00799	0.99995		-13.04314	56.19606	872.27187	179.76039	2.19186	-2.44471	0.47936	0.99836	0.04281	0.03803	0.04262	-0.99907	0.00581	0.03825	-0.00418	-0.99926		500.86425	5.00445	41.89835	1.34354	-0.30957	-0.08181	0.24315	0.99998	-0.00155	0.00537	0.00143	0.99972	0.02345	-0.00540	-0.02345	0.99971	
59	0.58000	-6.90609	13.03367	0.56691	-0.45044	0.37750	-0.53018	0.44916	0.99994	-0.00930	-0.00651	0.00925	0.99993	-0.00792	0.00659	0.00786	0.99995		-12.96190	56.32450	872.28954	179.75745	2.19382	-2.44050	0.47949	0.99836	0.04274	0.03806	0.04255	-0.99908	0.00586	0.03828	-0.00423	-0.99926		500.86266	4.98732	41.86809	1.34256	-0.30540	-0.08600	0.24405	0.99998	-0.00163	0.00529	0.00150	0.99972	0.02344	-0.00533	-0.02343	0.99971	
60	0.59000	-6.90561	13.03672	0.55354	-0.43558	0.37184	-0.52965	0.44883	0.99994	-0.00929	-0.00642	0.00924	0.99993	-0.00766	0.00649	0.00760	0.99995		-12.87720	56.55619	872.29078	179.74271	2.19162	-2.44560	0.47956	0.99836	0.04284	0.03801	0.04264	-0.99907	0.00612	0.03824	-0.00449	-0.99926		500.86652	4.97691	41.82590	1.31475	-0.30590	-0.07359	0.24604	0.99998	-0.00141	0.00531	0.00128	0.99974	0.02295	-0.00534	-0.02294	0.99972	
61	0.60000	-6.90455	13.04067	0.54563	-0.43312	0.37054	-0.52865	0.44870	0.99994	-0.00927	-0.00640	0.00923	0.99993	-0.00762	0.00647	0.00756	0.99995		-12.86072	56.58104	872.30109	179.73251	2.19241	-2.43583	0.48185	0.99837	0.04268	0.03802	0.04247	-0.99908	0.00629	0.03826	-0.00467	-0.99926		500.86221	4.97854	41.83426	1.32893	-0.29163	-0.08342	0.24809	0.99999	-0.00157	0.00505	0.00146	0.99973	0.02320	-0.00509	-0.02319	0.99972	
62	0.61000	-6.90482	13.04028	0.54978	-0.43725	0.37070	-0.52994	0.44687	0.99994	-0.00930	-0.00640	0.00925	0.99993	-0.00769	0.00647	0.00763	0.99995		-12.86390	56.51072	872.29363	179.73622	2.18831	-2.43068	0.47962	0.99837	0.04259	0.03795	0.04238	-0.99908	0.00622	0.03818	-0.00460	-0.99926		500.87212	4.98110	41.81589	1.31790	-0.30878	-0.07842	0.24297	0.99998	-0.00149	0.00536	0.00137	0.99973	0.02301	-0.00539	-0.02300	0.99972	
63	0.62000	-6.90518	13.03994	0.54637	-0.44367	0.36981	-0.53230	0.44954	0.99994	-0.00934	-0.00638	0.00929	0.99993	-0.00780	0.00645	0.00774	0.99995		-12.85089	56.42277	872.30489	179.75229	2.18897	-2.43861	0.47891	0.99837	0.04271	0.03798	0.04252	-0.99908	0.00594	0.03820	-0.00432	-0.99926		500.86719	4.99959	41.82287	1.33223	-0.29769	-0.07303	0.24770	0.99999	-0.00140	0.00516	0.00127	0.99973	0.02326	-0.00520	-0.02325	0.99972	
64	0.63000	-6.90836	13.05699	0.57124	-0.44046	0.37836	-0.53748	0.45170	0.99993	-0.00943	-0.00653	0.00938	0.99993	-0.00775	0.00660	0.00769	0.99995		-12.98363	56.44742	872.26693	179.74916	2.19331	-2.44212	0.48250	0.99836	0.04278	0.03805	0.04258	-0.99908	0.00600	0.03827	-0.00437	-0.99926		500.86399	5.03180	41.87590	1.33712	-0.30200	-0.07644	0.24765	0.99999	-0.00146	0.00524	0.00133	0.99973	0.02334	-0.00527	-0.02333	0.99971	
65	0.64000	-6.91080	13.02879	0.56499	-0.45682	0.37620	-0.52935	0.44732	0.99994	-0.00929	-0.00649	0.00924	0.99993	-0.00803	0.00657	0.00797	0.99995		-12.94050	56.25500	872.29151	179.75891	2.18593	-2.45609	0.47916	0.99835	0.04301	0.03793	0.04282	-0.99907	0.00584	0.03814	-0.00420	-0.99926		500.86616	4.97747	41.85902	1.35181	-0.30067	-0.08318	0.24690	0.99999	-0.00158	0.00521	0.00145	0.99972	0.02360	-0.00525	-0.02359	0.99971	
66	0.65000	-6.90851	13.04703	0.56890	-0.44723	0.37798	-0.53500	0.44811	0.99993	-0.00939	-0.00652	0.00934	0.99993	-0.00787	0.00660	0.00781	0.99995		-12.97361	56.37141	872.27509	179.75041	2.18700	-2.45466	0.47995	0.99835	0.04299	0.03794	0.04280	-0.99907	0.00599	0.03816	-0.00435	-0.99926		500.86606	5.01931	41.87135	1.34076	-0.30889	-0.08465	0.24249	0.99998	-0.00160	0.00536	0.00148	0.99972	0.02341	-0.00539	-0.02340	0.99971	
67	0.66000	-6.91196	13.02380	0.57460	-0.45451	0.37965	-0.52540	0.44936	0.99994	-0.00922	-0.00655	0.00917	0.99993	-0.00799	0.00663	0.00793	0.99995		-12.98379	56.28033	872.28618	179.75934	2.19971	-2.43862	0.48277	0.99836	0.04271	0.03817	0.04252	-0.99908	0.00583	0.03838	-0.00420	-0.99925		500.86491	4.95851	41.87911	1.34963	-0.31092	-0.09330	0.24378	0.99998	-0.00176	0.00539	0.00163	0.99972	0.02356	-0.00543	-0.02355	0.99971	
68	0.67000	-6.91222	13.04432	0.55395	-0.43134	0.37474	-0.53083	0.44759	0.99994	-0.00931	-0.00647	0.00926	0.99993	-0.00759	0.00654	0.00753	0.99995		-12.91038	56.61617	872.29352	179.73535	2.19754	-2.44509	0.48176	0.99835	0.04284	0.03811	0.04263	-0.99907	0.00625	0.03834	-0.00462	-0.99925		500.87100	5.00266	41.85744	1.33126	-0.30396	-0.08980	0.24450	0.99998	-0.00169	0.00527	0.00157	0.99973	0.02324	-0.00531	-0.02323	0.99972	
69	0.68000	-6.90946	13.03769	0.56558	-0.44478	0.37490	-0.53261	0.45064	0.99994	-0.00935	-0.00647	0.00930	0.99993	-0.00782	0.00654	0.00776	0.99995		-12.92282	56.41291	872.29552	179.75211	2.19713	-2.44484	0.47913	0.99836	0.04282	0.03812	0.04263	-0.99907	0.00596	0.03834	-0.00432	-0.99926		500.88027	5.01437	41.83970	1.34469	-0.32296	-0.08694	0.25503	0.99998	-0.00165	0.00560	0.00152	0.99972	0.02348	-0.00564	-0.02347	0.99971	
70	0.69000	-6.91018	13.03184	0.56202	-0.43816	0.37639	-0.52945	0.44746	0.99994	-0.00929	-0.00650	0.00924	0.99993	-0.00771	0.00657	0.00765	0.99995		-12.94043	56.52526	872.28002	179.73973	2.19025	-2.44837	0.47773	0.99836	0.04289	0.03799	0.04269	-0.99907	0.00617	0.03822	-0.00454	-0.99926		500.87384	4.99132	41.86560	1.32072	-0.31299	-0.08246	0.24528	0.99998	-0.00156	0.00543	0.00144	0.99973	0.02306	-0.00546	-0.02305	0.99972	
71	0.70000	-6.91274	13.03846	0.57759	-0.45794	0.38258	-0.53039	0.44525	0.99993	-0.00931	-0.00660	0.00926	0.99992	-0.00805	0.00668	0.00799	0.99995		-13.03000	56.21236	872.28259	179.76088	2.19816	-2.43847	0.48162	0.99836	0.04271	0.03814	0.04252	-0.99908	0.00580	0.03836	-0.00417	-0.99926		500.86914	4.99524	41.90741	1.36977	-0.31559	-0.10000	0.25061	0.99998	-0.00188	0.00546	0.00175	0.99971	0.02391	-0.00551	-0.02390	0.99970	
72	0.71000	-6.90991	13.02813	0.55959	-0.43484	0.37440	-0.52499	0.45007	0.99994	-0.00921	-0.00646	0.00916	0.99993	-0.00765	0.00653	0.00759	0.99995		-12.90697	56.57056	872.28963	179.73607	2.19689	-2.43430	0.48244	0.99836	0.04265	0.03810	0.04244	-0.99908	0.00623	0.03833	-0.00460	-0.99925		500.87751	4.97433	41.84134	1.33703	-0.32123	-0.10554	0.24977	0.99998	-0.00197	0.00556	0.00184	0.99973	0.02334	-0.00561	-0.02333	0.99971	
73	0.72000	-6.91232	13.02795	0.55425	-0.43177	0.37380	-0.52419	0.44675	0.99994	-0.00920	-0.00645	0.00915	0.99993	-0.00760	0.00652	0.00754	0.99995		-12.89425	56.62883	872.29400	179.73532	2.19322	-2.43889	0.47990	0.99836	0.04273	0.03804	0.04252	-0.99908	0.00624	0.03827	-0.00462	-0.99926		500.87941	4.96760	41.84564	1.32949	-0.32314	-0.10753	0.24615	0.99998	-0.00201	0.00559	0.00188	0.99973	0.02321	-0.00564	-0.02320	0.99971	
74	0.73000	-6.91106	13.02585	0.55939	-0.44271	0.37300	-0.52371	0.44529	0.99994	-0.00919	-0.00644	0.00914	0.99993	-0.00779	0.00651	0.00773	0.99995		-12.88480	56.46428	872.29557	179.74359	2.19244	-2.44383	0.47760	0.99836	0.04281	0.03803	0.04261	-0.99907	0.00610	0.03826	-0.00447	-0.99926		500.86845	4.95408	41.83614	1.34725	-0.31028	-0.10013	0.24296	0.99998	-0.00187	0.00537	0.00175	0.99972	0.02352	-0.00542	-0.02351	0.99971	
75	0.74000	-6.91211	13.02020	0.56915	-0.44608	0.37825	-0.52171	0.44724	0.99994	-0.00916	-0.00653	0.00911	0.99993	-0.00785	0.00660	0.00779	0.99995		-12.95631	56.41705	872.29751	179.74945	2.20635	-2.43088	0.47747	0.99836	0.04258	0.03828	0.04238	-0.99908	0.00600	0.03850	-0.00437	-0.99925		500.86965	4.94927	41.87541	1.34741	-0.31246	-0.11583	0.25040	0.99998	-0.00215	0.00540	0.00202	0.99972	0.02353	-0.00545	-0.02351	0.99971	
76	0.75000	-6.91306	13.04827	0.58048	-0.44083	0.38369	-0.53316	0.44770	0.99993	-0.00936	-0.00662	0.00931	0.99993	-0.00776	0.00670	0.00769	0.99995		-13.05402	56.45719	872.26859	179.74521	2.19949	-2.44165	0.48080	0.99836	0.04277	0.03815	0.04257	-0.99907	0.00608	0.03838	-0.00444	-0.99925		500.87052	5.02612	41.90981	1.35035	-0.32501	-0.10872	0.25112	0.99998	-0.00203	0.00563	0.00190	0.99972	0.02358	-0.00567	-0.02357	0.99971	
77	0.76000	-6.91292	13.04013	0.55782	-0.44888	0.37489	-0.53129	0.44599	0.99994	-0.00932	-0.00647	0.00927	0.99993	-0.00790	0.00654	0.00783	0.99995		-12.91467	56.34187	872.30567	179.75412	2.19755	-2.43636	0.47852	0.99836	0.04267	0.03813	0.04248	-0.99908	0.00592	0.03835	-0.00429	-0.99926		500.87377	4.99367	41.85986	1.35047	-0.30971	-0.08189	0.24683	0.99998	-0.00156	0.00537	0.00143	0.99972	0.02358	-0.00541	-0.02357	0.99971	
78	0.77000	-6.91191	13.03248	0.57572	-0.45053	0.38262	-0.53022	0.44685	0.99993	-0.00931	-0.00660	0.00925	0.99993	-0.00793	0.00668	0.00786	0.99995		-13.03569	56.32578	872.28895	179.75031	2.20506	-2.44004	0.48091	0.99835	0.04274	0.03826	0.04254	-0.99908	0.00599	0.03848	-0.00435	-0.99925		500.86381	4.99746	41.90761	1.34718	-0.31518	-0.08909	0.24809	0.99998	-0.00168	0.00546	0.00155	0.99972	0.02352	-0.00550	-0.02351	0.99971	
79	0.78000	-6.91142	13.03585	0.54878	-0.43935	0.37157	-0.52873	0.44714	0.99994	-0.00928	-0.00641	0.00923	0.99993	-0.00773	0.00649	0.00767	0.99995		-12.86543	56.48601	872.31288	179.73685	2.19639	-2.43602	0.48094	0.99836	0.04268	0.03809	0.04247	-0.99908	0.00622	0.03832	-0.00459	-0.99925		500.88201	4.99549	41.83184	1.33715	-0.31803	-0.10401	0.24819	0.99998	-0.00194	0.00551	0.00182	0.99973	0.02335	-0.00555	-0.02334	0.99971	
80	0.79000	-6.90805	13.02736	0.53930	-0.42680	0.36708	-0.52579	0.44573	0.99994	-0.00922	-0.00634	0.00918	0.99993	-0.00751	0.00641	0.00745	0.99995		-12.79824	56.68992	872.30488	179.73087	2.19139	-2.42920	0.47780	0.99837	0.04256	0.03800	0.04235	-0.99908	0.00631	0.03824	-0.00469	-0.99926		500.87666	4.97210	41.79395	1.31458	-0.32102	-0.09184	0.24654	0.99998	-0.00173	0.00556	0.00160	0.99974	0.02295	-0.00560	-0.02294	0.99972	
81	0.80000	-6.91603	13.03530	0.56718	-0.44311	0.37866	-0.52840	0.44640	0.99994	-0.00927	-0.00654	0.00922	0.99993	-0.00779	0.00661	0.00773	0.99995		-12.96858	56.44170	872.28513	179.74553	2.19781	-2.44395	0.48093	0.99836	0.04281	0.03813	0.04261	-0.99907	0.00607	0.03835	-0.00444	-0.99925		500.87252	4.96960	41.87569	1.33478	-0.31726	-0.07872	0.24711	0.99998	-0.00150	0.00550	0.00137	0.99973	0.02330	-0.00554	-0.02329	0.99971	
82	0.81000	-6.91305	13.02794	0.55775	-0.44653	0.37369	-0.52557	0.44444	0.99994	-0.00922	-0.00645	0.00917	0.99993	-0.00785	0.00652	0.00779	0.99995		-12.89745	56.38563	872.29476	179.74818	2.18878	-2.43294	0.48055	0.99837	0.04262	0.03797	0.04242	-0.99908	0.00601	0.03819	-0.00439	-0.99926		500.88108	4.96505	41.84319	1.35764	-0.32153	-0.09170	0.25063	0.99998	-0.00173	0.00557	0.00160	0.99972	0.02370	-0.00561	-0.02369	0.99970	
83	0.82000	-6.91667	13.04444	0.55707	-0.44650	0.37538	-0.53262	0.44791	0.99994	-0.00935	-0.00648	0.00930	0.99993	-0.00785	0.00655	0.00779	0.99995		-12.92073	56.37915	872.31144	179.74718	2.20293	-2.44688	0.47555	0.99835	0.04286	0.03822	0.04266	-0.99907	0.00605	0.03844	-0.00441	-0.99925		500.88434	5.01639	41.86131	1.35861	-0.32043	-0.09402	0.24563	0.99998	-0.00177	0.00555	0.00164	0.99972	0.02372	-0.00559	-0.02371	0.99970	
84	0.83000	-6.91225	13.03587	0.55126	-0.44244	0.37324	-0.52870	0.45020	0.99994	-0.00928	-0.00644	0.00923	0.99993	-0.00778	0.00651	0.00772	0.99995		-12.89591	56.44332	872.29574	179.74855	2.18888	-2.43691	0.48127	0.99837	0.04269	0.03797	0.04249	-0.99908	0.00601	0.03819	-0.00439	-0.99926		500.88444	4.97751	41.84017	1.33933	-0.32371	-0.08756	0.24984	0.99998	-0.00166	0.00561	0.00153	0.99973	0.02338	-0.00565	-0.02337	0.99971	
85	0.84000	-6.91505	13.02540	0.55712	-0.44959	0.37497	-0.52570	0.44511	0.99994	-0.00923	-0.00647	0.00917	0.99993	-0.00791	0.00654	0.00785	0.99995		-12.91667	56.34881	872.29793	179.75070	2.18901	-2.43643	0.47943	0.99837	0.04268	0.03798	0.04248	-0.99908	0.00597	0.03820	-0.00435	-0.99926		500.88842	4.98193	41.84632	1.36067	-0.33133	-0.11301	0.25289	0.99998	-0.00211	0.00573	0.00197	0.99972	0.02376	-0.00578	-0.02375	0.99970	
86	0.85000	-6.91345	13.04357	0.55308	-0.44117	0.37410	-0.53276	0.44776	0.99994	-0.00935	-0.00646	0.00930	0.99993	-0.00776	0.00653	0.00770	0.99995		-12.90587	56.45763	872.30386	179.75008	2.19335	-2.43990	0.48241	0.99836	0.04274	0.03805	0.04254	-0.99908	0.00599	0.03827	-0.00436	-0.99926		500.87870	5.02525	41.85646	1.34193	-0.31255	-0.09657	0.25016	0.99998	-0.00181	0.00541	0.00169	0.99972	0.02343	-0.00546	-0.02342	0.99971	
87	0.86000	-6.91451	13.03179	0.55050	-0.44235	0.37424	-0.52960	0.44679	0.99994	-0.00929	-0.00646	0.00924	0.99993	-0.00778	0.00653	0.00772	0.99995		-12.90964	56.45490	872.29969	179.74184	2.18677	-2.44499	0.48153	0.99836	0.04283	0.03793	0.04263	-0.99907	0.00613	0.03816	-0.00450	-0.99926		500.87680	4.99778	41.85973	1.33506	-0.30885	-0.09257	0.24739	0.99998	-0.00174	0.00535	0.00162	0.99973	0.02331	-0.00539	-0.02330	0.99971	
88	0.87000	-6.91804	13.03464	0.57871	-0.45862	0.37980	-0.53198	0.44548	0.99993	-0.00934	-0.00655	0.00928	0.99992	-0.00807	0.00663	0.00800	0.99995		-12.98240	56.20354	872.30342	179.76494	2.20763	-2.44262	0.47999	0.99835	0.04278	0.03831	0.04259	-0.99908	0.00574	0.03852	-0.00410	-0.99925		500.87615	4.99989	41.87827	1.34736	-0.32195	-0.08039	0.25266	0.99998	-0.00153	0.00558	0.00140	0.99972	0.02352	-0.00562	-0.02351	0.99971	
89	0.88000	-6.91200	13.05767	0.55560	-0.43540	0.37547	-0.53725	0.44587	0.99993	-0.00943	-0.00648	0.00938	0.99993	-0.00766	0.00655	0.00760	0.99995		-12.93059	56.54531	872.29352	179.73796	2.19348	-2.46157	0.47743	0.99835	0.04312	0.03804	0.04292	-0.99906	0.00621	0.03827	-0.00457	-0.99926		500.88216	5.04703	41.86368	1.34135	-0.32633	-0.09110	0.24934	0.99998	-0.00172	0.00566	0.00159	0.99972	0.02342	-0.00570	-0.02341	0.99971	
90	0.89000	-6.91642	13.04399	0.55121	-0.44215	0.37386	-0.53225	0.44930	0.99994	-0.00934	-0.00645	0.00929	0.99993	-0.00778	0.00653	0.00772	0.99995		-12.89391	56.44813	872.31478	179.74599	2.20336	-2.44132	0.48083	0.99835	0.04277	0.03822	0.04256	-0.99908	0.00607	0.03845	-0.00443	-0.99925		500.88269	5.01278	41.84812	1.34519	-0.32358	-0.09189	0.24990	0.99998	-0.00174	0.00561	0.00160	0.99972	0.02348	-0.00565	-0.02348	0.99971	
91	0.90000	-6.91491	13.03935	0.56922	-0.43992	0.37913	-0.53148	0.44832	0.99993	-0.00933	-0.00654	0.00928	0.99993	-0.00774	0.00662	0.00768	0.99995		-12.97510	56.48205	872.28286	179.74286	2.20409	-2.43905	0.47895	0.99835	0.04273	0.03823	0.04253	-0.99908	0.00612	0.03846	-0.00448	-0.99925		500.87679	4.99552	41.88119	1.32309	-0.32574	-0.07813	0.24424	0.99998	-0.00149	0.00565	0.00136	0.99973	0.02310	-0.00569	-0.02309	0.99972	
92	0.91000	-6.91142	13.02975	0.53938	-0.42936	0.36814	-0.52654	0.44751	0.99994	-0.00924	-0.00636	0.00919	0.99993	-0.00755	0.00643	0.00749	0.99995		-12.80818	56.66125	872.29820	179.73227	2.18385	-2.43932	0.48172	0.99837	0.04274	0.03787	0.04253	-0.99908	0.00629	0.03811	-0.00467	-0.99926		500.88383	4.97027	41.80526	1.29833	-0.31855	-0.09367	0.25073	0.99998	-0.00176	0.00552	0.00163	0.99974	0.02267	-0.00556	-0.02266	0.99973	
93	0.92000	-6.92104	13.05144	0.56374	-0.44839	0.37878	-0.53665	0.44525	0.99993	-0.00942	-0.00654	0.00937	0.99993	-0.00789	0.00661	0.00783	0.99995		-12.96157	56.35783	872.29821	179.75520	2.20226	-2.45891	0.48415	0.99834	0.04307	0.03821	0.04287	-0.99906	0.00592	0.03843	-0.00427	-0.99925		500.88666	5.02787	41.89106	1.34256	-0.32297	-0.08231	0.24884	0.99998	-0.00157	0.00560	0.00144	0.99972	0.02344	-0.00564	-0.02343	0.99971	
94	0.93000	-6.91338	13.03619	0.56514	-0.43967	0.37867	-0.53017	0.44672	0.99994	-0.00930	-0.00654	0.00925	0.99993	-0.00774	0.00661	0.00767	0.99995		-12.96656	56.50184	872.28197	179.74443	2.19688	-2.44921	0.47878	0.99835	0.04290	0.03811	0.04270	-0.99907	0.00609	0.03833	-0.00446	-0.99926		500.88208	4.99874	41.87958	1.34421	-0.32922	-0.08564	0.24842	0.99998	-0.00163	0.00571	0.00149	0.99972	0.02347	-0.00575	-0.02346	0.99971	
