1	0.00000	-6.30369	13.68824	0.44704	0.33173	0.07984	-0.67842	0.44246	0.99993	-0.01183	-0.00146	0.01184	0.99991	0.00577	0.00139	-0.00579	0.99998		-8.98750	67.46218	871.97189	178.95572	1.90175	-2.74910	0.49693	0.99830	0.04856	0.03227	0.04794	-0.99865	0.01980	0.03319	-0.01822	-0.99928		501.20309	6.54554	39.43954	0.90724	-0.66170	-0.40589	0.32661	0.99991	-0.00727	0.01143	0.00708	0.99985	0.01592	-0.01155	-0.01583	0.99981	
2	0.01000	-6.30655	13.68727	0.47111	0.34132	0.08699	-0.67769	0.44568	0.99993	-0.01182	-0.00159	0.01183	0.99991	0.00594	0.00152	-0.00596	0.99998		-9.09100	67.61325	871.94024	178.94777	1.91044	-2.75745	0.49947	0.99829	0.04871	0.03241	0.04808	-0.99864	0.01995	0.03334	-0.01835	-0.99928		501.19932	6.52840	39.48661	0.87607	-0.65639	-0.38606	0.32287	0.99991	-0.00691	0.01135	0.00674	0.99986	0.01537	-0.01146	-0.01529	0.99982	
3	0.02000	-6.30674	13.68223	0.45042	0.32689	0.08173	-0.67769	0.44244	0.99993	-0.01182	-0.00149	0.01183	0.99991	0.00569	0.00143	-0.00571	0.99998		-9.01022	67.39574	871.96825	178.96646	1.90301	-2.75569	0.49543	0.99829	0.04867	0.03230	0.04805	-0.99865	0.01961	0.03321	-0.01803	-0.99929		501.19903	6.51686	39.46595	0.88096	-0.65253	-0.37814	0.32922	0.99991	-0.00677	0.01129	0.00660	0.99986	0.01545	-0.01139	-0.01537	0.99982	
4	0.03000	-6.33002	13.09790	0.29184	-0.19479	0.04463	-0.51935	0.41797	0.99996	-0.00907	-0.00075	0.00906	0.99995	-0.00341	0.00078	0.00340	0.99999		-8.24479	60.28877	872.69840	179.44885	1.77110	-2.77106	0.58230	0.99835	0.04864	0.03040	0.04832	-0.99877	0.01110	0.03091	-0.00961	-0.99948		500.88343	5.37598	39.46552	1.47175	0.00799	-0.29251	0.39932	0.99999	-0.00510	-0.00027	0.00511	0.99966	0.02568	0.00014	-0.02568	0.99967	
5	0.04000	-6.33936	13.18169	0.06158	-0.12791	-0.03794	-0.54359	0.42973	0.99995	-0.00949	0.00068	0.00949	0.99995	-0.00223	-0.00066	0.00223	1.00000		-7.01727	61.23131	872.86661	179.38344	1.68635	-2.79696	0.58137	0.99838	0.04911	0.02887	0.04878	-0.99874	0.01218	0.02943	-0.01076	-0.99951		501.05171	5.29100	38.99109	1.11499	0.01807	-0.23243	0.52539	0.99999	-0.00405	-0.00039	0.00406	0.99980	0.01946	0.00032	-0.01946	0.99981	
6	0.05000	-6.03430	12.71596	-0.57141	-0.84040	-0.43770	-0.44478	0.50276	0.99994	-0.00765	0.00775	0.00776	0.99986	-0.01461	-0.00764	0.01467	0.99986		-0.93831	50.35415	874.00274	-179.79039	1.23465	-2.17870	0.59565	0.99905	0.03794	0.02167	0.03801	-0.99927	-0.00284	0.02155	0.00366	-0.99976		501.20397	3.91037	35.85538	1.29085	0.49779	0.33682	0.46411	0.99994	0.00607	-0.00855	-0.00588	0.99973	0.02258	0.00869	-0.02253	0.99971	
7	0.06000	-6.48742	12.90444	0.77373	-0.28258	0.23059	-0.48803	0.44980	0.99996	-0.00854	-0.00398	0.00852	0.99995	-0.00497	0.00402	0.00493	0.99998		-10.62365	58.92980	872.37990	179.58856	2.06884	-2.34245	0.59242	0.99851	0.04113	0.03578	0.04085	-0.99913	0.00865	0.03610	-0.00718	-0.99932		501.06211	5.01174	40.70188	1.26460	-0.39365	-0.16895	0.51700	0.99997	-0.00310	0.00680	0.00295	0.99975	0.02209	-0.00687	-0.02207	0.99973	
8	0.07000	-6.49454	12.87566	0.54777	-0.20920	0.15111	-0.47299	0.43592	0.99996	-0.00826	-0.00261	0.00826	0.99996	-0.00367	0.00264	0.00365	0.99999		-9.43078	60.07114	872.45021	179.43536	1.93208	-2.39332	0.52700	0.99856	0.04209	0.03327	0.04174	-0.99907	0.01125	0.03371	-0.00985	-0.99938		501.07255	5.17141	40.29856	1.38896	-0.13771	-0.48502	0.48067	0.99996	-0.00852	0.00220	0.00847	0.99967	0.02426	-0.00240	-0.02424	0.99970	
9	0.08000	-6.51983	12.98110	0.33535	-0.15519	0.07553	-0.50670	0.44544	0.99996	-0.00885	-0.00129	0.00884	0.99996	-0.00272	0.00132	0.00271	1.00000		-8.28883	60.79643	872.63044	179.38960	1.86958	-2.42165	0.51546	0.99858	0.04260	0.03214	0.04223	-0.99904	0.01202	0.03262	-0.01065	-0.99941		501.14051	5.40145	39.84596	1.34307	-0.06899	-0.45836	0.48377	0.99997	-0.00803	0.00102	0.00800	0.99969	0.02345	-0.00120	-0.02344	0.99972	
10	0.09000	-6.51243	12.86890	0.54203	-0.20531	0.15121	-0.46792	0.43599	0.99996	-0.00818	-0.00261	0.00817	0.99996	-0.00361	0.00264	0.00358	0.99999		-9.39777	60.14791	872.46805	179.45023	1.94919	-2.38807	0.51708	0.99855	0.04199	0.03358	0.04164	-0.99907	0.01100	0.03401	-0.00959	-0.99938		501.07898	5.15102	40.31313	1.39220	-0.13789	-0.51267	0.48790	0.99996	-0.00900	0.00219	0.00895	0.99966	0.02432	-0.00241	-0.02430	0.99970	
11	0.10000	-6.53010	12.97068	0.33464	-0.12963	0.07659	-0.49864	0.45009	0.99996	-0.00871	-0.00132	0.00870	0.99996	-0.00227	0.00134	0.00226	1.00000		-8.28764	61.19902	872.60122	179.36584	1.87010	-2.42001	0.51908	0.99858	0.04258	0.03214	0.04220	-0.99903	0.01244	0.03263	-0.01106	-0.99941		501.14604	5.37457	39.86602	1.31959	-0.07285	-0.49452	0.48908	0.99996	-0.00866	0.00107	0.00863	0.99970	0.02304	-0.00127	-0.02303	0.99973	
12	0.11000	-6.51936	12.86516	0.56548	-0.20564	0.15771	-0.46964	0.43589	0.99996	-0.00821	-0.00272	0.00820	0.99996	-0.00361	0.00275	0.00359	0.99999		-9.49133	60.14538	872.43927	179.44281	1.95061	-2.39297	0.51470	0.99855	0.04208	0.03360	0.04173	-0.99907	0.01114	0.03404	-0.00972	-0.99937		501.07653	5.17358	40.34638	1.39267	-0.15149	-0.51879	0.49231	0.99996	-0.00912	0.00242	0.00905	0.99966	0.02433	-0.00264	-0.02430	0.99970	
13	0.12000	-6.53723	12.97120	0.31193	-0.12440	0.06698	-0.49678	0.44671	0.99996	-0.00867	-0.00115	0.00867	0.99996	-0.00218	0.00117	0.00217	1.00000		-8.13474	61.27599	872.62278	179.36310	1.86405	-2.41445	0.51490	0.99858	0.04249	0.03203	0.04211	-0.99904	0.01248	0.03253	-0.01111	-0.99941		501.15543	5.34111	39.80422	1.29105	-0.06437	-0.47208	0.49330	0.99997	-0.00826	0.00094	0.00824	0.99971	0.02254	-0.00112	-0.02253	0.99975	
14	0.13000	-6.54455	12.96034	0.33389	-0.14677	0.07485	-0.49768	0.44625	0.99996	-0.00869	-0.00128	0.00869	0.99996	-0.00257	0.00131	0.00256	1.00000		-8.24668	60.94778	872.61996	179.39130	1.86609	-2.41586	0.51557	0.99858	0.04250	0.03209	0.04213	-0.99904	0.01199	0.03256	-0.01062	-0.99941		501.15687	5.35813	39.85821	1.32674	-0.06679	-0.48805	0.49958	0.99996	-0.00854	0.00097	0.00852	0.99970	0.02316	-0.00117	-0.02315	0.99973	
15	0.14000	-6.54655	12.97404	0.34125	-0.13465	0.07793	-0.50090	0.44674	0.99996	-0.00875	-0.00134	0.00874	0.99996	-0.00236	0.00136	0.00235	1.00000		-8.29097	61.13290	872.59587	179.38255	1.87108	-2.42954	0.51103	0.99857	0.04274	0.03216	0.04237	-0.99903	0.01215	0.03265	-0.01077	-0.99941		501.15344	5.37856	39.87465	1.30865	-0.07421	-0.49675	0.49650	0.99996	-0.00870	0.00110	0.00867	0.99970	0.02285	-0.00130	-0.02284	0.99974	
16	0.15000	-6.55237	12.98104	0.33352	-0.12484	0.07887	-0.50450	0.44843	0.99996	-0.00881	-0.00136	0.00881	0.99996	-0.00219	0.00138	0.00218	1.00000		-8.30257	61.26902	872.59802	179.36346	1.87434	-2.43593	0.51463	0.99856	0.04286	0.03220	0.04248	-0.99902	0.01249	0.03271	-0.01110	-0.99940		501.16120	5.39707	39.89616	1.30039	-0.07618	-0.46914	0.49564	0.99997	-0.00822	0.00114	0.00819	0.99971	0.02270	-0.00133	-0.02269	0.99974	
17	0.16000	-6.55030	12.97670	0.31336	-0.14116	0.06650	-0.50526	0.44727	0.99996	-0.00882	-0.00114	0.00882	0.99996	-0.00247	0.00116	0.00246	1.00000		-8.11319	61.01823	872.62867	179.38005	1.85317	-2.42643	0.51403	0.99858	0.04268	0.03185	0.04231	-0.99903	0.01218	0.03234	-0.01081	-0.99942		501.16145	5.40877	39.79932	1.32482	-0.06491	-0.48220	0.48644	0.99996	-0.00844	0.00094	0.00842	0.99970	0.02313	-0.00113	-0.02312	0.99973	
18	0.17000	-6.54649	12.98088	0.30887	-0.13676	0.06645	-0.50426	0.44834	0.99996	-0.00880	-0.00114	0.00880	0.99996	-0.00240	0.00116	0.00239	1.00000		-8.11425	61.08528	872.63925	179.38181	1.86086	-2.42749	0.51230	0.99858	0.04270	0.03198	0.04233	-0.99903	0.01215	0.03247	-0.01078	-0.99941		501.15219	5.39162	39.81485	1.30866	-0.05002	-0.46663	0.49532	0.99997	-0.00816	0.00069	0.00814	0.99971	0.02284	-0.00087	-0.02284	0.99974	
19	0.18000	-6.55793	12.96365	0.33850	-0.12625	0.07999	-0.49580	0.44858	0.99996	-0.00866	-0.00138	0.00865	0.99996	-0.00222	0.00140	0.00220	1.00000		-8.29922	61.27357	872.59740	179.37875	1.87753	-2.42328	0.51451	0.99857	0.04263	0.03227	0.04226	-0.99903	0.01222	0.03276	-0.01084	-0.99940		501.15925	5.36447	39.90237	1.33361	-0.07820	-0.50113	0.49138	0.99996	-0.00878	0.00116	0.00875	0.99969	0.02328	-0.00136	-0.02327	0.99973	
20	0.19000	-6.55508	12.96217	0.33889	-0.13911	0.07536	-0.49576	0.44825	0.99996	-0.00866	-0.00129	0.00865	0.99996	-0.00244	0.00132	0.00243	1.00000		-8.22359	61.07269	872.61552	179.38387	1.87605	-2.42125	0.51141	0.99857	0.04260	0.03225	0.04222	-0.99903	0.01213	0.03274	-0.01075	-0.99941		501.16196	5.34921	39.86175	1.33466	-0.07355	-0.49519	0.48945	0.99996	-0.00867	0.00108	0.00864	0.99969	0.02330	-0.00128	-0.02329	0.99973	
21	0.20000	-6.53493	12.86593	0.54200	-0.20555	0.14894	-0.46973	0.43744	0.99996	-0.00821	-0.00257	0.00820	0.99996	-0.00361	0.00260	0.00359	0.99999		-9.33720	60.14984	872.46560	179.45357	1.94127	-2.39239	0.50980	0.99855	0.04206	0.03345	0.04172	-0.99907	0.01094	0.03387	-0.00953	-0.99938		501.09217	5.17078	40.30131	1.39335	-0.14611	-0.50792	0.49270	0.99996	-0.00892	0.00233	0.00886	0.99966	0.02434	-0.00255	-0.02432	0.99970	
22	0.21000	-6.55347	12.95594	0.32047	-0.13020	0.07140	-0.49411	0.44986	0.99996	-0.00863	-0.00123	0.00862	0.99996	-0.00228	0.00125	0.00227	1.00000		-8.16696	61.21637	872.61481	179.37563	1.86894	-2.42260	0.51258	0.99857	0.04262	0.03212	0.04225	-0.99903	0.01227	0.03261	-0.01089	-0.99941		501.16459	5.36385	39.84915	1.34444	-0.06908	-0.51291	0.49014	0.99996	-0.00898	0.00100	0.00895	0.99968	0.02347	-0.00121	-0.02346	0.99972	
23	0.22000	-6.55515	12.95938	0.33398	-0.13591	0.07542	-0.49468	0.44542	0.99996	-0.00864	-0.00130	0.00863	0.99996	-0.00238	0.00132	0.00237	1.00000		-8.22646	61.11834	872.61641	179.37962	1.87691	-2.41841	0.51144	0.99857	0.04255	0.03226	0.04217	-0.99904	0.01220	0.03275	-0.01082	-0.99940		501.15616	5.34305	39.87622	1.32976	-0.06088	-0.48889	0.49070	0.99996	-0.00855	0.00086	0.00853	0.99969	0.02321	-0.00106	-0.02321	0.99973	
24	0.23000	-6.54246	12.84278	0.56142	-0.22115	0.15779	-0.46187	0.43743	0.99996	-0.00807	-0.00272	0.00806	0.99996	-0.00388	0.00275	0.00386	0.99999		-9.45242	59.95121	872.45476	179.46712	1.95137	-2.40053	0.51401	0.99854	0.04220	0.03363	0.04186	-0.99907	0.01072	0.03405	-0.00930	-0.99938		501.09928	5.08526	40.31256	1.43358	-0.21258	-0.49518	0.50941	0.99996	-0.00873	0.00349	0.00864	0.99965	0.02505	-0.00371	-0.02502	0.99968	
25	0.24000	-6.55643	12.96436	0.33271	-0.12816	0.07706	-0.49497	0.44780	0.99996	-0.00864	-0.00133	0.00864	0.99996	-0.00225	0.00135	0.00224	1.00000		-8.23895	61.25281	872.62263	179.40086	1.88380	-2.40616	0.53052	0.99858	0.04232	0.03240	0.04196	-0.99905	0.01183	0.03287	-0.01045	-0.99940		501.13947	5.33665	39.86113	1.45619	-0.16622	-0.48849	0.50316	0.99996	-0.00860	0.00268	0.00853	0.99964	0.02544	-0.00290	-0.02541	0.99967	
26	0.25000	-6.54305	12.86512	0.56624	-0.20848	0.15825	-0.46849	0.43879	0.99996	-0.00819	-0.00273	0.00818	0.99996	-0.00366	0.00276	0.00364	0.99999		-9.44938	60.11384	872.46788	179.48097	1.96800	-2.37009	0.52872	0.99856	0.04166	0.03394	0.04133	-0.99909	0.01047	0.03434	-0.00905	-0.99937		501.07599	5.14779	40.32712	1.54439	-0.26304	-0.51934	0.49478	0.99995	-0.00918	0.00434	0.00906	0.99959	0.02699	-0.00459	-0.02695	0.99963	
27	0.26000	-6.54564	12.84511	0.58156	-0.22009	0.16245	-0.46212	0.43817	0.99996	-0.00808	-0.00280	0.00807	0.99996	-0.00386	0.00284	0.00384	0.99999		-9.50115	59.96470	872.47121	179.49258	1.97177	-2.36573	0.52691	0.99856	0.04158	0.03401	0.04125	-0.99910	0.01027	0.03441	-0.00885	-0.99937		501.07417	5.09823	40.34708	1.54543	-0.27158	-0.51371	0.50034	0.99995	-0.00909	0.00450	0.00897	0.99959	0.02701	-0.00474	-0.02697	0.99963	
28	0.27000	-6.56147	12.96431	0.31663	-0.12656	0.06787	-0.49583	0.44772	0.99996	-0.00866	-0.00116	0.00865	0.99996	-0.00222	0.00118	0.00221	1.00000		-8.08877	61.28559	872.64201	179.40248	1.87745	-2.41041	0.53153	0.99858	0.04240	0.03229	0.04203	-0.99905	0.01180	0.03276	-0.01042	-0.99941		501.15033	5.34834	39.79018	1.45683	-0.17269	-0.49700	0.50417	0.99996	-0.00875	0.00279	0.00867	0.99964	0.02545	-0.00301	-0.02542	0.99967	
29	0.28000	-6.56486	12.96825	0.32510	-0.12959	0.07251	-0.49829	0.44654	0.99996	-0.00870	-0.00125	0.00870	0.99996	-0.00227	0.00127	0.00226	1.00000		-8.15419	61.21953	872.64548	179.41061	1.89291	-2.39151	0.53086	0.99858	0.04206	0.03257	0.04170	-0.99906	0.01166	0.03303	-0.01028	-0.99940		501.15115	5.36018	39.82299	1.46207	-0.17595	-0.48589	0.49348	0.99996	-0.00856	0.00285	0.00848	0.99964	0.02554	-0.00307	-0.02552	0.99967	
30	0.29000	-6.54823	12.86362	0.57368	-0.20918	0.16076	-0.46776	0.43850	0.99996	-0.00817	-0.00278	0.00816	0.99996	-0.00367	0.00281	0.00365	0.99999		-9.47601	60.10917	872.46429	179.48329	1.97248	-2.36591	0.53078	0.99856	0.04159	0.03402	0.04126	-0.99909	0.01043	0.03442	-0.00901	-0.99937		501.08084	5.15007	40.34320	1.56389	-0.27399	-0.51650	0.50111	0.99995	-0.00914	0.00453	0.00901	0.99959	0.02733	-0.00478	-0.02729	0.99962	
31	0.30000	-6.56291	12.95921	0.32932	-0.13380	0.07431	-0.49457	0.44643	0.99996	-0.00863	-0.00128	0.00863	0.99996	-0.00235	0.00130	0.00234	1.00000		-8.17634	61.16635	872.64528	179.41237	1.89106	-2.39267	0.53420	0.99858	0.04208	0.03254	0.04173	-0.99906	0.01162	0.03300	-0.01025	-0.99940		501.14586	5.34184	39.83546	1.48765	-0.17660	-0.49193	0.50772	0.99996	-0.00866	0.00286	0.00859	0.99963	0.02599	-0.00308	-0.02596	0.99966	
32	0.31000	-6.57381	12.96957	0.35180	-0.12590	0.08305	-0.49545	0.44950	0.99996	-0.00865	-0.00143	0.00865	0.99996	-0.00221	0.00145	0.00220	1.00000		-8.30012	61.28108	872.62131	179.40100	1.90816	-2.39996	0.52625	0.99857	0.04222	0.03283	0.04185	-0.99905	0.01184	0.03330	-0.01045	-0.99939		501.15334	5.33761	39.89194	1.48234	-0.18687	-0.48320	0.50262	0.99996	-0.00851	0.00304	0.00843	0.99963	0.02590	-0.00326	-0.02587	0.99966	
33	0.32000	-6.57329	12.96272	0.34407	-0.13420	0.08232	-0.49472	0.44293	0.99996	-0.00864	-0.00142	0.00863	0.99996	-0.00236	0.00144	0.00234	1.00000		-8.28821	61.15015	872.63129	179.40250	1.90011	-2.38774	0.52826	0.99858	0.04200	0.03269	0.04164	-0.99906	0.01180	0.03316	-0.01042	-0.99940		501.15214	5.33738	39.88643	1.48025	-0.19270	-0.50080	0.50476	0.99996	-0.00882	0.00314	0.00874	0.99963	0.02586	-0.00336	-0.02583	0.99966	
34	0.33000	-6.57144	12.95569	0.33195	-0.14040	0.07793	-0.49310	0.44640	0.99996	-0.00861	-0.00134	0.00861	0.99996	-0.00246	0.00136	0.00245	1.00000		-8.21506	61.08070	872.64784	179.42047	1.89907	-2.39790	0.53035	0.99858	0.04217	0.03269	0.04182	-0.99906	0.01149	0.03314	-0.01011	-0.99940		501.15213	5.32041	39.86761	1.47736	-0.18168	-0.48751	0.49958	0.99996	-0.00859	0.00295	0.00851	0.99963	0.02581	-0.00317	-0.02578	0.99966	
35	0.34000	-6.57212	12.96014	0.31837	-0.13321	0.07309	-0.49337	0.44582	0.99996	-0.00861	-0.00126	0.00861	0.99996	-0.00234	0.00128	0.00232	1.00000		-8.14037	61.19492	872.65003	179.41618	1.89221	-2.40445	0.53207	0.99857	0.04229	0.03256	0.04193	-0.99905	0.01157	0.03302	-0.01018	-0.99940		501.15919	5.32083	39.82563	1.48877	-0.18744	-0.49038	0.50576	0.99996	-0.00864	0.00305	0.00856	0.99963	0.02601	-0.00327	-0.02598	0.99966	
36	0.35000	-6.58197	12.97359	0.35857	-0.13896	0.08970	-0.50042	0.44841	0.99996	-0.00874	-0.00154	0.00873	0.99996	-0.00244	0.00157	0.00243	1.00000		-8.38644	61.08472	872.62355	179.42014	1.91200	-2.40772	0.53426	0.99856	0.04235	0.03291	0.04199	-0.99905	0.01151	0.03336	-0.01011	-0.99939		501.16041	5.37747	39.93072	1.50017	-0.21163	-0.49470	0.51146	0.99996	-0.00873	0.00347	0.00863	0.99962	0.02621	-0.00369	-0.02618	0.99965	
37	0.36000	-6.57704	12.96934	0.32238	-0.12100	0.07548	-0.49491	0.45126	0.99996	-0.00864	-0.00130	0.00864	0.99996	-0.00212	0.00132	0.00211	1.00000		-8.17082	61.36650	872.64415	179.40259	1.89906	-2.39714	0.53222	0.99858	0.04217	0.03267	0.04180	-0.99906	0.01180	0.03314	-0.01042	-0.99940		501.15730	5.34425	39.85981	1.48447	-0.17512	-0.49244	0.50697	0.99996	-0.00867	0.00283	0.00859	0.99963	0.02593	-0.00306	-0.02591	0.99966	
38	0.37000	-6.57974	12.96025	0.34219	-0.13491	0.08414	-0.49442	0.44638	0.99996	-0.00863	-0.00145	0.00863	0.99996	-0.00237	0.00147	0.00235	1.00000		-8.29916	61.16217	872.63454	179.41466	1.90603	-2.40254	0.53197	0.99857	0.04226	0.03280	0.04190	-0.99905	0.01160	0.03326	-0.01021	-0.99939		501.16290	5.33098	39.89688	1.48271	-0.20570	-0.48236	0.51005	0.99996	-0.00851	0.00337	0.00842	0.99963	0.02590	-0.00359	-0.02588	0.99966	
39	0.38000	-6.56350	12.85663	0.56790	-0.20895	0.16188	-0.46543	0.43534	0.99996	-0.00813	-0.00280	0.00812	0.99996	-0.00367	0.00283	0.00365	0.99999		-9.46146	60.12105	872.48213	179.48659	1.98847	-2.36472	0.53138	0.99855	0.04157	0.03430	0.04124	-0.99910	0.01038	0.03470	-0.00896	-0.99936		501.08715	5.13064	40.36358	1.55688	-0.27008	-0.51367	0.50814	0.99995	-0.00909	0.00447	0.00896	0.99959	0.02721	-0.00471	-0.02717	0.99962	
40	0.39000	-6.58195	12.95691	0.35789	-0.13848	0.08851	-0.49387	0.44673	0.99996	-0.00862	-0.00152	0.00862	0.99996	-0.00243	0.00154	0.00242	1.00000		-8.36444	61.11438	872.62476	179.41934	1.91094	-2.39874	0.53331	0.99857	0.04219	0.03289	0.04183	-0.99906	0.01152	0.03335	-0.01013	-0.99939		501.15842	5.32759	39.91982	1.48080	-0.21198	-0.49454	0.50294	0.99996	-0.00872	0.00348	0.00863	0.99963	0.02587	-0.00370	-0.02584	0.99966	
41	0.40000	-6.56544	12.86491	0.56335	-0.19976	0.16143	-0.46599	0.43843	0.99996	-0.00814	-0.00279	0.00813	0.99996	-0.00351	0.00282	0.00349	0.99999		-9.45872	60.24952	872.47875	179.47827	1.98476	-2.36071	0.53405	0.99855	0.04150	0.03423	0.04117	-0.99910	0.01052	0.03463	-0.00910	-0.99936		501.08799	5.13584	40.36550	1.55421	-0.26411	-0.51451	0.50436	0.99995	-0.00910	0.00436	0.00898	0.99959	0.02716	-0.00461	-0.02712	0.99962	
42	0.41000	-6.57888	12.96778	0.32928	-0.13614	0.07731	-0.49671	0.44691	0.99996	-0.00867	-0.00133	0.00867	0.99996	-0.00239	0.00135	0.00238	1.00000		-8.20258	61.13114	872.65427	179.41743	1.89996	-2.39717	0.53041	0.99858	0.04216	0.03270	0.04180	-0.99906	0.01155	0.03315	-0.01016	-0.99940		501.16951	5.34368	39.84701	1.47406	-0.20298	-0.48554	0.50785	0.99996	-0.00856	0.00332	0.00847	0.99963	0.02575	-0.00354	-0.02572	0.99966	
43	0.42000	-6.58007	12.95253	0.32532	-0.13739	0.07610	-0.49157	0.44813	0.99996	-0.00858	-0.00131	0.00858	0.99996	-0.00241	0.00133	0.00240	1.00000		-8.16690	61.13409	872.66230	179.42188	1.90510	-2.39508	0.53358	0.99857	0.04212	0.03279	0.04177	-0.99906	0.01147	0.03324	-0.01008	-0.99940		501.17112	5.32306	39.84134	1.49329	-0.20035	-0.50482	0.50493	0.99996	-0.00890	0.00327	0.00881	0.99962	0.02609	-0.00350	-0.02606	0.99965	
44	0.43000	-6.58460	12.96351	0.35936	-0.14212	0.08793	-0.49631	0.44953	0.99996	-0.00867	-0.00151	0.00866	0.99996	-0.00249	0.00153	0.00248	1.00000		-8.35236	61.03860	872.64008	179.41924	1.91724	-2.39414	0.53325	0.99857	0.04211	0.03300	0.04175	-0.99906	0.01152	0.03346	-0.01013	-0.99939		501.16352	5.33927	39.92010	1.49114	-0.20612	-0.48671	0.50645	0.99996	-0.00859	0.00338	0.00849	0.99962	0.02605	-0.00360	-0.02602	0.99965	
45	0.44000	-6.56238	12.86440	0.56692	-0.21202	0.16156	-0.46735	0.43354	0.99996	-0.00817	-0.00279	0.00816	0.99996	-0.00372	0.00282	0.00370	0.99999		-9.46092	60.07137	872.49060	179.49043	1.99098	-2.36505	0.53203	0.99854	0.04157	0.03434	0.04124	-0.99910	0.01032	0.03474	-0.00889	-0.99936		501.09796	5.14306	40.35444	1.57105	-0.29182	-0.51914	0.50979	0.99995	-0.00920	0.00484	0.00906	0.99958	0.02746	-0.00509	-0.02742	0.99961	
46	0.45000	-6.56453	12.87556	0.57894	-0.20674	0.16657	-0.47158	0.43652	0.99996	-0.00824	-0.00288	0.00823	0.99996	-0.00363	0.00291	0.00361	0.99999		-9.53617	60.13971	872.47093	179.48972	1.99322	-2.37030	0.53270	0.99854	0.04167	0.03438	0.04133	-0.99909	0.01034	0.03478	-0.00890	-0.99936		501.09319	5.18096	40.39109	1.56971	-0.28747	-0.52524	0.50716	0.99995	-0.00930	0.00476	0.00917	0.99958	0.02744	-0.00502	-0.02739	0.99961	
47	0.46000	-6.58409	12.96197	0.35677	-0.13908	0.08692	-0.49505	0.44670	0.99996	-0.00864	-0.00150	0.00864	0.99996	-0.00244	0.00152	0.00243	1.00000		-8.33526	61.09395	872.62772	179.41644	1.91253	-2.39884	0.53534	0.99857	0.04219	0.03292	0.04183	-0.99906	0.01157	0.03337	-0.01018	-0.99939		501.16218	5.36246	39.91728	1.52851	-0.20456	-0.51321	0.51264	0.99995	-0.00905	0.00333	0.00896	0.99960	0.02671	-0.00357	-0.02667	0.99964	
48	0.47000	-6.58319	12.97210	0.34817	-0.13315	0.08348	-0.49848	0.44898	0.99996	-0.00870	-0.00144	0.00870	0.99996	-0.00234	0.00146	0.00232	1.00000		-8.29044	61.17438	872.64075	179.42082	1.91789	-2.39718	0.52798	0.99857	0.04216	0.03301	0.04180	-0.99906	0.01150	0.03347	-0.01010	-0.99939		501.16911	5.37407	39.89197	1.50073	-0.20794	-0.50628	0.51631	0.99995	-0.00893	0.00340	0.00884	0.99962	0.02622	-0.00363	-0.02619	0.99965	
49	0.48000	-6.58568	12.96946	0.36168	-0.13454	0.08849	-0.49652	0.44867	0.99996	-0.00867	-0.00152	0.00867	0.99996	-0.00236	0.00154	0.00235	1.00000		-8.35808	61.15440	872.62703	179.41466	1.92274	-2.40009	0.53203	0.99856	0.04222	0.03309	0.04185	-0.99906	0.01161	0.03355	-0.01021	-0.99938		501.17005	5.35798	39.91709	1.50364	-0.21937	-0.51131	0.51187	0.99995	-0.00902	0.00359	0.00892	0.99961	0.02627	-0.00383	-0.02624	0.99965	
50	0.49000	-6.59086	12.96656	0.36364	-0.13948	0.09055	-0.49801	0.44778	0.99996	-0.00870	-0.00156	0.00869	0.99996	-0.00245	0.00158	0.00243	1.00000		-8.39055	61.07438	872.61551	179.41780	1.91434	-2.39444	0.53240	0.99857	0.04212	0.03295	0.04176	-0.99906	0.01155	0.03341	-0.01016	-0.99939		501.17277	5.37280	39.92407	1.50397	-0.22920	-0.50416	0.50556	0.99995	-0.00890	0.00377	0.00880	0.99962	0.02628	-0.00400	-0.02625	0.99965	
51	0.50000	-6.59443	12.95686	0.38761	-0.15002	0.09884	-0.49483	0.44991	0.99996	-0.00864	-0.00170	0.00864	0.99996	-0.00263	0.00173	0.00262	0.99999		-8.50255	60.93420	872.61231	179.43376	1.93190	-2.40041	0.53175	0.99855	0.04221	0.03327	0.04186	-0.99906	0.01129	0.03371	-0.00988	-0.99938		501.16377	5.33628	39.98030	1.50004	-0.21869	-0.50402	0.51176	0.99995	-0.00889	0.00359	0.00880	0.99962	0.02621	-0.00382	-0.02618	0.99965	
52	0.51000	-6.59440	12.95881	0.34285	-0.13812	0.08506	-0.49380	0.44831	0.99996	-0.00862	-0.00146	0.00862	0.99996	-0.00242	0.00148	0.00241	1.00000		-8.29640	61.10550	872.64526	179.42465	1.91399	-2.38781	0.53250	0.99857	0.04200	0.03295	0.04164	-0.99907	0.01142	0.03340	-0.01004	-0.99939		501.17733	5.35327	39.90352	1.51726	-0.21499	-0.52150	0.51448	0.99995	-0.00920	0.00351	0.00910	0.99961	0.02651	-0.00375	-0.02648	0.99964	
53	0.52000	-6.58876	12.95524	0.34479	-0.14041	0.08372	-0.49133	0.44404	0.99996	-0.00858	-0.00144	0.00858	0.99996	-0.00246	0.00146	0.00245	1.00000		-8.27645	61.09304	872.63646	179.42529	1.90734	-2.39981	0.52997	0.99857	0.04220	0.03283	0.04185	-0.99906	0.01142	0.03328	-0.01003	-0.99940		501.17484	5.32216	39.88990	1.50863	-0.21410	-0.51386	0.51238	0.99995	-0.00906	0.00350	0.00897	0.99961	0.02636	-0.00374	-0.02633	0.99965	
54	0.53000	-6.57713	12.86163	0.56259	-0.20364	0.16276	-0.46625	0.43488	0.99996	-0.00815	-0.00281	0.00814	0.99996	-0.00358	0.00284	0.00355	0.99999		-9.45614	60.20645	872.48316	179.48541	1.99061	-2.36605	0.53193	0.99854	0.04159	0.03433	0.04126	-0.99909	0.01041	0.03474	-0.00898	-0.99936		501.10881	5.15128	40.36890	1.56461	-0.28575	-0.53602	0.51272	0.99994	-0.00949	0.00473	0.00936	0.99958	0.02735	-0.00499	-0.02730	0.99961	
55	0.54000	-6.57728	12.85626	0.58626	-0.20833	0.17072	-0.46423	0.43832	0.99996	-0.00811	-0.00295	0.00810	0.99996	-0.00366	0.00298	0.00364	0.99999		-9.56972	60.13125	872.47210	179.48778	2.00946	-2.35936	0.53517	0.99854	0.04148	0.03467	0.04114	-0.99910	0.01038	0.03506	-0.00893	-0.99935		501.11087	5.15138	40.41389	1.58396	-0.30671	-0.55544	0.51571	0.99994	-0.00984	0.00508	0.00969	0.99957	0.02769	-0.00535	-0.02764	0.99960	
56	0.55000	-6.58894	12.97433	0.32676	-0.12293	0.07680	-0.49920	0.44629	0.99996	-0.00872	-0.00132	0.00871	0.99996	-0.00216	0.00134	0.00215	1.00000		-8.18085	61.31889	872.64353	179.40376	1.90624	-2.39572	0.52842	0.99857	0.04214	0.03280	0.04178	-0.99906	0.01179	0.03326	-0.01040	-0.99939		501.18442	5.38905	39.84617	1.48762	-0.21787	-0.50782	0.51153	0.99995	-0.00896	0.00357	0.00886	0.99962	0.02599	-0.00380	-0.02596	0.99966	
57	0.56000	-6.59217	12.95030	0.34590	-0.13861	0.08458	-0.49005	0.44637	0.99996	-0.00856	-0.00145	0.00855	0.99996	-0.00243	0.00148	0.00242	1.00000		-8.28797	61.11022	872.63981	179.42186	1.90828	-2.38903	0.52915	0.99858	0.04202	0.03285	0.04166	-0.99907	0.01147	0.03330	-0.01008	-0.99939		501.17638	5.31845	39.90151	1.50393	-0.20571	-0.51427	0.51065	0.99995	-0.00907	0.00335	0.00898	0.99961	0.02628	-0.00359	-0.02625	0.99965	
58	0.57000	-6.57813	12.86329	0.58108	-0.19675	0.16783	-0.46522	0.44116	0.99996	-0.00813	-0.00290	0.00812	0.99996	-0.00346	0.00293	0.00343	0.99999		-9.53056	60.31055	872.45381	179.47931	1.99502	-2.36513	0.53255	0.99854	0.04158	0.03441	0.04124	-0.99909	0.01052	0.03481	-0.00908	-0.99935		501.11354	5.17219	40.38149	1.57978	-0.31086	-0.56491	0.51729	0.99994	-0.01001	0.00515	0.00986	0.99957	0.02762	-0.00543	-0.02757	0.99961	
59	0.58000	-6.59548	12.95393	0.36179	-0.13401	0.09122	-0.49231	0.44740	0.99996	-0.00860	-0.00157	0.00859	0.99996	-0.00235	0.00159	0.00234	1.00000		-8.38095	61.16754	872.62979	179.42035	1.92575	-2.38269	0.53246	0.99857	0.04191	0.03315	0.04155	-0.99907	0.01150	0.03360	-0.01011	-0.99938		501.17704	5.33834	39.92803	1.50113	-0.23194	-0.52202	0.51535	0.99995	-0.00921	0.00381	0.00911	0.99961	0.02623	-0.00405	-0.02620	0.99965	
60	0.59000	-6.58031	12.87398	0.57775	-0.20238	0.16950	-0.47035	0.43757	0.99996	-0.00822	-0.00293	0.00821	0.99996	-0.00356	0.00296	0.00353	0.99999		-9.55145	60.20940	872.47634	179.48555	2.00644	-2.36582	0.53060	0.99854	0.04159	0.03461	0.04125	-0.99909	0.01042	0.03501	-0.00897	-0.99935		501.11189	5.18888	40.40929	1.58457	-0.30694	-0.54243	0.52505	0.99994	-0.00961	0.00509	0.00947	0.99957	0.02770	-0.00536	-0.02765	0.99960	
61	0.60000	-6.59630	12.96353	0.36054	-0.14266	0.09129	-0.49647	0.44386	0.99996	-0.00867	-0.00157	0.00866	0.99996	-0.00250	0.00159	0.00249	1.00000		-8.38314	61.04060	872.64065	179.42584	1.92435	-2.39855	0.53056	0.99856	0.04218	0.03313	0.04183	-0.99906	0.01142	0.03358	-0.01002	-0.99939		501.17870	5.34870	39.94186	1.49716	-0.22452	-0.50137	0.51408	0.99995	-0.00885	0.00369	0.00875	0.99962	0.02616	-0.00392	-0.02613	0.99965	
62	0.61000	-6.59893	12.95047	0.35478	-0.14413	0.09030	-0.49012	0.44840	0.99996	-0.00856	-0.00155	0.00855	0.99996	-0.00253	0.00158	0.00252	1.00000		-8.35961	61.02844	872.63389	179.42999	1.91660	-2.38801	0.52846	0.99857	0.04200	0.03300	0.04164	-0.99907	0.01133	0.03344	-0.00994	-0.99939		501.18240	5.31094	39.94157	1.50401	-0.22398	-0.51457	0.51523	0.99995	-0.00908	0.00367	0.00898	0.99961	0.02628	-0.00391	-0.02625	0.99965	
63	0.62000	-6.59571	12.96658	0.34968	-0.13439	0.08959	-0.49671	0.44810	0.99996	-0.00867	-0.00154	0.00867	0.99996	-0.00236	0.00156	0.00235	1.00000		-8.36068	61.15142	872.64027	179.41635	1.92134	-2.38649	0.53336	0.99857	0.04198	0.03307	0.04162	-0.99907	0.01157	0.03353	-0.01018	-0.99939		501.18103	5.35356	39.93254	1.48787	-0.22817	-0.50158	0.51040	0.99995	-0.00885	0.00375	0.00875	0.99962	0.02600	-0.00398	-0.02597	0.99965	
64	0.63000	-6.58070	12.85199	0.58800	-0.21433	0.17113	-0.46374	0.43534	0.99996	-0.00810	-0.00296	0.00809	0.99996	-0.00377	0.00299	0.00374	0.99999		-9.57103	60.07286	872.46748	179.50702	1.99883	-2.37227	0.53233	0.99854	0.04169	0.03449	0.04137	-0.99909	0.01004	0.03488	-0.00860	-0.99935		501.11700	5.13620	40.41346	1.57943	-0.30812	-0.54133	0.51861	0.99994	-0.00959	0.00511	0.00945	0.99957	0.02761	-0.00538	-0.02756	0.99961	
65	0.64000	-6.60026	12.96493	0.36747	-0.14768	0.09605	-0.49742	0.44808	0.99996	-0.00869	-0.00165	0.00868	0.99996	-0.00259	0.00168	0.00258	0.99999		-8.45147	60.94560	872.64004	179.43228	1.92720	-2.38084	0.52838	0.99857	0.04187	0.03319	0.04152	-0.99907	0.01130	0.03363	-0.00990	-0.99939		501.18582	5.37670	39.98177	1.53674	-0.23148	-0.53152	0.51422	0.99995	-0.00938	0.00379	0.00928	0.99960	0.02685	-0.00404	-0.02682	0.99963	
66	0.65000	-6.58062	12.87811	0.54697	-0.20638	0.15804	-0.47201	0.43428	0.99996	-0.00825	-0.00273	0.00824	0.99996	-0.00363	0.00276	0.00360	0.99999		-9.38314	60.15678	872.49842	179.49054	1.98081	-2.37390	0.52830	0.99854	0.04173	0.03417	0.04140	-0.99909	0.01032	0.03456	-0.00889	-0.99936		501.12730	5.20050	40.33592	1.59101	-0.29905	-0.54818	0.51202	0.99994	-0.00971	0.00495	0.00957	0.99957	0.02781	-0.00522	-0.02776	0.99960	
67	0.66000	-6.59735	12.96716	0.36418	-0.14031	0.09160	-0.49791	0.45028	0.99996	-0.00869	-0.00158	0.00869	0.99996	-0.00246	0.00160	0.00245	1.00000		-8.38760	61.07772	872.63856	179.42535	1.92674	-2.39748	0.52991	0.99856	0.04217	0.03317	0.04181	-0.99906	0.01143	0.03362	-0.01002	-0.99938		501.18403	5.38696	39.94681	1.53762	-0.22347	-0.51926	0.51723	0.99995	-0.00916	0.00366	0.00906	0.99960	0.02687	-0.00390	-0.02683	0.99963	
68	0.67000	-6.60446	12.95845	0.37154	-0.14043	0.09702	-0.49315	0.45132	0.99996	-0.00861	-0.00167	0.00861	0.99996	-0.00247	0.00169	0.00245	1.00000		-8.45710	61.07047	872.61796	179.42624	1.92910	-2.38614	0.53364	0.99857	0.04197	0.03321	0.04161	-0.99907	0.01141	0.03366	-0.01001	-0.99938		501.18338	5.33286	39.98375	1.50356	-0.23155	-0.52435	0.51112	0.99995	-0.00925	0.00380	0.00915	0.99961	0.02627	-0.00404	-0.02624	0.99965	
69	0.68000	-6.59761	12.96075	0.34913	-0.13161	0.08823	-0.49412	0.44859	0.99996	-0.00863	-0.00152	0.00862	0.99996	-0.00231	0.00154	0.00230	1.00000		-8.33001	61.20910	872.63020	179.41779	1.91606	-2.38868	0.53310	0.99857	0.04202	0.03298	0.04165	-0.99907	0.01155	0.03344	-0.01016	-0.99939		501.18107	5.35238	39.92868	1.51173	-0.21813	-0.51260	0.50840	0.99995	-0.00904	0.00357	0.00895	0.99961	0.02641	-0.00381	-0.02638	0.99964	
70	0.69000	-6.57998	12.86476	0.54985	-0.21060	0.15669	-0.46738	0.43537	0.99996	-0.00817	-0.00270	0.00816	0.99996	-0.00370	0.00273	0.00368	0.99999		-9.35022	60.10908	872.51080	179.50298	1.99214	-2.36832	0.53147	0.99854	0.04162	0.03437	0.04130	-0.99910	0.01010	0.03476	-0.00867	-0.99936		501.12295	5.15771	40.32920	1.57397	-0.29618	-0.54113	0.51800	0.99994	-0.00958	0.00491	0.00944	0.99958	0.02752	-0.00517	-0.02747	0.99961	
71	0.70000	-6.60116	12.96260	0.36097	-0.14448	0.09159	-0.49369	0.45080	0.99996	-0.00862	-0.00158	0.00862	0.99996	-0.00254	0.00160	0.00252	1.00000		-8.37337	61.02162	872.63451	179.43373	1.92289	-2.39537	0.53116	0.99856	0.04212	0.03311	0.04177	-0.99906	0.01128	0.03355	-0.00988	-0.99939		501.18786	5.33851	39.95129	1.52130	-0.22789	-0.52146	0.52166	0.99995	-0.00920	0.00373	0.00910	0.99961	0.02658	-0.00398	-0.02655	0.99964	
72	0.71000	-6.58302	12.86626	0.55470	-0.20106	0.16268	-0.46608	0.43619	0.99996	-0.00814	-0.00281	0.00813	0.99996	-0.00353	0.00284	0.00351	0.99999		-9.44083	60.23765	872.49201	179.48364	1.99745	-2.36164	0.53466	0.99854	0.04152	0.03445	0.04118	-0.99910	0.01044	0.03486	-0.00901	-0.99935		501.11859	5.15472	40.37832	1.57210	-0.29162	-0.54045	0.51944	0.99994	-0.00957	0.00483	0.00943	0.99958	0.02748	-0.00509	-0.02743	0.99961	
73	0.72000	-6.58652	12.86087	0.60199	-0.21239	0.17804	-0.46508	0.44215	0.99996	-0.00813	-0.00308	0.00812	0.99996	-0.00373	0.00311	0.00371	0.99999		-9.66756	60.07109	872.45123	179.49869	2.00717	-2.35957	0.53390	0.99854	0.04148	0.03463	0.04115	-0.99910	0.01018	0.03502	-0.00874	-0.99935		501.11860	5.17260	40.46813	1.61484	-0.31698	-0.57487	0.52482	0.99993	-0.01019	0.00525	0.01003	0.99955	0.02823	-0.00553	-0.02818	0.99959	
74	0.73000	-6.60192	12.96532	0.37346	-0.13056	0.09707	-0.49459	0.44944	0.99996	-0.00864	-0.00167	0.00863	0.99996	-0.00229	0.00169	0.00228	1.00000		-8.45969	61.21975	872.59675	179.41969	1.92806	-2.39403	0.53331	0.99856	0.04211	0.03319	0.04175	-0.99906	0.01152	0.03364	-0.01012	-0.99938		501.17839	5.36174	39.98972	1.51425	-0.22206	-0.52246	0.51929	0.99995	-0.00922	0.00363	0.00912	0.99961	0.02646	-0.00388	-0.02643	0.99964	
75	0.74000	-6.59387	12.94758	0.36368	-0.14946	0.09373	-0.49042	0.44692	0.99996	-0.00856	-0.00161	0.00856	0.99996	-0.00262	0.00164	0.00261	0.99999		-8.40352	60.96256	872.63771	179.43634	1.93332	-2.39781	0.53254	0.99856	0.04217	0.03329	0.04181	-0.99906	0.01124	0.03374	-0.00983	-0.99938		501.17429	5.32848	39.95971	1.51800	-0.23203	-0.52577	0.51736	0.99995	-0.00928	0.00381	0.00918	0.99961	0.02653	-0.00405	-0.02649	0.99964	
76	0.75000	-6.58624	12.87225	0.58312	-0.20438	0.17355	-0.46704	0.43766	0.99996	-0.00816	-0.00300	0.00815	0.99996	-0.00359	0.00303	0.00357	0.99999		-9.59692	60.18497	872.46461	179.49065	2.01095	-2.36570	0.53099	0.99853	0.04159	0.03469	0.04125	-0.99910	0.01033	0.03509	-0.00888	-0.99934		501.11740	5.18160	40.43843	1.59833	-0.31431	-0.57017	0.51527	0.99994	-0.01010	0.00521	0.00995	0.99956	0.02795	-0.00549	-0.02789	0.99960	
77	0.76000	-6.60016	12.95711	0.36735	-0.14992	0.09379	-0.49239	0.45036	0.99996	-0.00860	-0.00161	0.00859	0.99996	-0.00263	0.00164	0.00262	0.99999		-8.40318	60.93853	872.62534	179.43210	1.92774	-2.39924	0.53304	0.99856	0.04219	0.03319	0.04184	-0.99906	0.01131	0.03364	-0.00991	-0.99938		501.17973	5.34532	39.95749	1.53537	-0.22541	-0.53646	0.51505	0.99995	-0.00946	0.00368	0.00936	0.99960	0.02683	-0.00393	-0.02679	0.99963	
78	0.77000	-6.58346	12.85523	0.57566	-0.20320	0.16784	-0.46216	0.43777	0.99996	-0.00808	-0.00290	0.00807	0.99996	-0.00357	0.00293	0.00355	0.99999		-9.50996	60.22632	872.46495	179.48889	1.99972	-2.36434	0.52949	0.99854	0.04156	0.03450	0.04123	-0.99910	0.01035	0.03489	-0.00892	-0.99935		501.11717	5.12274	40.39049	1.56764	-0.30407	-0.53981	0.51479	0.99994	-0.00956	0.00505	0.00942	0.99958	0.02741	-0.00531	-0.02736	0.99961	
79	0.78000	-6.60200	12.96076	0.35879	-0.14713	0.09066	-0.49515	0.44739	0.99996	-0.00865	-0.00156	0.00864	0.99996	-0.00258	0.00158	0.00257	0.99999		-8.36301	60.97085	872.62749	179.43581	1.91968	-2.39227	0.53517	0.99857	0.04207	0.03306	0.04172	-0.99907	0.01124	0.03350	-0.00984	-0.99939		501.18877	5.37370	39.94527	1.55267	-0.22217	-0.53498	0.51674	0.99995	-0.00944	0.00362	0.00934	0.99959	0.02713	-0.00388	-0.02710	0.99963	
80	0.79000	-6.60495	12.95825	0.35115	-0.12998	0.08899	-0.49093	0.44853	0.99996	-0.00857	-0.00153	0.00857	0.99996	-0.00228	0.00155	0.00227	1.00000		-8.32749	61.24079	872.62863	179.42171	1.92290	-2.38902	0.52926	0.99857	0.04202	0.03310	0.04166	-0.99907	0.01148	0.03355	-0.01009	-0.99939		501.19086	5.33268	39.92822	1.50371	-0.22060	-0.51633	0.51473	0.99995	-0.00911	0.00361	0.00901	0.99961	0.02628	-0.00385	-0.02624	0.99965	
81	0.80000	-6.60136	12.96631	0.35631	-0.13140	0.09289	-0.49542	0.44717	0.99996	-0.00865	-0.00160	0.00865	0.99996	-0.00231	0.00162	0.00229	1.00000		-8.38885	61.21268	872.62787	179.42230	1.93182	-2.39504	0.53165	0.99856	0.04213	0.03326	0.04177	-0.99906	0.01148	0.03371	-0.01008	-0.99938		501.18326	5.30719	39.94287	1.45143	-0.22142	-0.54996	0.52979	0.99995	-0.00969	0.00362	0.00960	0.99963	0.02537	-0.00386	-0.02533	0.99967	
82	0.81000	-6.60190	12.95003	0.35212	-0.13638	0.08692	-0.49117	0.44705	0.99996	-0.00858	-0.00150	0.00857	0.99996	-0.00239	0.00152	0.00238	1.00000		-8.29481	61.15301	872.63766	179.42284	1.92374	-2.39245	0.53437	0.99857	0.04208	0.03312	0.04172	-0.99906	0.01147	0.03357	-0.01007	-0.99939		501.19177	5.31973	39.90885	1.49672	-0.22174	-0.51876	0.52461	0.99995	-0.00915	0.00363	0.00905	0.99962	0.02615	-0.00387	-0.02612	0.99965	
83	0.82000	-6.60277	12.96088	0.37597	-0.15592	0.09891	-0.49797	0.44900	0.99996	-0.00870	-0.00170	0.00869	0.99996	-0.00274	0.00173	0.00272	0.99999		-8.47724	60.82647	872.64761	179.44145	1.94629	-2.38683	0.53048	0.99856	0.04197	0.03353	0.04162	-0.99907	0.01115	0.03396	-0.00974	-0.99938		501.18747	5.37844	40.00398	1.54898	-0.22813	-0.52288	0.52035	0.99995	-0.00923	0.00373	0.00913	0.99959	0.02707	-0.00398	-0.02703	0.99963	
84	0.83000	-6.60091	12.94801	0.36297	-0.14871	0.09286	-0.49043	0.44848	0.99996	-0.00856	-0.00160	0.00856	0.99996	-0.00261	0.00162	0.00260	0.99999		-8.37812	60.96609	872.64480	179.43172	1.93185	-2.39111	0.53480	0.99856	0.04205	0.03327	0.04170	-0.99907	0.01132	0.03371	-0.00991	-0.99938		501.19224	5.33440	39.94747	1.52655	-0.23850	-0.53817	0.51617	0.99995	-0.00950	0.00391	0.00939	0.99960	0.02668	-0.00416	-0.02664	0.99964	
85	0.84000	-6.58475	12.86225	0.55204	-0.20589	0.16134	-0.46441	0.43785	0.99996	-0.00812	-0.00279	0.00811	0.99996	-0.00362	0.00282	0.00359	0.99999		-9.40859	60.17575	872.49364	179.49474	1.99046	-2.36268	0.53245	0.99855	0.04153	0.03434	0.04120	-0.99910	0.01024	0.03473	-0.00881	-0.99936		501.12774	5.15634	40.35668	1.58370	-0.30098	-0.57262	0.51566	0.99994	-0.01014	0.00497	0.00999	0.99957	0.02769	-0.00525	-0.02764	0.99960	
86	0.85000	-6.58425	12.84837	0.58447	-0.20731	0.17120	-0.46032	0.43766	0.99996	-0.00804	-0.00296	0.00803	0.99996	-0.00364	0.00299	0.00362	0.99999		-9.55545	60.16752	872.47176	179.49225	2.00770	-2.36238	0.53321	0.99854	0.04153	0.03464	0.04119	-0.99910	0.01030	0.03503	-0.00886	-0.99935		501.12175	5.12697	40.41055	1.58277	-0.31715	-0.56174	0.51420	0.99994	-0.00995	0.00526	0.00980	0.99957	0.02767	-0.00554	-0.02762	0.99960	
87	0.86000	-6.60299	12.95318	0.35283	-0.12727	0.09262	-0.48964	0.44811	0.99996	-0.00855	-0.00160	0.00855	0.99996	-0.00224	0.00162	0.00222	1.00000		-8.38227	61.28411	872.62650	179.40182	1.92590	-2.39714	0.53010	0.99856	0.04217	0.03314	0.04180	-0.99906	0.01184	0.03361	-0.01043	-0.99938		501.18468	5.31440	39.96156	1.47340	-0.21782	-0.51554	0.50858	0.99995	-0.00909	0.00357	0.00900	0.99963	0.02575	-0.00380	-0.02571	0.99966	
88	0.87000	-6.58797	12.87198	0.56954	-0.20041	0.16881	-0.46856	0.43898	0.99996	-0.00819	-0.00292	0.00818	0.99996	-0.00352	0.00295	0.00350	0.99999		-9.52952	60.24334	872.47635	179.48952	2.00333	-2.36455	0.53394	0.99854	0.04157	0.03456	0.04123	-0.99910	0.01034	0.03496	-0.00890	-0.99935		501.12588	5.17285	40.41404	1.57064	-0.30478	-0.54626	0.51478	0.99994	-0.00968	0.00506	0.00953	0.99958	0.02746	-0.00532	-0.02741	0.99961	
89	0.88000	-6.60182	12.96190	0.34947	-0.13146	0.08967	-0.49374	0.44610	0.99996	-0.00862	-0.00154	0.00862	0.99996	-0.00231	0.00156	0.00229	1.00000		-8.33765	61.22050	872.63910	179.41699	1.92760	-2.40081	0.53072	0.99856	0.04223	0.03318	0.04187	-0.99906	0.01158	0.03364	-0.01017	-0.99938		501.18538	5.35945	39.94283	1.51319	-0.22269	-0.53084	0.51780	0.99995	-0.00936	0.00364	0.00926	0.99961	0.02644	-0.00389	-0.02641	0.99964	
90	0.89000	-6.58549	12.85847	0.55910	-0.19725	0.16483	-0.46203	0.43685	0.99996	-0.00807	-0.00285	0.00806	0.99996	-0.00347	0.00288	0.00344	0.99999		-9.46243	60.31213	872.48823	179.48480	2.00213	-2.36062	0.53144	0.99854	0.04150	0.03454	0.04116	-0.99910	0.01042	0.03494	-0.00899	-0.99935		501.12078	5.14500	40.39057	1.58506	-0.29504	-0.56264	0.51463	0.99994	-0.00996	0.00488	0.00982	0.99957	0.02771	-0.00515	-0.02766	0.99960	
91	0.90000	-6.60458	12.95878	0.36302	-0.13899	0.09500	-0.49305	0.44912	0.99996	-0.00861	-0.00164	0.00861	0.99996	-0.00244	0.00166	0.00243	1.00000		-8.42041	61.09341	872.62492	179.42548	1.92505	-2.38374	0.53405	0.99857	0.04193	0.03314	0.04157	-0.99907	0.01142	0.03359	-0.01002	-0.99939		501.19344	5.35957	39.97352	1.52084	-0.23179	-0.54119	0.51654	0.99995	-0.00955	0.00379	0.00945	0.99960	0.02658	-0.00405	-0.02654	0.99964	
92	0.91000	-6.60016	12.95693	0.35215	-0.13026	0.08952	-0.49174	0.45147	0.99996	-0.00859	-0.00154	0.00858	0.99996	-0.00229	0.00156	0.00227	1.00000		-8.34327	61.23996	872.63149	179.41774	1.92281	-2.39231	0.53109	0.99857	0.04208	0.03310	0.04172	-0.99906	0.01155	0.03355	-0.01016	-0.99939		501.19459	5.36285	39.92922	1.50621	-0.24263	-0.54768	0.51594	0.99995	-0.00967	0.00398	0.00956	0.99961	0.02632	-0.00423	-0.02629	0.99965	
93	0.92000	-6.60300	12.93859	0.37751	-0.14519	0.09919	-0.48498	0.44848	0.99996	-0.00847	-0.00171	0.00846	0.99996	-0.00255	0.00173	0.00253	0.99999		-8.47142	61.02611	872.63180	179.43233	1.94095	-2.38228	0.53001	0.99856	0.04190	0.03343	0.04154	-0.99907	0.01131	0.03387	-0.00990	-0.99938		501.19048	5.30140	39.98880	1.52796	-0.25050	-0.53877	0.51960	0.99995	-0.00952	0.00412	0.00940	0.99960	0.02670	-0.00437	-0.02666	0.99963	
94	0.93000	-6.59874	12.95969	0.33978	-0.13964	0.08429	-0.49267	0.44692	0.99996	-0.00860	-0.00145	0.00860	0.99996	-0.00245	0.00147	0.00244	1.00000		-8.26058	61.09143	872.65830	179.42653	1.92066	-2.38833	0.53139	0.99857	0.04201	0.03307	0.04165	-0.99907	0.01140	0.03352	-0.01000	-0.99939		501.18561	5.33940	39.91124	1.51219	-0.21520	-0.52234	0.52386	0.99995	-0.00921	0.00351	0.00912	0.99961	0.02642	-0.00376	-0.02639	0.99964	
