1	0.00000	-6.31802	13.78750	0.42367	0.34672	0.09614	-0.69037	0.43457	0.99993	-0.01204	-0.00175	0.01205	0.99991	0.00603	0.00168	-0.00605	0.99998		-9.26711	67.58578	871.92135	178.94099	1.89623	-2.76794	0.49298	0.99829	0.04889	0.03215	0.04826	-0.99863	0.02006	0.03309	-0.01847	-0.99928		501.21933	6.65047	39.55528	0.98104	-0.68714	-0.36256	0.30482	0.99991	-0.00653	0.01188	0.00633	0.99983	0.01720	-0.01199	-0.01712	0.99978	
2	0.01000	-6.32265	13.79144	0.40552	0.36579	0.09059	-0.68969	0.43536	0.99993	-0.01203	-0.00166	0.01204	0.99991	0.00636	0.00158	-0.00638	0.99998		-9.17465	67.87733	871.92277	178.91510	1.89397	-2.77719	0.49454	0.99828	0.04907	0.03209	0.04843	-0.99862	0.02051	0.03305	-0.01892	-0.99927		501.20998	6.62789	39.51934	0.92777	-0.68012	-0.33382	0.29970	0.99991	-0.00602	0.01177	0.00583	0.99985	0.01626	-0.01187	-0.01619	0.99980	
3	0.02000	-6.33056	13.79888	0.42910	0.32904	0.09958	-0.69576	0.42601	0.99992	-0.01213	-0.00181	0.01214	0.99991	0.00572	0.00174	-0.00574	0.99998		-9.30657	67.30102	871.93892	178.95543	1.90221	-2.77908	0.49140	0.99827	0.04908	0.03227	0.04846	-0.99863	0.01982	0.03319	-0.01822	-0.99928		501.22147	6.65824	39.58627	0.97856	-0.68913	-0.34157	0.30619	0.99991	-0.00617	0.01192	0.00596	0.99984	0.01715	-0.01203	-0.01708	0.99978	
4	0.03000	-6.35374	13.29944	-0.00599	-0.12451	-0.03357	-0.55974	0.42262	0.99995	-0.00977	0.00061	0.00977	0.99995	-0.00217	-0.00059	0.00217	1.00000		-7.11622	61.15242	872.86829	179.36418	1.66111	-2.81537	0.57675	0.99837	0.04944	0.02841	0.04910	-0.99872	0.01251	0.02899	-0.01109	-0.99952		500.93790	5.67444	39.02670	1.43982	0.13873	-0.20591	0.39193	0.99999	-0.00353	-0.00251	0.00359	0.99968	0.02512	0.00242	-0.02513	0.99968	
5	0.04000	-6.35578	13.28684	-0.02290	-0.13843	-0.04009	-0.55916	0.43089	0.99995	-0.00976	0.00072	0.00976	0.99995	-0.00241	-0.00070	0.00242	1.00000		-7.00680	60.96092	872.91533	179.38586	1.66540	-2.81652	0.57501	0.99837	0.04945	0.02850	0.04912	-0.99872	0.01213	0.02906	-0.01071	-0.99952		501.03868	5.37796	39.02365	1.14171	0.06052	-0.07567	0.50421	1.00000	-0.00130	-0.00108	0.00132	0.99980	0.01992	0.00106	-0.01993	0.99980	
6	0.05000	-6.00133	12.67342	-0.36243	-0.95541	-0.34432	-0.41937	0.46138	0.99995	-0.00722	0.00613	0.00732	0.99984	-0.01663	-0.00601	0.01667	0.99984		-2.41078	48.63768	873.85868	-179.68282	1.28384	-2.17377	0.58697	0.99903	0.03781	0.02260	0.03792	-0.99927	-0.00468	0.02241	0.00553	-0.99973		501.10811	3.67388	36.41922	1.35788	0.43551	0.46178	0.45557	0.99994	0.00824	-0.00741	-0.00806	0.99969	0.02376	0.00760	-0.02370	0.99969	
7	0.06000	-6.53046	13.03652	0.74795	-0.29687	0.24852	-0.51909	0.44893	0.99995	-0.00908	-0.00429	0.00906	0.99995	-0.00522	0.00434	0.00518	0.99998		-10.97677	58.54399	872.27892	179.50426	2.00517	-2.45082	0.52957	0.99847	0.04306	0.03459	0.04274	-0.99903	0.01014	0.03499	-0.00865	-0.99935		501.06715	4.89775	40.83527	0.95603	-0.36416	0.15851	0.49831	0.99998	0.00266	0.00640	-0.00277	0.99986	0.01667	-0.00636	-0.01668	0.99984	
8	0.07000	-6.55020	13.11067	0.31914	-0.14557	0.09861	-0.53371	0.43848	0.99995	-0.00932	-0.00170	0.00931	0.99995	-0.00256	0.00172	0.00254	0.99999		-8.70073	60.80382	872.57018	179.36646	1.85813	-2.46769	0.51962	0.99855	0.04341	0.03192	0.04303	-0.99900	0.01244	0.03242	-0.01105	-0.99941		501.11108	5.53605	40.01562	1.30897	-0.03402	-0.31396	0.46252	0.99998	-0.00549	0.00047	0.00548	0.99972	0.02285	-0.00059	-0.02284	0.99974	
9	0.08000	-6.56385	13.10020	0.31374	-0.13310	0.09542	-0.52756	0.43875	0.99996	-0.00921	-0.00164	0.00921	0.99996	-0.00234	0.00167	0.00232	1.00000		-8.63832	61.01049	872.55581	179.35336	1.84742	-2.46679	0.51867	0.99855	0.04340	0.03172	0.04302	-0.99899	0.01266	0.03224	-0.01128	-0.99942		501.12323	5.53488	39.99803	1.34104	-0.03681	-0.34657	0.46364	0.99998	-0.00606	0.00050	0.00605	0.99971	0.02341	-0.00064	-0.02340	0.99973	
10	0.09000	-6.57159	13.10577	0.30974	-0.13290	0.09234	-0.53114	0.44089	0.99996	-0.00927	-0.00159	0.00927	0.99995	-0.00233	0.00161	0.00232	1.00000		-8.58394	60.99372	872.57616	179.35139	1.86131	-2.45661	0.51477	0.99855	0.04323	0.03196	0.04284	-0.99900	0.01270	0.03248	-0.01131	-0.99941		501.12783	5.54938	39.97634	1.32413	-0.03580	-0.34567	0.46721	0.99998	-0.00605	0.00049	0.00603	0.99971	0.02311	-0.00062	-0.02311	0.99973	
11	0.10000	-6.58464	13.12368	0.31330	-0.13593	0.09667	-0.53500	0.43790	0.99995	-0.00934	-0.00166	0.00934	0.99995	-0.00239	0.00169	0.00237	1.00000		-8.63673	60.94343	872.57149	179.35988	1.86456	-2.47011	0.51396	0.99854	0.04346	0.03202	0.04308	-0.99899	0.01256	0.03254	-0.01117	-0.99941		501.13182	5.56565	40.02870	1.33397	-0.02361	-0.34061	0.46766	0.99998	-0.00595	0.00027	0.00594	0.99971	0.02328	-0.00041	-0.02328	0.99973	
12	0.11000	-6.57069	13.01873	0.55821	-0.20252	0.18177	-0.50502	0.43189	0.99996	-0.00883	-0.00314	0.00881	0.99995	-0.00356	0.00317	0.00353	0.99999		-9.90975	60.02609	872.37428	179.42506	1.93870	-2.44059	0.50777	0.99852	0.04292	0.03337	0.04256	-0.99903	0.01147	0.03383	-0.01003	-0.99938		501.05350	5.37156	40.53222	1.41247	-0.11140	-0.37660	0.46716	0.99998	-0.00662	0.00178	0.00657	0.99967	0.02466	-0.00194	-0.02465	0.99969	
13	0.12000	-6.58893	13.09816	0.30454	-0.12514	0.09277	-0.52580	0.43741	0.99996	-0.00918	-0.00160	0.00918	0.99996	-0.00220	0.00162	0.00218	1.00000		-8.56834	61.13264	872.56892	179.35661	1.85674	-2.45551	0.50902	0.99856	0.04320	0.03189	0.04282	-0.99900	0.01261	0.03240	-0.01122	-0.99941		501.13870	5.53457	40.00466	1.33344	-0.03019	-0.36612	0.47162	0.99998	-0.00640	0.00038	0.00639	0.99971	0.02327	-0.00053	-0.02327	0.99973	
14	0.13000	-6.59016	13.11497	0.30428	-0.12257	0.09085	-0.53205	0.43754	0.99996	-0.00929	-0.00157	0.00929	0.99995	-0.00215	0.00159	0.00214	1.00000		-8.54838	61.15201	872.55831	179.34843	1.85147	-2.46003	0.51133	0.99856	0.04329	0.03179	0.04290	-0.99900	0.01275	0.03231	-0.01137	-0.99941		501.14217	5.58254	39.97755	1.33314	-0.04217	-0.37026	0.47118	0.99998	-0.00648	0.00059	0.00646	0.99971	0.02327	-0.00074	-0.02327	0.99973	
15	0.14000	-6.59022	13.10808	0.29361	-0.11581	0.08656	-0.52890	0.43685	0.99996	-0.00923	-0.00149	0.00923	0.99996	-0.00204	0.00151	0.00202	1.00000		-8.47475	61.26816	872.57118	179.34415	1.85138	-2.46060	0.50825	0.99856	0.04330	0.03178	0.04291	-0.99900	0.01282	0.03231	-0.01144	-0.99941		501.13579	5.56671	39.96565	1.33612	-0.01513	-0.37324	0.46778	0.99998	-0.00652	0.00011	0.00651	0.99971	0.02332	-0.00026	-0.02332	0.99973	
16	0.15000	-6.59693	13.09591	0.31170	-0.13048	0.09451	-0.52293	0.44030	0.99996	-0.00913	-0.00163	0.00913	0.99996	-0.00229	0.00165	0.00228	1.00000		-8.58404	61.06022	872.55960	179.36253	1.85049	-2.45493	0.50542	0.99856	0.04319	0.03178	0.04281	-0.99901	0.01250	0.03229	-0.01112	-0.99942		501.14138	5.50931	40.01338	1.34851	-0.03499	-0.36880	0.47304	0.99998	-0.00645	0.00046	0.00644	0.99970	0.02354	-0.00061	-0.02353	0.99972	
17	0.16000	-6.59490	13.11371	0.29626	-0.13262	0.08687	-0.52973	0.43690	0.99996	-0.00925	-0.00149	0.00925	0.99995	-0.00233	0.00152	0.00231	1.00000		-8.47187	61.00885	872.58796	179.36456	1.85288	-2.46040	0.50184	0.99856	0.04328	0.03183	0.04291	-0.99900	0.01247	0.03233	-0.01108	-0.99942		501.13809	5.55024	39.96475	1.33719	-0.03071	-0.36463	0.47612	0.99998	-0.00637	0.00039	0.00636	0.99971	0.02334	-0.00054	-0.02334	0.99973	
18	0.17000	-6.59476	13.11403	0.27726	-0.11595	0.08016	-0.52887	0.43999	0.99996	-0.00923	-0.00138	0.00923	0.99996	-0.00204	0.00140	0.00202	1.00000		-8.36935	61.26673	872.58392	179.35077	1.84566	-2.46325	0.50559	0.99856	0.04334	0.03169	0.04296	-0.99900	0.01270	0.03221	-0.01133	-0.99942		501.13871	5.57421	39.91792	1.34386	-0.01265	-0.37651	0.47266	0.99998	-0.00657	0.00007	0.00657	0.99970	0.02345	-0.00022	-0.02345	0.99972	
19	0.18000	-6.59893	13.11165	0.30367	-0.12983	0.09069	-0.52892	0.43843	0.99996	-0.00923	-0.00156	0.00923	0.99995	-0.00228	0.00158	0.00227	1.00000		-8.52922	61.05366	872.57014	179.35507	1.85307	-2.46500	0.50582	0.99855	0.04337	0.03182	0.04299	-0.99900	0.01264	0.03234	-0.01125	-0.99941		501.14716	5.56840	39.98930	1.36542	-0.03196	-0.38951	0.48025	0.99998	-0.00681	0.00040	0.00680	0.99969	0.02383	-0.00056	-0.02383	0.99972	
20	0.19000	-6.59718	13.11181	0.26926	-0.11915	0.07724	-0.52779	0.43912	0.99996	-0.00921	-0.00133	0.00921	0.99996	-0.00209	0.00135	0.00208	1.00000		-8.31652	61.21250	872.60215	179.35167	1.84681	-2.45823	0.50418	0.99856	0.04325	0.03171	0.04287	-0.99900	0.01269	0.03223	-0.01131	-0.99942		501.14797	5.54749	39.90081	1.32340	-0.01982	-0.36928	0.47523	0.99998	-0.00645	0.00020	0.00645	0.99971	0.02310	-0.00035	-0.02310	0.99973	
21	0.20000	-6.60466	13.11388	0.31200	-0.12725	0.09309	-0.53047	0.43975	0.99996	-0.00926	-0.00160	0.00926	0.99995	-0.00224	0.00162	0.00222	1.00000		-8.56453	61.09471	872.54789	179.35669	1.84802	-2.47132	0.50387	0.99855	0.04348	0.03173	0.04310	-0.99899	0.01261	0.03225	-0.01122	-0.99942		501.15164	5.58683	39.99934	1.37745	-0.04634	-0.38954	0.47938	0.99998	-0.00682	0.00065	0.00680	0.99969	0.02404	-0.00081	-0.02404	0.99971	
22	0.21000	-6.60628	13.10235	0.31270	-0.12497	0.09512	-0.52556	0.43730	0.99996	-0.00918	-0.00164	0.00917	0.99996	-0.00220	0.00166	0.00218	1.00000		-8.58174	61.13645	872.55867	179.35716	1.86126	-2.45625	0.50644	0.99855	0.04322	0.03197	0.04283	-0.99900	0.01260	0.03248	-0.01121	-0.99941		501.14444	5.53789	40.01459	1.34359	-0.04103	-0.38417	0.47998	0.99998	-0.00672	0.00056	0.00670	0.99970	0.02345	-0.00072	-0.02345	0.99972	
23	0.22000	-6.60463	13.12464	0.29003	-0.12225	0.08626	-0.53173	0.44011	0.99996	-0.00928	-0.00149	0.00928	0.99995	-0.00215	0.00151	0.00213	1.00000		-8.45786	61.15940	872.58024	179.35393	1.85144	-2.46856	0.50032	0.99855	0.04343	0.03179	0.04305	-0.99899	0.01266	0.03231	-0.01127	-0.99941		501.15234	5.59924	39.96966	1.38360	-0.02898	-0.39517	0.48150	0.99998	-0.00691	0.00034	0.00690	0.99968	0.02415	-0.00051	-0.02415	0.99971	
24	0.23000	-6.60576	13.10889	0.30692	-0.11888	0.09170	-0.52627	0.43885	0.99996	-0.00919	-0.00158	0.00918	0.99996	-0.00209	0.00160	0.00207	1.00000		-8.52105	61.23289	872.59043	179.38750	1.87514	-2.43551	0.51994	0.99856	0.04284	0.03224	0.04247	-0.99902	0.01207	0.03272	-0.01068	-0.99941		501.15572	5.51852	39.93101	1.35190	-0.10029	-0.34997	0.49331	0.99998	-0.00615	0.00161	0.00611	0.99970	0.02360	-0.00175	-0.02359	0.99972	
25	0.24000	-6.60863	13.09740	0.31416	-0.13111	0.09288	-0.52482	0.44422	0.99996	-0.00916	-0.00160	0.00916	0.99996	-0.00230	0.00162	0.00229	1.00000		-8.53532	61.05998	872.59468	179.40193	1.87547	-2.43463	0.52517	0.99856	0.04282	0.03225	0.04246	-0.99903	0.01182	0.03273	-0.01043	-0.99941		501.13999	5.54569	39.96791	1.51497	-0.14132	-0.39245	0.48699	0.99997	-0.00691	0.00228	0.00685	0.99963	0.02645	-0.00247	-0.02644	0.99965	
26	0.25000	-6.61127	13.11719	0.29900	-0.11589	0.09002	-0.52960	0.43916	0.99996	-0.00925	-0.00155	0.00924	0.99996	-0.00204	0.00157	0.00202	1.00000		-8.49086	61.27398	872.59700	179.38567	1.87426	-2.43990	0.52400	0.99856	0.04292	0.03222	0.04255	-0.99902	0.01210	0.03271	-0.01072	-0.99941		501.13323	5.57080	39.96616	1.48941	-0.12837	-0.39344	0.48633	0.99997	-0.00692	0.00206	0.00687	0.99964	0.02601	-0.00224	-0.02599	0.99966	
27	0.26000	-6.61337	13.10323	0.31179	-0.12437	0.09609	-0.52693	0.44099	0.99996	-0.00920	-0.00166	0.00920	0.99996	-0.00219	0.00168	0.00217	1.00000		-8.57882	61.15616	872.58866	179.38890	1.88035	-2.43808	0.52466	0.99856	0.04289	0.03233	0.04252	-0.99902	0.01205	0.03281	-0.01066	-0.99940		501.13837	5.54120	39.98855	1.47938	-0.15095	-0.37565	0.48472	0.99998	-0.00662	0.00246	0.00656	0.99964	0.02583	-0.00263	-0.02582	0.99966	
28	0.27000	-6.61179	13.10083	0.30400	-0.11686	0.09021	-0.52369	0.43908	0.99996	-0.00914	-0.00156	0.00914	0.99996	-0.00205	0.00157	0.00204	1.00000		-8.48112	61.27951	872.59968	179.38545	1.87823	-2.43603	0.52488	0.99856	0.04285	0.03229	0.04248	-0.99902	0.01211	0.03278	-0.01072	-0.99941		501.14273	5.53755	39.95037	1.49093	-0.14964	-0.39359	0.48501	0.99997	-0.00693	0.00243	0.00687	0.99964	0.02604	-0.00261	-0.02602	0.99966	
29	0.28000	-6.61320	13.11075	0.27745	-0.11143	0.08240	-0.52669	0.43997	0.99996	-0.00919	-0.00142	0.00919	0.99996	-0.00196	0.00144	0.00194	1.00000		-8.36300	61.35069	872.62964	179.37987	1.87370	-2.43507	0.52651	0.99856	0.04284	0.03221	0.04246	-0.99902	0.01220	0.03270	-0.01082	-0.99941		501.15222	5.55653	39.90710	1.48389	-0.14494	-0.40732	0.48605	0.99997	-0.00717	0.00234	0.00711	0.99964	0.02591	-0.00253	-0.02590	0.99966	
30	0.29000	-6.61721	13.10214	0.32499	-0.11890	0.10141	-0.52440	0.44185	0.99996	-0.00916	-0.00175	0.00915	0.99996	-0.00209	0.00177	0.00208	1.00000		-8.64073	61.24133	872.58517	179.38742	1.88917	-2.43697	0.52408	0.99855	0.04287	0.03248	0.04250	-0.99902	0.01208	0.03297	-0.01069	-0.99940		501.14727	5.54435	40.02452	1.50367	-0.17253	-0.40483	0.49335	0.99997	-0.00714	0.00282	0.00707	0.99963	0.02626	-0.00301	-0.02624	0.99965	
31	0.30000	-6.61453	13.11230	0.30524	-0.11879	0.09455	-0.52854	0.44186	0.99996	-0.00923	-0.00163	0.00922	0.99996	-0.00209	0.00165	0.00207	1.00000		-8.53791	61.24018	872.61486	179.39197	1.89041	-2.44084	0.52833	0.99855	0.04294	0.03250	0.04256	-0.99902	0.01201	0.03299	-0.01061	-0.99940		501.14439	5.56423	39.98459	1.49369	-0.15598	-0.39581	0.49137	0.99997	-0.00698	0.00254	0.00691	0.99964	0.02609	-0.00272	-0.02607	0.99966	
32	0.31000	-6.62123	13.10936	0.32433	-0.12584	0.10159	-0.52826	0.43650	0.99996	-0.00922	-0.00175	0.00922	0.99996	-0.00221	0.00177	0.00220	1.00000		-8.63379	61.11483	872.59399	179.38864	1.89663	-2.42932	0.52619	0.99855	0.04274	0.03261	0.04236	-0.99903	0.01206	0.03310	-0.01066	-0.99940		501.14540	5.57000	40.01829	1.49898	-0.17526	-0.41214	0.48741	0.99997	-0.00727	0.00287	0.00719	0.99963	0.02618	-0.00306	-0.02616	0.99965	
33	0.32000	-6.62521	13.10793	0.30711	-0.11823	0.09452	-0.52603	0.44221	0.99996	-0.00918	-0.00163	0.00918	0.99996	-0.00208	0.00165	0.00206	1.00000		-8.52155	61.24589	872.60575	179.39014	1.88901	-2.43129	0.53056	0.99856	0.04277	0.03248	0.04240	-0.99903	0.01203	0.03296	-0.01064	-0.99940		501.15565	5.56621	39.97851	1.50300	-0.16677	-0.42167	0.48532	0.99997	-0.00743	0.00272	0.00736	0.99963	0.02625	-0.00291	-0.02623	0.99965	
34	0.33000	-6.62042	13.11000	0.30356	-0.12156	0.09396	-0.52763	0.43868	0.99996	-0.00921	-0.00162	0.00921	0.99996	-0.00214	0.00164	0.00212	1.00000		-8.52098	61.19721	872.60905	179.39644	1.88691	-2.43951	0.52769	0.99855	0.04291	0.03245	0.04254	-0.99902	0.01193	0.03293	-0.01053	-0.99940		501.15511	5.55841	39.97562	1.50485	-0.16062	-0.39940	0.49607	0.99997	-0.00704	0.00262	0.00697	0.99963	0.02628	-0.00280	-0.02626	0.99965	
35	0.34000	-6.62637	13.09034	0.31516	-0.13280	0.09795	-0.51987	0.43794	0.99996	-0.00908	-0.00169	0.00907	0.99996	-0.00233	0.00171	0.00232	1.00000		-8.56103	61.05212	872.61188	179.39816	1.89059	-2.43316	0.52850	0.99855	0.04280	0.03251	0.04243	-0.99903	0.01190	0.03299	-0.01050	-0.99940		501.16754	5.51921	39.99302	1.52895	-0.17910	-0.41924	0.50071	0.99997	-0.00740	0.00293	0.00732	0.99962	0.02670	-0.00313	-0.02668	0.99964	
36	0.35000	-6.62363	13.11250	0.28179	-0.11758	0.08525	-0.52580	0.43996	0.99996	-0.00918	-0.00147	0.00918	0.99996	-0.00207	0.00149	0.00205	1.00000		-8.37673	61.26412	872.63466	179.39697	1.88503	-2.43482	0.52671	0.99856	0.04283	0.03242	0.04246	-0.99903	0.01191	0.03289	-0.01052	-0.99940		501.16413	5.54809	39.92713	1.49793	-0.15330	-0.41182	0.49272	0.99997	-0.00726	0.00249	0.00719	0.99963	0.02616	-0.00268	-0.02614	0.99965	
37	0.36000	-6.62470	13.11260	0.29877	-0.12698	0.09266	-0.52615	0.43821	0.99996	-0.00919	-0.00160	0.00918	0.99996	-0.00223	0.00162	0.00222	1.00000		-8.48776	61.12328	872.61900	179.39848	1.88989	-2.44162	0.52878	0.99855	0.04294	0.03250	0.04258	-0.99902	0.01189	0.03298	-0.01049	-0.99940		501.15672	5.54600	39.97168	1.51174	-0.15644	-0.40927	0.49520	0.99997	-0.00721	0.00254	0.00714	0.99963	0.02640	-0.00273	-0.02638	0.99965	
38	0.37000	-6.63058	13.11122	0.31989	-0.12655	0.10013	-0.52837	0.43850	0.99996	-0.00923	-0.00173	0.00922	0.99996	-0.00223	0.00175	0.00221	1.00000		-8.60173	61.12099	872.60041	179.40262	1.89826	-2.43579	0.53028	0.99855	0.04284	0.03265	0.04248	-0.99903	0.01182	0.03312	-0.01042	-0.99940		501.15001	5.56680	40.01687	1.52382	-0.15868	-0.40527	0.49923	0.99997	-0.00714	0.00258	0.00707	0.99962	0.02661	-0.00277	-0.02659	0.99964	
39	0.38000	-6.62968	13.11445	0.30251	-0.12077	0.09127	-0.52750	0.44075	0.99996	-0.00921	-0.00157	0.00921	0.99996	-0.00212	0.00159	0.00211	1.00000		-8.46540	61.21661	872.60808	179.39465	1.88637	-2.43846	0.52606	0.99855	0.04289	0.03244	0.04252	-0.99902	0.01196	0.03292	-0.01056	-0.99940		501.16754	5.57045	39.94360	1.50713	-0.17717	-0.42464	0.50027	0.99997	-0.00749	0.00290	0.00741	0.99963	0.02632	-0.00309	-0.02630	0.99965	
40	0.39000	-6.63255	13.11254	0.35193	-0.12543	0.11218	-0.52596	0.44208	0.99996	-0.00918	-0.00194	0.00918	0.99996	-0.00221	0.00196	0.00219	1.00000		-8.77494	61.14523	872.56721	179.39879	1.91505	-2.43710	0.52718	0.99854	0.04287	0.03294	0.04250	-0.99903	0.01190	0.03342	-0.01049	-0.99939		501.15555	5.55308	40.08537	1.51346	-0.18902	-0.42374	0.50438	0.99997	-0.00748	0.00310	0.00740	0.99962	0.02644	-0.00330	-0.02641	0.99965	
41	0.40000	-6.62921	13.12960	0.29759	-0.11515	0.09058	-0.53191	0.43793	0.99996	-0.00929	-0.00156	0.00928	0.99995	-0.00202	0.00158	0.00201	1.00000		-8.45098	61.28528	872.61907	179.38655	1.89507	-2.44307	0.52756	0.99854	0.04298	0.03258	0.04260	-0.99902	0.01211	0.03307	-0.01070	-0.99940		501.16325	5.58225	39.95398	1.50184	-0.16382	-0.40809	0.49492	0.99997	-0.00719	0.00267	0.00712	0.99963	0.02623	-0.00286	-0.02621	0.99965	
42	0.41000	-6.63315	13.12052	0.31821	-0.12039	0.09902	-0.52788	0.43535	0.99996	-0.00922	-0.00171	0.00921	0.99996	-0.00212	0.00173	0.00210	1.00000		-8.57750	61.20699	872.60196	179.39757	1.89942	-2.43525	0.52915	0.99855	0.04284	0.03267	0.04247	-0.99903	0.01191	0.03314	-0.01051	-0.99940		501.17310	5.57175	39.99862	1.52716	-0.19777	-0.42245	0.50088	0.99997	-0.00746	0.00325	0.00737	0.99962	0.02668	-0.00345	-0.02665	0.99964	
43	0.42000	-6.63651	13.11385	0.32721	-0.12376	0.10265	-0.52968	0.43748	0.99996	-0.00925	-0.00177	0.00924	0.99995	-0.00218	0.00179	0.00216	1.00000		-8.62928	61.15176	872.60379	179.40746	1.91074	-2.42543	0.52658	0.99855	0.04266	0.03287	0.04230	-0.99904	0.01174	0.03334	-0.01034	-0.99939		501.16483	5.57765	40.02188	1.50576	-0.18548	-0.41167	0.50257	0.99997	-0.00727	0.00305	0.00718	0.99963	0.02630	-0.00324	-0.02628	0.99965	
44	0.43000	-6.63536	13.10056	0.32124	-0.12283	0.10271	-0.52224	0.43878	0.99996	-0.00912	-0.00177	0.00911	0.99996	-0.00216	0.00179	0.00214	1.00000		-8.62008	61.19347	872.59743	179.40088	1.90472	-2.42949	0.52845	0.99855	0.04273	0.03276	0.04237	-0.99903	0.01186	0.03324	-0.01045	-0.99939		501.16705	5.53330	40.03334	1.52384	-0.18475	-0.42215	0.50102	0.99997	-0.00745	0.00303	0.00737	0.99962	0.02662	-0.00322	-0.02659	0.99964	
45	0.44000	-6.64031	13.10752	0.33107	-0.13901	0.10392	-0.52756	0.43828	0.99996	-0.00921	-0.00179	0.00921	0.99995	-0.00244	0.00181	0.00243	0.99999		-8.63286	60.93890	872.60686	179.40994	1.90722	-2.44179	0.52774	0.99854	0.04294	0.03281	0.04258	-0.99902	0.01171	0.03328	-0.01029	-0.99939		501.17505	5.55544	40.03493	1.52953	-0.18725	-0.40880	0.50420	0.99997	-0.00722	0.00308	0.00713	0.99962	0.02671	-0.00327	-0.02669	0.99964	
46	0.45000	-6.64201	13.11872	0.32194	-0.13215	0.10312	-0.52999	0.43918	0.99996	-0.00925	-0.00178	0.00925	0.99995	-0.00232	0.00180	0.00231	1.00000		-8.61991	61.02865	872.61320	179.41168	1.90957	-2.43536	0.52509	0.99854	0.04283	0.03285	0.04247	-0.99903	0.01167	0.03332	-0.01026	-0.99939		501.17877	5.58642	40.04555	1.54989	-0.18369	-0.41936	0.49996	0.99997	-0.00740	0.00301	0.00732	0.99961	0.02707	-0.00321	-0.02705	0.99963	
47	0.46000	-6.63816	13.12022	0.31145	-0.11729	0.09794	-0.52853	0.43630	0.99996	-0.00923	-0.00169	0.00922	0.99996	-0.00206	0.00171	0.00205	1.00000		-8.54662	61.25067	872.60800	179.39072	1.90385	-2.43072	0.52522	0.99855	0.04276	0.03274	0.04239	-0.99903	0.01203	0.03322	-0.01063	-0.99939		501.16644	5.58757	40.00249	1.52893	-0.17419	-0.43269	0.49787	0.99997	-0.00763	0.00284	0.00755	0.99961	0.02670	-0.00304	-0.02668	0.99964	
48	0.47000	-6.63531	13.10335	0.29970	-0.11847	0.09387	-0.52085	0.43873	0.99996	-0.00909	-0.00162	0.00909	0.99996	-0.00208	0.00164	0.00207	1.00000		-8.47597	61.25064	872.62933	179.40433	1.90843	-2.41756	0.52889	0.99856	0.04253	0.03283	0.04216	-0.99904	0.01179	0.03330	-0.01039	-0.99939		501.17894	5.54062	39.97569	1.54161	-0.18907	-0.43175	0.50112	0.99997	-0.00762	0.00310	0.00754	0.99961	0.02693	-0.00330	-0.02690	0.99963	
49	0.48000	-6.63741	13.12079	0.32039	-0.12647	0.10101	-0.52860	0.43913	0.99996	-0.00923	-0.00174	0.00923	0.99996	-0.00222	0.00176	0.00221	1.00000		-8.58632	61.11606	872.61009	179.40320	1.91258	-2.43397	0.52861	0.99854	0.04281	0.03290	0.04244	-0.99903	0.01182	0.03337	-0.01041	-0.99939		501.16854	5.56873	40.01596	1.53599	-0.18246	-0.40119	0.50123	0.99997	-0.00708	0.00300	0.00700	0.99962	0.02683	-0.00318	-0.02680	0.99964	
50	0.49000	-6.64117	13.13747	0.31100	-0.11718	0.09902	-0.53560	0.43975	0.99995	-0.00935	-0.00171	0.00935	0.99995	-0.00206	0.00173	0.00205	1.00000		-8.56462	61.23865	872.61626	179.39047	1.90943	-2.44333	0.52722	0.99854	0.04298	0.03283	0.04261	-0.99902	0.01205	0.03332	-0.01063	-0.99939		501.17527	5.62442	40.00926	1.52539	-0.18770	-0.42360	0.50505	0.99997	-0.00748	0.00308	0.00739	0.99962	0.02664	-0.00328	-0.02662	0.99964	
51	0.50000	-6.63827	13.10599	0.31769	-0.12615	0.09932	-0.52299	0.44018	0.99996	-0.00913	-0.00171	0.00913	0.99996	-0.00222	0.00173	0.00220	1.00000		-8.55378	61.14148	872.60591	179.40991	1.90654	-2.43111	0.52597	0.99855	0.04276	0.03280	0.04239	-0.99903	0.01170	0.03327	-0.01029	-0.99939		501.17758	5.53335	40.00244	1.51773	-0.18818	-0.42507	0.50342	0.99997	-0.00750	0.00309	0.00742	0.99962	0.02651	-0.00328	-0.02649	0.99964	
52	0.51000	-6.63999	13.10637	0.30275	-0.12788	0.09322	-0.52546	0.43425	0.99996	-0.00917	-0.00161	0.00917	0.99996	-0.00225	0.00163	0.00223	1.00000		-8.46729	61.11284	872.61890	179.40315	1.89561	-2.43493	0.52664	0.99855	0.04283	0.03260	0.04246	-0.99903	0.01181	0.03308	-0.01041	-0.99940		501.18384	5.56276	39.97129	1.52909	-0.17998	-0.43079	0.50217	0.99997	-0.00760	0.00294	0.00752	0.99961	0.02671	-0.00314	-0.02668	0.99964	
53	0.52000	-6.63665	13.02615	0.54717	-0.18955	0.18330	-0.50315	0.42999	0.99996	-0.00879	-0.00317	0.00878	0.99996	-0.00334	0.00320	0.00331	0.99999		-9.80598	60.23916	872.43595	179.46950	1.99269	-2.40475	0.52797	0.99852	0.04228	0.03435	0.04193	-0.99906	0.01071	0.03477	-0.00925	-0.99935		501.11437	5.39096	40.50602	1.59161	-0.27730	-0.43606	0.50089	0.99996	-0.00774	0.00463	0.00761	0.99958	0.02781	-0.00484	-0.02778	0.99960	
54	0.53000	-6.64332	13.09774	0.32480	-0.13503	0.10246	-0.52268	0.43513	0.99996	-0.00913	-0.00177	0.00912	0.99996	-0.00237	0.00179	0.00236	1.00000		-8.59004	61.00256	872.62533	179.41518	1.92331	-2.42465	0.53120	0.99854	0.04265	0.03310	0.04228	-0.99904	0.01162	0.03356	-0.01020	-0.99938		501.18044	5.54804	40.02608	1.55377	-0.19357	-0.43385	0.49806	0.99997	-0.00766	0.00317	0.00757	0.99960	0.02714	-0.00338	-0.02711	0.99963	
55	0.54000	-6.64277	13.11232	0.31731	-0.12342	0.10165	-0.52757	0.43788	0.99996	-0.00921	-0.00175	0.00921	0.99996	-0.00217	0.00177	0.00215	1.00000		-8.59443	61.16364	872.61106	179.40627	1.91359	-2.42694	0.52719	0.99855	0.04269	0.03292	0.04232	-0.99903	0.01177	0.03339	-0.01036	-0.99939		501.17723	5.57787	40.01713	1.52848	-0.19649	-0.42224	0.50033	0.99997	-0.00746	0.00323	0.00737	0.99962	0.02670	-0.00343	-0.02667	0.99964	
56	0.55000	-6.64593	13.11473	0.30772	-0.11836	0.09759	-0.52601	0.43754	0.99996	-0.00918	-0.00168	0.00918	0.99996	-0.00208	0.00170	0.00207	1.00000		-8.53108	61.24501	872.61342	179.40036	1.90683	-2.43418	0.52606	0.99854	0.04282	0.03280	0.04245	-0.99903	0.01187	0.03327	-0.01046	-0.99939		501.18695	5.57476	40.00144	1.52646	-0.19216	-0.43500	0.50286	0.99997	-0.00768	0.00315	0.00759	0.99962	0.02666	-0.00335	-0.02664	0.99964	
57	0.56000	-6.64783	13.12165	0.31127	-0.11482	0.09854	-0.52901	0.43811	0.99996	-0.00924	-0.00170	0.00923	0.99996	-0.00202	0.00172	0.00200	1.00000		-8.54246	61.28480	872.61509	179.39317	1.91267	-2.43163	0.53208	0.99854	0.04278	0.03289	0.04240	-0.99903	0.01200	0.03338	-0.01059	-0.99939		501.17693	5.57138	40.00449	1.50721	-0.17582	-0.40969	0.50092	0.99997	-0.00723	0.00288	0.00715	0.99963	0.02632	-0.00307	-0.02630	0.99965	
58	0.57000	-6.64624	13.11900	0.29896	-0.11411	0.09513	-0.52610	0.43666	0.99996	-0.00919	-0.00164	0.00918	0.99996	-0.00201	0.00166	0.00199	1.00000		-8.48495	61.29970	872.63430	179.39256	1.91264	-2.42375	0.53184	0.99855	0.04264	0.03290	0.04227	-0.99903	0.01200	0.03338	-0.01060	-0.99939		501.17827	5.54965	39.99726	1.51052	-0.16785	-0.40674	0.50643	0.99997	-0.00717	0.00274	0.00710	0.99963	0.02638	-0.00293	-0.02636	0.99965	
59	0.58000	-6.65110	13.11847	0.31923	-0.12781	0.10148	-0.52836	0.43495	0.99996	-0.00923	-0.00175	0.00922	0.99996	-0.00225	0.00177	0.00223	1.00000		-8.57837	61.09133	872.61770	179.41005	1.91252	-2.42325	0.52853	0.99855	0.04262	0.03291	0.04226	-0.99904	0.01170	0.03337	-0.01029	-0.99939		501.17500	5.56768	40.02800	1.51728	-0.17450	-0.42040	0.50126	0.99997	-0.00742	0.00285	0.00734	0.99962	0.02650	-0.00305	-0.02648	0.99964	
60	0.59000	-6.65370	13.12292	0.32750	-0.12672	0.10645	-0.53137	0.43799	0.99996	-0.00928	-0.00184	0.00927	0.99995	-0.00223	0.00186	0.00221	1.00000		-8.65674	61.10630	872.60437	179.40639	1.91299	-2.43630	0.52686	0.99854	0.04285	0.03291	0.04248	-0.99903	0.01177	0.03338	-0.01035	-0.99939		501.18738	5.60845	40.06198	1.54280	-0.19585	-0.44006	0.50694	0.99996	-0.00777	0.00321	0.00768	0.99961	0.02695	-0.00342	-0.02692	0.99963	
61	0.60000	-6.65534	13.10845	0.32346	-0.12703	0.10282	-0.52504	0.43774	0.99996	-0.00917	-0.00177	0.00916	0.99996	-0.00223	0.00179	0.00222	1.00000		-8.59313	61.11309	872.61390	179.40858	1.91683	-2.42210	0.52948	0.99855	0.04260	0.03298	0.04224	-0.99904	0.01173	0.03345	-0.01032	-0.99939		501.18867	5.56009	40.03469	1.53988	-0.18615	-0.43052	0.50271	0.99997	-0.00760	0.00305	0.00751	0.99961	0.02690	-0.00325	-0.02687	0.99963	
62	0.61000	-6.64247	13.01518	0.55059	-0.20446	0.18436	-0.49814	0.43317	0.99996	-0.00871	-0.00319	0.00869	0.99996	-0.00360	0.00322	0.00357	0.99999		-9.80622	60.01937	872.45596	179.48047	1.99188	-2.39496	0.53010	0.99852	0.04210	0.03435	0.04176	-0.99907	0.01051	0.03476	-0.00906	-0.99935		501.11859	5.33894	40.51440	1.58698	-0.27010	-0.43078	0.50549	0.99996	-0.00765	0.00450	0.00752	0.99959	0.02773	-0.00471	-0.02769	0.99961	
63	0.62000	-6.65672	13.11707	0.32921	-0.12869	0.10693	-0.52823	0.43720	0.99996	-0.00922	-0.00184	0.00922	0.99996	-0.00226	0.00187	0.00225	1.00000		-8.64970	61.08454	872.60770	179.41252	1.92344	-2.42922	0.52877	0.99854	0.04273	0.03310	0.04236	-0.99903	0.01167	0.03356	-0.01025	-0.99938		501.17401	5.56375	40.05185	1.51862	-0.18504	-0.41347	0.50807	0.99997	-0.00730	0.00304	0.00722	0.99962	0.02652	-0.00323	-0.02650	0.99964	
64	0.63000	-6.65607	13.11843	0.32822	-0.12542	0.10591	-0.53001	0.44174	0.99996	-0.00925	-0.00183	0.00925	0.99995	-0.00221	0.00185	0.00219	1.00000		-8.64167	61.12862	872.60792	179.40585	1.92013	-2.43149	0.53015	0.99854	0.04277	0.03303	0.04240	-0.99903	0.01178	0.03351	-0.01036	-0.99938		501.19272	5.60022	40.04052	1.53341	-0.21010	-0.42807	0.49627	0.99997	-0.00757	0.00347	0.00747	0.99961	0.02679	-0.00367	-0.02676	0.99964	
65	0.64000	-6.65948	13.11753	0.30524	-0.12287	0.09612	-0.52735	0.43480	0.99996	-0.00921	-0.00166	0.00920	0.99996	-0.00216	0.00168	0.00214	1.00000		-8.48369	61.16805	872.62826	179.40070	1.91026	-2.42005	0.53167	0.99855	0.04257	0.03286	0.04220	-0.99904	0.01186	0.03333	-0.01045	-0.99939		501.18537	5.55836	39.99609	1.51667	-0.16944	-0.41760	0.50603	0.99997	-0.00736	0.00276	0.00729	0.99962	0.02649	-0.00296	-0.02647	0.99965	
66	0.65000	-6.65113	13.10648	0.31481	-0.11911	0.10121	-0.52354	0.43335	0.99996	-0.00914	-0.00175	0.00914	0.99996	-0.00210	0.00177	0.00208	1.00000		-8.56610	61.24524	872.61757	179.40303	1.92083	-2.42897	0.52890	0.99854	0.04273	0.03305	0.04236	-0.99903	0.01183	0.03352	-0.01041	-0.99938		501.18277	5.54628	40.03078	1.52754	-0.18347	-0.42957	0.50373	0.99997	-0.00758	0.00300	0.00750	0.99962	0.02668	-0.00320	-0.02666	0.99964	
67	0.66000	-6.65301	13.10906	0.31956	-0.12839	0.10100	-0.52385	0.43649	0.99996	-0.00915	-0.00174	0.00914	0.99996	-0.00226	0.00176	0.00224	1.00000		-8.55923	61.09701	872.62135	179.40703	1.91726	-2.42106	0.52673	0.99855	0.04259	0.03299	0.04222	-0.99904	0.01175	0.03346	-0.01034	-0.99939		501.18533	5.54237	40.01158	1.52637	-0.19903	-0.42409	0.50520	0.99997	-0.00749	0.00328	0.00740	0.99962	0.02666	-0.00347	-0.02664	0.99964	
68	0.67000	-6.66201	13.11775	0.32933	-0.13536	0.10569	-0.52928	0.43819	0.99996	-0.00924	-0.00182	0.00924	0.99995	-0.00238	0.00184	0.00236	1.00000		-8.62928	60.97412	872.61470	179.41440	1.91948	-2.42570	0.52507	0.99854	0.04266	0.03303	0.04230	-0.99904	0.01163	0.03349	-0.01021	-0.99939		501.19383	5.57969	40.05159	1.53805	-0.19956	-0.43390	0.51085	0.99997	-0.00766	0.00328	0.00757	0.99961	0.02687	-0.00348	-0.02684	0.99963	
69	0.68000	-6.65256	13.12117	0.29418	-0.12950	0.09156	-0.53068	0.43791	0.99996	-0.00927	-0.00158	0.00926	0.99995	-0.00228	0.00160	0.00226	1.00000		-8.42365	61.06015	872.64933	179.41219	1.91045	-2.42226	0.52700	0.99855	0.04260	0.03287	0.04224	-0.99904	0.01166	0.03334	-0.01025	-0.99939		501.19133	5.59290	39.95603	1.52913	-0.18418	-0.43212	0.51076	0.99997	-0.00762	0.00301	0.00754	0.99961	0.02671	-0.00321	-0.02669	0.99964	
70	0.69000	-6.65733	13.12092	0.31850	-0.13387	0.10266	-0.53010	0.43467	0.99996	-0.00926	-0.00177	0.00925	0.99995	-0.00235	0.00179	0.00234	1.00000		-8.58517	60.98629	872.63215	179.41138	1.92078	-2.42387	0.52814	0.99854	0.04263	0.03305	0.04227	-0.99904	0.01168	0.03352	-0.01027	-0.99939		501.19229	5.59260	40.03253	1.54625	-0.18955	-0.43695	0.51272	0.99997	-0.00771	0.00310	0.00763	0.99961	0.02701	-0.00331	-0.02698	0.99963	
71	0.70000	-6.66410	13.13444	0.31173	-0.12369	0.10161	-0.53583	0.43865	0.99995	-0.00936	-0.00175	0.00935	0.99995	-0.00218	0.00177	0.00216	1.00000		-8.56911	61.14723	872.62097	179.40691	1.91789	-2.44310	0.52945	0.99853	0.04297	0.03299	0.04260	-0.99902	0.01177	0.03347	-0.01035	-0.99939		501.19780	5.62885	40.02328	1.53570	-0.19817	-0.42219	0.50624	0.99997	-0.00746	0.00326	0.00737	0.99961	0.02682	-0.00346	-0.02680	0.99963	
72	0.71000	-6.66040	13.11797	0.34254	-0.12775	0.11464	-0.52684	0.43620	0.99996	-0.00920	-0.00198	0.00919	0.99996	-0.00225	0.00200	0.00223	1.00000		-8.76046	61.09107	872.59275	179.41101	1.93325	-2.42497	0.53485	0.99854	0.04266	0.03327	0.04229	-0.99904	0.01170	0.03374	-0.01027	-0.99938		501.17924	5.56006	40.11090	1.52801	-0.20787	-0.42056	0.50641	0.99997	-0.00743	0.00343	0.00734	0.99962	0.02669	-0.00363	-0.02667	0.99964	
73	0.72000	-6.65666	13.10996	0.30008	-0.12488	0.09618	-0.52466	0.43653	0.99996	-0.00916	-0.00166	0.00916	0.99996	-0.00220	0.00168	0.00218	1.00000		-8.48225	61.14935	872.62829	179.40814	1.90765	-2.42544	0.53062	0.99855	0.04266	0.03282	0.04230	-0.99904	0.01173	0.03329	-0.01032	-0.99939		501.19600	5.55263	39.98923	1.52591	-0.19571	-0.43416	0.50369	0.99997	-0.00767	0.00321	0.00758	0.99962	0.02665	-0.00342	-0.02663	0.99964	
74	0.73000	-6.66106	13.11449	0.31602	-0.13252	0.10484	-0.52882	0.43563	0.99996	-0.00923	-0.00181	0.00923	0.99995	-0.00233	0.00183	0.00231	1.00000		-8.60627	61.02859	872.63074	179.42210	1.92297	-2.43060	0.53099	0.99854	0.04275	0.03310	0.04239	-0.99904	0.01150	0.03356	-0.01008	-0.99939		501.18953	5.58058	40.04907	1.53261	-0.19514	-0.41575	0.50539	0.99997	-0.00734	0.00321	0.00726	0.99962	0.02677	-0.00341	-0.02675	0.99964	
75	0.74000	-6.65933	13.13254	0.31505	-0.13464	0.10167	-0.53600	0.43555	0.99995	-0.00936	-0.00175	0.00935	0.99995	-0.00237	0.00177	0.00235	1.00000		-8.56907	60.97381	872.63187	179.41670	1.91653	-2.43692	0.53192	0.99854	0.04286	0.03298	0.04250	-0.99903	0.01159	0.03344	-0.01017	-0.99939		501.19571	5.64087	40.02592	1.55959	-0.19881	-0.43356	0.50670	0.99997	-0.00766	0.00326	0.00757	0.99960	0.02724	-0.00347	-0.02722	0.99962	
76	0.75000	-6.65977	13.11899	0.30375	-0.12033	0.09888	-0.52527	0.44085	0.99996	-0.00917	-0.00171	0.00917	0.99996	-0.00212	0.00173	0.00210	1.00000		-8.52059	61.20950	872.62891	179.40741	1.91328	-2.42811	0.52887	0.99855	0.04271	0.03292	0.04234	-0.99903	0.01175	0.03339	-0.01034	-0.99939		501.19099	5.55028	40.01308	1.51261	-0.18840	-0.43059	0.50647	0.99997	-0.00760	0.00309	0.00752	0.99962	0.02642	-0.00329	-0.02640	0.99965	
77	0.76000	-6.65860	13.10772	0.32071	-0.12433	0.10542	-0.52371	0.43529	0.99996	-0.00914	-0.00182	0.00914	0.99996	-0.00219	0.00184	0.00217	1.00000		-8.61800	61.15309	872.61750	179.40569	1.92244	-2.41805	0.52901	0.99855	0.04254	0.03308	0.04217	-0.99904	0.01178	0.03355	-0.01037	-0.99938		501.19073	5.55314	40.03914	1.51467	-0.21122	-0.44244	0.51072	0.99996	-0.00782	0.00348	0.00772	0.99962	0.02646	-0.00369	-0.02643	0.99964	
78	0.77000	-6.65705	13.11621	0.30502	-0.12008	0.09911	-0.52732	0.43853	0.99996	-0.00921	-0.00171	0.00920	0.99996	-0.00211	0.00173	0.00210	1.00000		-8.53458	61.20857	872.63005	179.40254	1.91581	-2.42080	0.52810	0.99855	0.04258	0.03296	0.04221	-0.99904	0.01183	0.03343	-0.01042	-0.99939		501.19359	5.58971	40.00066	1.52587	-0.20284	-0.43992	0.50963	0.99996	-0.00777	0.00333	0.00768	0.99962	0.02665	-0.00354	-0.02663	0.99964	
79	0.78000	-6.65657	13.11980	0.29654	-0.11980	0.09661	-0.52795	0.43627	0.99996	-0.00922	-0.00167	0.00921	0.99996	-0.00211	0.00169	0.00209	1.00000		-8.50348	61.20716	872.63159	179.39645	1.90703	-2.42326	0.52611	0.99855	0.04263	0.03280	0.04226	-0.99904	0.01193	0.03328	-0.01053	-0.99939		501.20240	5.61044	39.99609	1.56478	-0.20502	-0.46116	0.51522	0.99996	-0.00814	0.00336	0.00805	0.99959	0.02734	-0.00358	-0.02731	0.99962	
80	0.79000	-6.65964	13.13029	0.31982	-0.12666	0.10375	-0.53282	0.43566	0.99995	-0.00930	-0.00179	0.00930	0.99995	-0.00223	0.00181	0.00221	1.00000		-8.60779	61.10104	872.63036	179.40765	1.92440	-2.42970	0.52737	0.99854	0.04274	0.03311	0.04237	-0.99903	0.01175	0.03358	-0.01033	-0.99938		501.20586	5.37948	40.02117	1.26070	-0.21789	-0.28548	0.51673	0.99998	-0.00507	0.00369	0.00498	0.99975	0.02202	-0.00380	-0.02200	0.99975	
81	0.80000	-6.65982	13.11520	0.30807	-0.11925	0.09973	-0.52503	0.43477	0.99996	-0.00917	-0.00172	0.00916	0.99996	-0.00210	0.00174	0.00208	1.00000		-8.53939	61.22165	872.63506	179.40474	1.92277	-2.41229	0.52743	0.99855	0.04244	0.03308	0.04207	-0.99905	0.01179	0.03355	-0.01038	-0.99938		501.19995	5.30585	40.00510	1.22811	-0.20269	-0.27177	0.51432	0.99998	-0.00482	0.00344	0.00474	0.99976	0.02145	-0.00354	-0.02143	0.99976	
82	0.81000	-6.65788	13.12091	0.31586	-0.12356	0.10341	-0.52821	0.43788	0.99996	-0.00922	-0.00178	0.00922	0.99996	-0.00217	0.00180	0.00216	1.00000		-8.59976	61.15526	872.62839	179.40839	1.92275	-2.42486	0.53140	0.99854	0.04265	0.03308	0.04229	-0.99904	0.01174	0.03355	-0.01032	-0.99938		501.19315	5.32089	40.04165	1.23428	-0.19508	-0.25959	0.51459	0.99998	-0.00460	0.00331	0.00453	0.99976	0.02156	-0.00340	-0.02154	0.99976	
83	0.82000	-6.65678	13.12162	0.29988	-0.11288	0.09503	-0.52765	0.43877	0.99996	-0.00921	-0.00164	0.00921	0.99996	-0.00199	0.00166	0.00197	1.00000		-8.47771	61.31024	872.62313	179.39308	1.90553	-2.42004	0.53094	0.99856	0.04257	0.03277	0.04220	-0.99904	0.01199	0.03325	-0.01059	-0.99939		501.20424	5.58560	39.96211	1.51423	-0.21839	-0.44949	0.51811	0.99996	-0.00794	0.00360	0.00784	0.99962	0.02645	-0.00381	-0.02643	0.99964	
84	0.83000	-6.66630	13.12372	0.34524	-0.13084	0.11436	-0.53198	0.43772	0.99995	-0.00929	-0.00197	0.00928	0.99995	-0.00230	0.00200	0.00228	0.99999		-8.75722	61.03341	872.60147	179.41792	1.93717	-2.41876	0.52944	0.99854	0.04254	0.03334	0.04218	-0.99904	0.01158	0.03380	-0.01015	-0.99938		501.19624	5.60944	40.10099	1.54446	-0.21682	-0.43112	0.51456	0.99996	-0.00762	0.00358	0.00752	0.99961	0.02698	-0.00378	-0.02695	0.99963	
85	0.84000	-6.66529	13.11625	0.30762	-0.11049	0.10092	-0.52493	0.43728	0.99996	-0.00916	-0.00174	0.00916	0.99996	-0.00195	0.00176	0.00193	1.00000		-8.55165	61.35583	872.61707	179.39261	1.91940	-2.41301	0.52988	0.99855	0.04245	0.03302	0.04208	-0.99904	0.01200	0.03349	-0.01059	-0.99938		501.19995	5.57081	40.02227	1.51539	-0.19732	-0.43661	0.50925	0.99997	-0.00771	0.00324	0.00762	0.99962	0.02647	-0.00344	-0.02645	0.99964	
86	0.85000	-6.65687	13.10468	0.29363	-0.11819	0.09502	-0.51828	0.43748	0.99996	-0.00905	-0.00164	0.00905	0.99996	-0.00208	0.00166	0.00206	1.00000		-8.45908	61.25457	872.64957	179.40022	1.91965	-2.41037	0.52672	0.99855	0.04240	0.03303	0.04203	-0.99905	0.01187	0.03350	-0.01046	-0.99938		501.19782	5.50899	39.97020	1.51574	-0.20496	-0.44813	0.51934	0.99996	-0.00791	0.00337	0.00782	0.99962	0.02648	-0.00358	-0.02645	0.99964	
87	0.86000	-6.66400	13.10359	0.31593	-0.11845	0.10466	-0.52170	0.43885	0.99996	-0.00911	-0.00181	0.00911	0.99996	-0.00208	0.00183	0.00207	1.00000		-8.60065	61.25361	872.61982	179.40182	1.92119	-2.41260	0.52985	0.99855	0.04244	0.03305	0.04207	-0.99904	0.01184	0.03352	-0.01043	-0.99938		501.21026	5.31749	40.03659	1.26214	-0.22380	-0.30373	0.52154	0.99998	-0.00539	0.00379	0.00530	0.99974	0.02205	-0.00391	-0.02203	0.99975	
88	0.87000	-6.66612	13.12923	0.31246	-0.11679	0.10148	-0.53084	0.43659	0.99996	-0.00927	-0.00175	0.00926	0.99996	-0.00206	0.00177	0.00204	1.00000		-8.55762	61.25006	872.62931	179.39764	1.92424	-2.42071	0.53125	0.99854	0.04259	0.03310	0.04221	-0.99904	0.01192	0.03358	-0.01051	-0.99938		501.19928	5.59257	40.01294	1.51210	-0.20232	-0.42781	0.50685	0.99997	-0.00756	0.00333	0.00747	0.99962	0.02641	-0.00353	-0.02639	0.99965	
89	0.88000	-6.66519	13.11903	0.32748	-0.12299	0.10774	-0.52545	0.44009	0.99996	-0.00917	-0.00186	0.00917	0.99996	-0.00216	0.00188	0.00215	1.00000		-8.64752	61.19041	872.61192	179.41028	1.92577	-2.43357	0.52860	0.99853	0.04280	0.03314	0.04244	-0.99903	0.01171	0.03360	-0.01029	-0.99938		501.21297	5.33169	40.05385	1.26306	-0.22480	-0.29428	0.50859	0.99998	-0.00522	0.00381	0.00514	0.99974	0.02206	-0.00392	-0.02204	0.99975	
90	0.89000	-6.66137	13.10786	0.34412	-0.13826	0.11205	-0.52294	0.43888	0.99996	-0.00913	-0.00193	0.00913	0.99996	-0.00243	0.00196	0.00241	0.99999		-8.71469	60.95530	872.61516	179.42068	1.92964	-2.42570	0.52714	0.99854	0.04266	0.03321	0.04230	-0.99904	0.01153	0.03367	-0.01011	-0.99938		501.19839	5.56752	40.08413	1.57638	-0.21791	-0.47049	0.51634	0.99996	-0.00831	0.00358	0.00821	0.99959	0.02754	-0.00380	-0.02751	0.99961	
91	0.90000	-6.65777	13.11745	0.31759	-0.12588	0.10250	-0.52740	0.43846	0.99996	-0.00921	-0.00177	0.00920	0.99996	-0.00221	0.00179	0.00220	1.00000		-8.57829	61.12982	872.62457	179.40881	1.92404	-2.42100	0.52704	0.99854	0.04259	0.03311	0.04222	-0.99904	0.01173	0.03357	-0.01031	-0.99938		501.18834	5.57397	40.01540	1.52089	-0.21204	-0.44121	0.51185	0.99996	-0.00780	0.00349	0.00770	0.99962	0.02657	-0.00370	-0.02654	0.99964	
92	0.91000	-6.66422	13.11739	0.33634	-0.13633	0.11139	-0.52864	0.43752	0.99996	-0.00923	-0.00192	0.00923	0.99995	-0.00240	0.00194	0.00238	0.99999		-8.70896	60.95722	872.63338	179.41858	1.94053	-2.41045	0.52843	0.99854	0.04240	0.03340	0.04203	-0.99905	0.01156	0.03386	-0.01014	-0.99938		501.19947	5.60571	40.08854	1.55612	-0.22202	-0.45707	0.51077	0.99996	-0.00808	0.00366	0.00798	0.99960	0.02719	-0.00388	-0.02716	0.99962	
93	0.92000	-6.66305	13.11673	0.32362	-0.12532	0.10575	-0.52683	0.43387	0.99996	-0.00920	-0.00182	0.00919	0.99996	-0.00220	0.00185	0.00219	1.00000		-8.62460	61.13318	872.62335	179.41016	1.92945	-2.41538	0.52398	0.99855	0.04249	0.03320	0.04212	-0.99904	0.01170	0.03367	-0.01029	-0.99938		501.19519	5.57390	40.04824	1.52022	-0.21452	-0.44856	0.50947	0.99996	-0.00793	0.00353	0.00783	0.99962	0.02656	-0.00374	-0.02653	0.99964	
94	0.93000	-6.66481	13.11055	0.30940	-0.12923	0.09986	-0.52465	0.43853	0.99996	-0.00916	-0.00172	0.00916	0.99996	-0.00227	0.00174	0.00226	1.00000		-8.53526	61.08704	872.63138	179.41591	1.91709	-2.42103	0.52542	0.99855	0.04258	0.03299	0.04222	-0.99904	0.01160	0.03345	-0.01019	-0.99939		501.19918	5.56012	40.00596	1.52392	-0.19971	-0.45318	0.50988	0.99996	-0.00800	0.00327	0.00791	0.99961	0.02662	-0.00349	-0.02659	0.99964	
