1	0.00000	-6.34163	13.79946	0.41216	0.35638	0.11019	-0.69187	0.42553	0.99993	-0.01206	-0.00200	0.01208	0.99991	0.00620	0.00192	-0.00622	0.99998		-8.71096	67.72601	871.91838	178.94508	2.00069	-2.69595	0.48925	0.99828	0.04767	0.03400	0.04701	-0.99869	0.02003	0.03491	-0.01840	-0.99922		501.21093	6.63833	39.64846	0.93732	-0.69229	-0.36255	0.29460	0.99991	-0.00652	0.01198	0.00633	0.99984	0.01643	-0.01208	-0.01636	0.99979	
2	0.01000	-6.32835	13.77855	0.40067	0.36354	0.10525	-0.68519	0.43998	0.99993	-0.01195	-0.00191	0.01196	0.99991	0.00632	0.00184	-0.00634	0.99998		-8.63657	67.86340	871.91914	178.93323	1.99619	-2.69822	0.49258	0.99829	0.04772	0.03391	0.04705	-0.99869	0.02024	0.03483	-0.01861	-0.99922		501.20655	6.61340	39.62896	0.94462	-0.68946	-0.35479	0.30280	0.99991	-0.00639	0.01193	0.00619	0.99984	0.01656	-0.01203	-0.01648	0.99979	
3	0.02000	-6.33230	13.76783	0.41372	0.34071	0.10885	-0.68420	0.43658	0.99993	-0.01193	-0.00197	0.01194	0.99991	0.00592	0.00190	-0.00595	0.99998		-8.68818	67.52131	871.93435	178.95467	1.99804	-2.69061	0.48861	0.99829	0.04757	0.03396	0.04691	-0.99870	0.01986	0.03487	-0.01823	-0.99923		501.20809	6.58416	39.65346	0.94368	-0.68792	-0.35014	0.30394	0.99991	-0.00631	0.01190	0.00611	0.99984	0.01654	-0.01201	-0.01647	0.99979	
4	0.03000	-6.36534	13.28443	-0.06182	-0.12718	-0.04131	-0.55461	0.42737	0.99995	-0.00968	0.00074	0.00968	0.99995	-0.00221	-0.00072	0.00222	1.00000		-6.23170	61.14643	872.93022	179.39674	1.75278	-2.73585	0.57175	0.99839	0.04805	0.03005	0.04771	-0.99879	0.01198	0.03059	-0.01052	-0.99948		500.94069	5.62424	38.98010	1.42335	0.16381	-0.19644	0.38859	0.99999	-0.00336	-0.00294	0.00343	0.99969	0.02483	0.00286	-0.02484	0.99969	
5	0.04000	-6.36214	13.27489	-0.04977	-0.14091	-0.03379	-0.55313	0.43274	0.99995	-0.00965	0.00061	0.00965	0.99995	-0.00245	-0.00059	0.00246	1.00000		-6.35498	60.94289	872.92205	179.40253	1.75120	-2.73365	0.57482	0.99840	0.04801	0.03003	0.04767	-0.99879	0.01187	0.03056	-0.01042	-0.99948		501.03251	5.35484	39.06539	1.15672	0.06477	-0.10567	0.51151	1.00000	-0.00182	-0.00117	0.00184	0.99979	0.02019	0.00113	-0.02019	0.99980	
6	0.05000	-6.04196	12.81490	-0.75492	-0.87108	-0.46815	-0.46235	0.48474	0.99993	-0.00794	0.00829	0.00807	0.99985	-0.01514	-0.00817	0.01520	0.99985		0.22794	49.81343	874.16763	-179.75110	1.25436	-2.13996	0.57775	0.99906	0.03725	0.02204	0.03733	-0.99930	-0.00352	0.02189	0.00434	-0.99975		501.21956	3.92260	35.70798	1.24843	0.59105	0.54210	0.45384	0.99990	0.00968	-0.01011	-0.00946	0.99972	0.02188	0.01032	-0.02179	0.99971	
7	0.06000	-6.54990	13.02536	0.75307	-0.30042	0.26760	-0.51356	0.44924	0.99995	-0.00899	-0.00462	0.00896	0.99995	-0.00529	0.00467	0.00524	0.99997		-10.47592	58.50186	872.29236	179.52835	2.13652	-2.36360	0.52697	0.99845	0.04155	0.03691	0.04121	-0.99910	0.00976	0.03728	-0.00823	-0.99927		501.05282	4.87157	40.96960	0.97190	-0.36823	0.12550	0.50287	0.99998	0.00208	0.00646	-0.00219	0.99985	0.01695	-0.00643	-0.01696	0.99984	
8	0.07000	-6.56615	13.10835	0.26871	-0.12787	0.09876	-0.52716	0.44380	0.99996	-0.00920	-0.00170	0.00920	0.99996	-0.00225	0.00172	0.00223	1.00000		-7.91959	61.07921	872.61447	179.36012	1.96805	-2.38180	0.51915	0.99855	0.04194	0.03385	0.04153	-0.99906	0.01259	0.03434	-0.01116	-0.99935		501.10455	5.47161	40.04429	1.27093	-0.00628	-0.30094	0.46545	0.99999	-0.00525	-0.00001	0.00525	0.99974	0.02218	-0.00011	-0.02218	0.99975	
9	0.08000	-6.57395	13.09160	0.26725	-0.13490	0.09593	-0.52315	0.44357	0.99996	-0.00913	-0.00165	0.00913	0.99996	-0.00237	0.00167	0.00235	1.00000		-7.86651	60.99295	872.61158	179.36758	1.95294	-2.37887	0.51637	0.99856	0.04188	0.03359	0.04148	-0.99906	0.01244	0.03408	-0.01103	-0.99936		501.11013	5.48169	40.03188	1.31342	-0.00951	-0.33260	0.46738	0.99998	-0.00581	0.00003	0.00580	0.99972	0.02292	-0.00017	-0.02292	0.99974	
10	0.09000	-6.58484	13.09041	0.27111	-0.13247	0.09905	-0.52039	0.44252	0.99996	-0.00909	-0.00171	0.00908	0.99996	-0.00233	0.00173	0.00231	1.00000		-7.90165	61.02830	872.61400	179.37296	1.96534	-2.37152	0.51184	0.99856	0.04175	0.03381	0.04135	-0.99907	0.01235	0.03429	-0.01094	-0.99935		501.12101	5.45926	40.05486	1.30594	-0.01576	-0.34897	0.46405	0.99998	-0.00610	0.00014	0.00609	0.99972	0.02279	-0.00027	-0.02279	0.99974	
11	0.10000	-6.59136	13.09493	0.29084	-0.13603	0.10478	-0.52357	0.44259	0.99996	-0.00914	-0.00181	0.00914	0.99996	-0.00239	0.00183	0.00237	1.00000		-7.97923	60.96540	872.59942	179.37990	1.97302	-2.37324	0.51123	0.99855	0.04178	0.03395	0.04138	-0.99907	0.01224	0.03443	-0.01082	-0.99935		501.11127	5.46649	40.08888	1.29322	-0.01287	-0.33318	0.46976	0.99998	-0.00582	0.00009	0.00582	0.99973	0.02257	-0.00022	-0.02257	0.99975	
12	0.11000	-6.59784	13.09268	0.27532	-0.12231	0.09871	-0.52258	0.44474	0.99996	-0.00912	-0.00170	0.00912	0.99996	-0.00215	0.00172	0.00213	1.00000		-7.87668	61.18458	872.60798	179.36288	1.96578	-2.37604	0.50618	0.99855	0.04184	0.03381	0.04143	-0.99906	0.01253	0.03430	-0.01111	-0.99935		501.12576	5.51059	40.04265	1.32284	-0.02180	-0.36300	0.46892	0.99998	-0.00634	0.00023	0.00634	0.99971	0.02309	-0.00038	-0.02309	0.99973	
13	0.12000	-6.59562	13.10094	0.25072	-0.11755	0.08970	-0.52315	0.44321	0.99996	-0.00913	-0.00155	0.00913	0.99996	-0.00207	0.00157	0.00205	1.00000		-7.74499	61.26071	872.61892	179.36333	1.95482	-2.38455	0.51015	0.99855	0.04198	0.03362	0.04158	-0.99906	0.01252	0.03411	-0.01111	-0.99936		501.12910	5.49970	39.99935	1.31573	-0.00782	-0.36406	0.46957	0.99998	-0.00636	-0.00001	0.00635	0.99972	0.02296	-0.00014	-0.02296	0.99974	
14	0.13000	-6.60248	13.08514	0.26132	-0.12180	0.09231	-0.51898	0.44257	0.99996	-0.00906	-0.00159	0.00906	0.99996	-0.00214	0.00161	0.00213	1.00000		-7.77894	61.20650	872.60675	179.37227	1.95690	-2.37638	0.50676	0.99856	0.04184	0.03366	0.04144	-0.99906	0.01236	0.03415	-0.01095	-0.99936		501.13946	5.48683	40.01232	1.33124	-0.02285	-0.37177	0.47278	0.99998	-0.00650	0.00025	0.00649	0.99971	0.02323	-0.00040	-0.02323	0.99973	
15	0.14000	-6.60776	13.10423	0.28922	-0.13064	0.10343	-0.52657	0.44545	0.99996	-0.00919	-0.00178	0.00919	0.99996	-0.00230	0.00181	0.00228	1.00000		-7.94727	61.05931	872.58953	179.37448	1.96337	-2.38691	0.50798	0.99855	0.04202	0.03377	0.04162	-0.99906	0.01233	0.03426	-0.01091	-0.99935		501.12975	5.53532	40.08453	1.33813	-0.02791	-0.37889	0.47823	0.99998	-0.00662	0.00033	0.00661	0.99971	0.02336	-0.00049	-0.02335	0.99973	
16	0.15000	-6.60293	13.09592	0.26163	-0.12152	0.09278	-0.52226	0.44485	0.99996	-0.00912	-0.00160	0.00912	0.99996	-0.00214	0.00162	0.00212	1.00000		-7.78386	61.19497	872.61094	179.36160	1.95654	-2.37769	0.50446	0.99856	0.04186	0.03365	0.04146	-0.99906	0.01255	0.03414	-0.01114	-0.99935		501.12922	5.48092	40.01467	1.28884	-0.02152	-0.35962	0.46491	0.99998	-0.00628	0.00023	0.00628	0.99973	0.02249	-0.00038	-0.02249	0.99975	
17	0.16000	-6.60834	13.10133	0.29465	-0.12189	0.10501	-0.52452	0.44391	0.99996	-0.00916	-0.00181	0.00915	0.99996	-0.00214	0.00183	0.00213	1.00000		-7.96877	61.17963	872.58181	179.36682	1.97378	-2.37602	0.50526	0.99855	0.04184	0.03395	0.04143	-0.99906	0.01247	0.03444	-0.01104	-0.99935		501.12895	5.51651	40.08499	1.32459	-0.03541	-0.35963	0.46966	0.99998	-0.00629	0.00047	0.00628	0.99971	0.02312	-0.00062	-0.02312	0.99973	
18	0.17000	-6.61100	13.10550	0.26414	-0.11476	0.09302	-0.52563	0.44363	0.99996	-0.00918	-0.00160	0.00917	0.99996	-0.00202	0.00162	0.00200	1.00000		-7.78029	61.29091	872.61531	179.35983	1.96600	-2.38111	0.50364	0.99855	0.04193	0.03381	0.04152	-0.99906	0.01259	0.03431	-0.01117	-0.99935		501.14050	5.52625	40.02269	1.31124	-0.02072	-0.36954	0.47493	0.99998	-0.00646	0.00021	0.00645	0.99972	0.02289	-0.00036	-0.02288	0.99974	
19	0.18000	-6.61021	13.09435	0.27698	-0.11571	0.09860	-0.52142	0.44447	0.99996	-0.00910	-0.00170	0.00910	0.99996	-0.00204	0.00172	0.00202	1.00000		-7.87023	61.28782	872.58791	179.36475	1.96097	-2.37691	0.50399	0.99855	0.04185	0.03373	0.04145	-0.99906	0.01250	0.03422	-0.01108	-0.99935		501.13469	5.50621	40.05207	1.32486	-0.02627	-0.38424	0.47931	0.99998	-0.00671	0.00030	0.00671	0.99971	0.02312	-0.00046	-0.02312	0.99973	
20	0.19000	-6.61500	13.08756	0.27012	-0.11562	0.09768	-0.51737	0.44498	0.99996	-0.00903	-0.00169	0.00903	0.99996	-0.00203	0.00170	0.00202	1.00000		-7.84061	61.29277	872.60502	179.36334	1.96556	-2.36850	0.50052	0.99856	0.04170	0.03381	0.04130	-0.99907	0.01252	0.03430	-0.01111	-0.99935		501.13631	5.46221	40.05324	1.30395	-0.02274	-0.36349	0.47356	0.99998	-0.00635	0.00025	0.00634	0.99972	0.02276	-0.00040	-0.02276	0.99974	
21	0.20000	-6.61393	13.10512	0.26423	-0.11779	0.09174	-0.52626	0.44418	0.99996	-0.00919	-0.00158	0.00918	0.99996	-0.00207	0.00160	0.00206	1.00000		-7.76288	61.25689	872.61055	179.36276	1.96027	-2.38871	0.50681	0.99855	0.04206	0.03371	0.04165	-0.99905	0.01254	0.03421	-0.01112	-0.99935		501.14145	5.53520	40.00127	1.31387	-0.02830	-0.37333	0.47898	0.99998	-0.00653	0.00034	0.00652	0.99972	0.02293	-0.00049	-0.02293	0.99974	
22	0.21000	-6.61620	13.10041	0.28378	-0.12838	0.10053	-0.52350	0.44273	0.99996	-0.00914	-0.00173	0.00914	0.99996	-0.00226	0.00175	0.00224	1.00000		-7.89343	61.09389	872.58723	179.38319	1.95543	-2.38183	0.50249	0.99855	0.04192	0.03364	0.04153	-0.99906	0.01217	0.03412	-0.01076	-0.99936		501.13971	5.50766	40.06647	1.32672	-0.03132	-0.37447	0.46790	0.99998	-0.00655	0.00040	0.00654	0.99971	0.02316	-0.00055	-0.02315	0.99973	
23	0.22000	-6.62205	13.09379	0.28799	-0.11709	0.10335	-0.52040	0.44186	0.99996	-0.00909	-0.00178	0.00908	0.99996	-0.00206	0.00180	0.00204	1.00000		-7.91978	61.27313	872.58486	179.36540	1.97148	-2.38328	0.50383	0.99854	0.04196	0.03391	0.04156	-0.99906	0.01250	0.03440	-0.01107	-0.99935		501.14360	5.50747	40.08343	1.33368	-0.04282	-0.38854	0.47594	0.99998	-0.00680	0.00059	0.00678	0.99971	0.02328	-0.00075	-0.02327	0.99973	
24	0.23000	-6.61804	13.08577	0.28961	-0.11802	0.10242	-0.51655	0.44570	0.99996	-0.00902	-0.00177	0.00902	0.99996	-0.00208	0.00179	0.00206	1.00000		-7.88804	61.28398	872.61692	179.40326	1.99057	-2.35498	0.52790	0.99855	0.04145	0.03428	0.04107	-0.99909	0.01183	0.03473	-0.01041	-0.99934		501.14871	5.43042	39.99604	1.31492	-0.11778	-0.34743	0.49063	0.99998	-0.00611	0.00192	0.00606	0.99972	0.02296	-0.00206	-0.02295	0.99973	
25	0.24000	-6.61989	13.09730	0.28121	-0.12088	0.10033	-0.52180	0.44257	0.99996	-0.00911	-0.00173	0.00911	0.99996	-0.00213	0.00175	0.00211	1.00000		-7.86890	61.22006	872.63105	179.40665	1.98801	-2.35423	0.52351	0.99855	0.04143	0.03423	0.04105	-0.99909	0.01177	0.03469	-0.01035	-0.99934		501.12862	5.49939	40.01410	1.45572	-0.14636	-0.38444	0.47969	0.99997	-0.00677	0.00238	0.00671	0.99965	0.02542	-0.00255	-0.02540	0.99967	
26	0.25000	-6.62091	13.07940	0.28056	-0.12314	0.09849	-0.51533	0.44275	0.99996	-0.00900	-0.00170	0.00899	0.99996	-0.00217	0.00172	0.00215	1.00000		-7.82442	61.21818	872.63999	179.40657	1.98802	-2.35678	0.52705	0.99855	0.04148	0.03423	0.04110	-0.99909	0.01177	0.03469	-0.01035	-0.99934		501.12128	5.43400	40.01256	1.44986	-0.13659	-0.36192	0.47905	0.99998	-0.00638	0.00222	0.00632	0.99966	0.02532	-0.00238	-0.02530	0.99968	
27	0.26000	-6.62415	13.08342	0.30198	-0.13081	0.10817	-0.51791	0.44561	0.99996	-0.00904	-0.00187	0.00904	0.99996	-0.00230	0.00189	0.00228	1.00000		-7.97359	61.08525	872.62149	179.41447	1.99850	-2.35104	0.52362	0.99855	0.04138	0.03442	0.04100	-0.99909	0.01164	0.03487	-0.01021	-0.99934		501.12480	5.45850	40.06858	1.47064	-0.15647	-0.37947	0.47912	0.99997	-0.00669	0.00256	0.00662	0.99965	0.02568	-0.00273	-0.02566	0.99967	
28	0.27000	-6.62711	13.08130	0.29009	-0.14087	0.10439	-0.51717	0.44529	0.99996	-0.00903	-0.00180	0.00903	0.99996	-0.00248	0.00182	0.00246	0.99999		-7.90972	60.93637	872.64321	179.42259	1.99306	-2.35416	0.52544	0.99855	0.04142	0.03433	0.04105	-0.99909	0.01150	0.03478	-0.01007	-0.99934		501.13123	5.44926	40.04712	1.46992	-0.15832	-0.37276	0.47922	0.99998	-0.00657	0.00260	0.00651	0.99965	0.02567	-0.00276	-0.02565	0.99967	
29	0.28000	-6.62408	13.09794	0.29019	-0.12853	0.10500	-0.52181	0.44392	0.99996	-0.00911	-0.00181	0.00911	0.99996	-0.00226	0.00183	0.00224	1.00000		-7.92400	61.10302	872.63771	179.41522	1.99825	-2.34926	0.52513	0.99855	0.04134	0.03442	0.04097	-0.99909	0.01163	0.03487	-0.01020	-0.99934		501.12748	5.49470	40.05523	1.45936	-0.15449	-0.39343	0.48418	0.99997	-0.00693	0.00252	0.00687	0.99965	0.02549	-0.00270	-0.02547	0.99967	
30	0.29000	-6.62748	13.07585	0.27774	-0.13356	0.09960	-0.51336	0.44048	0.99996	-0.00896	-0.00172	0.00896	0.99996	-0.00235	0.00174	0.00233	1.00000		-7.82613	61.07075	872.65260	179.42020	1.98851	-2.36018	0.52427	0.99855	0.04153	0.03425	0.04116	-0.99909	0.01154	0.03470	-0.01011	-0.99935		501.14296	5.45409	40.01709	1.49172	-0.16350	-0.41662	0.48678	0.99997	-0.00734	0.00266	0.00727	0.99963	0.02605	-0.00285	-0.02603	0.99966	
31	0.30000	-6.62988	13.08739	0.29468	-0.13271	0.10786	-0.51785	0.44682	0.99996	-0.00904	-0.00186	0.00904	0.99996	-0.00233	0.00188	0.00232	1.00000		-7.95457	61.04951	872.63444	179.41849	2.00222	-2.34699	0.52639	0.99855	0.04130	0.03449	0.04093	-0.99910	0.01157	0.03494	-0.01014	-0.99934		501.13700	5.46997	40.07018	1.47664	-0.17474	-0.38519	0.48473	0.99997	-0.00680	0.00288	0.00672	0.99964	0.02579	-0.00305	-0.02577	0.99966	
32	0.31000	-6.63079	13.09281	0.25961	-0.12265	0.09306	-0.51907	0.44130	0.99996	-0.00906	-0.00160	0.00906	0.99996	-0.00216	0.00162	0.00214	1.00000		-7.72431	61.20438	872.66723	179.41048	1.99346	-2.34928	0.52836	0.99855	0.04135	0.03433	0.04097	-0.99909	0.01171	0.03479	-0.01028	-0.99934		501.14365	5.47737	39.97310	1.46309	-0.15767	-0.37616	0.48517	0.99997	-0.00663	0.00258	0.00657	0.99965	0.02555	-0.00275	-0.02553	0.99967	
33	0.32000	-6.63264	13.08483	0.29686	-0.12621	0.10896	-0.51652	0.44330	0.99996	-0.00902	-0.00188	0.00901	0.99996	-0.00222	0.00190	0.00220	1.00000		-7.96318	61.15147	872.63668	179.41214	2.01213	-2.33955	0.52536	0.99855	0.04118	0.03466	0.04080	-0.99910	0.01168	0.03511	-0.01025	-0.99933		501.13859	5.45651	40.08148	1.45843	-0.16881	-0.38325	0.48221	0.99997	-0.00676	0.00278	0.00669	0.99965	0.02547	-0.00295	-0.02545	0.99967	
34	0.33000	-6.63254	13.11035	0.27334	-0.12390	0.09974	-0.52530	0.44359	0.99996	-0.00917	-0.00172	0.00917	0.99996	-0.00218	0.00174	0.00216	1.00000		-7.82894	61.16269	872.66091	179.41092	2.00124	-2.35849	0.52521	0.99854	0.04151	0.03447	0.04113	-0.99909	0.01171	0.03492	-0.01028	-0.99934		501.13847	5.50395	40.01361	1.45174	-0.16443	-0.36074	0.48247	0.99998	-0.00637	0.00271	0.00630	0.99966	0.02535	-0.00287	-0.02533	0.99967	
35	0.34000	-6.63504	13.10402	0.29607	-0.12430	0.10985	-0.52362	0.44681	0.99996	-0.00914	-0.00190	0.00914	0.99996	-0.00219	0.00192	0.00217	1.00000		-7.97788	61.14516	872.63583	179.40218	2.01183	-2.33838	0.52826	0.99855	0.04116	0.03465	0.04078	-0.99910	0.01186	0.03511	-0.01043	-0.99933		501.13622	5.51209	40.07653	1.47139	-0.17428	-0.38795	0.48737	0.99997	-0.00685	0.00287	0.00677	0.99965	0.02570	-0.00304	-0.02568	0.99967	
36	0.35000	-6.63869	13.09064	0.28991	-0.12679	0.10635	-0.51862	0.44509	0.99996	-0.00906	-0.00184	0.00905	0.99996	-0.00223	0.00186	0.00221	1.00000		-7.91142	61.13621	872.64080	179.41557	2.00914	-2.33802	0.52516	0.99855	0.04115	0.03461	0.04077	-0.99910	0.01162	0.03506	-0.01019	-0.99933		501.15358	5.48773	40.05054	1.48739	-0.18802	-0.40151	0.48829	0.99997	-0.00709	0.00310	0.00701	0.99964	0.02598	-0.00328	-0.02596	0.99966	
37	0.36000	-6.63596	13.09470	0.30826	-0.14213	0.11363	-0.51996	0.44086	0.99996	-0.00908	-0.00196	0.00907	0.99996	-0.00250	0.00198	0.00248	0.99999		-8.01692	60.91094	872.64264	179.43091	2.01774	-2.35371	0.52309	0.99854	0.04142	0.03477	0.04104	-0.99909	0.01137	0.03521	-0.00993	-0.99933		501.14403	5.46847	40.10725	1.48054	-0.17708	-0.38906	0.49156	0.99997	-0.00687	0.00291	0.00679	0.99964	0.02586	-0.00309	-0.02584	0.99966	
38	0.37000	-6.63843	13.10278	0.29655	-0.12589	0.10839	-0.52462	0.44175	0.99996	-0.00916	-0.00187	0.00916	0.99996	-0.00222	0.00189	0.00220	1.00000		-7.94325	61.14152	872.64277	179.41751	2.01442	-2.34771	0.52844	0.99854	0.04132	0.03470	0.04094	-0.99909	0.01160	0.03515	-0.01016	-0.99933		501.15328	5.53548	40.07333	1.49645	-0.17791	-0.39871	0.49480	0.99997	-0.00704	0.00292	0.00696	0.99963	0.02614	-0.00311	-0.02611	0.99965	
39	0.38000	-6.63111	13.09908	0.28002	-0.11351	0.10092	-0.52091	0.44469	0.99996	-0.00909	-0.00174	0.00909	0.99996	-0.00200	0.00176	0.00198	1.00000		-7.83620	61.33222	872.64515	179.40221	2.00655	-2.34474	0.52824	0.99855	0.04127	0.03456	0.04089	-0.99909	0.01186	0.03501	-0.01043	-0.99933		501.14478	5.51395	40.03056	1.47454	-0.16214	-0.40290	0.49308	0.99997	-0.00710	0.00265	0.00703	0.99964	0.02575	-0.00283	-0.02573	0.99966	
40	0.39000	-6.63299	13.09104	0.28174	-0.12529	0.10325	-0.51786	0.44270	0.99996	-0.00904	-0.00178	0.00904	0.99996	-0.00220	0.00180	0.00219	1.00000		-7.86878	61.15755	872.65082	179.40836	2.00565	-2.33778	0.52846	0.99856	0.04115	0.03455	0.04077	-0.99910	0.01174	0.03500	-0.01032	-0.99933		501.15090	5.48534	40.03750	1.48339	-0.18180	-0.41352	0.49312	0.99997	-0.00730	0.00298	0.00722	0.99964	0.02591	-0.00317	-0.02589	0.99966	
41	0.40000	-6.63786	13.09985	0.28520	-0.12037	0.10368	-0.52142	0.44140	0.99996	-0.00910	-0.00179	0.00910	0.99996	-0.00212	0.00181	0.00210	1.00000		-7.87144	61.22930	872.64477	179.41379	2.01155	-2.34562	0.52768	0.99855	0.04128	0.03465	0.04090	-0.99910	0.01166	0.03510	-0.01022	-0.99933		501.15192	5.49420	40.04153	1.46968	-0.17195	-0.39173	0.49786	0.99997	-0.00691	0.00282	0.00684	0.99965	0.02567	-0.00300	-0.02565	0.99967	
42	0.41000	-6.63948	13.10993	0.26811	-0.12217	0.10043	-0.52383	0.44042	0.99996	-0.00915	-0.00173	0.00914	0.99996	-0.00215	0.00175	0.00213	1.00000		-7.82477	61.18779	872.66070	179.41211	2.00139	-2.34604	0.52627	0.99855	0.04129	0.03447	0.04091	-0.99909	0.01168	0.03492	-0.01025	-0.99934		501.16254	5.51191	40.02629	1.46428	-0.17196	-0.39466	0.49822	0.99997	-0.00696	0.00282	0.00689	0.99965	0.02557	-0.00300	-0.02555	0.99967	
43	0.42000	-6.64355	13.09491	0.29252	-0.12215	0.10967	-0.51810	0.44331	0.99996	-0.00905	-0.00189	0.00904	0.99996	-0.00215	0.00191	0.00213	1.00000		-7.95058	61.19805	872.63690	179.41644	2.01556	-2.33445	0.52721	0.99855	0.04109	0.03473	0.04071	-0.99910	0.01161	0.03517	-0.01018	-0.99933		501.15742	5.48596	40.07735	1.47874	-0.19104	-0.41994	0.49792	0.99997	-0.00741	0.00314	0.00733	0.99964	0.02583	-0.00333	-0.02581	0.99966	
44	0.43000	-6.64267	13.10566	0.31212	-0.12992	0.11590	-0.52578	0.44524	0.99996	-0.00918	-0.00200	0.00918	0.99996	-0.00229	0.00202	0.00227	0.99999		-8.04679	61.08638	872.62642	179.41971	2.02244	-2.36027	0.52672	0.99853	0.04154	0.03484	0.04116	-0.99909	0.01157	0.03529	-0.01012	-0.99933		501.15700	5.53635	40.11158	1.49284	-0.20893	-0.40110	0.49625	0.99997	-0.00709	0.00346	0.00700	0.99964	0.02608	-0.00365	-0.02605	0.99965	
45	0.44000	-6.64126	13.09910	0.31215	-0.12464	0.11554	-0.51951	0.44801	0.99996	-0.00907	-0.00200	0.00907	0.99996	-0.00219	0.00202	0.00218	1.00000		-8.04230	61.16794	872.62045	179.41510	2.02274	-2.34362	0.52875	0.99854	0.04125	0.03485	0.04087	-0.99910	0.01164	0.03530	-0.01020	-0.99932		501.15344	5.48706	40.11508	1.47671	-0.19124	-0.40603	0.49454	0.99997	-0.00717	0.00315	0.00709	0.99964	0.02579	-0.00334	-0.02577	0.99966	
46	0.45000	-6.64377	13.09740	0.29231	-0.13537	0.10826	-0.52182	0.44149	0.99996	-0.00911	-0.00187	0.00911	0.99996	-0.00238	0.00189	0.00236	0.99999		-7.92249	61.01322	872.65684	179.42096	2.01953	-2.34848	0.52571	0.99854	0.04133	0.03479	0.04095	-0.99909	0.01154	0.03524	-0.01010	-0.99933		501.15907	5.50466	40.07168	1.50624	-0.18759	-0.40442	0.49925	0.99997	-0.00714	0.00309	0.00706	0.99963	0.02631	-0.00327	-0.02629	0.99965	
47	0.46000	-6.64211	13.09735	0.28633	-0.11602	0.10473	-0.51951	0.44211	0.99996	-0.00907	-0.00181	0.00907	0.99996	-0.00204	0.00183	0.00202	1.00000		-7.87350	61.29330	872.64222	179.40092	2.01588	-2.33882	0.52657	0.99855	0.04117	0.03472	0.04078	-0.99910	0.01188	0.03518	-0.01045	-0.99933		501.16372	5.50253	40.04002	1.48358	-0.18559	-0.41330	0.50010	0.99997	-0.00729	0.00305	0.00721	0.99964	0.02591	-0.00324	-0.02589	0.99966	
48	0.47000	-6.64151	13.10476	0.29816	-0.12986	0.10991	-0.52275	0.44078	0.99996	-0.00913	-0.00190	0.00912	0.99996	-0.00228	0.00192	0.00227	1.00000		-7.95672	61.07988	872.64246	179.42043	2.01974	-2.34599	0.52982	0.99854	0.04129	0.03480	0.04091	-0.99910	0.01155	0.03524	-0.01011	-0.99933		501.15862	5.51127	40.08309	1.49786	-0.19146	-0.40634	0.49754	0.99997	-0.00718	0.00316	0.00709	0.99963	0.02616	-0.00334	-0.02614	0.99965	
49	0.48000	-6.64224	13.09411	0.29615	-0.13068	0.11064	-0.52067	0.44080	0.99996	-0.00909	-0.00191	0.00909	0.99996	-0.00230	0.00193	0.00228	1.00000		-7.96787	61.07461	872.65126	179.42633	2.02246	-2.34278	0.52875	0.99854	0.04123	0.03485	0.04085	-0.99910	0.01145	0.03529	-0.01001	-0.99933		501.16615	5.51669	40.08083	1.51184	-0.20230	-0.42362	0.50183	0.99997	-0.00748	0.00333	0.00739	0.99962	0.02641	-0.00353	-0.02638	0.99965	
50	0.49000	-6.65019	13.10037	0.31456	-0.13067	0.11726	-0.52111	0.44359	0.99996	-0.00910	-0.00203	0.00909	0.99996	-0.00230	0.00205	0.00228	0.99999		-8.05355	61.07194	872.62085	179.42392	2.02859	-2.34181	0.52830	0.99854	0.04121	0.03496	0.04084	-0.99910	0.01149	0.03540	-0.01005	-0.99932		501.15606	5.51484	40.12589	1.50718	-0.19735	-0.41078	0.49897	0.99997	-0.00726	0.00325	0.00717	0.99963	0.02633	-0.00344	-0.02630	0.99965	
51	0.50000	-6.65375	13.10296	0.30648	-0.11788	0.11684	-0.52226	0.44297	0.99996	-0.00912	-0.00202	0.00911	0.99996	-0.00208	0.00204	0.00206	1.00000		-8.04903	61.26596	872.62746	179.40833	2.03016	-2.34644	0.52731	0.99853	0.04131	0.03497	0.04092	-0.99909	0.01177	0.03543	-0.01032	-0.99932		501.15539	5.50330	40.13667	1.46910	-0.18150	-0.39473	0.49966	0.99997	-0.00697	0.00299	0.00689	0.99965	0.02566	-0.00317	-0.02564	0.99967	
52	0.51000	-6.64586	13.09184	0.30368	-0.11381	0.11203	-0.51651	0.44291	0.99996	-0.00902	-0.00194	0.00901	0.99996	-0.00200	0.00196	0.00199	1.00000		-7.97446	61.33377	872.62529	179.40451	2.02926	-2.33310	0.52863	0.99854	0.04107	0.03496	0.04068	-0.99910	0.01183	0.03541	-0.01039	-0.99932		501.17326	5.50837	40.08394	1.50099	-0.21588	-0.44424	0.50081	0.99996	-0.00785	0.00356	0.00775	0.99963	0.02622	-0.00377	-0.02619	0.99965	
53	0.52000	-6.64878	13.09122	0.29950	-0.13081	0.11215	-0.51875	0.44317	0.99996	-0.00906	-0.00194	0.00905	0.99996	-0.00230	0.00196	0.00228	0.99999		-7.97884	61.07724	872.63409	179.42372	2.01795	-2.33660	0.52788	0.99855	0.04112	0.03477	0.04074	-0.99910	0.01149	0.03521	-0.01005	-0.99933		501.16394	5.49137	40.10219	1.50206	-0.19243	-0.41173	0.50574	0.99997	-0.00727	0.00317	0.00719	0.99963	0.02624	-0.00336	-0.02621	0.99965	
54	0.53000	-6.64879	13.10606	0.29052	-0.12355	0.10996	-0.52275	0.44329	0.99996	-0.00913	-0.00190	0.00912	0.99996	-0.00217	0.00192	0.00216	1.00000		-7.94449	61.17984	872.64097	179.41644	2.02313	-2.34833	0.52804	0.99854	0.04133	0.03485	0.04095	-0.99909	0.01162	0.03530	-0.01018	-0.99932		501.17718	5.53817	40.08239	1.50886	-0.21043	-0.42296	0.50798	0.99997	-0.00748	0.00348	0.00738	0.99963	0.02636	-0.00367	-0.02633	0.99965	
55	0.54000	-6.65437	13.11346	0.28599	-0.12114	0.10931	-0.52629	0.44140	0.99996	-0.00919	-0.00189	0.00919	0.99996	-0.00213	0.00191	0.00211	1.00000		-7.94147	61.21343	872.62846	179.41928	2.00912	-2.35345	0.52456	0.99854	0.04142	0.03461	0.04104	-0.99909	0.01157	0.03506	-0.01013	-0.99933		501.16816	5.54409	40.08595	1.48763	-0.18778	-0.41171	0.49544	0.99997	-0.00727	0.00309	0.00719	0.99964	0.02598	-0.00328	-0.02596	0.99966	
56	0.55000	-6.65364	13.09259	0.30637	-0.13192	0.11559	-0.51744	0.44000	0.99996	-0.00904	-0.00200	0.00903	0.99996	-0.00232	0.00202	0.00230	0.99999		-8.01482	61.06324	872.64026	179.42627	2.03097	-2.34140	0.52694	0.99854	0.04121	0.03500	0.04083	-0.99910	0.01145	0.03544	-0.01001	-0.99932		501.15653	5.46633	40.11615	1.48508	-0.19287	-0.40740	0.50408	0.99997	-0.00720	0.00318	0.00711	0.99964	0.02594	-0.00337	-0.02592	0.99966	
57	0.56000	-6.65170	13.10658	0.30338	-0.11377	0.11433	-0.52184	0.44119	0.99996	-0.00911	-0.00198	0.00911	0.99996	-0.00200	0.00200	0.00199	1.00000		-8.00293	61.32129	872.62123	179.41110	2.03117	-2.33973	0.52815	0.99854	0.04119	0.03499	0.04080	-0.99910	0.01172	0.03544	-0.01027	-0.99932		501.16623	5.53273	40.10605	1.50064	-0.20609	-0.43313	0.50505	0.99996	-0.00765	0.00340	0.00756	0.99963	0.02621	-0.00360	-0.02619	0.99965	
58	0.57000	-6.65520	13.11205	0.30635	-0.12569	0.11600	-0.52493	0.44173	0.99996	-0.00917	-0.00200	0.00916	0.99996	-0.00221	0.00202	0.00219	1.00000		-8.02899	61.13625	872.64353	179.42482	2.03751	-2.34375	0.52681	0.99853	0.04125	0.03511	0.04087	-0.99910	0.01148	0.03555	-0.01003	-0.99932		501.16295	5.52690	40.12045	1.50205	-0.19387	-0.39310	0.49826	0.99997	-0.00695	0.00320	0.00686	0.99963	0.02624	-0.00338	-0.02621	0.99965	
59	0.58000	-6.65533	13.11898	0.30815	-0.10967	0.11763	-0.52692	0.44254	0.99996	-0.00920	-0.00203	0.00920	0.99996	-0.00193	0.00205	0.00191	1.00000		-8.06204	61.36628	872.61307	179.40262	2.02975	-2.34531	0.52335	0.99854	0.04129	0.03496	0.04090	-0.99909	0.01187	0.03542	-0.01042	-0.99932		501.16045	5.56483	40.14143	1.50294	-0.19789	-0.41686	0.49544	0.99997	-0.00736	0.00326	0.00728	0.99963	0.02625	-0.00345	-0.02623	0.99965	
60	0.59000	-6.65923	13.09470	0.30222	-0.12717	0.11469	-0.51771	0.43891	0.99996	-0.00904	-0.00198	0.00904	0.99996	-0.00224	0.00200	0.00222	1.00000		-8.00352	61.12891	872.62997	179.42223	2.02500	-2.33865	0.52594	0.99854	0.04116	0.03489	0.04078	-0.99910	0.01152	0.03534	-0.01008	-0.99932		501.17348	5.48530	40.11346	1.50402	-0.20556	-0.42171	0.50449	0.99997	-0.00745	0.00339	0.00736	0.99963	0.02627	-0.00359	-0.02625	0.99965	
61	0.60000	-6.65749	13.09403	0.31295	-0.13471	0.11713	-0.51977	0.44476	0.99996	-0.00908	-0.00202	0.00907	0.99996	-0.00237	0.00204	0.00235	0.99999		-8.03695	61.01064	872.63772	179.42862	2.03426	-2.33679	0.52735	0.99854	0.04113	0.03506	0.04075	-0.99910	0.01141	0.03550	-0.00997	-0.99932		501.17075	5.51741	40.12251	1.52744	-0.21086	-0.43321	0.49165	0.99996	-0.00766	0.00348	0.00756	0.99962	0.02668	-0.00368	-0.02666	0.99964	
62	0.61000	-6.65581	13.10861	0.28983	-0.13151	0.11006	-0.52473	0.44379	0.99996	-0.00916	-0.00190	0.00916	0.99996	-0.00231	0.00192	0.00230	1.00000		-7.93587	61.05476	872.65740	179.42465	2.02751	-2.35101	0.52785	0.99853	0.04137	0.03494	0.04100	-0.99909	0.01148	0.03538	-0.01004	-0.99932		501.17091	5.52892	40.08622	1.50023	-0.19855	-0.41619	0.49896	0.99997	-0.00735	0.00327	0.00726	0.99963	0.02621	-0.00347	-0.02618	0.99965	
63	0.62000	-6.66049	13.10886	0.30167	-0.13880	0.11393	-0.52742	0.44207	0.99996	-0.00921	-0.00197	0.00921	0.99995	-0.00244	0.00199	0.00242	0.99999		-7.99280	60.93251	872.65157	179.43515	2.03014	-2.34391	0.52882	0.99854	0.04124	0.03499	0.04087	-0.99910	0.01130	0.03543	-0.00985	-0.99932		501.17135	5.55453	40.10777	1.51446	-0.20272	-0.41778	0.50092	0.99997	-0.00738	0.00334	0.00729	0.99962	0.02645	-0.00354	-0.02643	0.99964	
64	0.63000	-6.66034	13.10095	0.30548	-0.13162	0.11676	-0.52269	0.44159	0.99996	-0.00913	-0.00202	0.00912	0.99996	-0.00232	0.00204	0.00230	0.99999		-8.02891	61.06398	872.64215	179.43655	2.03687	-2.34599	0.52790	0.99853	0.04128	0.03511	0.04091	-0.99910	0.01128	0.03554	-0.00983	-0.99932		501.17601	5.53441	40.12880	1.53484	-0.21270	-0.43319	0.50833	0.99996	-0.00766	0.00351	0.00756	0.99961	0.02681	-0.00371	-0.02678	0.99963	
65	0.64000	-6.65875	13.10279	0.29908	-0.12476	0.11096	-0.52301	0.44317	0.99996	-0.00913	-0.00192	0.00913	0.99996	-0.00220	0.00194	0.00218	1.00000		-7.94710	61.15206	872.63848	179.41653	2.02870	-2.33833	0.52605	0.99854	0.04116	0.03495	0.04077	-0.99910	0.01162	0.03540	-0.01018	-0.99932		501.17728	5.54742	40.08076	1.52112	-0.20402	-0.43579	0.50743	0.99996	-0.00770	0.00336	0.00761	0.99962	0.02657	-0.00356	-0.02655	0.99964	
66	0.65000	-6.66379	13.08717	0.30618	-0.13272	0.11698	-0.51627	0.44263	0.99996	-0.00901	-0.00202	0.00901	0.99996	-0.00234	0.00204	0.00232	0.99999		-8.02618	61.05909	872.63598	179.42616	2.03159	-2.33659	0.52648	0.99854	0.04112	0.03501	0.04074	-0.99910	0.01145	0.03545	-0.01001	-0.99932		501.17451	5.49321	40.13266	1.52021	-0.20072	-0.44007	0.50209	0.99996	-0.00777	0.00330	0.00768	0.99962	0.02656	-0.00350	-0.02653	0.99964	
67	0.66000	-6.66282	13.09838	0.31266	-0.12789	0.11873	-0.52182	0.44117	0.99996	-0.00911	-0.00205	0.00911	0.99996	-0.00225	0.00207	0.00223	0.99999		-8.05864	61.11303	872.63034	179.42268	2.03740	-2.33976	0.52559	0.99853	0.04118	0.03511	0.04080	-0.99910	0.01152	0.03555	-0.01007	-0.99932		501.17200	5.53293	40.14341	1.51271	-0.21152	-0.43496	0.49959	0.99996	-0.00769	0.00349	0.00759	0.99962	0.02643	-0.00369	-0.02640	0.99964	
68	0.67000	-6.66036	13.10009	0.29791	-0.12813	0.11336	-0.52144	0.44021	0.99996	-0.00910	-0.00196	0.00910	0.99996	-0.00225	0.00198	0.00224	1.00000		-7.97537	61.12134	872.64918	179.42439	2.03200	-2.35041	0.52526	0.99853	0.04136	0.03501	0.04099	-0.99909	0.01149	0.03546	-0.01004	-0.99932		501.16970	5.52605	40.10718	1.52021	-0.19710	-0.42921	0.50180	0.99997	-0.00758	0.00324	0.00749	0.99962	0.02655	-0.00344	-0.02653	0.99964	
69	0.68000	-6.66523	13.09403	0.28987	-0.12765	0.10976	-0.52191	0.44514	0.99996	-0.00911	-0.00189	0.00911	0.99996	-0.00225	0.00192	0.00223	1.00000		-7.92275	61.12323	872.64457	179.41913	2.01861	-2.34261	0.52867	0.99854	0.04123	0.03478	0.04085	-0.99910	0.01157	0.03522	-0.01013	-0.99933		501.18670	5.54538	40.07723	1.52160	-0.21452	-0.43138	0.50128	0.99996	-0.00763	0.00354	0.00753	0.99962	0.02658	-0.00374	-0.02655	0.99964	
70	0.69000	-6.66413	13.10994	0.29983	-0.12219	0.11451	-0.52662	0.43949	0.99996	-0.00920	-0.00198	0.00919	0.99996	-0.00215	0.00200	0.00213	1.00000		-7.99659	61.20292	872.63553	179.42667	2.02986	-2.35478	0.52771	0.99853	0.04144	0.03498	0.04106	-0.99909	0.01145	0.03542	-0.01000	-0.99932		501.18165	5.57552	40.10017	1.50121	-0.22649	-0.43858	0.50308	0.99996	-0.00776	0.00375	0.00765	0.99963	0.02623	-0.00395	-0.02620	0.99965	
71	0.70000	-6.66398	13.11427	0.30776	-0.13467	0.11770	-0.52840	0.44187	0.99996	-0.00923	-0.00203	0.00922	0.99995	-0.00237	0.00205	0.00235	0.99999		-8.04906	60.99853	872.63584	179.42847	2.02784	-2.35029	0.52586	0.99853	0.04136	0.03494	0.04098	-0.99909	0.01142	0.03539	-0.00997	-0.99932		501.17708	5.56863	40.13108	1.52053	-0.21478	-0.42515	0.50240	0.99997	-0.00752	0.00355	0.00742	0.99962	0.02656	-0.00375	-0.02653	0.99964	
72	0.71000	-6.66494	13.10871	0.30801	-0.12763	0.11515	-0.52754	0.44311	0.99996	-0.00921	-0.00199	0.00921	0.99996	-0.00225	0.00201	0.00223	1.00000		-8.00297	61.10620	872.63813	179.42317	2.03879	-2.34563	0.52785	0.99853	0.04128	0.03513	0.04090	-0.99910	0.01151	0.03558	-0.01006	-0.99932		501.18041	5.58001	40.10403	1.52354	-0.22094	-0.42715	0.50511	0.99996	-0.00756	0.00366	0.00746	0.99962	0.02662	-0.00386	-0.02659	0.99964	
73	0.72000	-6.67100	13.09544	0.33701	-0.14175	0.12756	-0.52354	0.44497	0.99996	-0.00914	-0.00220	0.00914	0.99996	-0.00249	0.00223	0.00247	0.99999		-8.18070	60.90679	872.62338	179.43866	2.04792	-2.33997	0.53000	0.99853	0.04118	0.03530	0.04080	-0.99910	0.01125	0.03574	-0.00979	-0.99931		501.17756	5.54587	40.18362	1.52435	-0.23323	-0.44363	0.50892	0.99996	-0.00785	0.00386	0.00774	0.99962	0.02663	-0.00407	-0.02660	0.99964	
74	0.73000	-6.66417	13.09966	0.31119	-0.12381	0.11806	-0.52206	0.44272	0.99996	-0.00912	-0.00204	0.00911	0.99996	-0.00218	0.00206	0.00216	1.00000		-8.04344	61.18225	872.63334	179.42291	2.04108	-2.34438	0.52861	0.99853	0.04126	0.03517	0.04088	-0.99910	0.01152	0.03562	-0.01007	-0.99931		501.18076	5.53256	40.13506	1.51808	-0.21532	-0.43285	0.49955	0.99996	-0.00765	0.00356	0.00755	0.99962	0.02652	-0.00376	-0.02649	0.99964	
75	0.74000	-6.66465	13.09672	0.31529	-0.12251	0.11827	-0.51900	0.44564	0.99996	-0.00906	-0.00204	0.00906	0.99996	-0.00216	0.00206	0.00214	1.00000		-8.04272	61.19977	872.62471	179.41818	2.03989	-2.33809	0.52614	0.99853	0.04116	0.03515	0.04077	-0.99910	0.01160	0.03560	-0.01015	-0.99931		501.16365	5.51365	40.13864	1.51718	-0.19324	-0.43024	0.50453	0.99997	-0.00760	0.00317	0.00751	0.99962	0.02650	-0.00337	-0.02648	0.99964	
76	0.75000	-6.66329	13.09911	0.30629	-0.12165	0.11704	-0.51990	0.44415	0.99996	-0.00908	-0.00202	0.00907	0.99996	-0.00214	0.00204	0.00212	1.00000		-8.02885	61.21462	872.62784	179.41931	2.03354	-2.34338	0.52691	0.99853	0.04125	0.03504	0.04086	-0.99910	0.01158	0.03548	-0.01013	-0.99932		501.17255	5.52828	40.13202	1.52828	-0.21403	-0.44848	0.50118	0.99996	-0.00792	0.00353	0.00783	0.99961	0.02670	-0.00374	-0.02667	0.99964	
77	0.76000	-6.66540	13.11136	0.29278	-0.12308	0.10994	-0.52697	0.44025	0.99996	-0.00920	-0.00190	0.00920	0.99996	-0.00217	0.00192	0.00215	1.00000		-7.92101	61.19553	872.65050	179.42067	2.03083	-2.36076	0.52921	0.99852	0.04155	0.03499	0.04117	-0.99909	0.01156	0.03544	-0.01010	-0.99932		501.17871	5.57530	40.08386	1.52334	-0.19631	-0.42722	0.51465	0.99997	-0.00754	0.00323	0.00746	0.99962	0.02661	-0.00343	-0.02658	0.99964	
78	0.77000	-6.66792	13.10516	0.31468	-0.13213	0.11984	-0.52612	0.43956	0.99996	-0.00919	-0.00207	0.00918	0.99996	-0.00233	0.00209	0.00231	0.99999		-8.07596	61.04436	872.62766	179.42551	2.03232	-2.34453	0.52935	0.99853	0.04126	0.03502	0.04088	-0.99910	0.01147	0.03546	-0.01002	-0.99932		501.17461	5.57401	40.14893	1.53193	-0.20856	-0.43938	0.50750	0.99996	-0.00776	0.00343	0.00767	0.99961	0.02676	-0.00364	-0.02673	0.99964	
79	0.78000	-6.66950	13.09689	0.32245	-0.12483	0.12162	-0.52177	0.44386	0.99996	-0.00911	-0.00210	0.00911	0.99996	-0.00220	0.00212	0.00218	0.99999		-8.09242	61.18281	872.61585	179.41486	2.03494	-2.36018	0.52678	0.99852	0.04154	0.03506	0.04116	-0.99908	0.01167	0.03551	-0.01021	-0.99932		501.18907	5.55796	40.15682	1.53434	-0.22793	-0.45029	0.50505	0.99996	-0.00796	0.00377	0.00786	0.99961	0.02681	-0.00398	-0.02678	0.99963	
80	0.79000	-6.66350	13.09691	0.31223	-0.13638	0.11861	-0.52408	0.44030	0.99996	-0.00915	-0.00205	0.00915	0.99996	-0.00240	0.00207	0.00238	0.99999		-8.05177	61.00245	872.63435	179.42894	2.03226	-2.35207	0.52763	0.99853	0.04139	0.03502	0.04101	-0.99909	0.01141	0.03546	-0.00996	-0.99932		501.17954	5.54802	40.13868	1.54061	-0.21817	-0.42770	0.50564	0.99996	-0.00756	0.00361	0.00746	0.99961	0.02691	-0.00381	-0.02689	0.99963	
81	0.80000	-6.66617	13.10293	0.29722	-0.13220	0.11414	-0.52329	0.44715	0.99996	-0.00914	-0.00197	0.00913	0.99996	-0.00233	0.00199	0.00231	0.99999		-7.98482	61.05633	872.64283	179.43069	2.02776	-2.34588	0.52367	0.99854	0.04128	0.03495	0.04091	-0.99910	0.01138	0.03538	-0.00993	-0.99932		501.17961	5.53893	40.10472	1.52413	-0.21562	-0.42356	0.50592	0.99997	-0.00749	0.00357	0.00739	0.99962	0.02663	-0.00376	-0.02660	0.99964	
82	0.81000	-6.66855	13.09146	0.29842	-0.12775	0.11352	-0.51955	0.44606	0.99996	-0.00907	-0.00196	0.00907	0.99996	-0.00225	0.00198	0.00223	1.00000		-7.96865	61.13522	872.64231	179.42053	2.02827	-2.34715	0.52689	0.99854	0.04131	0.03495	0.04093	-0.99910	0.01155	0.03539	-0.01011	-0.99932		501.17825	5.50776	40.10984	1.49516	-0.19676	-0.42212	0.50555	0.99997	-0.00745	0.00324	0.00737	0.99963	0.02612	-0.00343	-0.02609	0.99965	
83	0.82000	-6.66424	13.09545	0.30901	-0.13302	0.11806	-0.52069	0.44398	0.99996	-0.00909	-0.00204	0.00909	0.99996	-0.00234	0.00206	0.00232	0.99999		-8.04456	61.04721	872.64456	179.42896	2.03606	-2.34468	0.52537	0.99853	0.04126	0.03509	0.04089	-0.99910	0.01141	0.03553	-0.00996	-0.99932		501.17716	5.53963	40.13120	1.53307	-0.21461	-0.43835	0.50556	0.99996	-0.00775	0.00354	0.00765	0.99961	0.02678	-0.00375	-0.02675	0.99963	
84	0.83000	-6.67218	13.11082	0.31743	-0.13128	0.12134	-0.52758	0.44229	0.99996	-0.00921	-0.00210	0.00921	0.99996	-0.00231	0.00212	0.00229	0.99999		-8.08695	61.06613	872.63642	179.42920	2.04182	-2.35955	0.52518	0.99852	0.04152	0.03519	0.04114	-0.99909	0.01142	0.03563	-0.00996	-0.99932		501.18782	5.58185	40.14871	1.52821	-0.23391	-0.43704	0.50335	0.99996	-0.00773	0.00388	0.00763	0.99961	0.02670	-0.00408	-0.02667	0.99964	
85	0.84000	-6.66767	13.09388	0.30064	-0.12272	0.11380	-0.51859	0.43980	0.99996	-0.00905	-0.00197	0.00905	0.99996	-0.00216	0.00199	0.00214	1.00000		-7.96949	61.20877	872.65205	179.42130	2.04154	-2.34538	0.52924	0.99853	0.04128	0.03518	0.04090	-0.99910	0.01155	0.03562	-0.01009	-0.99931		501.18263	5.51021	40.10696	1.50528	-0.21428	-0.43061	0.49758	0.99996	-0.00761	0.00354	0.00752	0.99963	0.02630	-0.00374	-0.02627	0.99965	
86	0.85000	-6.67067	13.08858	0.31502	-0.12826	0.12080	-0.51914	0.44224	0.99996	-0.00906	-0.00209	0.00906	0.99996	-0.00226	0.00211	0.00224	0.99999		-8.07749	61.13203	872.63269	179.42613	2.04113	-2.34407	0.52702	0.99853	0.04125	0.03518	0.04087	-0.99910	0.01146	0.03562	-0.01001	-0.99932		501.18722	5.52164	40.14544	1.51995	-0.23085	-0.43572	0.50381	0.99996	-0.00771	0.00383	0.00760	0.99962	0.02655	-0.00403	-0.02652	0.99964	
87	0.86000	-6.67076	13.11502	0.29976	-0.11878	0.11538	-0.52819	0.44642	0.99996	-0.00922	-0.00199	0.00922	0.99996	-0.00209	0.00201	0.00207	1.00000		-8.00532	61.25098	872.63768	179.41541	2.03258	-2.36225	0.52787	0.99852	0.04158	0.03502	0.04119	-0.99908	0.01166	0.03547	-0.01020	-0.99932		501.17894	5.55475	40.11743	1.46999	-0.20804	-0.41271	0.50728	0.99997	-0.00729	0.00344	0.00720	0.99964	0.02568	-0.00363	-0.02565	0.99966	
88	0.87000	-6.66705	13.10967	0.27962	-0.12245	0.10614	-0.52429	0.43991	0.99996	-0.00915	-0.00183	0.00915	0.99996	-0.00215	0.00185	0.00214	1.00000		-7.86111	61.20882	872.66103	179.42296	2.02412	-2.35737	0.52827	0.99853	0.04149	0.03487	0.04111	-0.99909	0.01152	0.03532	-0.01006	-0.99933		501.18438	5.53120	40.06793	1.48400	-0.19648	-0.42383	0.50048	0.99997	-0.00748	0.00324	0.00740	0.99964	0.02592	-0.00343	-0.02590	0.99966	
89	0.88000	-6.67400	13.08596	0.31639	-0.13553	0.12088	-0.51819	0.44276	0.99996	-0.00905	-0.00209	0.00904	0.99996	-0.00239	0.00211	0.00237	0.99999		-8.06718	61.03249	872.63787	179.43405	2.03846	-2.35189	0.52851	0.99853	0.04139	0.03513	0.04101	-0.99909	0.01133	0.03557	-0.00987	-0.99932		501.18681	5.51311	40.15406	1.52785	-0.21407	-0.43898	0.50642	0.99996	-0.00776	0.00353	0.00766	0.99961	0.02669	-0.00374	-0.02666	0.99964	
90	0.89000	-6.66986	13.08370	0.32180	-0.13870	0.12166	-0.51735	0.44295	0.99996	-0.00903	-0.00210	0.00903	0.99996	-0.00244	0.00212	0.00242	0.99999		-8.08615	60.96706	872.63819	179.44200	2.04721	-2.33319	0.52554	0.99853	0.04106	0.03530	0.04068	-0.99911	0.01118	0.03572	-0.00973	-0.99931		501.18611	5.50940	40.14630	1.52584	-0.23439	-0.45189	0.50681	0.99996	-0.00799	0.00388	0.00789	0.99961	0.02666	-0.00409	-0.02663	0.99964	
91	0.90000	-6.66938	13.09757	0.30449	-0.12287	0.11651	-0.52072	0.44331	0.99996	-0.00909	-0.00201	0.00909	0.99996	-0.00216	0.00203	0.00214	1.00000		-8.01081	61.20917	872.63995	179.42308	2.03900	-2.35047	0.52659	0.99853	0.04137	0.03514	0.04099	-0.99909	0.01152	0.03558	-0.01006	-0.99932		501.17644	5.51865	40.11928	1.49391	-0.21109	-0.43082	0.50853	0.99996	-0.00761	0.00349	0.00752	0.99963	0.02610	-0.00368	-0.02607	0.99965	
92	0.91000	-6.66653	13.09112	0.28243	-0.12458	0.10713	-0.51829	0.44160	0.99996	-0.00905	-0.00185	0.00905	0.99996	-0.00219	0.00187	0.00217	1.00000		-7.87745	61.17564	872.65724	179.42133	2.02173	-2.33806	0.52862	0.99855	0.04115	0.03484	0.04077	-0.99910	0.01153	0.03528	-0.01009	-0.99933		501.19198	5.53290	40.07177	1.52931	-0.20729	-0.45904	0.50603	0.99996	-0.00811	0.00340	0.00801	0.99961	0.02672	-0.00362	-0.02669	0.99964	
93	0.92000	-6.66878	13.10212	0.30527	-0.12285	0.11532	-0.52128	0.44554	0.99996	-0.00910	-0.00199	0.00910	0.99996	-0.00216	0.00201	0.00214	1.00000		-7.99795	61.19791	872.63876	179.42111	2.03596	-2.34679	0.52790	0.99853	0.04130	0.03508	0.04092	-0.99910	0.01155	0.03553	-0.01010	-0.99932		501.18531	5.52332	40.10354	1.50250	-0.22109	-0.42545	0.50865	0.99997	-0.00752	0.00366	0.00743	0.99963	0.02625	-0.00386	-0.02622	0.99965	
94	0.93000	-6.67042	13.08199	0.31125	-0.12897	0.11829	-0.51503	0.44133	0.99996	-0.00899	-0.00204	0.00899	0.99996	-0.00227	0.00206	0.00225	0.99999		-8.03554	61.12218	872.62826	179.42700	2.03240	-2.33731	0.52500	0.99854	0.04113	0.03503	0.04076	-0.99910	0.01144	0.03546	-0.00999	-0.99932		501.18074	5.49610	40.12592	1.52077	-0.22391	-0.44203	0.50503	0.99996	-0.00782	0.00370	0.00771	0.99962	0.02657	-0.00391	-0.02654	0.99964	
