1	0.00000	-6.30838	13.65708	0.44253	0.34038	0.09691	-0.66178	0.43269	0.99993	-0.01154	-0.00176	0.01155	0.99992	0.00592	0.00169	-0.00594	0.99998		-8.46449	67.62190	871.95400	178.96701	1.94602	-2.68273	0.49581	0.99833	0.04741	0.03307	0.04678	-0.99871	0.01960	0.03396	-0.01802	-0.99926		501.20259	6.44353	39.56172	0.89677	-0.67265	-0.41080	0.32037	0.99991	-0.00735	0.01163	0.00717	0.99985	0.01573	-0.01174	-0.01565	0.99981	
2	0.01000	-6.30264	13.67916	0.41873	0.31173	0.09006	-0.67451	0.43768	0.99993	-0.01176	-0.00164	0.01177	0.99992	0.00542	0.00157	-0.00544	0.99998		-8.37706	67.16711	872.00020	178.98752	1.92640	-2.70026	0.49544	0.99833	0.04770	0.03274	0.04708	-0.99871	0.01923	0.03362	-0.01766	-0.99928		501.19355	6.50129	39.53128	0.92026	-0.65407	-0.38161	0.32659	0.99991	-0.00684	0.01131	0.00666	0.99985	0.01614	-0.01142	-0.01606	0.99981	
3	0.02000	-6.31029	13.66570	0.43838	0.32887	0.09742	-0.66665	0.43567	0.99993	-0.01162	-0.00177	0.01164	0.99992	0.00572	0.00170	-0.00574	0.99998		-8.47521	67.44114	871.96347	178.97559	1.94086	-2.68978	0.49667	0.99833	0.04753	0.03299	0.04690	-0.99871	0.01945	0.03387	-0.01787	-0.99927		501.20372	6.47223	39.57193	0.91840	-0.66600	-0.40385	0.32296	0.99991	-0.00723	0.01151	0.00705	0.99985	0.01611	-0.01162	-0.01603	0.99980	
4	0.03000	-6.32320	13.10749	0.22797	-0.19104	0.03927	-0.52027	0.41955	0.99996	-0.00908	-0.00065	0.00908	0.99995	-0.00334	0.00069	0.00333	0.99999		-7.42050	60.32841	872.73438	179.45644	1.78050	-2.71610	0.57448	0.99839	0.04768	0.03058	0.04736	-0.99882	0.01095	0.03107	-0.00948	-0.99947		500.87828	5.39358	39.44668	1.47538	0.04673	-0.28423	0.40550	0.99999	-0.00494	-0.00094	0.00496	0.99966	0.02574	0.00082	-0.02575	0.99967	
5	0.04000	-6.33234	13.19534	-0.00887	-0.13092	-0.04331	-0.54486	0.43062	0.99995	-0.00951	0.00078	0.00951	0.99995	-0.00228	-0.00076	0.00228	1.00000		-6.19477	61.17262	872.90905	179.39880	1.69501	-2.75114	0.57609	0.99841	0.04831	0.02904	0.04798	-0.99878	0.01190	0.02958	-0.01049	-0.99951		501.02944	5.26825	38.98534	1.10197	0.07521	-0.19264	0.53061	0.99999	-0.00334	-0.00138	0.00336	0.99981	0.01923	0.00131	-0.01923	0.99981	
6	0.05000	-6.03654	12.74367	-0.62611	-0.84641	-0.44480	-0.45399	0.49561	0.99994	-0.00781	0.00788	0.00792	0.99986	-0.01471	-0.00776	0.01477	0.99986		-0.07381	50.25453	874.03526	-179.77336	1.23088	-2.15455	0.58524	0.99906	0.03751	0.02161	0.03759	-0.99929	-0.00315	0.02148	0.00395	-0.99976		501.22155	3.96068	35.82108	1.28226	0.52792	0.37500	0.46401	0.99994	0.00675	-0.00906	-0.00654	0.99973	0.02244	0.00921	-0.02238	0.99971	
7	0.06000	-6.49870	12.90992	0.75189	-0.31096	0.24303	-0.49070	0.45096	0.99995	-0.00859	-0.00419	0.00856	0.99995	-0.00546	0.00424	0.00543	0.99998		-10.07265	58.46890	872.32924	179.54550	2.05086	-2.36280	0.52522	0.99851	0.04151	0.03543	0.04120	-0.99911	0.00940	0.03579	-0.00793	-0.99933		501.04593	5.03582	40.80060	1.30721	-0.36203	-0.17970	0.51805	0.99998	-0.00328	0.00625	0.00314	0.99973	0.02283	-0.00632	-0.02281	0.99972	
8	0.07000	-6.52482	12.99514	0.32298	-0.17108	0.09232	-0.51119	0.44665	0.99996	-0.00893	-0.00158	0.00892	0.99996	-0.00300	0.00161	0.00299	0.99999		-7.77991	60.54133	872.63990	179.40996	1.91030	-2.39339	0.51977	0.99857	0.04210	0.03287	0.04174	-0.99906	0.01168	0.03333	-0.01029	-0.99939		501.13745	5.40121	39.95189	1.33054	-0.06124	-0.41580	0.48478	0.99997	-0.00728	0.00090	0.00726	0.99970	0.02323	-0.00107	-0.02322	0.99973	
9	0.08000	-6.53062	12.98674	0.30669	-0.15804	0.08776	-0.50844	0.44628	0.99996	-0.00888	-0.00151	0.00887	0.99996	-0.00277	0.00153	0.00276	0.99999		-7.70121	60.74322	872.64388	179.40604	1.90532	-2.38296	0.51336	0.99858	0.04192	0.03279	0.04156	-0.99907	0.01174	0.03325	-0.01036	-0.99939		501.13922	5.41694	39.94701	1.34763	-0.04510	-0.44903	0.48617	0.99997	-0.00785	0.00060	0.00784	0.99969	0.02352	-0.00079	-0.02352	0.99972	
10	0.09000	-6.54012	13.00923	0.29170	-0.13964	0.08288	-0.51288	0.45080	0.99996	-0.00895	-0.00142	0.00895	0.99996	-0.00245	0.00145	0.00244	1.00000		-7.63173	61.00398	872.62775	179.38560	1.89138	-2.38716	0.50829	0.99859	0.04200	0.03253	0.04163	-0.99906	0.01209	0.03300	-0.01072	-0.99940		501.13817	5.42275	39.91871	1.29140	-0.04081	-0.42515	0.48959	0.99997	-0.00743	0.00054	0.00742	0.99972	0.02254	-0.00071	-0.02254	0.99975	
11	0.10000	-6.54193	12.99414	0.28894	-0.15357	0.08496	-0.50830	0.44349	0.99996	-0.00887	-0.00146	0.00887	0.99996	-0.00269	0.00148	0.00268	0.99999		-7.64782	60.81251	872.65049	179.40692	1.89759	-2.38542	0.51146	0.99859	0.04196	0.03265	0.04160	-0.99907	0.01172	0.03311	-0.01035	-0.99940		501.13924	5.41174	39.95298	1.34065	-0.03592	-0.45071	0.48541	0.99997	-0.00788	0.00044	0.00787	0.99970	0.02340	-0.00063	-0.02340	0.99973	
12	0.11000	-6.54538	12.98107	0.29731	-0.15316	0.08600	-0.50394	0.44910	0.99996	-0.00880	-0.00148	0.00880	0.99996	-0.00269	0.00150	0.00267	0.99999		-7.65219	60.83207	872.65659	179.40208	1.91019	-2.38457	0.51054	0.99858	0.04195	0.03287	0.04158	-0.99907	0.01181	0.03333	-0.01043	-0.99939		501.14320	5.38422	39.95156	1.34606	-0.04687	-0.45041	0.49070	0.99997	-0.00788	0.00063	0.00786	0.99969	0.02350	-0.00082	-0.02349	0.99972	
13	0.12000	-6.53103	12.88441	0.49909	-0.20942	0.15603	-0.47320	0.43861	0.99996	-0.00827	-0.00269	0.00826	0.99996	-0.00368	0.00272	0.00366	0.99999		-8.69346	60.07922	872.50569	179.46388	1.97822	-2.35968	0.50859	0.99856	0.04149	0.03410	0.04115	-0.99910	0.01077	0.03452	-0.00935	-0.99936		501.07631	5.16612	40.35847	1.39327	-0.12209	-0.47738	0.48333	0.99996	-0.00838	0.00193	0.00833	0.99967	0.02433	-0.00213	-0.02431	0.99970	
14	0.13000	-6.55280	12.98739	0.30044	-0.14386	0.08809	-0.50335	0.44822	0.99996	-0.00879	-0.00151	0.00879	0.99996	-0.00252	0.00154	0.00251	1.00000		-7.67856	60.97393	872.62995	179.40314	1.90184	-2.38788	0.50872	0.99858	0.04201	0.03272	0.04164	-0.99906	0.01179	0.03319	-0.01041	-0.99939		501.15027	5.39376	39.96887	1.35064	-0.05005	-0.47328	0.49358	0.99997	-0.00828	0.00068	0.00826	0.99969	0.02358	-0.00087	-0.02357	0.99972	
15	0.14000	-6.55660	12.99423	0.30056	-0.13168	0.08712	-0.50679	0.44842	0.99996	-0.00885	-0.00150	0.00885	0.99996	-0.00231	0.00152	0.00230	1.00000		-7.67288	61.15582	872.61145	179.39153	1.89833	-2.39320	0.50916	0.99858	0.04211	0.03265	0.04173	-0.99906	0.01199	0.03313	-0.01061	-0.99939		501.14319	5.41991	39.95682	1.33011	-0.04649	-0.46673	0.49305	0.99997	-0.00816	0.00062	0.00815	0.99970	0.02322	-0.00081	-0.02321	0.99973	
16	0.15000	-6.56386	12.98972	0.28622	-0.14577	0.08247	-0.50650	0.44778	0.99996	-0.00884	-0.00142	0.00884	0.99996	-0.00256	0.00144	0.00254	1.00000		-7.58829	60.93703	872.65072	179.39772	1.89884	-2.38535	0.50795	0.99858	0.04197	0.03267	0.04160	-0.99906	0.01188	0.03313	-0.01051	-0.99940		501.16122	5.40389	39.93142	1.32575	-0.04863	-0.45397	0.48542	0.99997	-0.00794	0.00067	0.00792	0.99970	0.02314	-0.00085	-0.02314	0.99973	
17	0.16000	-6.55723	12.98963	0.28075	-0.12441	0.07958	-0.50293	0.44865	0.99996	-0.00878	-0.00137	0.00878	0.99996	-0.00218	0.00139	0.00217	1.00000		-7.54475	61.26695	872.64353	179.38211	1.90455	-2.38577	0.50738	0.99858	0.04198	0.03275	0.04160	-0.99906	0.01216	0.03323	-0.01078	-0.99939		501.15383	5.40095	39.90427	1.32290	-0.05644	-0.46744	0.48692	0.99997	-0.00818	0.00080	0.00816	0.99970	0.02309	-0.00099	-0.02309	0.99973	
18	0.17000	-6.56441	12.99665	0.28545	-0.12590	0.08102	-0.50631	0.45151	0.99996	-0.00884	-0.00139	0.00884	0.99996	-0.00221	0.00141	0.00220	1.00000		-7.57082	61.23174	872.62382	179.37674	1.89101	-2.38678	0.50434	0.99859	0.04200	0.03251	0.04162	-0.99906	0.01224	0.03300	-0.01087	-0.99940		501.15688	5.42826	39.91533	1.32767	-0.05015	-0.47547	0.49524	0.99997	-0.00832	0.00068	0.00830	0.99970	0.02318	-0.00088	-0.02317	0.99973	
19	0.18000	-6.56870	12.97836	0.30786	-0.13819	0.09004	-0.50024	0.45157	0.99996	-0.00873	-0.00155	0.00873	0.99996	-0.00243	0.00157	0.00241	1.00000		-7.69338	61.06729	872.61751	179.39648	1.90677	-2.38435	0.50479	0.99858	0.04195	0.03280	0.04158	-0.99906	0.01191	0.03327	-0.01053	-0.99939		501.15648	5.36249	39.98546	1.31806	-0.04817	-0.45529	0.48938	0.99997	-0.00796	0.00066	0.00795	0.99970	0.02301	-0.00084	-0.02300	0.99974	
20	0.19000	-6.56717	12.97941	0.30087	-0.15027	0.08537	-0.50205	0.44751	0.99996	-0.00877	-0.00147	0.00876	0.99996	-0.00264	0.00149	0.00262	0.99999		-7.62352	60.88355	872.62890	179.40248	1.89689	-2.38460	0.50763	0.99859	0.04195	0.03264	0.04158	-0.99907	0.01180	0.03310	-0.01042	-0.99940		501.15538	5.37710	39.94730	1.34233	-0.04976	-0.46612	0.49199	0.99997	-0.00815	0.00068	0.00814	0.99969	0.02343	-0.00087	-0.02343	0.99973	
21	0.20000	-6.56993	12.98548	0.31914	-0.15886	0.09543	-0.50483	0.45027	0.99996	-0.00882	-0.00164	0.00881	0.99996	-0.00279	0.00167	0.00277	0.99999		-7.77808	60.74724	872.61841	179.41487	1.90839	-2.38989	0.50549	0.99858	0.04204	0.03285	0.04168	-0.99906	0.01159	0.03330	-0.01021	-0.99939		501.14743	5.38355	40.01646	1.34929	-0.05685	-0.44981	0.49634	0.99997	-0.00787	0.00081	0.00785	0.99969	0.02355	-0.00099	-0.02355	0.99972	
22	0.21000	-6.56487	12.99194	0.27066	-0.13744	0.07463	-0.50518	0.45090	0.99996	-0.00882	-0.00128	0.00882	0.99996	-0.00241	0.00130	0.00240	1.00000		-7.46200	61.07955	872.65762	179.39558	1.89433	-2.39888	0.50895	0.99858	0.04220	0.03258	0.04183	-0.99905	0.01192	0.03306	-0.01054	-0.99940		501.16393	5.41063	39.87681	1.32776	-0.04184	-0.47384	0.49266	0.99997	-0.00828	0.00054	0.00827	0.99970	0.02318	-0.00073	-0.02317	0.99973	
23	0.22000	-6.57041	12.98268	0.29736	-0.13783	0.08345	-0.50139	0.45136	0.99996	-0.00875	-0.00143	0.00875	0.99996	-0.00242	0.00146	0.00241	1.00000		-7.58960	61.07586	872.62138	179.39766	1.89569	-2.38494	0.50616	0.99859	0.04196	0.03261	0.04159	-0.99906	0.01188	0.03308	-0.01051	-0.99940		501.16362	5.39164	39.93790	1.33882	-0.04393	-0.48865	0.49412	0.99996	-0.00854	0.00057	0.00853	0.99969	0.02337	-0.00077	-0.02336	0.99973	
24	0.23000	-6.56894	12.98887	0.29401	-0.14940	0.08476	-0.50547	0.44966	0.99996	-0.00883	-0.00146	0.00882	0.99996	-0.00262	0.00148	0.00261	1.00000		-7.59911	60.90050	872.67927	179.43562	1.91977	-2.36937	0.52704	0.99858	0.04167	0.03306	0.04132	-0.99908	0.01123	0.03350	-0.00984	-0.99939		501.16180	5.37705	39.88961	1.37989	-0.12175	-0.43152	0.50565	0.99997	-0.00758	0.00194	0.00753	0.99968	0.02410	-0.00213	-0.02408	0.99971	
25	0.24000	-6.56925	12.99896	0.29617	-0.15604	0.08340	-0.50994	0.44882	0.99996	-0.00890	-0.00143	0.00890	0.99996	-0.00274	0.00146	0.00272	0.99999		-7.57762	60.79750	872.68131	179.44551	1.91908	-2.37708	0.52654	0.99858	0.04180	0.03306	0.04145	-0.99908	0.01106	0.03349	-0.00967	-0.99939		501.13712	5.40016	39.89737	1.46944	-0.15339	-0.44249	0.49108	0.99997	-0.00779	0.00248	0.00772	0.99964	0.02566	-0.00268	-0.02564	0.99967	
26	0.25000	-6.56807	12.99544	0.32298	-0.15637	0.09260	-0.50880	0.44807	0.99996	-0.00888	-0.00159	0.00888	0.99996	-0.00274	0.00162	0.00273	0.99999		-7.71960	60.79249	872.64762	179.44881	1.92740	-2.36942	0.52396	0.99858	0.04166	0.03321	0.04132	-0.99909	0.01100	0.03363	-0.00961	-0.99939		501.13495	5.40680	39.95056	1.49523	-0.17292	-0.45270	0.49559	0.99996	-0.00798	0.00281	0.00790	0.99963	0.02612	-0.00302	-0.02609	0.99966	
27	0.26000	-6.57451	12.97697	0.30747	-0.13692	0.08686	-0.49925	0.44903	0.99996	-0.00872	-0.00149	0.00871	0.99996	-0.00240	0.00152	0.00239	1.00000		-7.61236	61.10299	872.66012	179.42284	1.93195	-2.35904	0.52611	0.99858	0.04150	0.03327	0.04114	-0.99909	0.01145	0.03371	-0.01007	-0.99938		501.14404	5.34491	39.91827	1.46517	-0.16506	-0.45875	0.49986	0.99996	-0.00808	0.00268	0.00801	0.99964	0.02559	-0.00288	-0.02557	0.99967	
28	0.27000	-6.57562	12.98320	0.28768	-0.15090	0.08112	-0.50053	0.44902	0.99996	-0.00874	-0.00139	0.00874	0.99996	-0.00265	0.00142	0.00263	1.00000		-7.53202	60.88416	872.67951	179.43871	1.91289	-2.36060	0.52560	0.99859	0.04151	0.03295	0.04117	-0.99909	0.01116	0.03338	-0.00979	-0.99939		501.15281	5.34945	39.87928	1.48610	-0.17918	-0.47009	0.49890	0.99996	-0.00828	0.00291	0.00820	0.99963	0.02596	-0.00313	-0.02593	0.99966	
29	0.28000	-6.57763	12.99876	0.29070	-0.14353	0.08114	-0.50835	0.44852	0.99996	-0.00888	-0.00139	0.00887	0.99996	-0.00252	0.00142	0.00251	1.00000		-7.53173	60.99240	872.67841	179.43988	1.92271	-2.37317	0.52488	0.99858	0.04173	0.03312	0.04138	-0.99908	0.01116	0.03355	-0.00977	-0.99939		501.14867	5.39932	39.88568	1.48368	-0.16817	-0.44679	0.49590	0.99997	-0.00787	0.00273	0.00780	0.99963	0.02591	-0.00294	-0.02589	0.99966	
30	0.29000	-6.58096	12.98407	0.32116	-0.14566	0.09341	-0.50305	0.44817	0.99996	-0.00878	-0.00161	0.00878	0.99996	-0.00256	0.00163	0.00254	0.99999		-7.70800	60.96597	872.64961	179.43456	1.93746	-2.36483	0.52723	0.99858	0.04159	0.03337	0.04124	-0.99909	0.01126	0.03381	-0.00986	-0.99938		501.15241	5.38965	39.95778	1.50017	-0.19092	-0.48104	0.50374	0.99996	-0.00848	0.00311	0.00840	0.99962	0.02621	-0.00333	-0.02618	0.99965	
31	0.30000	-6.58206	12.99045	0.29735	-0.14309	0.08648	-0.50394	0.44537	0.99996	-0.00880	-0.00149	0.00880	0.99996	-0.00251	0.00151	0.00250	1.00000		-7.61022	60.99532	872.65939	179.43040	1.91794	-2.36269	0.52722	0.99859	0.04156	0.03303	0.04120	-0.99909	0.01131	0.03347	-0.00994	-0.99939		501.15464	5.38339	39.92590	1.48301	-0.17981	-0.46745	0.50385	0.99996	-0.00824	0.00293	0.00816	0.99963	0.02591	-0.00314	-0.02588	0.99966	
32	0.31000	-6.58119	12.98868	0.31359	-0.14669	0.09138	-0.50290	0.44618	0.99996	-0.00878	-0.00157	0.00878	0.99996	-0.00257	0.00159	0.00256	0.99999		-7.67921	60.94455	872.65943	179.43387	1.93442	-2.36146	0.52853	0.99858	0.04153	0.03332	0.04118	-0.99909	0.01126	0.03376	-0.00988	-0.99938		501.15201	5.37215	39.95481	1.50047	-0.17558	-0.46144	0.50198	0.99996	-0.00813	0.00285	0.00805	0.99962	0.02621	-0.00306	-0.02619	0.99965	
33	0.32000	-6.58466	12.99545	0.31056	-0.14833	0.09277	-0.50759	0.45054	0.99996	-0.00886	-0.00160	0.00886	0.99996	-0.00260	0.00162	0.00259	0.99999		-7.69212	60.91054	872.66848	179.43950	1.93997	-2.36331	0.52454	0.99858	0.04156	0.03342	0.04121	-0.99909	0.01117	0.03385	-0.00978	-0.99938		501.15056	5.40346	39.96593	1.50155	-0.18740	-0.46298	0.50884	0.99996	-0.00816	0.00306	0.00808	0.99962	0.02623	-0.00327	-0.02620	0.99965	
34	0.33000	-6.58805	12.99450	0.29259	-0.13394	0.08374	-0.50538	0.44840	0.99996	-0.00882	-0.00144	0.00882	0.99996	-0.00235	0.00146	0.00234	1.00000		-7.55472	61.14061	872.66933	179.42316	1.92706	-2.36913	0.52803	0.99858	0.04167	0.03318	0.04131	-0.99908	0.01145	0.03363	-0.01006	-0.99938		501.16533	5.41206	39.89962	1.50163	-0.18363	-0.47636	0.50431	0.99996	-0.00840	0.00299	0.00831	0.99962	0.02623	-0.00320	-0.02621	0.99965	
35	0.34000	-6.56666	12.88714	0.52562	-0.21051	0.16826	-0.47472	0.43872	0.99996	-0.00830	-0.00291	0.00829	0.99996	-0.00370	0.00294	0.00367	0.99999		-8.81666	60.07674	872.50313	179.49385	2.00913	-2.33857	0.53109	0.99855	0.04111	0.03467	0.04078	-0.99912	0.01026	0.03506	-0.00883	-0.99935		501.08179	5.17284	40.41596	1.53889	-0.25269	-0.48658	0.50569	0.99995	-0.00861	0.00418	0.00849	0.99960	0.02689	-0.00441	-0.02686	0.99963	
36	0.35000	-6.59217	12.99578	0.32421	-0.15356	0.09732	-0.50785	0.44771	0.99996	-0.00887	-0.00167	0.00886	0.99996	-0.00270	0.00170	0.00268	0.99999		-7.75337	60.82793	872.66351	179.44060	1.94468	-2.36285	0.52633	0.99857	0.04156	0.03350	0.04120	-0.99909	0.01115	0.03393	-0.00976	-0.99938		501.16332	5.39897	39.98840	1.48616	-0.19465	-0.46059	0.50382	0.99996	-0.00812	0.00319	0.00804	0.99963	0.02596	-0.00340	-0.02594	0.99966	
37	0.36000	-6.58600	12.98911	0.30781	-0.14282	0.09126	-0.50475	0.44522	0.99996	-0.00881	-0.00157	0.00881	0.99996	-0.00251	0.00159	0.00249	1.00000		-7.66400	61.00150	872.67632	179.43689	1.94361	-2.36319	0.52562	0.99857	0.04156	0.03348	0.04121	-0.99909	0.01122	0.03392	-0.00982	-0.99938		501.16371	5.42203	39.94747	1.52257	-0.19888	-0.50177	0.51013	0.99996	-0.00885	0.00324	0.00876	0.99961	0.02660	-0.00347	-0.02657	0.99964	
38	0.37000	-6.58894	13.00107	0.30146	-0.15067	0.09144	-0.50837	0.44584	0.99996	-0.00888	-0.00157	0.00887	0.99996	-0.00264	0.00160	0.00263	0.99999		-7.66968	60.86749	872.68558	179.44533	1.94263	-2.35820	0.52777	0.99858	0.04147	0.03347	0.04112	-0.99909	0.01107	0.03390	-0.00968	-0.99938		501.16708	5.42782	39.96744	1.52669	-0.18567	-0.48358	0.50902	0.99996	-0.00852	0.00301	0.00844	0.99961	0.02667	-0.00324	-0.02664	0.99964	
39	0.38000	-6.57188	12.90575	0.51867	-0.20453	0.16663	-0.48175	0.44241	0.99996	-0.00842	-0.00288	0.00841	0.99996	-0.00359	0.00291	0.00357	0.99999		-8.78733	60.14197	872.52099	179.49794	2.02173	-2.33065	0.52527	0.99855	0.04097	0.03489	0.04064	-0.99912	0.01019	0.03528	-0.00876	-0.99934		501.09295	5.24471	40.39921	1.57059	-0.26557	-0.50664	0.51098	0.99995	-0.00897	0.00439	0.00884	0.99958	0.02745	-0.00463	-0.02741	0.99961	
40	0.39000	-6.58978	12.98658	0.32971	-0.14745	0.10289	-0.50502	0.44741	0.99996	-0.00882	-0.00177	0.00881	0.99996	-0.00259	0.00180	0.00257	0.99999		-7.83123	60.93696	872.65541	179.44676	1.95701	-2.35458	0.53074	0.99857	0.04141	0.03372	0.04106	-0.99910	0.01105	0.03415	-0.00965	-0.99937		501.16254	5.42470	40.02983	1.51894	-0.20949	-0.50779	0.51451	0.99995	-0.00896	0.00342	0.00886	0.99961	0.02654	-0.00366	-0.02651	0.99964	
41	0.40000	-6.59120	12.98124	0.30323	-0.14547	0.09332	-0.50140	0.44900	0.99996	-0.00875	-0.00161	0.00875	0.99996	-0.00255	0.00163	0.00254	0.99999		-7.67571	60.97785	872.68076	179.44089	1.94678	-2.35580	0.52908	0.99858	0.04143	0.03354	0.04108	-0.99909	0.01115	0.03397	-0.00975	-0.99938		501.15702	5.38191	39.97337	1.51169	-0.18684	-0.48019	0.51433	0.99996	-0.00846	0.00304	0.00838	0.99962	0.02641	-0.00326	-0.02638	0.99965	
42	0.41000	-6.59563	12.98464	0.30339	-0.14394	0.09375	-0.50024	0.44784	0.99996	-0.00873	-0.00161	0.00873	0.99996	-0.00253	0.00164	0.00251	1.00000		-7.67897	61.00068	872.67935	179.44330	1.95018	-2.35563	0.53080	0.99858	0.04143	0.03360	0.04108	-0.99909	0.01111	0.03403	-0.00971	-0.99937		501.16633	5.37527	39.97576	1.50065	-0.19117	-0.48556	0.51513	0.99996	-0.00856	0.00311	0.00847	0.99962	0.02622	-0.00334	-0.02619	0.99965	
43	0.42000	-6.59662	12.99159	0.32895	-0.13382	0.10271	-0.50323	0.44776	0.99996	-0.00879	-0.00177	0.00878	0.99996	-0.00235	0.00179	0.00234	1.00000		-7.81548	61.14898	872.63904	179.43053	1.95573	-2.36109	0.52530	0.99857	0.04153	0.03369	0.04117	-0.99909	0.01134	0.03413	-0.00993	-0.99937		501.16249	5.40799	40.03012	1.50411	-0.20477	-0.49187	0.51513	0.99996	-0.00868	0.00335	0.00858	0.99962	0.02628	-0.00357	-0.02625	0.99965	
44	0.43000	-6.58947	12.99210	0.29770	-0.14429	0.09109	-0.50441	0.44350	0.99996	-0.00881	-0.00157	0.00880	0.99996	-0.00253	0.00159	0.00252	1.00000		-7.64823	60.98439	872.67846	179.42978	1.94123	-2.36135	0.52805	0.99858	0.04154	0.03343	0.04118	-0.99909	0.01134	0.03387	-0.00995	-0.99938		501.15675	5.40561	39.95819	1.51943	-0.18755	-0.47960	0.51167	0.99996	-0.00845	0.00305	0.00837	0.99961	0.02654	-0.00327	-0.02652	0.99964	
45	0.44000	-6.59472	12.99533	0.31556	-0.14529	0.09863	-0.50430	0.44673	0.99996	-0.00881	-0.00170	0.00880	0.99996	-0.00255	0.00172	0.00254	0.99999		-7.75194	60.95963	872.66916	179.44035	1.95555	-2.35425	0.52818	0.99857	0.04141	0.03369	0.04105	-0.99909	0.01116	0.03412	-0.00976	-0.99937		501.16944	5.41997	39.98880	1.52638	-0.21744	-0.50695	0.51766	0.99995	-0.00895	0.00356	0.00885	0.99961	0.02667	-0.00380	-0.02664	0.99964	
46	0.45000	-6.59683	12.98971	0.29174	-0.13857	0.08921	-0.50129	0.44817	0.99996	-0.00875	-0.00154	0.00875	0.99996	-0.00243	0.00156	0.00242	1.00000		-7.60721	61.08088	872.67454	179.43437	1.93593	-2.36002	0.52759	0.99858	0.04151	0.03335	0.04116	-0.99909	0.01125	0.03378	-0.00987	-0.99938		501.17495	5.39201	39.94272	1.51346	-0.20439	-0.49512	0.51209	0.99996	-0.00873	0.00334	0.00864	0.99961	0.02644	-0.00357	-0.02641	0.99964	
47	0.46000	-6.59717	12.99037	0.30501	-0.13821	0.09548	-0.50327	0.44642	0.99996	-0.00879	-0.00164	0.00878	0.99996	-0.00243	0.00167	0.00241	1.00000		-7.70104	61.07555	872.67551	179.43236	1.95379	-2.35546	0.52412	0.99857	0.04143	0.03366	0.04107	-0.99909	0.01130	0.03409	-0.00990	-0.99937		501.17036	5.42170	39.97487	1.52598	-0.21625	-0.50247	0.51318	0.99995	-0.00887	0.00354	0.00877	0.99961	0.02666	-0.00377	-0.02663	0.99964	
48	0.47000	-6.59829	12.99087	0.31328	-0.15212	0.09650	-0.50425	0.44858	0.99996	-0.00880	-0.00166	0.00880	0.99996	-0.00267	0.00168	0.00265	0.99999		-7.72030	60.86107	872.68328	179.45013	1.95695	-2.35003	0.52991	0.99858	0.04133	0.03372	0.04098	-0.99910	0.01099	0.03415	-0.00959	-0.99937		501.16607	5.40615	39.98314	1.52162	-0.20866	-0.48756	0.51655	0.99996	-0.00860	0.00341	0.00851	0.99961	0.02658	-0.00364	-0.02655	0.99964	
49	0.48000	-6.60276	12.99928	0.31588	-0.15002	0.09760	-0.50911	0.44795	0.99996	-0.00889	-0.00168	0.00889	0.99996	-0.00263	0.00170	0.00262	0.99999		-7.73622	60.88096	872.66206	179.44176	1.94801	-2.35606	0.52816	0.99858	0.04144	0.03356	0.04109	-0.99909	0.01113	0.03399	-0.00974	-0.99937		501.17546	5.45748	39.98681	1.54350	-0.20725	-0.49171	0.51231	0.99996	-0.00868	0.00338	0.00858	0.99960	0.02697	-0.00362	-0.02694	0.99963	
50	0.49000	-6.60417	12.98091	0.33867	-0.16295	0.10623	-0.50203	0.45047	0.99996	-0.00877	-0.00183	0.00876	0.99996	-0.00286	0.00185	0.00284	0.99999		-7.85393	60.70835	872.65509	179.45445	1.95283	-2.35300	0.52879	0.99858	0.04138	0.03366	0.04103	-0.99910	0.01091	0.03408	-0.00952	-0.99937		501.17871	5.41240	40.04034	1.55612	-0.22840	-0.51863	0.51589	0.99995	-0.00916	0.00374	0.00905	0.99959	0.02719	-0.00399	-0.02716	0.99962	
51	0.50000	-6.59891	12.99924	0.31118	-0.16111	0.09717	-0.50955	0.44548	0.99996	-0.00890	-0.00167	0.00889	0.99996	-0.00283	0.00170	0.00281	0.99999		-7.72693	60.71861	872.68980	179.45532	1.95455	-2.35857	0.52937	0.99857	0.04148	0.03369	0.04113	-0.99909	0.01090	0.03411	-0.00950	-0.99937		501.16835	5.45626	39.99456	1.55101	-0.20851	-0.50036	0.51301	0.99996	-0.00883	0.00340	0.00873	0.99959	0.02710	-0.00364	-0.02707	0.99963	
52	0.51000	-6.60157	12.99789	0.31630	-0.14899	0.09808	-0.50810	0.44725	0.99996	-0.00887	-0.00169	0.00887	0.99996	-0.00262	0.00171	0.00260	0.99999		-7.73610	60.89499	872.68480	179.44633	1.96230	-2.35312	0.53127	0.99857	0.04139	0.03381	0.04103	-0.99910	0.01106	0.03424	-0.00966	-0.99937		501.17244	5.45638	39.99735	1.53372	-0.21247	-0.50804	0.51216	0.99995	-0.00896	0.00347	0.00887	0.99960	0.02680	-0.00371	-0.02677	0.99963	
53	0.52000	-6.60325	12.99172	0.32190	-0.13874	0.09910	-0.50449	0.44987	0.99996	-0.00881	-0.00171	0.00880	0.99996	-0.00244	0.00173	0.00242	1.00000		-7.75038	61.05329	872.66123	179.43169	1.96368	-2.34531	0.52887	0.99858	0.04126	0.03383	0.04090	-0.99910	0.01131	0.03427	-0.00991	-0.99936		501.17419	5.41125	39.99543	1.50914	-0.21617	-0.48455	0.51005	0.99996	-0.00855	0.00355	0.00846	0.99962	0.02637	-0.00377	-0.02634	0.99965	
54	0.53000	-6.60354	12.98871	0.30840	-0.14506	0.09576	-0.50387	0.44877	0.99996	-0.00880	-0.00165	0.00879	0.99996	-0.00255	0.00167	0.00253	0.99999		-7.69217	60.97498	872.67905	179.44064	1.95753	-2.35356	0.53118	0.99857	0.04140	0.03373	0.04104	-0.99910	0.01116	0.03416	-0.00976	-0.99937		501.17929	5.42138	39.99044	1.53011	-0.21240	-0.50955	0.51324	0.99995	-0.00899	0.00347	0.00889	0.99960	0.02673	-0.00371	-0.02670	0.99964	
55	0.54000	-6.60252	12.98057	0.30268	-0.14527	0.09281	-0.50011	0.44701	0.99996	-0.00873	-0.00160	0.00873	0.99996	-0.00255	0.00162	0.00254	1.00000		-7.64933	60.97032	872.68632	179.44156	1.95099	-2.34275	0.53042	0.99858	0.04121	0.03362	0.04085	-0.99910	0.01113	0.03404	-0.00974	-0.99937		501.17618	5.39117	39.97115	1.50750	-0.20023	-0.50947	0.51493	0.99995	-0.00898	0.00326	0.00889	0.99961	0.02634	-0.00349	-0.02631	0.99965	
56	0.55000	-6.60377	12.97921	0.31120	-0.14660	0.09517	-0.50049	0.45129	0.99996	-0.00874	-0.00164	0.00874	0.99996	-0.00257	0.00166	0.00256	0.99999		-7.67864	60.96153	872.67950	179.44879	1.95825	-2.35041	0.52545	0.99858	0.04134	0.03375	0.04099	-0.99910	0.01101	0.03417	-0.00961	-0.99937		501.18081	5.39415	39.97616	1.52024	-0.21244	-0.50413	0.51428	0.99995	-0.00889	0.00347	0.00880	0.99961	0.02656	-0.00371	-0.02653	0.99964	
57	0.56000	-6.60553	12.97270	0.32537	-0.14048	0.10025	-0.49852	0.45029	0.99996	-0.00870	-0.00173	0.00870	0.99996	-0.00247	0.00175	0.00245	0.99999		-7.75471	61.04904	872.65426	179.43648	1.95765	-2.33662	0.52633	0.99859	0.04110	0.03373	0.04075	-0.99911	0.01122	0.03416	-0.00983	-0.99937		501.18181	5.39787	40.00786	1.52549	-0.21880	-0.51849	0.51376	0.99995	-0.00915	0.00358	0.00905	0.99960	0.02666	-0.00382	-0.02662	0.99964	
58	0.57000	-6.61056	12.98630	0.33732	-0.14090	0.10573	-0.50363	0.45184	0.99996	-0.00879	-0.00182	0.00879	0.99996	-0.00248	0.00185	0.00246	0.99999		-7.83204	61.04705	872.64434	179.44005	1.96735	-2.36211	0.52544	0.99856	0.04155	0.03390	0.04119	-0.99909	0.01118	0.03433	-0.00977	-0.99936		501.17603	5.42000	40.05328	1.52122	-0.20904	-0.50078	0.51537	0.99996	-0.00883	0.00341	0.00874	0.99961	0.02658	-0.00365	-0.02655	0.99964	
59	0.58000	-6.60701	12.97398	0.33455	-0.15226	0.10374	-0.49925	0.45051	0.99996	-0.00872	-0.00179	0.00871	0.99996	-0.00267	0.00181	0.00266	0.99999		-7.79944	60.87395	872.66709	179.44566	1.96967	-2.34572	0.53048	0.99857	0.04126	0.03394	0.04090	-0.99910	0.01107	0.03437	-0.00967	-0.99936		501.18026	5.40765	40.03018	1.54659	-0.22505	-0.53353	0.51674	0.99995	-0.00941	0.00367	0.00931	0.99959	0.02703	-0.00393	-0.02699	0.99963	
60	0.59000	-6.60653	12.99619	0.32418	-0.14666	0.10034	-0.50818	0.45206	0.99996	-0.00887	-0.00173	0.00887	0.99996	-0.00258	0.00175	0.00256	0.99999		-7.76574	60.92908	872.65711	179.44293	1.95227	-2.35262	0.52505	0.99858	0.04138	0.03364	0.04103	-0.99910	0.01111	0.03407	-0.00972	-0.99937		501.18033	5.46480	40.00635	1.54823	-0.21844	-0.51785	0.51768	0.99995	-0.00914	0.00357	0.00904	0.99959	0.02705	-0.00381	-0.02702	0.99963	
61	0.60000	-6.60856	12.99019	0.32230	-0.14014	0.10056	-0.50611	0.44950	0.99996	-0.00884	-0.00173	0.00883	0.99996	-0.00246	0.00176	0.00245	0.99999		-7.76950	61.03516	872.66264	179.43974	1.96374	-2.34778	0.52722	0.99857	0.04130	0.03384	0.04094	-0.99910	0.01117	0.03427	-0.00977	-0.99936		501.18503	5.45676	40.01823	1.54323	-0.22334	-0.52367	0.50901	0.99995	-0.00924	0.00365	0.00914	0.99959	0.02697	-0.00390	-0.02693	0.99963	
62	0.61000	-6.61082	12.97442	0.33581	-0.14967	0.10680	-0.50043	0.45003	0.99996	-0.00874	-0.00184	0.00873	0.99996	-0.00263	0.00186	0.00261	0.99999		-7.85493	60.91575	872.65588	179.44617	1.96137	-2.35179	0.52661	0.99857	0.04136	0.03380	0.04101	-0.99910	0.01106	0.03423	-0.00966	-0.99937		501.17561	5.42232	40.05865	1.55084	-0.21642	-0.52710	0.51740	0.99995	-0.00930	0.00353	0.00920	0.99959	0.02710	-0.00378	-0.02706	0.99963	
63	0.62000	-6.61395	12.97395	0.32788	-0.14993	0.10216	-0.50128	0.45060	0.99996	-0.00875	-0.00176	0.00875	0.99996	-0.00263	0.00178	0.00262	0.99999		-7.77889	60.90736	872.67707	179.44696	1.96825	-2.34852	0.52859	0.99857	0.04131	0.03392	0.04095	-0.99910	0.01105	0.03435	-0.00965	-0.99936		501.18461	5.41314	40.02330	1.53503	-0.22196	-0.50723	0.51897	0.99995	-0.00895	0.00364	0.00885	0.99960	0.02682	-0.00387	-0.02679	0.99963	
64	0.63000	-6.60329	12.97682	0.29520	-0.15499	0.08911	-0.50082	0.44826	0.99996	-0.00874	-0.00153	0.00874	0.99996	-0.00272	0.00156	0.00271	0.99999		-7.58291	60.83071	872.72484	179.45442	1.96234	-2.34214	0.52600	0.99858	0.04119	0.03382	0.04084	-0.99911	0.01091	0.03424	-0.00952	-0.99937		501.18391	5.39526	39.93454	1.53304	-0.20952	-0.50882	0.51869	0.99995	-0.00898	0.00342	0.00888	0.99960	0.02678	-0.00366	-0.02675	0.99964	
65	0.64000	-6.61364	12.96925	0.32776	-0.15891	0.10445	-0.49756	0.45034	0.99996	-0.00869	-0.00180	0.00868	0.99996	-0.00279	0.00182	0.00277	0.99999		-7.80063	60.79179	872.67810	179.45662	1.96588	-2.35524	0.52626	0.99857	0.04142	0.03388	0.04107	-0.99910	0.01089	0.03430	-0.00948	-0.99937		501.18581	5.37839	40.04130	1.54986	-0.22949	-0.51606	0.52175	0.99995	-0.00911	0.00376	0.00901	0.99959	0.02708	-0.00401	-0.02705	0.99963	
66	0.65000	-6.59833	12.88445	0.55929	-0.21572	0.18732	-0.47422	0.43893	0.99996	-0.00829	-0.00324	0.00828	0.99996	-0.00379	0.00327	0.00377	0.99999		-9.05484	59.99852	872.48976	179.51324	2.04406	-2.32297	0.52557	0.99854	0.04083	0.03529	0.04051	-0.99913	0.00993	0.03567	-0.00849	-0.99933		501.11251	5.22156	40.53697	1.60160	-0.31337	-0.54453	0.52065	0.99994	-0.00965	0.00520	0.00950	0.99956	0.02800	-0.00547	-0.02795	0.99959	
67	0.66000	-6.61084	12.98173	0.33513	-0.14938	0.10678	-0.50200	0.45297	0.99996	-0.00877	-0.00184	0.00876	0.99996	-0.00262	0.00186	0.00261	0.99999		-7.85315	60.90820	872.66000	179.44800	1.96729	-2.35026	0.52832	0.99857	0.04134	0.03390	0.04098	-0.99910	0.01103	0.03433	-0.00963	-0.99936		501.18284	5.42975	40.04784	1.54780	-0.23712	-0.53245	0.51999	0.99995	-0.00940	0.00389	0.00929	0.99959	0.02705	-0.00414	-0.02701	0.99963	
68	0.67000	-6.61364	12.97930	0.32324	-0.15105	0.10269	-0.50328	0.45187	0.99996	-0.00879	-0.00177	0.00878	0.99996	-0.00265	0.00179	0.00264	0.99999		-7.78654	60.89020	872.67652	179.44978	1.96659	-2.35544	0.52773	0.99857	0.04143	0.03389	0.04107	-0.99910	0.01101	0.03432	-0.00960	-0.99936		501.18187	5.43006	40.03176	1.54875	-0.22397	-0.51905	0.52052	0.99995	-0.00916	0.00366	0.00906	0.99959	0.02706	-0.00391	-0.02703	0.99963	
69	0.68000	-6.59374	12.87177	0.51678	-0.21236	0.17120	-0.46901	0.44027	0.99996	-0.00820	-0.00296	0.00819	0.99996	-0.00373	0.00299	0.00371	0.99999		-8.80746	60.05070	872.54377	179.51056	2.03784	-2.30868	0.52930	0.99856	0.04059	0.03519	0.04026	-0.99914	0.00997	0.03556	-0.00854	-0.99933		501.12178	5.20745	40.43257	1.61329	-0.30182	-0.56064	0.51927	0.99994	-0.00993	0.00499	0.00978	0.99955	0.02820	-0.00527	-0.02815	0.99959	
70	0.69000	-6.62048	12.96931	0.34552	-0.15851	0.10932	-0.49929	0.45183	0.99996	-0.00872	-0.00188	0.00871	0.99996	-0.00278	0.00191	0.00277	0.99999		-7.87236	60.78821	872.65800	179.45529	1.96888	-2.34746	0.52450	0.99857	0.04128	0.03394	0.04094	-0.99910	0.01091	0.03436	-0.00950	-0.99936		501.18650	5.38774	40.05478	1.53275	-0.23804	-0.51153	0.51471	0.99995	-0.00904	0.00391	0.00893	0.99960	0.02678	-0.00415	-0.02675	0.99963	
71	0.70000	-6.61389	12.96868	0.31668	-0.15735	0.10172	-0.49632	0.44848	0.99996	-0.00867	-0.00175	0.00866	0.99996	-0.00276	0.00178	0.00275	0.99999		-7.75313	60.80766	872.69918	179.45398	1.97191	-2.34610	0.52813	0.99857	0.04126	0.03399	0.04091	-0.99910	0.01093	0.03441	-0.00952	-0.99936		501.18278	5.37489	40.02132	1.53527	-0.22786	-0.53037	0.51587	0.99995	-0.00936	0.00373	0.00926	0.99960	0.02683	-0.00398	-0.02679	0.99963	
72	0.71000	-6.61352	12.97290	0.31453	-0.13419	0.09823	-0.49747	0.45204	0.99996	-0.00869	-0.00169	0.00868	0.99996	-0.00236	0.00171	0.00234	1.00000		-7.71112	61.15474	872.66310	179.43164	1.95711	-2.34671	0.52806	0.99858	0.04128	0.03371	0.04092	-0.99910	0.01131	0.03415	-0.00991	-0.99937		501.18267	5.41064	39.99289	1.53471	-0.21605	-0.53569	0.51722	0.99995	-0.00945	0.00352	0.00935	0.99960	0.02682	-0.00377	-0.02678	0.99963	
73	0.72000	-6.61454	12.98919	0.29903	-0.14015	0.09367	-0.50291	0.44796	0.99996	-0.00878	-0.00161	0.00878	0.99996	-0.00246	0.00163	0.00245	1.00000		-7.65026	61.03734	872.68265	179.43912	1.95156	-2.34226	0.52857	0.99859	0.04120	0.03362	0.04085	-0.99910	0.01117	0.03405	-0.00978	-0.99937		501.19041	5.41751	39.96772	1.52469	-0.22072	-0.50489	0.52236	0.99995	-0.00891	0.00362	0.00881	0.99961	0.02664	-0.00385	-0.02661	0.99964	
74	0.73000	-6.61508	12.99104	0.33090	-0.15511	0.10667	-0.50590	0.44916	0.99996	-0.00883	-0.00184	0.00883	0.99996	-0.00272	0.00186	0.00271	0.99999		-7.84046	60.81376	872.67075	179.45451	1.97423	-2.35143	0.52915	0.99856	0.04135	0.03403	0.04100	-0.99910	0.01093	0.03445	-0.00951	-0.99936		501.18140	5.45479	40.04850	1.56625	-0.24575	-0.52701	0.52091	0.99995	-0.00931	0.00404	0.00920	0.99958	0.02737	-0.00429	-0.02733	0.99962	
75	0.74000	-6.61050	12.99382	0.30037	-0.13672	0.09315	-0.50569	0.45101	0.99996	-0.00883	-0.00160	0.00883	0.99996	-0.00240	0.00163	0.00239	1.00000		-7.65241	61.09122	872.68095	179.43155	1.95015	-2.35169	0.52332	0.99858	0.04137	0.03359	0.04101	-0.99909	0.01131	0.03403	-0.00992	-0.99937		501.18852	5.42953	39.96700	1.51522	-0.21629	-0.49865	0.51422	0.99995	-0.00880	0.00354	0.00870	0.99961	0.02647	-0.00377	-0.02644	0.99964	
76	0.75000	-6.61324	12.97239	0.31592	-0.15425	0.10117	-0.49907	0.44889	0.99996	-0.00871	-0.00174	0.00871	0.99996	-0.00271	0.00177	0.00269	0.99999		-7.75639	60.85912	872.68102	179.44870	1.96160	-2.35612	0.52818	0.99857	0.04144	0.03380	0.04109	-0.99909	0.01102	0.03423	-0.00962	-0.99937		501.18407	5.39750	40.01993	1.54960	-0.22145	-0.53011	0.51869	0.99995	-0.00935	0.00361	0.00925	0.99959	0.02708	-0.00386	-0.02704	0.99963	
77	0.76000	-6.61570	12.97200	0.32581	-0.14871	0.10540	-0.49842	0.44549	0.99996	-0.00870	-0.00182	0.00870	0.99996	-0.00261	0.00184	0.00260	0.99999		-7.81999	60.92978	872.66255	179.44937	1.96607	-2.34177	0.52785	0.99858	0.04119	0.03388	0.04084	-0.99911	0.01100	0.03431	-0.00960	-0.99937		501.19053	5.40570	40.04721	1.55310	-0.23724	-0.53198	0.51830	0.99995	-0.00939	0.00389	0.00928	0.99959	0.02714	-0.00414	-0.02710	0.99962	
78	0.77000	-6.61941	12.97575	0.32902	-0.15793	0.10455	-0.49868	0.44636	0.99996	-0.00871	-0.00180	0.00870	0.99996	-0.00277	0.00182	0.00276	0.99999		-7.80543	60.79090	872.67697	179.45920	1.96888	-2.34509	0.52696	0.99857	0.04124	0.03394	0.04089	-0.99910	0.01084	0.03436	-0.00943	-0.99937		501.18492	5.37152	40.04179	1.53256	-0.22347	-0.49752	0.52454	0.99995	-0.00878	0.00367	0.00868	0.99960	0.02678	-0.00390	-0.02674	0.99963	
79	0.78000	-6.62125	12.97402	0.31621	-0.14524	0.10167	-0.49884	0.44738	0.99996	-0.00871	-0.00175	0.00871	0.99996	-0.00255	0.00177	0.00253	0.99999		-7.75904	60.98722	872.67228	179.44627	1.96498	-2.34424	0.52776	0.99858	0.04123	0.03386	0.04088	-0.99910	0.01106	0.03429	-0.00966	-0.99937		501.19354	5.39392	40.01857	1.52605	-0.23319	-0.51887	0.51849	0.99995	-0.00916	0.00383	0.00906	0.99960	0.02667	-0.00407	-0.02663	0.99964	
80	0.79000	-6.61849	12.96941	0.34999	-0.16451	0.11384	-0.49738	0.45029	0.99996	-0.00869	-0.00196	0.00868	0.99996	-0.00289	0.00199	0.00287	0.99999		-7.94559	60.69243	872.65761	179.46645	1.97851	-2.33840	0.52940	0.99857	0.04112	0.03411	0.04078	-0.99911	0.01071	0.03452	-0.00931	-0.99936		501.19115	5.38598	40.09242	1.56795	-0.25712	-0.53254	0.52076	0.99995	-0.00941	0.00423	0.00929	0.99958	0.02740	-0.00449	-0.02736	0.99962	
81	0.80000	-6.62011	12.96956	0.33656	-0.14889	0.11111	-0.49741	0.44991	0.99996	-0.00869	-0.00192	0.00868	0.99996	-0.00262	0.00194	0.00260	0.99999		-7.90351	60.94196	872.65293	179.45250	1.97528	-2.35389	0.52894	0.99856	0.04140	0.03405	0.04105	-0.99910	0.01096	0.03447	-0.00955	-0.99936		501.18531	5.38725	40.07463	1.54326	-0.24041	-0.51319	0.51614	0.99995	-0.00907	0.00395	0.00896	0.99960	0.02697	-0.00420	-0.02693	0.99963	
82	0.81000	-6.61731	12.99153	0.30871	-0.14310	0.09725	-0.50270	0.45201	0.99996	-0.00878	-0.00167	0.00877	0.99996	-0.00251	0.00170	0.00250	0.99999		-7.69916	60.99840	872.68413	179.44330	1.96661	-2.34520	0.53008	0.99857	0.04125	0.03389	0.04090	-0.99910	0.01111	0.03432	-0.00971	-0.99936		501.18604	5.41807	39.99432	1.53081	-0.20797	-0.52021	0.52415	0.99995	-0.00917	0.00339	0.00908	0.99960	0.02675	-0.00363	-0.02671	0.99964	
83	0.82000	-6.62286	12.96357	0.33558	-0.15645	0.10670	-0.49488	0.44760	0.99996	-0.00864	-0.00184	0.00864	0.99996	-0.00275	0.00186	0.00273	0.99999		-7.82892	60.83590	872.66228	179.45804	1.97296	-2.34874	0.52958	0.99857	0.04131	0.03401	0.04096	-0.99910	0.01086	0.03443	-0.00945	-0.99936		501.19952	5.38706	40.05274	1.56664	-0.23313	-0.54248	0.52396	0.99995	-0.00958	0.00381	0.00947	0.99958	0.02738	-0.00407	-0.02734	0.99962	
84	0.83000	-6.62174	12.98575	0.32906	-0.15585	0.10429	-0.50291	0.44747	0.99996	-0.00878	-0.00180	0.00878	0.99996	-0.00274	0.00182	0.00272	0.99999		-7.80337	60.81692	872.66658	179.46254	1.96839	-2.35078	0.52780	0.99857	0.04134	0.03393	0.04099	-0.99910	0.01078	0.03435	-0.00937	-0.99937		501.18560	5.42713	40.03982	1.57183	-0.22589	-0.52262	0.52446	0.99995	-0.00923	0.00369	0.00912	0.99958	0.02746	-0.00394	-0.02743	0.99962	
85	0.84000	-6.61965	12.99507	0.32907	-0.14695	0.10568	-0.50538	0.45088	0.99996	-0.00882	-0.00182	0.00882	0.99996	-0.00258	0.00184	0.00256	0.99999		-7.82557	60.94114	872.65886	179.44763	1.97281	-2.35530	0.52760	0.99856	0.04143	0.03400	0.04107	-0.99910	0.01105	0.03443	-0.00963	-0.99936		501.19303	5.45586	40.03866	1.56485	-0.23736	-0.53359	0.52181	0.99995	-0.00942	0.00389	0.00931	0.99958	0.02735	-0.00414	-0.02731	0.99962	
86	0.85000	-6.61855	12.98538	0.32491	-0.13604	0.10549	-0.50097	0.44587	0.99996	-0.00875	-0.00182	0.00874	0.99996	-0.00239	0.00184	0.00237	1.00000		-7.82690	61.10983	872.65224	179.43668	1.97330	-2.34527	0.53081	0.99857	0.04126	0.03400	0.04090	-0.99910	0.01123	0.03443	-0.00983	-0.99936		501.18693	5.42237	40.04547	1.54146	-0.23053	-0.52417	0.52578	0.99995	-0.00925	0.00378	0.00915	0.99960	0.02694	-0.00402	-0.02690	0.99963	
87	0.86000	-6.60152	12.88707	0.54061	-0.21965	0.17990	-0.47176	0.43918	0.99996	-0.00825	-0.00311	0.00823	0.99996	-0.00386	0.00314	0.00383	0.99999		-8.93431	59.92336	872.50818	179.51683	2.04115	-2.31323	0.52736	0.99855	0.04066	0.03525	0.04034	-0.99914	0.00986	0.03562	-0.00843	-0.99933		501.12671	5.20646	40.47796	1.61310	-0.31320	-0.55698	0.52627	0.99994	-0.00987	0.00519	0.00972	0.99955	0.02820	-0.00547	-0.02815	0.99959	
88	0.87000	-6.62023	12.97735	0.32856	-0.14727	0.10765	-0.49648	0.44837	0.99996	-0.00867	-0.00186	0.00867	0.99996	-0.00259	0.00188	0.00257	0.99999		-7.84848	60.94681	872.66239	179.44624	1.97820	-2.34101	0.53156	0.99857	0.04118	0.03409	0.04082	-0.99911	0.01107	0.03452	-0.00966	-0.99936		501.18849	5.36632	40.05334	1.52157	-0.23636	-0.51382	0.51978	0.99995	-0.00907	0.00389	0.00897	0.99961	0.02659	-0.00413	-0.02655	0.99964	
89	0.88000	-6.61649	12.97613	0.31499	-0.15441	0.10186	-0.49899	0.44844	0.99996	-0.00871	-0.00175	0.00871	0.99996	-0.00271	0.00178	0.00269	0.99999		-7.76150	60.85165	872.68137	179.45264	1.96793	-2.35278	0.52890	0.99857	0.04138	0.03392	0.04103	-0.99910	0.01095	0.03434	-0.00955	-0.99936		501.18729	5.39386	40.01740	1.54682	-0.23332	-0.52468	0.51985	0.99995	-0.00926	0.00382	0.00916	0.99959	0.02703	-0.00407	-0.02699	0.99963	
90	0.89000	-6.61978	12.97898	0.33869	-0.16029	0.10958	-0.50115	0.44954	0.99996	-0.00875	-0.00189	0.00875	0.99996	-0.00281	0.00191	0.00280	0.99999		-7.88067	60.75842	872.66301	179.46671	1.97990	-2.35339	0.52767	0.99856	0.04138	0.03414	0.04104	-0.99910	0.01072	0.03455	-0.00930	-0.99936		501.18456	5.41319	40.05982	1.55462	-0.24137	-0.52909	0.52305	0.99995	-0.00935	0.00396	0.00923	0.99959	0.02717	-0.00421	-0.02713	0.99962	
91	0.90000	-6.61827	12.98422	0.33349	-0.15881	0.10680	-0.50333	0.45239	0.99996	-0.00879	-0.00184	0.00878	0.99996	-0.00279	0.00186	0.00277	0.99999		-7.84399	60.76616	872.66299	179.45258	1.97109	-2.34910	0.52974	0.99857	0.04131	0.03397	0.04096	-0.99910	0.01096	0.03440	-0.00955	-0.99936		501.19152	5.43010	40.04666	1.55906	-0.24407	-0.53241	0.51684	0.99995	-0.00940	0.00401	0.00929	0.99959	0.02725	-0.00426	-0.02721	0.99962	
92	0.91000	-6.62301	12.98366	0.32048	-0.15432	0.10287	-0.50267	0.44907	0.99996	-0.00878	-0.00177	0.00877	0.99996	-0.00271	0.00180	0.00269	0.99999		-7.77317	60.83562	872.68362	179.45229	1.97308	-2.34847	0.52699	0.99857	0.04130	0.03401	0.04095	-0.99910	0.01096	0.03443	-0.00955	-0.99936		501.19599	5.42700	40.02599	1.55095	-0.24092	-0.52951	0.52158	0.99995	-0.00935	0.00395	0.00924	0.99959	0.02710	-0.00420	-0.02707	0.99962	
93	0.92000	-6.62395	12.98615	0.35320	-0.15915	0.11446	-0.50594	0.44873	0.99996	-0.00884	-0.00197	0.00883	0.99996	-0.00280	0.00200	0.00278	0.99999		-7.95416	60.75675	872.65232	179.46477	1.98356	-2.34944	0.52913	0.99856	0.04132	0.03420	0.04097	-0.99910	0.01075	0.03461	-0.00934	-0.99936		501.19347	5.45214	40.08971	1.56172	-0.25645	-0.52981	0.52796	0.99995	-0.00937	0.00422	0.00925	0.99958	0.02729	-0.00448	-0.02725	0.99962	
94	0.93000	-6.61981	12.97810	0.33552	-0.15504	0.10774	-0.49991	0.44762	0.99996	-0.00873	-0.00186	0.00872	0.99996	-0.00272	0.00188	0.00271	0.99999		-7.84925	60.83351	872.65933	179.45778	1.97142	-2.34716	0.52749	0.99857	0.04128	0.03398	0.04093	-0.99910	0.01086	0.03440	-0.00946	-0.99936		501.18701	5.40981	40.04895	1.56430	-0.24594	-0.52939	0.52620	0.99995	-0.00935	0.00404	0.00924	0.99958	0.02734	-0.00429	-0.02730	0.99962	
