1	0.00000	-6.58642	13.59449	0.56338	-0.08000	0.31176	-0.67972	0.46657	0.99991	-0.01187	-0.00542	0.01186	0.99993	-0.00146	0.00544	0.00140	0.99998		-12.36897	61.22788	871.93845	179.36028	2.10887	-2.76969	0.45511	0.99816	0.04873	0.03621	0.04829	-0.99875	0.01293	0.03680	-0.01116	-0.99926		501.09812	6.20588	41.13671	1.08364	-0.80388	-0.32172	0.23519	0.99989	-0.00588	0.01392	0.00561	0.99980	0.01899	-0.01403	-0.01891	0.99972	
2	0.01000	-6.58852	13.59828	0.56414	-0.07760	0.30852	-0.68185	0.46908	0.99991	-0.01191	-0.00537	0.01190	0.99993	-0.00142	0.00538	0.00135	0.99998		-12.32547	61.27555	871.92917	179.36931	2.10559	-2.77740	0.45489	0.99815	0.04886	0.03616	0.04842	-0.99875	0.01277	0.03674	-0.01100	-0.99926		501.09092	6.21888	41.10661	1.07465	-0.78661	-0.30592	0.24234	0.99989	-0.00560	0.01363	0.00534	0.99981	0.01883	-0.01373	-0.01875	0.99973	
3	0.02000	-6.58836	13.60201	0.57466	-0.09165	0.31436	-0.68444	0.46658	0.99991	-0.01195	-0.00547	0.01195	0.99993	-0.00167	0.00549	0.00160	0.99998		-12.41268	61.05321	871.93664	179.37712	2.11014	-2.77794	0.45167	0.99815	0.04886	0.03625	0.04843	-0.99875	0.01264	0.03682	-0.01086	-0.99926		501.08499	6.22388	41.14707	1.08552	-0.78887	-0.29894	0.23960	0.99989	-0.00548	0.01367	0.00522	0.99981	0.01902	-0.01377	-0.01894	0.99973	
4	0.03000	-6.62168	13.18990	0.10387	-0.52118	0.21140	-0.56795	0.39663	0.99994	-0.00995	-0.00360	0.00991	0.99991	-0.00913	0.00369	0.00910	0.99995		-10.73095	55.17699	872.80493	179.78014	1.88534	-2.82654	0.53547	0.99824	0.04944	0.03267	0.04929	-0.99877	0.00546	0.03290	-0.00384	-0.99945		500.73563	5.04812	40.84478	1.34668	-0.00110	0.06191	0.21102	1.00000	0.00108	0.00004	-0.00108	0.99972	0.02350	-0.00002	-0.02350	0.99972	
5	0.04000	-6.62412	13.17683	0.10717	-0.53696	0.21409	-0.56405	0.40234	0.99994	-0.00988	-0.00364	0.00984	0.99991	-0.00941	0.00374	0.00937	0.99995		-10.77348	54.96784	872.80632	179.79060	1.87886	-2.83919	0.53689	0.99824	0.04965	0.03256	0.04951	-0.99876	0.00527	0.03279	-0.00365	-0.99946		500.82682	4.81554	40.91564	1.14824	-0.04907	0.14648	0.32527	1.00000	0.00254	0.00091	-0.00256	0.99980	0.02004	-0.00086	-0.02004	0.99980	
6	0.05000	-6.26389	13.01530	-0.79118	-0.43380	-0.26126	-0.48326	0.52551	0.99995	-0.00840	0.00462	0.00843	0.99994	-0.00753	-0.00456	0.00757	0.99996		-3.76681	56.27299	873.47028	179.81870	1.31056	-2.30606	0.54924	0.99893	0.04031	0.02273	0.04023	-0.99918	0.00408	0.02287	-0.00316	-0.99973		500.92081	3.77675	37.53718	0.44923	0.44554	0.57505	0.20725	0.99992	0.01010	-0.00770	-0.01004	0.99992	0.00792	0.00778	-0.00784	0.99994	
7	0.06000	-6.78565	12.96362	1.02834	-0.60711	0.53404	-0.52106	0.45119	0.99991	-0.00919	-0.00922	0.00909	0.99990	-0.01068	0.00932	0.01060	0.99990		-15.24980	53.94108	871.86922	179.82765	2.24676	-2.52581	0.49410	0.99826	0.04419	0.03903	0.04404	-0.99902	0.00473	0.03920	-0.00301	-0.99923		500.64116	4.77989	42.84291	1.37847	-0.33569	-0.00420	0.20738	0.99998	-0.00021	0.00586	0.00007	0.99971	0.02406	-0.00586	-0.02406	0.99969	
8	0.07000	-6.81264	13.04467	0.50025	-0.44584	0.34851	-0.53573	0.43800	0.99994	-0.00940	-0.00601	0.00935	0.99993	-0.00784	0.00608	0.00778	0.99995		-12.42014	56.34554	872.28916	179.67143	2.07428	-2.53790	0.48196	0.99836	0.04449	0.03591	0.04425	-0.99899	0.00733	0.03620	-0.00573	-0.99933		500.78028	4.96345	41.80416	1.23053	-0.11092	-0.03122	0.20568	1.00000	-0.00059	0.00192	0.00054	0.99977	0.02148	-0.00194	-0.02148	0.99977	
9	0.08000	-6.83337	13.04794	0.50912	-0.44125	0.35226	-0.53828	0.43871	0.99994	-0.00944	-0.00607	0.00939	0.99993	-0.00776	0.00615	0.00770	0.99995		-12.45396	56.40840	872.28389	179.67697	2.08103	-2.53281	0.48204	0.99836	0.04440	0.03603	0.04416	-0.99900	0.00724	0.03631	-0.00563	-0.99932		500.78663	4.99582	41.83201	1.23649	-0.11746	-0.03339	0.20794	1.00000	-0.00063	0.00204	0.00058	0.99977	0.02158	-0.00205	-0.02158	0.99977	
10	0.09000	-6.84416	13.04726	0.52363	-0.44772	0.36091	-0.53900	0.44020	0.99994	-0.00946	-0.00622	0.00941	0.99992	-0.00787	0.00630	0.00781	0.99995		-12.56367	56.31339	872.28536	179.68742	2.10369	-2.53079	0.48044	0.99835	0.04436	0.03643	0.04413	-0.99900	0.00707	0.03671	-0.00545	-0.99931		500.79767	5.01509	41.88839	1.24986	-0.13788	-0.05282	0.20392	1.00000	-0.00097	0.00239	0.00092	0.99976	0.02181	-0.00241	-0.02181	0.99976	
11	0.10000	-6.85157	13.04871	0.50976	-0.42962	0.35636	-0.53568	0.43740	0.99994	-0.00940	-0.00615	0.00935	0.99993	-0.00756	0.00622	0.00750	0.99995		-12.48064	56.60048	872.28032	179.67389	2.10199	-2.53352	0.47722	0.99835	0.04441	0.03639	0.04417	-0.99900	0.00731	0.03668	-0.00569	-0.99931		500.80153	5.01395	41.86236	1.25066	-0.14115	-0.07326	0.21173	1.00000	-0.00133	0.00243	0.00128	0.99976	0.02183	-0.00246	-0.02183	0.99976	
12	0.11000	-6.85599	13.04804	0.50692	-0.43822	0.35402	-0.53918	0.43972	0.99994	-0.00946	-0.00611	0.00941	0.99993	-0.00771	0.00618	0.00765	0.99995		-12.45219	56.46285	872.28856	179.67966	2.09452	-2.53176	0.47704	0.99836	0.04438	0.03626	0.04414	-0.99900	0.00720	0.03655	-0.00559	-0.99932		500.80749	5.04137	41.84236	1.25815	-0.14217	-0.06872	0.21161	1.00000	-0.00125	0.00245	0.00120	0.99976	0.02196	-0.00248	-0.02196	0.99976	
13	0.12000	-6.86530	13.05119	0.52299	-0.43157	0.36145	-0.53800	0.44188	0.99994	-0.00944	-0.00624	0.00939	0.99993	-0.00759	0.00631	0.00753	0.99995		-12.55446	56.56645	872.27427	179.67764	2.10763	-2.52873	0.47519	0.99835	0.04433	0.03649	0.04409	-0.99900	0.00724	0.03678	-0.00562	-0.99931		500.80951	5.04380	41.89025	1.26474	-0.15338	-0.07859	0.21170	1.00000	-0.00143	0.00265	0.00137	0.99976	0.02208	-0.00268	-0.02207	0.99975	
14	0.13000	-6.86325	13.04649	0.50866	-0.43005	0.35348	-0.53568	0.43976	0.99994	-0.00939	-0.00610	0.00935	0.99993	-0.00756	0.00617	0.00751	0.99995		-12.43412	56.59662	872.27784	179.67206	2.09380	-2.52965	0.47476	0.99836	0.04434	0.03625	0.04411	-0.99900	0.00733	0.03654	-0.00572	-0.99932		500.81570	5.02470	41.83559	1.24681	-0.14729	-0.08449	0.21505	1.00000	-0.00153	0.00254	0.00147	0.99976	0.02176	-0.00257	-0.02176	0.99976	
15	0.14000	-6.86920	13.03964	0.52765	-0.43078	0.36085	-0.53202	0.44447	0.99994	-0.00933	-0.00623	0.00929	0.99993	-0.00758	0.00630	0.00752	0.99995		-12.53236	56.59165	872.26788	179.68019	2.11026	-2.52636	0.47381	0.99835	0.04428	0.03654	0.04405	-0.99900	0.00720	0.03682	-0.00558	-0.99931		500.81248	5.00136	41.88151	1.25811	-0.15570	-0.08815	0.21205	1.00000	-0.00160	0.00268	0.00154	0.99976	0.02196	-0.00272	-0.02196	0.99976	
16	0.15000	-6.87281	13.04495	0.50801	-0.42868	0.35589	-0.53567	0.44177	0.99994	-0.00939	-0.00614	0.00935	0.99993	-0.00754	0.00621	0.00748	0.99995		-12.46364	56.63034	872.26749	179.66872	2.08918	-2.54204	0.47246	0.99835	0.04456	0.03616	0.04432	-0.99899	0.00739	0.03645	-0.00578	-0.99932		500.81631	5.02703	41.85887	1.25746	-0.15001	-0.07896	0.21559	1.00000	-0.00144	0.00259	0.00138	0.99976	0.02195	-0.00262	-0.02195	0.99976	
17	0.16000	-6.88091	13.04309	0.52321	-0.43074	0.36201	-0.53335	0.43873	0.99994	-0.00936	-0.00625	0.00931	0.99993	-0.00758	0.00632	0.00752	0.99995		-12.54234	56.59420	872.26689	179.67657	2.10760	-2.52974	0.47223	0.99835	0.04434	0.03649	0.04411	-0.99900	0.00726	0.03678	-0.00564	-0.99931		500.82701	5.00891	41.89441	1.25497	-0.16351	-0.08845	0.21772	0.99999	-0.00161	0.00282	0.00154	0.99976	0.02191	-0.00285	-0.02190	0.99976	
18	0.17000	-6.88020	13.03823	0.51977	-0.42531	0.36090	-0.53334	0.44367	0.99994	-0.00935	-0.00623	0.00931	0.99993	-0.00748	0.00630	0.00742	0.99995		-12.51655	56.69534	872.25610	179.67688	2.10211	-2.53740	0.46750	0.99835	0.04448	0.03639	0.04424	-0.99899	0.00726	0.03668	-0.00564	-0.99931		500.82296	5.01135	41.89271	1.24928	-0.15385	-0.07917	0.21144	1.00000	-0.00144	0.00265	0.00138	0.99976	0.02181	-0.00269	-0.02180	0.99976	
19	0.18000	-6.88353	13.02024	0.52616	-0.43270	0.36373	-0.52647	0.43909	0.99994	-0.00924	-0.00628	0.00919	0.99993	-0.00761	0.00635	0.00755	0.99995		-12.55111	56.59308	872.25528	179.67934	2.10301	-2.52811	0.47314	0.99835	0.04431	0.03641	0.04408	-0.99900	0.00721	0.03670	-0.00559	-0.99931		500.82884	4.98784	41.91241	1.27790	-0.16390	-0.11001	0.21584	0.99999	-0.00198	0.00282	0.00192	0.99975	0.02231	-0.00286	-0.02230	0.99975	
20	0.19000	-6.88698	13.03339	0.53917	-0.43521	0.36792	-0.52932	0.44188	0.99994	-0.00929	-0.00635	0.00924	0.99993	-0.00766	0.00642	0.00760	0.99995		-12.61257	56.53960	872.25576	179.68263	2.11319	-2.52799	0.47326	0.99835	0.04431	0.03659	0.04408	-0.99900	0.00716	0.03687	-0.00554	-0.99930		500.81753	4.97638	41.93407	1.25614	-0.16256	-0.08144	0.21339	0.99999	-0.00148	0.00281	0.00142	0.99976	0.02193	-0.00284	-0.02192	0.99976	
21	0.20000	-6.88606	13.03323	0.54266	-0.42948	0.36949	-0.53129	0.44401	0.99994	-0.00932	-0.00638	0.00927	0.99993	-0.00756	0.00645	0.00750	0.99995		-12.63613	56.63111	872.24282	179.68239	2.11483	-2.53270	0.47264	0.99834	0.04439	0.03662	0.04416	-0.99900	0.00717	0.03690	-0.00554	-0.99930		500.82229	5.00217	41.93650	1.24649	-0.17159	-0.08578	0.21783	0.99999	-0.00156	0.00296	0.00150	0.99976	0.02176	-0.00299	-0.02175	0.99976	
22	0.21000	-6.88868	13.03219	0.50671	-0.42327	0.35444	-0.53130	0.44339	0.99994	-0.00932	-0.00612	0.00927	0.99993	-0.00745	0.00619	0.00739	0.99995		-12.39954	56.73332	872.27988	179.67299	2.10507	-2.53514	0.47324	0.99835	0.04444	0.03644	0.04420	-0.99900	0.00733	0.03673	-0.00570	-0.99931		500.83662	5.01553	41.84115	1.26002	-0.15864	-0.09260	0.21696	0.99999	-0.00168	0.00273	0.00162	0.99976	0.02199	-0.00277	-0.02199	0.99975	
23	0.22000	-6.89440	13.05061	0.55800	-0.43609	0.37627	-0.53812	0.44777	0.99993	-0.00944	-0.00649	0.00939	0.99993	-0.00767	0.00657	0.00761	0.99995		-12.73697	56.51273	872.23010	179.67882	2.12181	-2.54778	0.46997	0.99833	0.04466	0.03674	0.04442	-0.99899	0.00725	0.03702	-0.00560	-0.99930		500.83550	5.07643	41.97761	1.30155	-0.18743	-0.12176	0.22154	0.99999	-0.00220	0.00322	0.00213	0.99974	0.02272	-0.00327	-0.02271	0.99974	
24	0.23000	-6.89824	13.03375	0.52939	-0.42936	0.36462	-0.53099	0.44040	0.99994	-0.00931	-0.00629	0.00927	0.99993	-0.00755	0.00636	0.00749	0.99995		-12.52863	56.62379	872.30608	179.71611	2.13930	-2.48955	0.48691	0.99836	0.04362	0.03708	0.04341	-0.99904	0.00657	0.03733	-0.00495	-0.99929		500.85528	4.98656	41.81732	1.30106	-0.27085	-0.07174	0.23765	0.99999	-0.00136	0.00470	0.00125	0.99974	0.02271	-0.00473	-0.02271	0.99973	
25	0.24000	-6.89206	13.02747	0.52813	-0.42809	0.36390	-0.52924	0.44122	0.99994	-0.00928	-0.00628	0.00924	0.99993	-0.00753	0.00635	0.00747	0.99995		-12.52437	56.65783	872.30661	179.72478	2.13716	-2.49099	0.48808	0.99836	0.04364	0.03705	0.04343	-0.99904	0.00642	0.03729	-0.00480	-0.99929		500.85452	4.98037	41.80532	1.30694	-0.28125	-0.07160	0.24338	0.99999	-0.00136	0.00488	0.00125	0.99974	0.02281	-0.00491	-0.02281	0.99973	
26	0.25000	-6.89486	13.03432	0.52060	-0.42536	0.35998	-0.53017	0.44368	0.99994	-0.00930	-0.00621	0.00925	0.99993	-0.00748	0.00628	0.00742	0.99995		-12.45762	56.69606	872.32285	179.72279	2.13855	-2.49201	0.48936	0.99836	0.04366	0.03707	0.04345	-0.99903	0.00646	0.03732	-0.00483	-0.99929		500.85525	4.96206	41.77400	1.28812	-0.28043	-0.05230	0.24223	0.99999	-0.00102	0.00487	0.00091	0.99975	0.02248	-0.00489	-0.02248	0.99974	
27	0.26000	-6.89713	13.03761	0.50550	-0.42050	0.35558	-0.53087	0.44225	0.99994	-0.00931	-0.00614	0.00927	0.99993	-0.00740	0.00621	0.00734	0.99995		-12.39732	56.76098	872.32323	179.71240	2.13073	-2.48826	0.49021	0.99837	0.04360	0.03693	0.04338	-0.99904	0.00663	0.03718	-0.00502	-0.99930		500.86550	4.98150	41.75439	1.29715	-0.26820	-0.06450	0.23947	0.99999	-0.00123	0.00465	0.00113	0.99974	0.02264	-0.00468	-0.02264	0.99973	
28	0.27000	-6.89618	13.02579	0.54266	-0.43798	0.36819	-0.52950	0.44248	0.99994	-0.00929	-0.00635	0.00924	0.99993	-0.00770	0.00643	0.00764	0.99995		-12.58491	56.51622	872.30323	179.73145	2.14344	-2.49412	0.48709	0.99835	0.04369	0.03716	0.04349	-0.99903	0.00631	0.03740	-0.00468	-0.99929		500.85439	4.96218	41.82776	1.30653	-0.29012	-0.05472	0.25079	0.99999	-0.00107	0.00504	0.00095	0.99974	0.02281	-0.00506	-0.02280	0.99973	
29	0.28000	-6.89646	13.02805	0.51817	-0.42867	0.36002	-0.52740	0.44756	0.99994	-0.00925	-0.00621	0.00920	0.99993	-0.00754	0.00628	0.00748	0.99995		-12.45471	56.64633	872.32880	179.72420	2.14057	-2.48455	0.49207	0.99836	0.04353	0.03711	0.04332	-0.99904	0.00643	0.03735	-0.00481	-0.99929		500.85458	4.95536	41.78649	1.29991	-0.27202	-0.06783	0.24590	0.99999	-0.00129	0.00472	0.00118	0.99974	0.02269	-0.00475	-0.02269	0.99973	
30	0.29000	-6.90547	13.01259	0.54871	-0.45180	0.37160	-0.52588	0.44404	0.99994	-0.00923	-0.00641	0.00918	0.99993	-0.00795	0.00649	0.00789	0.99995		-12.61779	56.32471	872.31196	179.74771	2.15125	-2.49524	0.49252	0.99835	0.04370	0.03731	0.04351	-0.99904	0.00603	0.03754	-0.00440	-0.99929		500.85721	4.95790	41.86148	1.34127	-0.27461	-0.07636	0.24317	0.99999	-0.00144	0.00476	0.00133	0.99972	0.02341	-0.00479	-0.02341	0.99971	
31	0.30000	-6.90374	13.03142	0.55327	-0.43897	0.37515	-0.53083	0.44479	0.99994	-0.00931	-0.00648	0.00926	0.99993	-0.00772	0.00655	0.00766	0.99995		-12.68026	56.48812	872.30055	179.73224	2.15670	-2.49270	0.49031	0.99835	0.04367	0.03739	0.04346	-0.99904	0.00631	0.03763	-0.00467	-0.99928		500.86105	4.96553	41.87153	1.30060	-0.30533	-0.05570	0.24483	0.99999	-0.00109	0.00531	0.00097	0.99974	0.02270	-0.00533	-0.02270	0.99973	
32	0.31000	-6.90008	13.02386	0.51984	-0.42380	0.36004	-0.52731	0.44182	0.99994	-0.00925	-0.00621	0.00920	0.99993	-0.00745	0.00628	0.00740	0.99995		-12.45183	56.73542	872.30890	179.72610	2.13139	-2.48764	0.48749	0.99837	0.04358	0.03695	0.04337	-0.99904	0.00639	0.03719	-0.00478	-0.99930		500.87200	4.97630	41.77532	1.31417	-0.28809	-0.08478	0.23974	0.99999	-0.00159	0.00499	0.00148	0.99974	0.02294	-0.00503	-0.02293	0.99972	
33	0.32000	-6.90307	13.01764	0.52419	-0.43213	0.36362	-0.52789	0.44601	0.99994	-0.00926	-0.00628	0.00921	0.99993	-0.00760	0.00635	0.00754	0.99995		-12.50066	56.61000	872.31454	179.72905	2.13586	-2.49010	0.49174	0.99836	0.04362	0.03703	0.04342	-0.99904	0.00634	0.03727	-0.00473	-0.99929		500.86641	4.97297	41.79482	1.31689	-0.29462	-0.07646	0.24175	0.99999	-0.00145	0.00511	0.00133	0.99973	0.02299	-0.00514	-0.02298	0.99972	
34	0.33000	-6.90087	13.02031	0.51350	-0.43723	0.35726	-0.52726	0.44349	0.99994	-0.00925	-0.00616	0.00920	0.99993	-0.00769	0.00624	0.00763	0.99995		-12.39727	56.54514	872.33522	179.73784	2.13444	-2.49698	0.48687	0.99836	0.04374	0.03701	0.04354	-0.99903	0.00619	0.03724	-0.00457	-0.99930		500.86861	4.97469	41.75624	1.33969	-0.28653	-0.08252	0.24700	0.99999	-0.00156	0.00497	0.00144	0.99973	0.02339	-0.00500	-0.02338	0.99971	
35	0.34000	-6.90484	13.03294	0.53442	-0.44072	0.36670	-0.53176	0.44556	0.99994	-0.00933	-0.00633	0.00928	0.99993	-0.00775	0.00640	0.00769	0.99995		-12.53761	56.47274	872.31533	179.74925	2.14526	-2.49476	0.48950	0.99835	0.04369	0.03721	0.04350	-0.99904	0.00600	0.03743	-0.00437	-0.99929		500.86945	4.98631	41.82119	1.31826	-0.30091	-0.06666	0.24041	0.99999	-0.00128	0.00522	0.00116	0.99973	0.02301	-0.00525	-0.02301	0.99972	
36	0.35000	-6.90805	13.02115	0.55958	-0.44091	0.37580	-0.52626	0.44630	0.99994	-0.00923	-0.00649	0.00918	0.99993	-0.00776	0.00656	0.00770	0.99995		-12.66303	56.48015	872.30122	179.74806	2.16349	-2.48831	0.48644	0.99834	0.04358	0.03752	0.04338	-0.99904	0.00603	0.03775	-0.00439	-0.99928		500.86129	4.95299	41.86838	1.32030	-0.30600	-0.06961	0.24804	0.99998	-0.00134	0.00531	0.00121	0.99973	0.02305	-0.00534	-0.02304	0.99972	
37	0.36000	-6.91181	13.02499	0.54457	-0.43953	0.36967	-0.52988	0.44556	0.99994	-0.00930	-0.00638	0.00925	0.99993	-0.00773	0.00645	0.00767	0.99995		-12.57789	56.50095	872.30014	179.73943	2.14511	-2.49711	0.48891	0.99835	0.04374	0.03720	0.04354	-0.99903	0.00617	0.03743	-0.00454	-0.99929		500.86921	4.96337	41.83224	1.29969	-0.29606	-0.05505	0.24656	0.99999	-0.00108	0.00514	0.00096	0.99974	0.02269	-0.00517	-0.02268	0.99973	
38	0.37000	-6.91105	13.04546	0.52253	-0.42558	0.36294	-0.53491	0.44728	0.99994	-0.00938	-0.00626	0.00934	0.99993	-0.00749	0.00633	0.00743	0.99995		-12.48414	56.68713	872.31826	179.72685	2.14252	-2.49909	0.48966	0.99835	0.04378	0.03714	0.04357	-0.99903	0.00639	0.03739	-0.00476	-0.99929		500.87948	5.01251	41.79349	1.30710	-0.29576	-0.07113	0.24596	0.99999	-0.00136	0.00513	0.00124	0.99974	0.02282	-0.00516	-0.02281	0.99973	
39	0.38000	-6.90650	13.03142	0.55506	-0.42774	0.37460	-0.52914	0.44575	0.99994	-0.00928	-0.00647	0.00923	0.99993	-0.00753	0.00654	0.00747	0.99995		-12.65143	56.66990	872.29481	179.72672	2.16203	-2.49384	0.49001	0.99834	0.04369	0.03748	0.04348	-0.99903	0.00641	0.03773	-0.00477	-0.99928		500.86683	4.97328	41.86587	1.30827	-0.30794	-0.07086	0.24429	0.99998	-0.00136	0.00534	0.00124	0.99974	0.02284	-0.00537	-0.02283	0.99972	
40	0.39000	-6.90447	13.02604	0.55624	-0.42928	0.37220	-0.52656	0.44807	0.99994	-0.00924	-0.00643	0.00919	0.99993	-0.00755	0.00650	0.00749	0.99995		-12.62065	56.64497	872.28131	179.73640	2.15149	-2.47949	0.48900	0.99836	0.04343	0.03731	0.04323	-0.99905	0.00622	0.03754	-0.00460	-0.99928		500.86548	4.94230	41.84338	1.30968	-0.30409	-0.06286	0.24112	0.99999	-0.00122	0.00528	0.00110	0.99974	0.02286	-0.00531	-0.02286	0.99972	
41	0.40000	-6.90873	13.03244	0.53409	-0.43561	0.36532	-0.53121	0.44799	0.99994	-0.00932	-0.00630	0.00927	0.99993	-0.00766	0.00638	0.00760	0.99995		-12.51846	56.54540	872.31645	179.73117	2.14571	-2.49475	0.48887	0.99835	0.04370	0.03720	0.04350	-0.99903	0.00632	0.03744	-0.00469	-0.99929		500.87316	4.97834	41.80934	1.31632	-0.29762	-0.05899	0.24589	0.99999	-0.00115	0.00517	0.00103	0.99974	0.02298	-0.00519	-0.02297	0.99972	
42	0.41000	-6.91092	13.02608	0.53911	-0.42856	0.36798	-0.52786	0.44652	0.99994	-0.00926	-0.00635	0.00921	0.99993	-0.00754	0.00642	0.00748	0.99995		-12.55675	56.66549	872.29968	179.73062	2.14622	-2.48964	0.48575	0.99836	0.04361	0.03721	0.04341	-0.99904	0.00632	0.03745	-0.00470	-0.99929		500.87828	4.97370	41.81394	1.31108	-0.31221	-0.08022	0.24842	0.99998	-0.00152	0.00542	0.00140	0.99974	0.02289	-0.00545	-0.02288	0.99972	
43	0.42000	-6.90528	13.03133	0.51659	-0.42206	0.36047	-0.53076	0.44461	0.99994	-0.00931	-0.00622	0.00926	0.99993	-0.00742	0.00629	0.00737	0.99995		-12.45159	56.75785	872.31973	179.72391	2.14069	-2.49331	0.49052	0.99836	0.04368	0.03711	0.04347	-0.99903	0.00644	0.03735	-0.00482	-0.99929		500.87057	4.99035	41.77577	1.29890	-0.29639	-0.06737	0.24502	0.99999	-0.00129	0.00514	0.00118	0.99974	0.02267	-0.00517	-0.02267	0.99973	
44	0.43000	-6.91030	13.03821	0.53940	-0.44513	0.36703	-0.53440	0.44308	0.99994	-0.00938	-0.00633	0.00933	0.99993	-0.00783	0.00641	0.00777	0.99995		-12.53872	56.39602	872.32452	179.74969	2.15451	-2.48979	0.48637	0.99835	0.04361	0.03737	0.04341	-0.99904	0.00600	0.03759	-0.00437	-0.99928		500.86846	4.98773	41.81650	1.31979	-0.29206	-0.05296	0.24668	0.99999	-0.00104	0.00507	0.00092	0.99973	0.02304	-0.00510	-0.02303	0.99972	
45	0.44000	-6.91225	13.02813	0.55677	-0.44517	0.37502	-0.52830	0.44963	0.99994	-0.00927	-0.00647	0.00922	0.99993	-0.00783	0.00655	0.00777	0.99995		-12.64632	56.40768	872.31301	179.75421	2.16214	-2.48779	0.48556	0.99835	0.04357	0.03751	0.04338	-0.99904	0.00592	0.03773	-0.00429	-0.99928		500.87109	4.97026	41.86394	1.33153	-0.31308	-0.08657	0.24537	0.99998	-0.00164	0.00543	0.00151	0.99973	0.02325	-0.00546	-0.02324	0.99972	
46	0.45000	-6.91412	13.02899	0.54887	-0.43381	0.37155	-0.53023	0.44501	0.99994	-0.00930	-0.00641	0.00925	0.99993	-0.00763	0.00648	0.00757	0.99995		-12.59361	56.58479	872.31087	179.73721	2.15862	-2.49182	0.48814	0.99835	0.04365	0.03743	0.04345	-0.99904	0.00622	0.03767	-0.00458	-0.99928		500.87496	4.99575	41.84223	1.32814	-0.30328	-0.08520	0.24413	0.99998	-0.00161	0.00526	0.00149	0.99973	0.02319	-0.00529	-0.02318	0.99972	
47	0.46000	-6.91823	13.04464	0.53988	-0.42939	0.36786	-0.53368	0.44560	0.99994	-0.00936	-0.00635	0.00931	0.99993	-0.00755	0.00642	0.00749	0.99995		-12.53917	56.63641	872.32039	179.73282	2.15795	-2.50069	0.49180	0.99834	0.04381	0.03741	0.04360	-0.99903	0.00630	0.03765	-0.00466	-0.99928		500.88301	5.00321	41.82245	1.31643	-0.31245	-0.07194	0.24511	0.99998	-0.00138	0.00542	0.00126	0.99974	0.02298	-0.00545	-0.02297	0.99972	
48	0.47000	-6.91376	13.02563	0.53520	-0.43297	0.36544	-0.52648	0.44706	0.99994	-0.00924	-0.00631	0.00919	0.99993	-0.00762	0.00638	0.00756	0.99995		-12.49278	56.59684	872.32381	179.74127	2.15845	-2.48413	0.48782	0.99835	0.04351	0.03743	0.04331	-0.99904	0.00614	0.03766	-0.00451	-0.99928		500.87886	4.96450	41.80358	1.32093	-0.29777	-0.08788	0.24701	0.99999	-0.00165	0.00516	0.00153	0.99973	0.02306	-0.00520	-0.02305	0.99972	
49	0.48000	-6.91113	13.02405	0.53515	-0.44012	0.36748	-0.52581	0.44621	0.99994	-0.00923	-0.00634	0.00918	0.99993	-0.00774	0.00641	0.00768	0.99995		-12.52649	56.48893	872.33692	179.74031	2.15565	-2.48625	0.49039	0.99835	0.04355	0.03738	0.04335	-0.99904	0.00616	0.03761	-0.00453	-0.99928		500.87889	4.95650	41.82364	1.33263	-0.30461	-0.09079	0.24736	0.99998	-0.00171	0.00528	0.00158	0.99973	0.02327	-0.00532	-0.02326	0.99972	
50	0.49000	-6.91096	13.02495	0.53824	-0.43514	0.36761	-0.52645	0.44221	0.99994	-0.00924	-0.00635	0.00919	0.99993	-0.00765	0.00642	0.00759	0.99995		-12.52771	56.57989	872.31642	179.74707	2.15375	-2.49537	0.49022	0.99835	0.04370	0.03735	0.04351	-0.99903	0.00605	0.03758	-0.00441	-0.99928		500.86855	4.96075	41.82084	1.32997	-0.29604	-0.07663	0.24599	0.99999	-0.00146	0.00513	0.00134	0.99973	0.02322	-0.00517	-0.02321	0.99972	
51	0.50000	-6.91635	13.02626	0.55514	-0.44724	0.37614	-0.52850	0.44457	0.99994	-0.00927	-0.00649	0.00922	0.99993	-0.00787	0.00656	0.00781	0.99995		-12.65544	56.39008	872.30890	179.75760	2.15950	-2.49145	0.48734	0.99835	0.04363	0.03746	0.04344	-0.99904	0.00586	0.03768	-0.00423	-0.99928		500.87701	4.97139	41.88369	1.33582	-0.31069	-0.08393	0.24590	0.99998	-0.00159	0.00539	0.00146	0.99973	0.02332	-0.00542	-0.02331	0.99971	
52	0.51000	-6.91409	13.01983	0.54664	-0.44620	0.37244	-0.52613	0.44476	0.99994	-0.00923	-0.00643	0.00918	0.99993	-0.00785	0.00650	0.00779	0.99995		-12.60611	56.41748	872.31258	179.75616	2.15162	-2.49448	0.49259	0.99835	0.04368	0.03732	0.04349	-0.99904	0.00589	0.03754	-0.00425	-0.99929		500.87508	4.95279	41.84988	1.33510	-0.31790	-0.08091	0.24866	0.99998	-0.00154	0.00551	0.00141	0.99973	0.02331	-0.00555	-0.02330	0.99971	
53	0.52000	-6.91285	13.02773	0.55871	-0.44492	0.37422	-0.52758	0.44783	0.99994	-0.00926	-0.00646	0.00921	0.99993	-0.00783	0.00653	0.00777	0.99995		-12.63391	56.42381	872.30179	179.75038	2.15774	-2.49312	0.49195	0.99835	0.04366	0.03743	0.04347	-0.99904	0.00599	0.03765	-0.00435	-0.99928		500.87339	4.96984	41.85534	1.33633	-0.31321	-0.09222	0.24847	0.99998	-0.00174	0.00543	0.00161	0.99973	0.02333	-0.00547	-0.02332	0.99971	
54	0.53000	-6.91435	13.01624	0.53655	-0.43867	0.36647	-0.52470	0.44643	0.99994	-0.00921	-0.00632	0.00916	0.99993	-0.00772	0.00640	0.00766	0.99995		-12.51615	56.54011	872.31405	179.74260	2.14445	-2.49601	0.48915	0.99835	0.04372	0.03719	0.04352	-0.99903	0.00612	0.03742	-0.00449	-0.99929		500.87528	4.95845	41.80984	1.32410	-0.30253	-0.08902	0.24633	0.99998	-0.00168	0.00524	0.00155	0.99973	0.02312	-0.00528	-0.02311	0.99972	
55	0.54000	-6.91495	13.01267	0.57037	-0.44966	0.38004	-0.52334	0.44533	0.99994	-0.00919	-0.00656	0.00913	0.99993	-0.00791	0.00663	0.00785	0.99995		-12.71595	56.37888	872.29638	179.75507	2.16385	-2.49771	0.48758	0.99834	0.04374	0.03753	0.04355	-0.99903	0.00592	0.03776	-0.00427	-0.99928		500.86960	4.95035	41.89456	1.34840	-0.31952	-0.09697	0.24032	0.99998	-0.00182	0.00554	0.00169	0.99972	0.02354	-0.00558	-0.02353	0.99971	
56	0.55000	-6.91462	13.03435	0.56131	-0.44963	0.37561	-0.53121	0.44947	0.99994	-0.00932	-0.00648	0.00927	0.99993	-0.00791	0.00656	0.00785	0.99995		-12.65902	56.34746	872.31195	179.75742	2.16705	-2.49875	0.48986	0.99833	0.04376	0.03759	0.04357	-0.99903	0.00588	0.03781	-0.00423	-0.99928		500.87427	4.99436	41.86502	1.34271	-0.31911	-0.08853	0.24857	0.99998	-0.00168	0.00553	0.00155	0.99972	0.02344	-0.00557	-0.02343	0.99971	
57	0.56000	-6.91483	13.01611	0.55692	-0.43821	0.37109	-0.52497	0.44831	0.99994	-0.00921	-0.00641	0.00916	0.99993	-0.00771	0.00648	0.00765	0.99995		-12.58203	56.54565	872.30429	179.74782	2.16063	-2.49945	0.48999	0.99834	0.04378	0.03747	0.04358	-0.99903	0.00604	0.03770	-0.00440	-0.99928		500.88405	4.95384	41.82993	1.30995	-0.31829	-0.07977	0.24630	0.99998	-0.00152	0.00552	0.00139	0.99974	0.02287	-0.00556	-0.02286	0.99972	
58	0.57000	-6.91767	13.02831	0.53497	-0.42482	0.36434	-0.52761	0.44845	0.99994	-0.00926	-0.00629	0.00921	0.99993	-0.00747	0.00636	0.00741	0.99995		-12.47741	56.73596	872.31541	179.73373	2.15400	-2.49659	0.48923	0.99834	0.04373	0.03735	0.04353	-0.99903	0.00628	0.03759	-0.00464	-0.99928		500.88735	4.99010	41.78775	1.31968	-0.30985	-0.08732	0.24562	0.99998	-0.00165	0.00537	0.00152	0.99973	0.02304	-0.00541	-0.02303	0.99972	
59	0.58000	-6.91700	13.03788	0.54723	-0.43436	0.37027	-0.53159	0.44606	0.99994	-0.00933	-0.00639	0.00928	0.99993	-0.00764	0.00646	0.00758	0.99995		-12.57662	56.57820	872.31086	179.74101	2.15755	-2.50025	0.48860	0.99834	0.04379	0.03741	0.04359	-0.99903	0.00616	0.03765	-0.00452	-0.99928		500.89174	5.01878	41.82427	1.33648	-0.32284	-0.09680	0.24890	0.99998	-0.00182	0.00559	0.00169	0.99973	0.02333	-0.00563	-0.02332	0.99971	
60	0.59000	-6.91669	13.02483	0.55642	-0.43300	0.37325	-0.52825	0.44827	0.99994	-0.00927	-0.00644	0.00922	0.99993	-0.00762	0.00651	0.00756	0.99995		-12.62013	56.60957	872.29313	179.74063	2.16057	-2.49475	0.48532	0.99834	0.04370	0.03747	0.04350	-0.99903	0.00616	0.03770	-0.00452	-0.99928		500.88863	4.99809	41.84607	1.32177	-0.32060	-0.09963	0.25319	0.99998	-0.00187	0.00555	0.00174	0.99973	0.02308	-0.00560	-0.02307	0.99972	
61	0.60000	-6.91561	13.03179	0.53928	-0.43496	0.36686	-0.52874	0.44720	0.99994	-0.00928	-0.00633	0.00923	0.99993	-0.00765	0.00640	0.00759	0.99995		-12.52166	56.58171	872.31892	179.74178	2.15169	-2.50163	0.49013	0.99834	0.04382	0.03731	0.04362	-0.99903	0.00614	0.03755	-0.00450	-0.99928		500.88734	4.97978	41.80539	1.31471	-0.31322	-0.07989	0.24979	0.99998	-0.00152	0.00543	0.00139	0.99974	0.02295	-0.00547	-0.02294	0.99972	
62	0.61000	-6.91982	13.02159	0.54994	-0.45352	0.37148	-0.52887	0.44453	0.99994	-0.00928	-0.00641	0.00923	0.99993	-0.00798	0.00648	0.00792	0.99995		-12.58759	56.30576	872.32680	179.76379	2.16049	-2.49918	0.48566	0.99834	0.04376	0.03748	0.04357	-0.99903	0.00576	0.03770	-0.00412	-0.99928		500.89268	4.99930	41.83362	1.36571	-0.33000	-0.10531	0.24976	0.99998	-0.00197	0.00571	0.00184	0.99971	0.02384	-0.00576	-0.02383	0.99970	
63	0.62000	-6.91617	13.02343	0.53964	-0.44035	0.36723	-0.52711	0.44795	0.99994	-0.00925	-0.00634	0.00920	0.99993	-0.00774	0.00641	0.00769	0.99995		-12.52252	56.49616	872.32577	179.74648	2.15199	-2.48894	0.49073	0.99835	0.04359	0.03732	0.04340	-0.99904	0.00605	0.03755	-0.00442	-0.99928		500.88716	4.98354	41.80760	1.33961	-0.32188	-0.10192	0.24637	0.99998	-0.00191	0.00557	0.00178	0.99972	0.02339	-0.00562	-0.02338	0.99971	
64	0.63000	-6.91277	13.03460	0.51636	-0.42932	0.35589	-0.53292	0.44926	0.99994	-0.00935	-0.00614	0.00930	0.99993	-0.00755	0.00621	0.00749	0.99995		-12.35988	56.65312	872.35115	179.73431	2.14577	-2.49872	0.48891	0.99835	0.04377	0.03720	0.04357	-0.99903	0.00627	0.03744	-0.00463	-0.99929		500.89472	5.01834	41.73417	1.31974	-0.30657	-0.08852	0.25168	0.99998	-0.00167	0.00531	0.00154	0.99973	0.02304	-0.00535	-0.02303	0.99972	
65	0.64000	-6.92173	13.02971	0.55157	-0.44016	0.37237	-0.53002	0.44852	0.99994	-0.00930	-0.00643	0.00925	0.99993	-0.00774	0.00650	0.00768	0.99995		-12.60235	56.49011	872.31551	179.74428	2.15601	-2.49400	0.48793	0.99835	0.04368	0.03739	0.04348	-0.99904	0.00610	0.03762	-0.00446	-0.99928		500.88332	4.99735	41.84215	1.34259	-0.31719	-0.08976	0.24940	0.99998	-0.00170	0.00550	0.00157	0.99972	0.02344	-0.00554	-0.02343	0.99971	
66	0.65000	-6.91545	13.02875	0.54536	-0.43630	0.36821	-0.52949	0.44863	0.99994	-0.00929	-0.00636	0.00924	0.99993	-0.00767	0.00643	0.00761	0.99995		-12.54515	56.54948	872.32137	179.74063	2.15545	-2.49039	0.48992	0.99835	0.04362	0.03738	0.04342	-0.99904	0.00616	0.03761	-0.00452	-0.99928		500.88019	4.97215	41.80989	1.30958	-0.32351	-0.07549	0.24967	0.99998	-0.00145	0.00561	0.00132	0.99974	0.02286	-0.00565	-0.02285	0.99972	
67	0.66000	-6.91929	13.00977	0.54269	-0.43723	0.37022	-0.52158	0.44553	0.99994	-0.00915	-0.00639	0.00910	0.99993	-0.00769	0.00646	0.00763	0.99995		-12.56758	56.56817	872.31144	179.74127	2.14863	-2.49620	0.48915	0.99835	0.04372	0.03726	0.04352	-0.99903	0.00614	0.03749	-0.00451	-0.99929		500.87753	4.94142	41.83652	1.33932	-0.31222	-0.09479	0.24675	0.99998	-0.00178	0.00541	0.00165	0.99973	0.02338	-0.00545	-0.02337	0.99971	
68	0.67000	-6.92685	13.03862	0.56811	-0.43915	0.37980	-0.53136	0.44497	0.99993	-0.00932	-0.00656	0.00927	0.99993	-0.00773	0.00663	0.00766	0.99995		-12.71840	56.49318	872.29149	179.74425	2.16349	-2.49622	0.48716	0.99834	0.04372	0.03752	0.04352	-0.99903	0.00610	0.03775	-0.00446	-0.99928		500.87848	4.99463	41.88716	1.33097	-0.33064	-0.08442	0.24937	0.99998	-0.00161	0.00574	0.00147	0.99973	0.02324	-0.00577	-0.02323	0.99971	
69	0.68000	-6.91631	13.02323	0.54584	-0.45214	0.36710	-0.52961	0.44437	0.99994	-0.00929	-0.00633	0.00924	0.99993	-0.00795	0.00641	0.00789	0.99995		-12.53261	56.32273	872.33847	179.75394	2.15349	-2.50042	0.48517	0.99834	0.04379	0.03735	0.04360	-0.99903	0.00593	0.03758	-0.00429	-0.99928		500.87356	4.97140	41.79738	1.33181	-0.31770	-0.07487	0.24531	0.99998	-0.00144	0.00551	0.00131	0.99973	0.02325	-0.00554	-0.02324	0.99971	
70	0.69000	-6.92022	13.03959	0.54030	-0.44515	0.36683	-0.53464	0.44741	0.99994	-0.00938	-0.00633	0.00933	0.99993	-0.00783	0.00640	0.00777	0.99995		-12.53224	56.41202	872.32950	179.75314	2.15171	-2.50227	0.48751	0.99834	0.04382	0.03732	0.04363	-0.99903	0.00594	0.03755	-0.00431	-0.99929		500.87851	5.01943	41.80691	1.34240	-0.30666	-0.08863	0.25361	0.99998	-0.00167	0.00531	0.00155	0.99972	0.02344	-0.00535	-0.02343	0.99971	
71	0.70000	-6.92381	13.02570	0.56187	-0.44605	0.37756	-0.53056	0.44594	0.99994	-0.00931	-0.00652	0.00926	0.99993	-0.00785	0.00659	0.00778	0.99995		-12.68739	56.41061	872.30780	179.74936	2.16490	-2.49980	0.48803	0.99834	0.04378	0.03755	0.04358	-0.99903	0.00602	0.03778	-0.00437	-0.99928		500.87831	4.99831	41.88238	1.34770	-0.32310	-0.09143	0.25139	0.99998	-0.00173	0.00560	0.00160	0.99972	0.02353	-0.00564	-0.02352	0.99971	
72	0.71000	-6.92263	13.03443	0.55699	-0.43944	0.37549	-0.53177	0.44919	0.99994	-0.00933	-0.00648	0.00928	0.99993	-0.00773	0.00655	0.00767	0.99995		-12.65677	56.51419	872.30512	179.74889	2.15645	-2.50745	0.48846	0.99834	0.04391	0.03740	0.04372	-0.99903	0.00602	0.03763	-0.00438	-0.99928		500.87434	4.98957	41.86373	1.32203	-0.31329	-0.07807	0.24968	0.99998	-0.00149	0.00544	0.00136	0.99973	0.02308	-0.00547	-0.02307	0.99972	
73	0.72000	-6.91880	13.02425	0.50693	-0.43238	0.35502	-0.52656	0.44660	0.99994	-0.00924	-0.00613	0.00919	0.99993	-0.00760	0.00620	0.00755	0.99995		-12.34401	56.61324	872.36098	179.73883	2.14292	-2.48509	0.48462	0.99836	0.04353	0.03716	0.04333	-0.99904	0.00618	0.03739	-0.00455	-0.99929		500.87903	4.95519	41.73249	1.31426	-0.29687	-0.07764	0.24578	0.99999	-0.00147	0.00515	0.00136	0.99974	0.02294	-0.00518	-0.02294	0.99972	
74	0.73000	-6.92149	13.02725	0.54494	-0.45022	0.36954	-0.52915	0.44464	0.99994	-0.00929	-0.00638	0.00924	0.99993	-0.00792	0.00645	0.00786	0.99995		-12.56528	56.34318	872.32284	179.75085	2.14846	-2.49580	0.48561	0.99835	0.04371	0.03726	0.04352	-0.99903	0.00598	0.03749	-0.00435	-0.99929		500.88012	4.95892	41.82873	1.31756	-0.30838	-0.07280	0.24960	0.99998	-0.00139	0.00535	0.00127	0.99973	0.02300	-0.00538	-0.02299	0.99972	
75	0.74000	-6.92021	13.02271	0.54165	-0.43644	0.36909	-0.52616	0.44741	0.99994	-0.00923	-0.00637	0.00918	0.99993	-0.00768	0.00644	0.00762	0.99995		-12.54619	56.56986	872.32286	179.74434	2.15580	-2.49833	0.48705	0.99834	0.04376	0.03739	0.04356	-0.99903	0.00610	0.03762	-0.00446	-0.99928		500.87256	4.95231	41.82540	1.31098	-0.30788	-0.08016	0.24706	0.99998	-0.00152	0.00534	0.00140	0.99974	0.02289	-0.00537	-0.02288	0.99972	
76	0.75000	-6.91959	13.01557	0.53287	-0.43113	0.36546	-0.52261	0.44766	0.99994	-0.00917	-0.00631	0.00912	0.99993	-0.00758	0.00638	0.00752	0.99995		-12.48845	56.64937	872.33600	179.74167	2.15935	-2.48977	0.48704	0.99835	0.04361	0.03745	0.04341	-0.99904	0.00614	0.03768	-0.00451	-0.99928		500.87508	4.93194	41.80768	1.30462	-0.29870	-0.07498	0.24831	0.99999	-0.00143	0.00518	0.00131	0.99974	0.02277	-0.00521	-0.02277	0.99973	
77	0.76000	-6.92098	13.04443	0.54587	-0.43336	0.37112	-0.53447	0.44647	0.99994	-0.00938	-0.00641	0.00933	0.99993	-0.00762	0.00648	0.00756	0.99995		-12.57905	56.59380	872.31232	179.74670	2.16089	-2.50318	0.48562	0.99834	0.04384	0.03748	0.04364	-0.99903	0.00606	0.03771	-0.00442	-0.99928		500.88149	5.02204	41.82597	1.32410	-0.32658	-0.09213	0.24924	0.99998	-0.00174	0.00566	0.00161	0.99973	0.02312	-0.00570	-0.02311	0.99972	
78	0.77000	-6.91889	13.02181	0.53106	-0.42910	0.36508	-0.52480	0.44702	0.99994	-0.00921	-0.00630	0.00916	0.99993	-0.00755	0.00637	0.00749	0.99995		-12.48873	56.66952	872.32968	179.73726	2.15529	-2.48971	0.48613	0.99835	0.04361	0.03737	0.04341	-0.99904	0.00621	0.03761	-0.00458	-0.99928		500.87798	4.95821	41.80067	1.31159	-0.29924	-0.09632	0.24677	0.99998	-0.00180	0.00518	0.00168	0.99974	0.02290	-0.00522	-0.02289	0.99972	
79	0.78000	-6.92064	13.02629	0.54398	-0.43326	0.37158	-0.52813	0.44470	0.99994	-0.00927	-0.00641	0.00922	0.99993	-0.00762	0.00649	0.00756	0.99995		-12.58391	56.61662	872.31452	179.73982	2.16033	-2.49837	0.49005	0.99834	0.04376	0.03746	0.04356	-0.99903	0.00618	0.03770	-0.00454	-0.99928		500.87053	4.95804	41.83918	1.29285	-0.31052	-0.06736	0.24579	0.99998	-0.00130	0.00539	0.00118	0.99974	0.02257	-0.00542	-0.02256	0.99973	
80	0.79000	-6.92457	13.02557	0.53699	-0.44182	0.36924	-0.52929	0.44855	0.99994	-0.00929	-0.00637	0.00924	0.99993	-0.00777	0.00644	0.00771	0.99995		-12.55366	56.47565	872.33381	179.75139	2.15298	-2.49392	0.48601	0.99835	0.04368	0.03734	0.04348	-0.99904	0.00597	0.03757	-0.00434	-0.99928		500.87925	4.98939	41.82684	1.33845	-0.30650	-0.09347	0.24372	0.99998	-0.00176	0.00531	0.00163	0.99973	0.02337	-0.00535	-0.02336	0.99971	
81	0.80000	-6.92429	13.02236	0.53968	-0.43734	0.36810	-0.52578	0.44757	0.99994	-0.00922	-0.00635	0.00918	0.99993	-0.00769	0.00642	0.00763	0.99995		-12.52858	56.53863	872.33198	179.74049	2.16390	-2.47860	0.48941	0.99835	0.04342	0.03753	0.04322	-0.99905	0.00616	0.03776	-0.00453	-0.99928		500.89206	4.97968	41.80583	1.33367	-0.32628	-0.11598	0.25348	0.99998	-0.00216	0.00565	0.00202	0.99973	0.02329	-0.00569	-0.02327	0.99971	
82	0.81000	-6.92041	13.01926	0.54432	-0.44141	0.37114	-0.52644	0.44581	0.99994	-0.00924	-0.00641	0.00919	0.99993	-0.00776	0.00648	0.00770	0.99995		-12.58181	56.48501	872.33170	179.74710	2.16257	-2.48902	0.49115	0.99835	0.04359	0.03751	0.04340	-0.99904	0.00605	0.03773	-0.00441	-0.99928		500.87997	4.97032	41.82446	1.33557	-0.32458	-0.09156	0.24927	0.99998	-0.00173	0.00563	0.00160	0.99973	0.02332	-0.00566	-0.02331	0.99971	
83	0.82000	-6.92405	13.01723	0.53788	-0.43814	0.36701	-0.52299	0.45042	0.99994	-0.00918	-0.00633	0.00913	0.99993	-0.00771	0.00641	0.00765	0.99995		-12.51040	56.52744	872.33807	179.74318	2.16340	-2.47432	0.48871	0.99836	0.04334	0.03752	0.04314	-0.99905	0.00611	0.03775	-0.00448	-0.99928		500.88999	4.94487	41.79991	1.33505	-0.32086	-0.09888	0.25017	0.99998	-0.00186	0.00556	0.00173	0.99973	0.02331	-0.00560	-0.02330	0.99971	
84	0.83000	-6.92911	13.02026	0.57074	-0.44464	0.38014	-0.52731	0.44706	0.99994	-0.00925	-0.00656	0.00920	0.99993	-0.00782	0.00663	0.00776	0.99995		-12.70731	56.43623	872.30032	179.74745	2.16975	-2.49088	0.48930	0.99834	0.04363	0.03763	0.04343	-0.99904	0.00605	0.03786	-0.00440	-0.99927		500.87818	4.97531	41.88646	1.34076	-0.32177	-0.08603	0.24803	0.99998	-0.00163	0.00558	0.00150	0.99972	0.02341	-0.00562	-0.02340	0.99971	
85	0.84000	-6.92510	13.02508	0.56058	-0.44571	0.37756	-0.52706	0.44752	0.99994	-0.00925	-0.00652	0.00920	0.99993	-0.00784	0.00659	0.00778	0.99995		-12.67529	56.41042	872.31315	179.74771	2.16565	-2.48553	0.49137	0.99835	0.04353	0.03756	0.04334	-0.99904	0.00604	0.03779	-0.00440	-0.99928		500.87339	4.94924	41.87573	1.33062	-0.31896	-0.06946	0.25067	0.99998	-0.00134	0.00554	0.00121	0.99973	0.02323	-0.00557	-0.02322	0.99971	
86	0.85000	-6.92575	13.01911	0.54233	-0.43209	0.36758	-0.52606	0.44507	0.99994	-0.00923	-0.00635	0.00918	0.99993	-0.00760	0.00642	0.00754	0.99995		-12.51841	56.63847	872.32028	179.73622	2.15446	-2.49759	0.48738	0.99834	0.04375	0.03736	0.04355	-0.99903	0.00624	0.03759	-0.00460	-0.99928		500.88762	4.95489	41.79342	1.30191	-0.32021	-0.08146	0.25029	0.99998	-0.00155	0.00555	0.00142	0.99974	0.02273	-0.00559	-0.02272	0.99973	
87	0.86000	-6.92432	13.01641	0.56119	-0.43794	0.37613	-0.52575	0.44771	0.99994	-0.00923	-0.00649	0.00918	0.99993	-0.00770	0.00656	0.00764	0.99995		-12.64794	56.54801	872.30439	179.74597	2.16730	-2.49218	0.48780	0.99834	0.04365	0.03759	0.04345	-0.99904	0.00607	0.03782	-0.00443	-0.99927		500.88757	4.98335	41.85315	1.34243	-0.33309	-0.10916	0.25103	0.99998	-0.00204	0.00577	0.00191	0.99972	0.02344	-0.00581	-0.02343	0.99971	
88	0.87000	-6.92342	13.03687	0.53183	-0.44264	0.36461	-0.53342	0.44699	0.99994	-0.00936	-0.00629	0.00931	0.99993	-0.00779	0.00636	0.00773	0.99995		-12.48125	56.44092	872.33759	179.74857	2.15032	-2.48656	0.49026	0.99835	0.04355	0.03730	0.04335	-0.99904	0.00601	0.03752	-0.00439	-0.99929		500.88333	5.00072	41.78668	1.32546	-0.30988	-0.07080	0.25218	0.99998	-0.00136	0.00538	0.00124	0.99973	0.02314	-0.00541	-0.02313	0.99972	
89	0.88000	-6.92761	13.02753	0.54686	-0.43675	0.36951	-0.52912	0.45152	0.99994	-0.00928	-0.00638	0.00923	0.99993	-0.00768	0.00645	0.00762	0.99995		-12.54942	56.54217	872.31661	179.74335	2.15809	-2.48812	0.48574	0.99835	0.04358	0.03743	0.04338	-0.99904	0.00611	0.03766	-0.00448	-0.99928		500.88193	4.97230	41.81333	1.31238	-0.31086	-0.06876	0.24854	0.99998	-0.00132	0.00540	0.00120	0.99974	0.02291	-0.00543	-0.02290	0.99972	
90	0.89000	-6.92562	13.01720	0.57538	-0.44972	0.37971	-0.52582	0.44820	0.99994	-0.00923	-0.00655	0.00918	0.99993	-0.00791	0.00663	0.00785	0.99995		-12.70314	56.36536	872.29882	179.76028	2.16679	-2.48871	0.48632	0.99834	0.04358	0.03759	0.04339	-0.99904	0.00582	0.03781	-0.00418	-0.99928		500.88146	4.96216	41.86581	1.33465	-0.33995	-0.10203	0.24719	0.99998	-0.00192	0.00589	0.00178	0.99973	0.02330	-0.00593	-0.02329	0.99971	
91	0.90000	-6.92581	13.04240	0.52971	-0.42741	0.36564	-0.53258	0.44839	0.99994	-0.00934	-0.00631	0.00930	0.99993	-0.00752	0.00638	0.00746	0.99995		-12.48992	56.67568	872.32796	179.73195	2.15423	-2.49738	0.48796	0.99834	0.04375	0.03735	0.04354	-0.99903	0.00631	0.03759	-0.00468	-0.99928		500.89004	5.01116	41.79938	1.32139	-0.31021	-0.08690	0.24942	0.99998	-0.00164	0.00538	0.00152	0.99973	0.02307	-0.00541	-0.02306	0.99972	
92	0.91000	-6.92821	13.01824	0.55353	-0.44632	0.37242	-0.52725	0.44360	0.99994	-0.00925	-0.00643	0.00920	0.99993	-0.00785	0.00650	0.00779	0.99995		-12.58750	56.40079	872.31614	179.75354	2.15867	-2.48139	0.48958	0.99835	0.04346	0.03745	0.04326	-0.99905	0.00593	0.03767	-0.00430	-0.99928		500.89083	4.97569	41.83029	1.33471	-0.32344	-0.09185	0.25186	0.99998	-0.00173	0.00561	0.00160	0.99973	0.02330	-0.00565	-0.02329	0.99971	
93	0.92000	-6.92977	13.03350	0.54677	-0.44045	0.37055	-0.53057	0.44675	0.99994	-0.00931	-0.00640	0.00926	0.99993	-0.00775	0.00647	0.00769	0.99995		-12.56064	56.48192	872.31694	179.74683	2.15849	-2.49370	0.48382	0.99834	0.04368	0.03744	0.04348	-0.99904	0.00605	0.03766	-0.00442	-0.99928		500.88565	4.99497	41.82125	1.33781	-0.31584	-0.08178	0.25214	0.99998	-0.00156	0.00548	0.00143	0.99973	0.02335	-0.00551	-0.02335	0.99971	
94	0.93000	-6.92359	13.01230	0.54373	-0.43394	0.37042	-0.52225	0.44885	0.99994	-0.00916	-0.00639	0.00911	0.99993	-0.00763	0.00646	0.00757	0.99995		-12.56006	56.59619	872.30887	179.73613	2.15553	-2.47956	0.48555	0.99836	0.04344	0.03738	0.04323	-0.99905	0.00623	0.03761	-0.00460	-0.99928		500.88346	4.94024	41.81381	1.31239	-0.31999	-0.08569	0.24800	0.99998	-0.00162	0.00555	0.00150	0.99974	0.02291	-0.00558	-0.02290	0.99972	
