1	0.00000	-6.33864	13.78361	0.35502	0.37628	0.10116	-0.68347	0.41143	0.99993	-0.01192	-0.00184	0.01193	0.99991	0.00655	0.00177	-0.00657	0.99998		-9.56327	68.05071	871.88913	178.90555	1.94581	-2.75868	0.49443	0.99827	0.04877	0.03299	0.04810	-0.99863	0.02071	0.03395	-0.01909	-0.99924		501.24251	6.58181	39.60651	0.91597	-0.69006	-0.37213	0.30454	0.99991	-0.00669	0.01194	0.00649	0.99985	0.01606	-0.01204	-0.01598	0.99980	
2	0.01000	-6.32425	13.75653	0.34292	0.35257	0.09622	-0.68184	0.42306	0.99993	-0.01189	-0.00175	0.01190	0.99991	0.00613	0.00168	-0.00615	0.99998		-9.49905	67.69635	871.93181	178.92549	1.94080	-2.74308	0.49496	0.99828	0.04848	0.03292	0.04783	-0.99865	0.02035	0.03387	-0.01874	-0.99925		501.23343	6.59552	39.57648	0.96247	-0.68730	-0.38561	0.30847	0.99991	-0.00693	0.01188	0.00673	0.99983	0.01688	-0.01200	-0.01680	0.99979	
3	0.02000	-6.31933	13.75595	0.35221	0.36155	0.10098	-0.68182	0.43714	0.99993	-0.01189	-0.00184	0.01190	0.99991	0.00629	0.00176	-0.00631	0.99998		-9.56921	67.84584	871.92156	178.91733	1.95547	-2.75346	0.49272	0.99826	0.04867	0.03317	0.04801	-0.99864	0.02051	0.03412	-0.01888	-0.99924		501.22630	6.59241	39.60766	0.94286	-0.68925	-0.37866	0.30391	0.99991	-0.00681	0.01192	0.00661	0.99984	0.01653	-0.01203	-0.01645	0.99979	
4	0.03000	-6.35050	13.27102	-0.11134	-0.13484	-0.04340	-0.55744	0.42701	0.99995	-0.00973	0.00078	0.00973	0.99995	-0.00235	-0.00076	0.00235	1.00000		-7.20922	61.03258	872.92612	179.38855	1.70662	-2.79739	0.57508	0.99837	0.04912	0.02922	0.04878	-0.99874	0.01211	0.02978	-0.01067	-0.99950		500.94850	5.64383	38.98668	1.43489	0.16446	-0.21122	0.39473	0.99999	-0.00361	-0.00296	0.00369	0.99968	0.02503	0.00287	-0.02504	0.99968	
5	0.04000	-6.35041	13.25607	-0.12116	-0.13303	-0.04660	-0.55208	0.42984	0.99995	-0.00963	0.00084	0.00964	0.99995	-0.00231	-0.00081	0.00232	1.00000		-7.15903	61.09358	872.92760	179.38344	1.69675	-2.80895	0.57519	0.99836	0.04932	0.02904	0.04898	-0.99873	0.01220	0.02961	-0.01076	-0.99950		501.05771	5.36485	38.99368	1.15948	0.06296	-0.13208	0.51375	1.00000	-0.00228	-0.00115	0.00231	0.99979	0.02023	0.00110	-0.02024	0.99979	
6	0.05000	-6.04060	12.81165	-0.75732	-0.88032	-0.45408	-0.46950	0.48596	0.99993	-0.00807	0.00805	0.00819	0.99985	-0.01530	-0.00793	0.01536	0.99985		-0.97371	49.66415	874.14316	-179.75932	1.24172	-2.20971	0.58291	0.99902	0.03847	0.02182	0.03855	-0.99925	-0.00336	0.02167	0.00420	-0.99976		501.22231	4.03669	35.81134	1.32034	0.56983	0.47439	0.46228	0.99992	0.00851	-0.00975	-0.00828	0.99970	0.02312	0.00995	-0.02304	0.99969	
7	0.06000	-6.59056	12.98772	1.06951	-0.52524	0.45563	-0.54206	0.41325	0.99992	-0.00953	-0.00786	0.00946	0.99991	-0.00924	0.00795	0.00917	0.99993		-14.24366	55.11235	872.17798	179.82938	2.32538	-2.39782	0.58733	0.99830	0.04196	0.04041	0.04180	-0.99911	0.00467	0.04057	-0.00298	-0.99917		500.99404	4.99679	42.26595	1.20774	-0.56930	0.15734	0.50268	0.99995	0.00254	0.00999	-0.00275	0.99977	0.02105	-0.00994	-0.02108	0.99973	
8	0.07000	-6.54257	13.08613	0.17714	-0.12035	0.08042	-0.52514	0.44456	0.99996	-0.00917	-0.00138	0.00917	0.99996	-0.00211	0.00140	0.00210	1.00000		-8.65550	61.20655	872.62367	179.33690	1.89462	-2.44197	0.52230	0.99855	0.04299	0.03254	0.04258	-0.99901	0.01297	0.03306	-0.01157	-0.99939		501.12841	5.50400	39.93919	1.30374	-0.00351	-0.34563	0.47371	0.99998	-0.00603	-0.00008	0.00603	0.99972	0.02275	-0.00006	-0.02275	0.99974	
9	0.08000	-6.56544	13.07672	0.21530	-0.13227	0.09532	-0.52281	0.44486	0.99996	-0.00913	-0.00164	0.00912	0.99996	-0.00232	0.00166	0.00231	1.00000		-8.84852	61.03816	872.61407	179.35809	1.92149	-2.44085	0.51701	0.99853	0.04296	0.03302	0.04256	-0.99901	0.01262	0.03353	-0.01120	-0.99937		501.13074	5.50419	40.03826	1.34315	-0.01273	-0.36953	0.47357	0.99998	-0.00645	0.00007	0.00645	0.99970	0.02344	-0.00022	-0.02344	0.99973	
10	0.09000	-6.57102	13.07969	0.19844	-0.11922	0.08783	-0.52204	0.44300	0.99996	-0.00911	-0.00151	0.00911	0.99996	-0.00210	0.00153	0.00208	1.00000		-8.73203	61.23332	872.60707	179.33739	1.90604	-2.43605	0.51156	0.99854	0.04289	0.03274	0.04248	-0.99901	0.01297	0.03326	-0.01156	-0.99938		501.13314	5.49961	39.99718	1.31158	-0.00215	-0.35998	0.47231	0.99998	-0.00628	-0.00011	0.00628	0.99972	0.02289	-0.00004	-0.02289	0.99974	
11	0.10000	-6.57303	13.07710	0.17628	-0.11648	0.07762	-0.52080	0.44519	0.99996	-0.00909	-0.00134	0.00909	0.99996	-0.00205	0.00135	0.00203	1.00000		-8.56507	61.28134	872.63532	179.34624	1.90355	-2.43469	0.51657	0.99855	0.04286	0.03270	0.04246	-0.99902	0.01281	0.03322	-0.01140	-0.99938		501.14582	5.49163	39.93302	1.32083	-0.00082	-0.36331	0.47306	0.99998	-0.00634	-0.00013	0.00634	0.99971	0.02305	-0.00001	-0.02305	0.99973	
12	0.11000	-6.58397	13.07916	0.20157	-0.12683	0.08918	-0.52277	0.44179	0.99996	-0.00913	-0.00154	0.00912	0.99996	-0.00223	0.00156	0.00221	1.00000		-8.73436	61.13469	872.61421	179.35396	1.90989	-2.44758	0.51326	0.99853	0.04308	0.03281	0.04268	-0.99901	0.01269	0.03333	-0.01127	-0.99938		501.15285	5.52657	39.99674	1.35112	-0.03970	-0.38958	0.47275	0.99998	-0.00681	0.00053	0.00680	0.99970	0.02358	-0.00069	-0.02358	0.99972	
13	0.12000	-6.58091	13.07770	0.18298	-0.11377	0.08059	-0.51999	0.44150	0.99996	-0.00908	-0.00139	0.00908	0.99996	-0.00200	0.00141	0.00199	1.00000		-8.60534	61.32766	872.62684	179.33253	1.89975	-2.43984	0.51308	0.99854	0.04295	0.03262	0.04255	-0.99901	0.01305	0.03315	-0.01164	-0.99938		501.15265	5.51681	39.95414	1.34915	-0.01470	-0.40726	0.47424	0.99997	-0.00711	0.00009	0.00711	0.99970	0.02355	-0.00026	-0.02354	0.99972	
14	0.13000	-6.58883	13.08580	0.18224	-0.10943	0.08025	-0.52350	0.44164	0.99996	-0.00914	-0.00138	0.00914	0.99996	-0.00192	0.00140	0.00191	1.00000		-8.59526	61.38408	872.62773	179.33955	1.90603	-2.43785	0.51013	0.99854	0.04292	0.03274	0.04251	-0.99901	0.01293	0.03326	-0.01152	-0.99938		501.15627	5.53884	39.94949	1.34132	-0.01788	-0.39387	0.47925	0.99998	-0.00688	0.00015	0.00687	0.99970	0.02341	-0.00031	-0.02341	0.99973	
15	0.14000	-6.59185	13.07604	0.20634	-0.13158	0.08935	-0.52081	0.44473	0.99996	-0.00909	-0.00154	0.00909	0.99996	-0.00231	0.00156	0.00230	1.00000		-8.72714	61.05864	872.62149	179.36340	1.90976	-2.43856	0.50932	0.99854	0.04292	0.03282	0.04252	-0.99902	0.01252	0.03333	-0.01110	-0.99938		501.14744	5.48280	40.00255	1.32723	-0.02102	-0.37901	0.48078	0.99998	-0.00662	0.00021	0.00661	0.99971	0.02316	-0.00037	-0.02316	0.99973	
16	0.15000	-6.59147	13.07034	0.20100	-0.12241	0.08805	-0.51826	0.44159	0.99996	-0.00905	-0.00152	0.00905	0.99996	-0.00215	0.00154	0.00214	1.00000		-8.70425	61.20759	872.62357	179.36076	1.91692	-2.43812	0.51204	0.99854	0.04291	0.03294	0.04252	-0.99902	0.01257	0.03345	-0.01115	-0.99938		501.14339	5.49307	39.99655	1.34879	-0.02004	-0.39740	0.47213	0.99998	-0.00694	0.00019	0.00694	0.99970	0.02354	-0.00035	-0.02354	0.99972	
17	0.16000	-6.59306	13.08993	0.20283	-0.11651	0.08768	-0.52554	0.44475	0.99996	-0.00918	-0.00151	0.00917	0.99996	-0.00205	0.00153	0.00203	1.00000		-8.70275	61.27181	872.60461	179.35040	1.90780	-2.44399	0.50900	0.99854	0.04302	0.03278	0.04262	-0.99901	0.01275	0.03329	-0.01133	-0.99938		501.15398	5.54819	39.99532	1.34785	-0.02873	-0.40039	0.48142	0.99998	-0.00700	0.00034	0.00699	0.99970	0.02353	-0.00050	-0.02352	0.99972	
18	0.17000	-6.60172	13.07488	0.19779	-0.11469	0.08895	-0.51802	0.44339	0.99996	-0.00904	-0.00153	0.00904	0.99996	-0.00202	0.00155	0.00200	1.00000		-8.70987	61.31760	872.60056	179.35347	1.90889	-2.43807	0.50924	0.99854	0.04291	0.03280	0.04252	-0.99902	0.01269	0.03331	-0.01128	-0.99938		501.15558	5.50128	40.01175	1.34383	-0.01611	-0.39705	0.48321	0.99998	-0.00693	0.00012	0.00693	0.99970	0.02345	-0.00028	-0.02345	0.99972	
19	0.18000	-6.60182	13.06626	0.22063	-0.12795	0.09395	-0.51787	0.44418	0.99996	-0.00904	-0.00162	0.00904	0.99996	-0.00225	0.00164	0.00223	1.00000		-8.78486	61.11013	872.59956	179.35999	1.91479	-2.43078	0.50921	0.99854	0.04278	0.03291	0.04239	-0.99902	0.01258	0.03341	-0.01116	-0.99938		501.15426	5.50628	40.03176	1.35033	-0.02971	-0.41063	0.47008	0.99997	-0.00718	0.00035	0.00717	0.99970	0.02357	-0.00052	-0.02357	0.99972	
20	0.19000	-6.59825	13.07869	0.21022	-0.12626	0.09028	-0.52104	0.44598	0.99996	-0.00910	-0.00155	0.00909	0.99996	-0.00222	0.00158	0.00220	1.00000		-8.73680	61.13083	872.60435	179.36017	1.90871	-2.43576	0.50657	0.99854	0.04287	0.03280	0.04248	-0.99902	0.01257	0.03331	-0.01116	-0.99938		501.16364	5.53256	40.01970	1.38371	-0.03863	-0.41689	0.48903	0.99997	-0.00729	0.00050	0.00728	0.99968	0.02415	-0.00067	-0.02415	0.99971	
21	0.20000	-6.60177	13.08226	0.18577	-0.11073	0.08334	-0.52101	0.44695	0.99996	-0.00910	-0.00144	0.00909	0.99996	-0.00195	0.00145	0.00193	1.00000		-8.63170	61.36543	872.59826	179.33885	1.89454	-2.44280	0.50760	0.99855	0.04300	0.03254	0.04260	-0.99901	0.01294	0.03306	-0.01153	-0.99939		501.16751	5.51799	39.97810	1.33709	-0.02528	-0.39683	0.48289	0.99998	-0.00693	0.00028	0.00693	0.99970	0.02334	-0.00044	-0.02333	0.99973	
22	0.21000	-6.60344	13.08572	0.21058	-0.11643	0.08862	-0.52225	0.44274	0.99996	-0.00912	-0.00153	0.00911	0.99996	-0.00205	0.00155	0.00203	1.00000		-8.70740	61.27605	872.58789	179.35303	1.90154	-2.43982	0.50881	0.99854	0.04294	0.03267	0.04255	-0.99901	0.01269	0.03318	-0.01129	-0.99939		501.16336	5.52824	39.99909	1.34861	-0.03078	-0.40215	0.47555	0.99998	-0.00703	0.00037	0.00702	0.99970	0.02354	-0.00054	-0.02354	0.99972	
23	0.22000	-6.60046	13.10327	0.15833	-0.09824	0.07274	-0.52584	0.44207	0.99996	-0.00918	-0.00125	0.00918	0.99996	-0.00173	0.00127	0.00171	1.00000		-8.47525	61.54720	872.62362	179.33684	1.89130	-2.45126	0.50779	0.99854	0.04315	0.03248	0.04275	-0.99900	0.01297	0.03300	-0.01157	-0.99939		501.17004	5.56345	39.91732	1.33469	-0.01450	-0.40475	0.47983	0.99997	-0.00707	0.00009	0.00706	0.99970	0.02329	-0.00025	-0.02329	0.99973	
24	0.23000	-6.60294	13.08479	0.18000	-0.12016	0.07843	-0.52315	0.44475	0.99996	-0.00913	-0.00135	0.00913	0.99996	-0.00211	0.00137	0.00210	1.00000		-8.55596	61.22872	872.62527	179.35797	1.89729	-2.44422	0.51026	0.99854	0.04301	0.03260	0.04262	-0.99901	0.01261	0.03311	-0.01120	-0.99939		501.19051	5.52433	39.84974	1.38711	-0.11330	-0.37838	0.49220	0.99998	-0.00665	0.00182	0.00660	0.99968	0.02422	-0.00198	-0.02421	0.99971	
25	0.24000	-6.59969	13.06904	0.20399	-0.12394	0.08888	-0.51677	0.44081	0.99996	-0.00902	-0.00153	0.00902	0.99996	-0.00218	0.00155	0.00216	1.00000		-8.68943	61.19064	872.64466	179.39377	1.92730	-2.41299	0.52985	0.99855	0.04246	0.03315	0.04208	-0.99904	0.01199	0.03363	-0.01057	-0.99938		501.13858	5.47647	39.96195	1.47525	-0.13670	-0.40243	0.48398	0.99997	-0.00708	0.00220	0.00702	0.99964	0.02576	-0.00239	-0.02575	0.99967	
26	0.25000	-6.60448	13.06855	0.18919	-0.11327	0.08499	-0.51577	0.44179	0.99996	-0.00900	-0.00146	0.00900	0.99996	-0.00199	0.00148	0.00198	1.00000		-8.62507	61.35529	872.65010	179.38470	1.92724	-2.40872	0.52906	0.99855	0.04239	0.03315	0.04200	-0.99904	0.01214	0.03363	-0.01073	-0.99938		501.14943	5.48192	39.94924	1.48278	-0.14308	-0.40246	0.48675	0.99997	-0.00709	0.00231	0.00702	0.99964	0.02589	-0.00250	-0.02588	0.99966	
27	0.26000	-6.60263	13.09885	0.18642	-0.10592	0.08279	-0.52506	0.44373	0.99996	-0.00917	-0.00143	0.00916	0.99996	-0.00186	0.00144	0.00185	1.00000		-8.60042	61.44357	872.65954	179.38605	1.93509	-2.41651	0.53036	0.99854	0.04252	0.03328	0.04214	-0.99904	0.01213	0.03377	-0.01071	-0.99937		501.15717	5.54644	39.92433	1.48191	-0.14663	-0.40432	0.48808	0.99997	-0.00712	0.00238	0.00706	0.99964	0.02588	-0.00256	-0.02586	0.99966	
28	0.27000	-6.66686	13.05723	0.60971	-0.35203	0.29635	-0.55356	0.41311	0.99994	-0.00969	-0.00511	0.00966	0.99993	-0.00619	0.00517	0.00614	0.99997		-11.78066	57.69397	872.44810	179.62718	2.14177	-2.44018	0.53071	0.99840	0.04282	0.03706	0.04255	-0.99906	0.00809	0.03737	-0.00650	-0.99928		501.06604	5.66974	41.37221	1.73197	-0.35923	-0.36504	0.48641	0.99996	-0.00656	0.00607	0.00637	0.99952	0.03026	-0.00627	-0.03022	0.99952	
29	0.28000	-6.61110	13.07937	0.20944	-0.12094	0.09167	-0.52111	0.44284	0.99996	-0.00910	-0.00158	0.00909	0.99996	-0.00213	0.00160	0.00211	1.00000		-8.70888	61.22608	872.65371	179.39967	1.94780	-2.40686	0.52998	0.99854	0.04235	0.03352	0.04197	-0.99905	0.01190	0.03399	-0.01047	-0.99937		501.16134	5.53402	39.97864	1.50669	-0.17119	-0.42514	0.49241	0.99997	-0.00750	0.00279	0.00742	0.99963	0.02632	-0.00299	-0.02629	0.99965	
30	0.29000	-6.61687	13.07077	0.20397	-0.12539	0.09029	-0.51797	0.44523	0.99996	-0.00904	-0.00156	0.00904	0.99996	-0.00220	0.00158	0.00219	1.00000		-8.68601	61.16862	872.64891	179.39728	1.93685	-2.40576	0.53164	0.99855	0.04233	0.03332	0.04195	-0.99905	0.01193	0.03380	-0.01051	-0.99937		501.15774	5.48752	39.97624	1.49780	-0.14722	-0.39465	0.49207	0.99997	-0.00695	0.00239	0.00689	0.99963	0.02616	-0.00257	-0.02614	0.99966	
31	0.30000	-6.61403	13.08618	0.21516	-0.11998	0.09400	-0.52320	0.44704	0.99996	-0.00913	-0.00162	0.00913	0.99996	-0.00211	0.00164	0.00209	1.00000		-8.75120	61.23882	872.64098	179.38655	1.94794	-2.41624	0.52895	0.99853	0.04252	0.03351	0.04213	-0.99904	0.01213	0.03399	-0.01070	-0.99936		501.15640	5.54376	39.99000	1.51249	-0.16151	-0.42547	0.49111	0.99997	-0.00750	0.00262	0.00743	0.99962	0.02642	-0.00282	-0.02639	0.99965	
32	0.31000	-6.61841	13.07395	0.21422	-0.12526	0.09482	-0.51876	0.44527	0.99996	-0.00906	-0.00163	0.00905	0.99996	-0.00220	0.00165	0.00219	1.00000		-8.75341	61.17133	872.63641	179.39835	1.93596	-2.41017	0.53271	0.99855	0.04241	0.03331	0.04203	-0.99905	0.01191	0.03378	-0.01049	-0.99937		501.15861	5.51674	39.99326	1.52189	-0.17225	-0.42211	0.49388	0.99997	-0.00744	0.00281	0.00737	0.99962	0.02658	-0.00301	-0.02656	0.99964	
33	0.32000	-6.61877	13.07901	0.23548	-0.11754	0.10247	-0.51994	0.44609	0.99996	-0.00908	-0.00177	0.00907	0.99996	-0.00207	0.00179	0.00205	1.00000		-8.86959	61.29344	872.61436	179.39020	1.95472	-2.41654	0.53217	0.99853	0.04252	0.03363	0.04214	-0.99904	0.01207	0.03411	-0.01064	-0.99936		501.15292	5.52397	40.04614	1.50550	-0.17542	-0.41724	0.48909	0.99997	-0.00736	0.00287	0.00728	0.99963	0.02629	-0.00306	-0.02627	0.99965	
34	0.33000	-6.62202	13.07700	0.20469	-0.11954	0.09207	-0.51873	0.44756	0.99996	-0.00906	-0.00159	0.00905	0.99996	-0.00210	0.00161	0.00209	1.00000		-8.70224	61.26216	872.65599	179.39508	1.94421	-2.41036	0.53186	0.99854	0.04241	0.03345	0.04203	-0.99904	0.01197	0.03393	-0.01055	-0.99937		501.16234	5.50638	39.98543	1.50944	-0.16054	-0.41159	0.49465	0.99997	-0.00725	0.00261	0.00718	0.99963	0.02636	-0.00280	-0.02634	0.99965	
35	0.34000	-6.61999	13.07698	0.22676	-0.12134	0.10068	-0.51770	0.44093	0.99996	-0.00904	-0.00174	0.00904	0.99996	-0.00213	0.00176	0.00212	1.00000		-8.83374	61.22984	872.64086	179.39700	1.96073	-2.40939	0.53382	0.99853	0.04240	0.03374	0.04201	-0.99905	0.01195	0.03421	-0.01052	-0.99936		501.16233	5.50501	40.02999	1.50330	-0.17949	-0.43035	0.49837	0.99997	-0.00759	0.00293	0.00751	0.99963	0.02626	-0.00313	-0.02623	0.99965	
36	0.35000	-6.61993	13.09216	0.19220	-0.10952	0.08641	-0.52296	0.44417	0.99996	-0.00913	-0.00149	0.00913	0.99996	-0.00193	0.00151	0.00191	1.00000		-8.61763	61.39921	872.66790	179.38490	1.94832	-2.41830	0.53268	0.99853	0.04256	0.03351	0.04217	-0.99904	0.01216	0.03400	-0.01073	-0.99936		501.25773	5.68926	39.98656	1.68947	-0.24705	-0.59908	0.58877	0.99994	-0.01058	0.00400	0.01046	0.99951	0.02953	-0.00431	-0.02948	0.99956	
37	0.36000	-6.62416	13.09030	0.19290	-0.11252	0.08735	-0.52247	0.44325	0.99996	-0.00912	-0.00151	0.00912	0.99996	-0.00198	0.00152	0.00196	1.00000		-8.62906	61.35719	872.65671	179.38754	1.94219	-2.41362	0.53068	0.99854	0.04247	0.03341	0.04209	-0.99904	0.01211	0.03389	-0.01068	-0.99937		501.17591	5.55348	39.95795	1.50957	-0.15953	-0.44055	0.49857	0.99997	-0.00776	0.00258	0.00769	0.99962	0.02636	-0.00278	-0.02634	0.99965	
38	0.37000	-6.62570	13.08317	0.22398	-0.12084	0.09957	-0.52065	0.44532	0.99996	-0.00909	-0.00172	0.00909	0.99996	-0.00213	0.00174	0.00211	1.00000		-8.80905	61.24275	872.62628	179.40118	1.95145	-2.41564	0.53490	0.99853	0.04250	0.03358	0.04212	-0.99904	0.01188	0.03405	-0.01045	-0.99937		501.16455	5.51992	40.02988	1.50720	-0.17354	-0.42124	0.49872	0.99997	-0.00743	0.00283	0.00735	0.99963	0.02632	-0.00303	-0.02630	0.99965	
39	0.38000	-6.62708	13.07714	0.22805	-0.12317	0.10052	-0.52049	0.44848	0.99996	-0.00909	-0.00173	0.00908	0.99996	-0.00217	0.00175	0.00215	1.00000		-8.81648	61.21012	872.64124	179.39806	1.96375	-2.41681	0.53365	0.99852	0.04253	0.03379	0.04214	-0.99904	0.01194	0.03427	-0.01050	-0.99936		501.16672	5.52558	40.03303	1.50809	-0.17614	-0.42916	0.50162	0.99997	-0.00757	0.00288	0.00749	0.99962	0.02634	-0.00307	-0.02632	0.99965	
40	0.39000	-6.62693	13.08221	0.21369	-0.12323	0.09558	-0.52100	0.44210	0.99996	-0.00910	-0.00165	0.00909	0.99996	-0.00217	0.00167	0.00215	1.00000		-8.74827	61.19693	872.64327	179.40482	1.94850	-2.40623	0.53467	0.99854	0.04233	0.03353	0.04196	-0.99905	0.01181	0.03400	-0.01038	-0.99937		501.17602	5.52991	40.00002	1.50823	-0.17593	-0.42414	0.49532	0.99997	-0.00748	0.00287	0.00740	0.99963	0.02634	-0.00307	-0.02632	0.99965	
41	0.40000	-6.63120	13.08551	0.25115	-0.11787	0.11119	-0.52176	0.44376	0.99996	-0.00911	-0.00192	0.00911	0.99996	-0.00208	0.00194	0.00206	1.00000		-8.98046	61.27365	872.60226	179.38959	1.97181	-2.40747	0.52902	0.99853	0.04237	0.03393	0.04198	-0.99905	0.01209	0.03441	-0.01065	-0.99935		501.16966	5.54231	40.08620	1.50910	-0.20165	-0.42505	0.49369	0.99997	-0.00751	0.00332	0.00742	0.99962	0.02636	-0.00352	-0.02634	0.99965	
42	0.41000	-6.63474	13.06939	0.21562	-0.11975	0.09794	-0.51496	0.44559	0.99996	-0.00899	-0.00169	0.00899	0.99996	-0.00211	0.00171	0.00209	1.00000		-8.77031	61.25811	872.65037	179.39813	1.95892	-2.39615	0.53273	0.99854	0.04216	0.03371	0.04178	-0.99906	0.01192	0.03418	-0.01050	-0.99936		501.18295	5.51104	40.02032	1.53036	-0.18115	-0.44870	0.49752	0.99996	-0.00791	0.00295	0.00783	0.99961	0.02673	-0.00316	-0.02671	0.99964	
43	0.42000	-6.62811	13.09848	0.19590	-0.11867	0.09071	-0.52654	0.44097	0.99996	-0.00919	-0.00156	0.00919	0.99996	-0.00209	0.00158	0.00207	1.00000		-8.67144	61.24387	872.66118	179.39304	1.95215	-2.41466	0.53082	0.99853	0.04249	0.03359	0.04211	-0.99904	0.01202	0.03406	-0.01059	-0.99936		501.17556	5.56024	39.96922	1.50442	-0.17352	-0.41236	0.49700	0.99997	-0.00727	0.00284	0.00720	0.99963	0.02628	-0.00303	-0.02625	0.99965	
44	0.43000	-6.63211	13.10447	0.19371	-0.11466	0.08815	-0.52870	0.44355	0.99996	-0.00923	-0.00152	0.00923	0.99996	-0.00202	0.00154	0.00200	1.00000		-8.63579	61.29929	872.66529	179.38860	1.94953	-2.41206	0.53053	0.99854	0.04245	0.03354	0.04206	-0.99904	0.01209	0.03402	-0.01066	-0.99936		501.18621	5.59428	39.95200	1.52424	-0.17152	-0.43378	0.49923	0.99997	-0.00765	0.00279	0.00757	0.99962	0.02662	-0.00299	-0.02660	0.99964	
45	0.44000	-6.63433	13.07919	0.22688	-0.11828	0.10217	-0.51892	0.44424	0.99996	-0.00906	-0.00176	0.00906	0.99996	-0.00208	0.00178	0.00206	1.00000		-8.83602	61.27674	872.63734	179.39912	1.96611	-2.40854	0.53277	0.99853	0.04238	0.03384	0.04200	-0.99905	0.01192	0.03431	-0.01048	-0.99936		501.17778	5.50268	40.03828	1.49793	-0.18862	-0.41499	0.50244	0.99997	-0.00733	0.00310	0.00724	0.99963	0.02616	-0.00329	-0.02614	0.99965	
46	0.45000	-6.63616	13.07903	0.21651	-0.10575	0.10178	-0.51797	0.44024	0.99996	-0.00904	-0.00176	0.00904	0.99996	-0.00186	0.00178	0.00185	1.00000		-8.82509	61.46923	872.63773	179.38380	1.97231	-2.40780	0.52953	0.99853	0.04238	0.03393	0.04199	-0.99904	0.01219	0.03442	-0.01075	-0.99935		501.18198	5.55705	40.05324	1.53208	-0.19182	-0.46680	0.50677	0.99996	-0.00823	0.00313	0.00815	0.99961	0.02676	-0.00335	-0.02674	0.99964	
47	0.46000	-6.63482	13.07663	0.20699	-0.10896	0.09553	-0.51516	0.44333	0.99996	-0.00899	-0.00165	0.00899	0.99996	-0.00192	0.00167	0.00190	1.00000		-8.72094	61.42306	872.65306	179.39351	1.96655	-2.39979	0.53238	0.99853	0.04223	0.03384	0.04185	-0.99905	0.01201	0.03432	-0.01058	-0.99936		501.18536	5.51770	39.99220	1.51948	-0.19271	-0.45747	0.50013	0.99996	-0.00807	0.00315	0.00798	0.99962	0.02654	-0.00336	-0.02652	0.99964	
48	0.47000	-6.63462	13.08721	0.21035	-0.12835	0.09531	-0.52208	0.43971	0.99996	-0.00912	-0.00164	0.00911	0.99996	-0.00226	0.00166	0.00224	1.00000		-8.72273	61.11493	872.66856	179.40598	1.96585	-2.40482	0.53278	0.99853	0.04231	0.03384	0.04193	-0.99905	0.01180	0.03430	-0.01036	-0.99936		501.18595	5.54190	39.99349	1.52961	-0.18916	-0.43588	0.50583	0.99997	-0.00769	0.00310	0.00761	0.99961	0.02672	-0.00330	-0.02669	0.99964	
49	0.48000	-6.63771	13.08754	0.23444	-0.12706	0.10749	-0.52148	0.44182	0.99996	-0.00911	-0.00186	0.00910	0.99996	-0.00224	0.00188	0.00222	1.00000		-8.91256	61.13406	872.63060	179.41200	1.96900	-2.40653	0.53078	0.99853	0.04234	0.03390	0.04196	-0.99905	0.01170	0.03436	-0.01026	-0.99936		501.17887	5.54984	40.07885	1.54261	-0.19991	-0.45564	0.50683	0.99996	-0.00804	0.00327	0.00795	0.99961	0.02695	-0.00349	-0.02692	0.99963	
50	0.49000	-6.63434	13.07470	0.22336	-0.12872	0.10325	-0.51863	0.44157	0.99996	-0.00906	-0.00178	0.00905	0.99996	-0.00226	0.00180	0.00225	1.00000		-8.84057	61.12853	872.64480	179.41331	1.96480	-2.40212	0.52755	0.99853	0.04226	0.03382	0.04189	-0.99905	0.01167	0.03429	-0.01023	-0.99936		501.17399	5.52872	40.05160	1.53958	-0.19569	-0.44626	0.50853	0.99996	-0.00788	0.00320	0.00779	0.99961	0.02689	-0.00342	-0.02687	0.99963	
51	0.50000	-6.64045	13.08207	0.24162	-0.12000	0.10976	-0.51808	0.44499	0.99996	-0.00905	-0.00190	0.00904	0.99996	-0.00211	0.00192	0.00209	1.00000		-8.93952	61.25260	872.61782	179.39857	1.97024	-2.40547	0.52949	0.99853	0.04233	0.03391	0.04195	-0.99905	0.01193	0.03438	-0.01049	-0.99935		501.18029	5.52790	40.08839	1.52716	-0.20305	-0.44836	0.50639	0.99996	-0.00792	0.00333	0.00783	0.99961	0.02668	-0.00354	-0.02665	0.99964	
52	0.51000	-6.63734	13.07721	0.24224	-0.12148	0.10848	-0.51701	0.44473	0.99996	-0.00903	-0.00187	0.00902	0.99996	-0.00214	0.00189	0.00212	1.00000		-8.91947	61.23246	872.61677	179.39813	1.97202	-2.40179	0.52938	0.99853	0.04227	0.03394	0.04188	-0.99905	0.01194	0.03441	-0.01050	-0.99935		501.17344	5.50494	40.08064	1.51222	-0.19819	-0.43668	0.50990	0.99997	-0.00771	0.00326	0.00762	0.99962	0.02642	-0.00346	-0.02639	0.99965	
53	0.52000	-6.63891	13.07383	0.21761	-0.12111	0.10163	-0.51704	0.44375	0.99996	-0.00903	-0.00175	0.00902	0.99996	-0.00213	0.00177	0.00211	1.00000		-8.81171	61.25341	872.63715	179.40773	1.96077	-2.40809	0.53279	0.99853	0.04237	0.03375	0.04199	-0.99905	0.01177	0.03422	-0.01033	-0.99936		501.18501	5.51214	40.03784	1.51583	-0.19575	-0.44386	0.51561	0.99996	-0.00783	0.00321	0.00775	0.99962	0.02648	-0.00342	-0.02645	0.99964	
54	0.53000	-6.63650	13.07233	0.22255	-0.12373	0.10282	-0.51602	0.44302	0.99996	-0.00901	-0.00177	0.00901	0.99996	-0.00218	0.00179	0.00216	1.00000		-8.82986	61.19552	872.65944	179.40421	1.97654	-2.39729	0.53231	0.99853	0.04218	0.03402	0.04180	-0.99906	0.01183	0.03449	-0.01039	-0.99935		501.18325	5.51036	40.04705	1.53210	-0.19845	-0.44989	0.51182	0.99996	-0.00794	0.00325	0.00785	0.99961	0.02676	-0.00346	-0.02674	0.99964	
55	0.54000	-6.64262	13.07650	0.25473	-0.12909	0.11665	-0.51919	0.44138	0.99996	-0.00907	-0.00201	0.00906	0.99996	-0.00227	0.00204	0.00225	0.99999		-9.04266	61.10589	872.61649	179.40329	1.98037	-2.40051	0.52749	0.99853	0.04224	0.03409	0.04186	-0.99905	0.01185	0.03456	-0.01041	-0.99935		501.17304	5.51440	40.13769	1.52809	-0.20195	-0.42734	0.50771	0.99997	-0.00755	0.00332	0.00746	0.99962	0.02669	-0.00352	-0.02667	0.99964	
56	0.55000	-6.64340	13.07091	0.23372	-0.12692	0.10770	-0.51569	0.43924	0.99996	-0.00900	-0.00186	0.00900	0.99996	-0.00223	0.00188	0.00222	1.00000		-8.89632	61.16050	872.64023	179.40759	1.97440	-2.40643	0.52977	0.99852	0.04234	0.03399	0.04196	-0.99905	0.01178	0.03445	-0.01033	-0.99935		501.19820	5.52445	40.08105	1.54227	-0.20827	-0.47179	0.51126	0.99996	-0.00833	0.00341	0.00823	0.99960	0.02694	-0.00363	-0.02691	0.99963	
57	0.56000	-6.63921	13.09200	0.20173	-0.11992	0.09741	-0.52258	0.44570	0.99996	-0.00912	-0.00168	0.00912	0.99996	-0.00211	0.00170	0.00209	1.00000		-8.75198	61.24959	872.65717	179.39780	1.95805	-2.41567	0.53135	0.99853	0.04251	0.03369	0.04212	-0.99904	0.01194	0.03417	-0.01050	-0.99936		501.18548	5.56235	40.02656	1.53937	-0.18068	-0.46086	0.51348	0.99996	-0.00813	0.00294	0.00804	0.99961	0.02689	-0.00315	-0.02686	0.99963	
58	0.57000	-6.63981	13.08865	0.19581	-0.11796	0.09054	-0.52401	0.44516	0.99996	-0.00915	-0.00156	0.00915	0.99996	-0.00207	0.00158	0.00206	1.00000		-8.64578	61.27360	872.66407	179.40225	1.95819	-2.40490	0.52777	0.99854	0.04231	0.03370	0.04194	-0.99905	0.01186	0.03417	-0.01043	-0.99936		501.27857	5.72834	40.01352	1.72667	-0.26105	-0.63418	0.59695	0.99993	-0.01120	0.00422	0.01107	0.99948	0.03018	-0.00456	-0.03013	0.99954	
59	0.58000	-6.63725	13.07644	0.20875	-0.12109	0.09748	-0.51864	0.44442	0.99996	-0.00906	-0.00168	0.00905	0.99996	-0.00213	0.00170	0.00211	1.00000		-8.74641	61.23607	872.65778	179.40085	1.96747	-2.40115	0.53158	0.99853	0.04225	0.03386	0.04187	-0.99905	0.01189	0.03433	-0.01045	-0.99936		501.19260	5.54260	40.02163	1.53407	-0.19393	-0.46314	0.51242	0.99996	-0.00817	0.00317	0.00808	0.99961	0.02680	-0.00338	-0.02677	0.99964	
60	0.59000	-6.64136	13.08315	0.21093	-0.11610	0.09777	-0.51800	0.44313	0.99996	-0.00904	-0.00169	0.00904	0.99996	-0.00204	0.00171	0.00203	1.00000		-8.74815	61.30377	872.64949	179.39209	1.96686	-2.39810	0.52759	0.99854	0.04220	0.03385	0.04182	-0.99905	0.01204	0.03432	-0.01060	-0.99935		501.19534	5.54941	40.02718	1.55645	-0.18862	-0.47205	0.51462	0.99996	-0.00833	0.00307	0.00824	0.99960	0.02719	-0.00329	-0.02716	0.99963	
61	0.60000	-6.64301	13.09244	0.20835	-0.11648	0.09849	-0.52412	0.44359	0.99996	-0.00915	-0.00170	0.00915	0.99996	-0.00205	0.00172	0.00203	1.00000		-8.76668	61.27901	872.65266	179.39801	1.96790	-2.39775	0.52867	0.99854	0.04219	0.03387	0.04181	-0.99905	0.01193	0.03434	-0.01050	-0.99936		501.20283	5.58075	40.02577	1.53123	-0.20110	-0.46207	0.51261	0.99996	-0.00816	0.00329	0.00806	0.99961	0.02675	-0.00351	-0.02672	0.99964	
62	0.61000	-6.64370	13.08740	0.20413	-0.11646	0.09730	-0.52080	0.44260	0.99996	-0.00909	-0.00168	0.00909	0.99996	-0.00205	0.00170	0.00203	1.00000		-8.74036	61.29902	872.65827	179.39401	1.96426	-2.41181	0.53725	0.99853	0.04244	0.03380	0.04206	-0.99904	0.01201	0.03428	-0.01057	-0.99936		501.18965	5.53580	40.02507	1.52523	-0.18333	-0.43791	0.51496	0.99997	-0.00773	0.00300	0.00764	0.99962	0.02664	-0.00320	-0.02662	0.99964	
63	0.62000	-6.64507	13.07787	0.22345	-0.13277	0.10493	-0.51964	0.44280	0.99996	-0.00907	-0.00181	0.00907	0.99996	-0.00233	0.00183	0.00232	1.00000		-8.84851	61.04977	872.65981	179.41681	1.97860	-2.39752	0.53058	0.99853	0.04218	0.03407	0.04181	-0.99906	0.01161	0.03453	-0.01017	-0.99935		501.19337	5.53233	40.06642	1.54350	-0.21090	-0.45751	0.51366	0.99996	-0.00808	0.00346	0.00798	0.99960	0.02696	-0.00368	-0.02694	0.99963	
64	0.63000	-6.64372	13.08384	0.21698	-0.11622	0.10039	-0.52099	0.44358	0.99996	-0.00910	-0.00173	0.00909	0.99996	-0.00204	0.00175	0.00203	1.00000		-8.78768	61.29701	872.64579	179.39207	1.96673	-2.40156	0.53266	0.99853	0.04226	0.03384	0.04188	-0.99905	0.01204	0.03432	-0.01060	-0.99935		501.18939	5.56767	40.03578	1.55200	-0.19289	-0.46934	0.51711	0.99996	-0.00828	0.00314	0.00819	0.99960	0.02711	-0.00337	-0.02708	0.99963	
65	0.64000	-6.64476	13.06725	0.19600	-0.11376	0.09126	-0.51292	0.44513	0.99996	-0.00895	-0.00157	0.00895	0.99996	-0.00200	0.00159	0.00199	1.00000		-8.63175	61.35152	872.67128	179.39311	1.96466	-2.39273	0.53024	0.99854	0.04211	0.03381	0.04172	-0.99906	0.01201	0.03428	-0.01059	-0.99936		501.20193	5.51276	39.98507	1.54006	-0.18182	-0.46451	0.51531	0.99996	-0.00819	0.00295	0.00811	0.99961	0.02690	-0.00317	-0.02688	0.99963	
66	0.65000	-6.64763	13.08519	0.21921	-0.12993	0.10191	-0.52221	0.44141	0.99996	-0.00912	-0.00176	0.00911	0.99996	-0.00228	0.00178	0.00227	1.00000		-8.80004	61.09014	872.66620	179.41110	1.97620	-2.40774	0.52845	0.99852	0.04236	0.03402	0.04199	-0.99905	0.01172	0.03448	-0.01027	-0.99935		501.19094	5.53746	40.04316	1.52875	-0.19554	-0.43255	0.51698	0.99997	-0.00764	0.00321	0.00755	0.99961	0.02670	-0.00341	-0.02668	0.99964	
67	0.66000	-6.64664	13.09047	0.22724	-0.13197	0.10556	-0.52659	0.44238	0.99996	-0.00919	-0.00182	0.00919	0.99996	-0.00232	0.00184	0.00230	1.00000		-8.86793	61.04439	872.64491	179.41917	1.97149	-2.40184	0.52983	0.99853	0.04225	0.03395	0.04188	-0.99906	0.01157	0.03440	-0.01013	-0.99936		501.19341	5.56357	40.06402	1.51568	-0.20950	-0.42745	0.50784	0.99997	-0.00755	0.00346	0.00746	0.99962	0.02648	-0.00366	-0.02645	0.99964	
68	0.67000	-6.64540	13.09263	0.24410	-0.12971	0.11193	-0.52455	0.44306	0.99996	-0.00916	-0.00193	0.00916	0.99996	-0.00228	0.00195	0.00226	1.00000		-8.96234	61.08057	872.64004	179.41226	1.98786	-2.40404	0.52885	0.99852	0.04230	0.03423	0.04192	-0.99905	0.01170	0.03469	-0.01025	-0.99935		501.18288	5.54670	40.11263	1.51155	-0.20055	-0.42854	0.50968	0.99997	-0.00757	0.00330	0.00748	0.99962	0.02640	-0.00350	-0.02638	0.99965	
69	0.68000	-6.65351	13.08534	0.26769	-0.12825	0.12193	-0.52225	0.44513	0.99996	-0.00912	-0.00211	0.00911	0.99996	-0.00226	0.00213	0.00224	0.99999		-9.10600	61.10506	872.60703	179.41292	1.99267	-2.40179	0.53295	0.99852	0.04226	0.03431	0.04188	-0.99905	0.01169	0.03477	-0.01024	-0.99934		501.18217	5.53918	40.17285	1.52616	-0.21511	-0.43536	0.51522	0.99996	-0.00770	0.00355	0.00760	0.99962	0.02666	-0.00375	-0.02663	0.99964	
70	0.69000	-6.64810	13.08562	0.23239	-0.13726	0.11052	-0.52339	0.44058	0.99996	-0.00914	-0.00191	0.00913	0.99996	-0.00241	0.00193	0.00240	0.99999		-8.93648	60.96321	872.65522	179.41962	1.98322	-2.39832	0.53363	0.99853	0.04219	0.03415	0.04182	-0.99906	0.01157	0.03461	-0.01012	-0.99935		501.19356	5.56919	40.09739	1.56191	-0.22445	-0.46918	0.51314	0.99996	-0.00829	0.00369	0.00819	0.99959	0.02729	-0.00392	-0.02726	0.99962	
71	0.70000	-6.64806	13.06744	0.23276	-0.12576	0.10950	-0.51434	0.44451	0.99996	-0.00898	-0.00189	0.00898	0.99996	-0.00221	0.00191	0.00219	1.00000		-8.90896	61.18033	872.64024	179.41103	1.97958	-2.40830	0.53142	0.99852	0.04237	0.03408	0.04200	-0.99905	0.01172	0.03454	-0.01027	-0.99935		501.19469	5.49194	40.09830	1.52701	-0.21169	-0.45407	0.51425	0.99996	-0.00802	0.00348	0.00792	0.99961	0.02668	-0.00369	-0.02665	0.99964	
72	0.71000	-6.64367	13.08638	0.21926	-0.11996	0.10414	-0.52080	0.44514	0.99996	-0.00909	-0.00180	0.00909	0.99996	-0.00211	0.00182	0.00209	1.00000		-8.83973	61.23389	872.65311	179.40388	1.97495	-2.40124	0.52787	0.99853	0.04225	0.03399	0.04187	-0.99905	0.01184	0.03446	-0.01040	-0.99935		501.20243	5.57622	40.06054	1.56143	-0.21821	-0.47856	0.51454	0.99996	-0.00845	0.00358	0.00835	0.99959	0.02728	-0.00381	-0.02725	0.99962	
73	0.72000	-6.64986	13.08755	0.23160	-0.11520	0.10869	-0.52081	0.44329	0.99996	-0.00909	-0.00188	0.00909	0.99996	-0.00203	0.00190	0.00201	1.00000		-8.90915	61.32159	872.63366	179.39745	1.97676	-2.41516	0.53111	0.99852	0.04250	0.03402	0.04211	-0.99904	0.01196	0.03449	-0.01051	-0.99935		501.20261	5.55894	40.08533	1.53382	-0.22407	-0.46064	0.51579	0.99996	-0.00814	0.00369	0.00804	0.99961	0.02680	-0.00391	-0.02677	0.99963	
74	0.73000	-6.65018	13.07615	0.26392	-0.13624	0.11751	-0.52044	0.44234	0.99996	-0.00909	-0.00203	0.00908	0.99996	-0.00240	0.00205	0.00238	0.99999		-9.04556	60.99918	872.61572	179.42566	1.97939	-2.40311	0.53185	0.99852	0.04227	0.03409	0.04190	-0.99906	0.01146	0.03454	-0.01002	-0.99935		501.19481	5.54411	40.12636	1.56326	-0.23440	-0.45002	0.51027	0.99996	-0.00796	0.00388	0.00785	0.99960	0.02731	-0.00409	-0.02728	0.99962	
75	0.74000	-6.65674	13.08702	0.26289	-0.13237	0.11900	-0.52402	0.44231	0.99996	-0.00915	-0.00206	0.00915	0.99996	-0.00233	0.00208	0.00231	0.99999		-9.06213	61.04563	872.62491	179.41420	1.98959	-2.40485	0.53053	0.99852	0.04231	0.03426	0.04193	-0.99905	0.01167	0.03472	-0.01022	-0.99934		501.19709	5.58065	40.14667	1.56205	-0.22474	-0.45696	0.51743	0.99996	-0.00808	0.00370	0.00798	0.99960	0.02729	-0.00392	-0.02726	0.99962	
76	0.75000	-6.65075	13.09022	0.21041	-0.12494	0.09936	-0.52155	0.44224	0.99996	-0.00911	-0.00171	0.00910	0.99996	-0.00220	0.00173	0.00218	1.00000		-8.76655	61.16411	872.66600	179.40715	1.96848	-2.40479	0.53358	0.99853	0.04231	0.03388	0.04193	-0.99905	0.01178	0.03435	-0.01034	-0.99936		501.19889	5.54311	40.02778	1.53870	-0.20335	-0.45322	0.51656	0.99996	-0.00800	0.00334	0.00791	0.99961	0.02688	-0.00355	-0.02685	0.99963	
77	0.76000	-6.64869	13.08384	0.20277	-0.11557	0.09718	-0.51832	0.44141	0.99996	-0.00905	-0.00168	0.00905	0.99996	-0.00203	0.00170	0.00202	1.00000		-8.73386	61.31741	872.66230	179.39998	1.96860	-2.40537	0.52923	0.99853	0.04233	0.03388	0.04194	-0.99905	0.01190	0.03435	-0.01047	-0.99935		501.20049	5.50877	40.01988	1.51083	-0.19961	-0.43034	0.51273	0.99997	-0.00760	0.00328	0.00751	0.99962	0.02639	-0.00348	-0.02637	0.99965	
78	0.77000	-6.65285	13.08603	0.22432	-0.11686	0.10443	-0.52112	0.44308	0.99996	-0.00910	-0.00180	0.00910	0.99996	-0.00206	0.00182	0.00204	1.00000		-8.83761	61.28614	872.64280	179.39941	1.97381	-2.40664	0.52960	0.99853	0.04235	0.03397	0.04197	-0.99905	0.01192	0.03444	-0.01048	-0.99935		501.20061	5.55558	40.06242	1.54521	-0.21154	-0.45245	0.51821	0.99996	-0.00799	0.00348	0.00790	0.99960	0.02699	-0.00369	-0.02697	0.99963	
79	0.78000	-6.65276	13.07060	0.23353	-0.12341	0.10762	-0.51673	0.44270	0.99996	-0.00902	-0.00186	0.00902	0.99996	-0.00217	0.00188	0.00215	1.00000		-8.87806	61.20970	872.63811	179.40771	1.98052	-2.40241	0.53194	0.99852	0.04227	0.03409	0.04189	-0.99905	0.01178	0.03456	-0.01033	-0.99935		501.19082	5.52262	40.08040	1.54359	-0.20549	-0.45318	0.51145	0.99996	-0.00800	0.00337	0.00791	0.99961	0.02696	-0.00359	-0.02694	0.99963	
80	0.79000	-6.65355	13.07974	0.21678	-0.12996	0.10001	-0.51923	0.43895	0.99996	-0.00907	-0.00172	0.00906	0.99996	-0.00228	0.00175	0.00227	1.00000		-8.76769	61.10578	872.65873	179.41794	1.97095	-2.40635	0.53051	0.99853	0.04233	0.03393	0.04196	-0.99905	0.01159	0.03439	-0.01015	-0.99936		501.19932	5.51618	40.03202	1.52767	-0.19931	-0.44326	0.51715	0.99996	-0.00783	0.00327	0.00774	0.99961	0.02669	-0.00348	-0.02666	0.99964	
81	0.80000	-6.65475	13.08010	0.22613	-0.12720	0.10481	-0.51983	0.44044	0.99996	-0.00908	-0.00181	0.00907	0.99996	-0.00224	0.00183	0.00222	1.00000		-8.83554	61.14558	872.64710	179.41396	1.97507	-2.40545	0.52984	0.99853	0.04232	0.03400	0.04195	-0.99905	0.01167	0.03446	-0.01022	-0.99935		501.20271	5.54077	40.06613	1.53922	-0.20133	-0.46213	0.51145	0.99996	-0.00816	0.00330	0.00807	0.99961	0.02689	-0.00351	-0.02686	0.99963	
82	0.81000	-6.65521	13.09422	0.21944	-0.11814	0.10360	-0.52442	0.44191	0.99996	-0.00916	-0.00179	0.00915	0.99996	-0.00208	0.00181	0.00206	1.00000		-8.82736	61.26435	872.65334	179.39914	1.98025	-2.40876	0.53195	0.99852	0.04239	0.03408	0.04200	-0.99905	0.01193	0.03456	-0.01048	-0.99935		501.20104	5.56777	40.05313	1.53001	-0.20825	-0.43927	0.51758	0.99996	-0.00776	0.00343	0.00767	0.99961	0.02673	-0.00363	-0.02670	0.99964	
83	0.82000	-6.65702	13.08906	0.24184	-0.12143	0.11148	-0.52252	0.44019	0.99996	-0.00912	-0.00193	0.00912	0.99996	-0.00214	0.00195	0.00212	1.00000		-8.94509	61.21247	872.62542	179.40410	1.98188	-2.39925	0.52962	0.99853	0.04222	0.03412	0.04184	-0.99905	0.01184	0.03458	-0.01039	-0.99935		501.19005	5.55664	40.10587	1.53154	-0.20940	-0.44807	0.50978	0.99996	-0.00792	0.00344	0.00782	0.99961	0.02675	-0.00365	-0.02673	0.99964	
84	0.83000	-6.65637	13.08106	0.23735	-0.12301	0.10848	-0.51958	0.44033	0.99996	-0.00907	-0.00187	0.00907	0.99996	-0.00216	0.00189	0.00215	1.00000		-8.89801	61.21219	872.63493	179.40338	1.97907	-2.41140	0.52820	0.99852	0.04243	0.03406	0.04205	-0.99905	0.01186	0.03453	-0.01041	-0.99935		501.19499	5.54625	40.08221	1.54296	-0.20861	-0.46751	0.51235	0.99996	-0.00825	0.00342	0.00816	0.99960	0.02696	-0.00364	-0.02693	0.99963	
85	0.84000	-6.65506	13.08036	0.22723	-0.12705	0.10597	-0.51999	0.44136	0.99996	-0.00908	-0.00183	0.00908	0.99996	-0.00223	0.00185	0.00222	1.00000		-8.85534	61.14161	872.65245	179.41083	1.98063	-2.40006	0.52849	0.99853	0.04223	0.03410	0.04185	-0.99906	0.01172	0.03456	-0.01028	-0.99935		501.19836	5.55096	40.07488	1.55011	-0.20196	-0.46746	0.51522	0.99996	-0.00825	0.00330	0.00816	0.99960	0.02708	-0.00352	-0.02705	0.99963	
86	0.85000	-6.65832	13.09260	0.21811	-0.11711	0.10374	-0.52505	0.44231	0.99996	-0.00917	-0.00179	0.00916	0.99996	-0.00206	0.00181	0.00204	1.00000		-8.83009	61.28634	872.64912	179.40051	1.97690	-2.41255	0.52764	0.99852	0.04245	0.03402	0.04207	-0.99904	0.01191	0.03450	-0.01046	-0.99935		501.20239	5.56097	40.06557	1.51443	-0.20019	-0.42755	0.51539	0.99997	-0.00755	0.00330	0.00746	0.99962	0.02645	-0.00349	-0.02643	0.99964	
87	0.86000	-6.65448	13.07904	0.24081	-0.12583	0.10975	-0.51850	0.44276	0.99996	-0.00905	-0.00189	0.00905	0.99996	-0.00221	0.00192	0.00220	1.00000		-8.91658	61.15821	872.63757	179.41098	1.98272	-2.39687	0.53484	0.99853	0.04217	0.03414	0.04180	-0.99906	0.01172	0.03460	-0.01027	-0.99935		501.20470	5.55275	40.08651	1.57585	-0.22103	-0.47037	0.50883	0.99996	-0.00831	0.00363	0.00821	0.99959	0.02753	-0.00386	-0.02750	0.99961	
88	0.87000	-6.66111	13.06973	0.27345	-0.13717	0.12396	-0.51799	0.44577	0.99996	-0.00905	-0.00214	0.00904	0.99996	-0.00241	0.00216	0.00239	0.99999		-9.12218	61.01100	872.61870	179.42596	1.99680	-2.40936	0.53507	0.99851	0.04239	0.03439	0.04201	-0.99905	0.01147	0.03484	-0.01001	-0.99934		501.20127	5.54185	40.17849	1.57171	-0.23689	-0.47151	0.51263	0.99996	-0.00834	0.00391	0.00823	0.99959	0.02746	-0.00413	-0.02743	0.99962	
89	0.88000	-6.70889	13.04711	0.60427	-0.34571	0.29920	-0.54693	0.41196	0.99994	-0.00958	-0.00516	0.00955	0.99994	-0.00608	0.00522	0.00603	0.99997		-11.74050	57.81560	872.46687	179.63203	2.16956	-2.42815	0.53196	0.99839	0.04261	0.03755	0.04234	-0.99907	0.00802	0.03786	-0.00642	-0.99926		501.11667	5.67004	41.38331	1.76984	-0.40555	-0.43933	0.51203	0.99995	-0.00788	0.00684	0.00767	0.99949	0.03094	-0.00708	-0.03088	0.99950	
90	0.89000	-6.65968	13.06734	0.23228	-0.12150	0.11005	-0.51263	0.44161	0.99996	-0.00895	-0.00190	0.00895	0.99996	-0.00214	0.00192	0.00212	1.00000		-8.90741	61.23844	872.64050	179.40230	1.98009	-2.39572	0.53172	0.99853	0.04216	0.03408	0.04178	-0.99906	0.01187	0.03455	-0.01043	-0.99935		501.21148	5.49297	40.09546	1.53192	-0.22606	-0.46617	0.51352	0.99996	-0.00824	0.00373	0.00814	0.99961	0.02677	-0.00395	-0.02673	0.99963	
91	0.90000	-6.65362	13.09724	0.23190	-0.11764	0.11069	-0.52452	0.44217	0.99996	-0.00916	-0.00191	0.00915	0.99996	-0.00207	0.00193	0.00205	1.00000		-8.94542	61.26202	872.62260	179.39938	1.97163	-2.40257	0.53071	0.99853	0.04228	0.03393	0.04190	-0.99905	0.01192	0.03440	-0.01048	-0.99935		501.20499	5.59346	40.10074	1.55600	-0.22915	-0.47447	0.51568	0.99996	-0.00839	0.00377	0.00828	0.99960	0.02719	-0.00400	-0.02715	0.99962	
92	0.91000	-6.65601	13.08797	0.25512	-0.12332	0.11436	-0.52203	0.44518	0.99996	-0.00911	-0.00198	0.00911	0.99996	-0.00217	0.00200	0.00215	1.00000		-8.98050	61.19695	872.62337	179.41791	1.99063	-2.40726	0.53067	0.99851	0.04235	0.03428	0.04198	-0.99905	0.01161	0.03474	-0.01015	-0.99934		501.20373	5.55787	40.11186	1.54572	-0.23343	-0.45366	0.51721	0.99996	-0.00802	0.00386	0.00792	0.99960	0.02701	-0.00407	-0.02697	0.99963	
93	0.92000	-6.65551	13.08300	0.23916	-0.12893	0.10886	-0.52052	0.44304	0.99996	-0.00909	-0.00188	0.00908	0.99996	-0.00227	0.00190	0.00225	1.00000		-8.90065	61.11579	872.64015	179.41345	1.98159	-2.40914	0.52877	0.99852	0.04239	0.03412	0.04201	-0.99905	0.01168	0.03458	-0.01023	-0.99935		501.19804	5.54906	40.08864	1.55237	-0.20705	-0.46148	0.51582	0.99996	-0.00815	0.00339	0.00805	0.99960	0.02712	-0.00361	-0.02709	0.99963	
94	0.93000	-6.66036	13.09324	0.25146	-0.12976	0.11357	-0.52372	0.44305	0.99996	-0.00914	-0.00196	0.00914	0.99996	-0.00228	0.00198	0.00226	1.00000		-8.97338	61.08700	872.62120	179.41356	1.98024	-2.40731	0.52838	0.99852	0.04235	0.03409	0.04198	-0.99905	0.01168	0.03455	-0.01023	-0.99935		501.20339	5.55260	40.11227	1.54151	-0.22140	-0.44058	0.51282	0.99996	-0.00779	0.00366	0.00769	0.99961	0.02693	-0.00386	-0.02690	0.99963	
