1	0.00000	-6.29508	13.73786	0.36769	0.36750	0.08466	-0.68753	0.44209	0.99993	-0.01199	-0.00155	0.01200	0.99991	0.00640	0.00148	-0.00641	0.99998		-8.76910	67.95738	871.94440	178.92099	1.95588	-2.71144	0.49959	0.99830	0.04794	0.03319	0.04728	-0.99867	0.02042	0.03413	-0.01882	-0.99924		501.18704	6.61297	39.49762	0.90173	-0.63507	-0.36686	0.30606	0.99992	-0.00658	0.01098	0.00640	0.99985	0.01581	-0.01108	-0.01574	0.99981	
2	0.01000	-6.30206	13.71152	0.39831	0.34505	0.09775	-0.68025	0.43661	0.99993	-0.01186	-0.00178	0.01187	0.99991	0.00600	0.00171	-0.00602	0.99998		-8.95858	67.64013	871.93999	178.94679	1.97065	-2.69967	0.49176	0.99830	0.04772	0.03348	0.04707	-0.99869	0.01998	0.03439	-0.01837	-0.99924		501.19827	6.55991	39.58667	0.91078	-0.66508	-0.38277	0.31494	0.99991	-0.00686	0.01150	0.00668	0.99985	0.01597	-0.01161	-0.01589	0.99981	
3	0.02000	-6.29988	13.73544	0.39643	0.36064	0.09648	-0.68531	0.43463	0.99993	-0.01195	-0.00176	0.01196	0.99991	0.00627	0.00168	-0.00629	0.99998		-8.93949	67.85967	871.93208	178.93385	1.97315	-2.71365	0.49800	0.99829	0.04798	0.03351	0.04732	-0.99868	0.02022	0.03443	-0.01860	-0.99923		501.19320	6.59834	39.58230	0.91751	-0.65687	-0.37992	0.31452	0.99991	-0.00681	0.01136	0.00663	0.99985	0.01609	-0.01146	-0.01601	0.99981	
4	0.03000	-6.33160	13.23567	-0.03647	-0.11372	-0.03697	-0.55232	0.42810	0.99995	-0.00964	0.00066	0.00964	0.99995	-0.00198	-0.00065	0.00198	1.00000		-6.73910	61.38659	872.88787	179.36897	1.74106	-2.74930	0.57711	0.99839	0.04830	0.02982	0.04794	-0.99877	0.01246	0.03038	-0.01101	-0.99948		500.93365	5.59168	39.01927	1.39857	0.14652	-0.22640	0.39624	0.99999	-0.00389	-0.00265	0.00395	0.99969	0.02440	0.00256	-0.02441	0.99970	
5	0.04000	-6.33197	13.20583	-0.04278	-0.12970	-0.03910	-0.54639	0.43348	0.99995	-0.00953	0.00070	0.00954	0.99995	-0.00226	-0.00068	0.00226	1.00000		-6.69817	61.18328	872.91271	179.38658	1.73936	-2.74941	0.57669	0.99839	0.04829	0.02980	0.04795	-0.99878	0.01215	0.03035	-0.01070	-0.99948		501.02861	5.26548	39.03293	1.09814	0.09195	-0.16854	0.52352	0.99999	-0.00291	-0.00166	0.00294	0.99981	0.01916	0.00160	-0.01917	0.99981	
6	0.05000	-6.02619	12.73271	-0.69373	-0.86614	-0.45398	-0.44821	0.49554	0.99994	-0.00770	0.00804	0.00782	0.99986	-0.01505	-0.00792	0.01512	0.99985		-0.38063	49.96977	874.08900	-179.75903	1.25413	-2.14491	0.58722	0.99906	0.03733	0.02203	0.03742	-0.99929	-0.00338	0.02189	0.00420	-0.99975		501.20194	3.90233	35.79773	1.29454	0.58298	0.37970	0.47403	0.99993	0.00686	-0.01002	-0.00663	0.99972	0.02266	0.01017	-0.02259	0.99969	
7	0.06000	-6.50999	12.93577	0.77077	-0.33083	0.26927	-0.49958	0.46108	0.99995	-0.00875	-0.00465	0.00872	0.99995	-0.00582	0.00470	0.00577	0.99997		-10.90305	58.15673	872.29755	179.55560	2.12060	-2.37881	0.52721	0.99845	0.04179	0.03665	0.04148	-0.99910	0.00929	0.03700	-0.00775	-0.99929		501.02565	5.07976	41.00053	1.35131	-0.34429	-0.13702	0.51251	0.99998	-0.00253	0.00595	0.00239	0.99972	0.02360	-0.00601	-0.02358	0.99970	
8	0.07000	-6.52182	13.02914	0.26911	-0.16446	0.09267	-0.51761	0.44642	0.99996	-0.00904	-0.00159	0.00903	0.99996	-0.00289	0.00162	0.00287	0.99999		-8.23273	60.60189	872.65947	179.39075	1.94979	-2.38618	0.52405	0.99855	0.04199	0.03355	0.04161	-0.99906	0.01204	0.03402	-0.01063	-0.99936		501.12256	5.45181	40.00208	1.35664	-0.02928	-0.40819	0.47984	0.99997	-0.00713	0.00034	0.00712	0.99969	0.02368	-0.00051	-0.02368	0.99972	
9	0.08000	-6.53108	13.00132	0.28638	-0.16318	0.09893	-0.50890	0.44642	0.99996	-0.00889	-0.00170	0.00888	0.99996	-0.00286	0.00173	0.00285	0.99999		-8.31377	60.66350	872.63067	179.39832	1.95093	-2.38375	0.51587	0.99856	0.04195	0.03358	0.04157	-0.99906	0.01191	0.03404	-0.01050	-0.99937		501.11579	5.40760	40.04452	1.36524	-0.02461	-0.42584	0.48676	0.99997	-0.00744	0.00025	0.00743	0.99969	0.02383	-0.00043	-0.02383	0.99972	
10	0.09000	-6.54558	13.00224	0.29141	-0.15441	0.10176	-0.50910	0.45160	0.99996	-0.00889	-0.00175	0.00889	0.99996	-0.00271	0.00178	0.00269	0.99999		-8.34128	60.81120	872.61606	179.39479	1.95544	-2.39396	0.51542	0.99855	0.04213	0.03365	0.04175	-0.99906	0.01198	0.03412	-0.01056	-0.99936		501.12694	5.44548	40.08234	1.39446	-0.02987	-0.46431	0.48977	0.99997	-0.00811	0.00032	0.00810	0.99967	0.02434	-0.00052	-0.02434	0.99970	
11	0.10000	-6.55019	12.99788	0.28489	-0.16116	0.09770	-0.50867	0.44778	0.99996	-0.00888	-0.00168	0.00888	0.99996	-0.00283	0.00171	0.00281	0.99999		-8.27080	60.71564	872.62371	179.39806	1.94457	-2.39918	0.51272	0.99855	0.04222	0.03346	0.04184	-0.99905	0.01192	0.03393	-0.01050	-0.99937		501.13420	5.42691	40.04894	1.37411	-0.02759	-0.44731	0.48154	0.99997	-0.00782	0.00029	0.00781	0.99968	0.02398	-0.00048	-0.02398	0.99971	
12	0.11000	-6.55057	12.99234	0.27080	-0.15019	0.09057	-0.50699	0.44785	0.99996	-0.00885	-0.00156	0.00885	0.99996	-0.00264	0.00158	0.00262	0.99999		-8.16167	60.88161	872.63248	179.39232	1.94166	-2.38961	0.51061	0.99856	0.04205	0.03341	0.04167	-0.99906	0.01201	0.03388	-0.01060	-0.99937		501.14278	5.42353	40.00643	1.35538	-0.02069	-0.44760	0.48494	0.99997	-0.00782	0.00018	0.00781	0.99969	0.02366	-0.00036	-0.02365	0.99972	
13	0.12000	-6.55113	12.98758	0.27038	-0.14700	0.08946	-0.50255	0.44997	0.99996	-0.00877	-0.00154	0.00877	0.99996	-0.00258	0.00156	0.00257	1.00000		-8.14513	60.92574	872.62878	179.39188	1.94137	-2.37889	0.51067	0.99856	0.04186	0.03341	0.04148	-0.99907	0.01201	0.03388	-0.01061	-0.99937		501.14048	5.39622	39.99219	1.35855	-0.02482	-0.45928	0.48689	0.99997	-0.00802	0.00024	0.00802	0.99969	0.02371	-0.00043	-0.02371	0.99972	
14	0.13000	-6.55489	12.99955	0.25849	-0.13970	0.08748	-0.50523	0.45012	0.99996	-0.00882	-0.00150	0.00882	0.99996	-0.00245	0.00153	0.00244	1.00000		-8.11345	61.02446	872.63481	179.37988	1.93857	-2.38532	0.51119	0.99856	0.04198	0.03335	0.04160	-0.99906	0.01222	0.03383	-0.01082	-0.99937		501.14066	5.41678	39.99138	1.35158	-0.01558	-0.46130	0.48140	0.99997	-0.00806	0.00008	0.00805	0.99969	0.02359	-0.00027	-0.02359	0.99972	
15	0.14000	-6.56573	12.99921	0.28257	-0.15118	0.09712	-0.50839	0.45060	0.99996	-0.00888	-0.00167	0.00887	0.99996	-0.00265	0.00170	0.00264	0.99999		-8.25205	60.85626	872.62273	179.39162	1.95139	-2.39299	0.50994	0.99855	0.04211	0.03358	0.04173	-0.99906	0.01203	0.03405	-0.01061	-0.99936		501.15199	5.44381	40.05512	1.37495	-0.03440	-0.47206	0.49252	0.99997	-0.00825	0.00040	0.00824	0.99968	0.02400	-0.00060	-0.02400	0.99971	
16	0.15000	-6.56332	12.99825	0.28367	-0.15835	0.09448	-0.50756	0.44918	0.99996	-0.00886	-0.00162	0.00886	0.99996	-0.00278	0.00165	0.00276	0.99999		-8.20755	60.75351	872.62353	179.40965	1.94708	-2.39316	0.50860	0.99855	0.04210	0.03351	0.04173	-0.99906	0.01171	0.03398	-0.01030	-0.99937		501.14542	5.42548	40.02942	1.38706	-0.03349	-0.46703	0.49106	0.99997	-0.00816	0.00039	0.00815	0.99967	0.02421	-0.00058	-0.02421	0.99971	
17	0.16000	-6.56851	13.00436	0.27410	-0.14718	0.09449	-0.50693	0.44766	0.99996	-0.00885	-0.00163	0.00885	0.99996	-0.00258	0.00165	0.00257	0.99999		-8.20059	60.90238	872.62836	179.38820	1.95234	-2.38455	0.51225	0.99855	0.04197	0.03359	0.04158	-0.99906	0.01209	0.03407	-0.01067	-0.99936		501.14985	5.42979	40.04172	1.37968	-0.03262	-0.46599	0.49012	0.99997	-0.00814	0.00037	0.00813	0.99968	0.02408	-0.00057	-0.02408	0.99971	
18	0.17000	-6.56955	12.99909	0.29159	-0.14997	0.09958	-0.50853	0.45155	0.99996	-0.00888	-0.00171	0.00888	0.99996	-0.00263	0.00174	0.00262	0.99999		-8.27990	60.86737	872.61765	179.39156	1.95915	-2.39278	0.50733	0.99854	0.04211	0.03371	0.04173	-0.99906	0.01204	0.03419	-0.01061	-0.99936		501.15263	5.45549	40.06909	1.38995	-0.03506	-0.47223	0.49315	0.99997	-0.00825	0.00041	0.00824	0.99967	0.02426	-0.00061	-0.02426	0.99971	
19	0.18000	-6.56501	12.98971	0.26377	-0.13619	0.09104	-0.50013	0.44946	0.99996	-0.00873	-0.00157	0.00873	0.99996	-0.00239	0.00159	0.00238	1.00000		-8.15304	61.08793	872.61863	179.37675	1.93846	-2.38105	0.51187	0.99856	0.04191	0.03334	0.04152	-0.99906	0.01227	0.03383	-0.01087	-0.99937		501.15784	5.39492	40.02459	1.37018	-0.03428	-0.48164	0.49678	0.99996	-0.00842	0.00040	0.00841	0.99968	0.02392	-0.00060	-0.02391	0.99971	
20	0.19000	-6.56988	12.98985	0.28654	-0.15169	0.09618	-0.50359	0.44883	0.99996	-0.00879	-0.00165	0.00879	0.99996	-0.00266	0.00168	0.00265	0.99999		-8.22478	60.85886	872.62215	179.39902	1.94959	-2.38479	0.50681	0.99856	0.04196	0.03355	0.04159	-0.99906	0.01190	0.03402	-0.01048	-0.99937		501.15832	5.40387	40.03860	1.37022	-0.04090	-0.46625	0.49396	0.99997	-0.00815	0.00052	0.00814	0.99968	0.02392	-0.00071	-0.02391	0.99971	
21	0.20000	-6.56855	13.00380	0.27813	-0.14096	0.09434	-0.50653	0.44854	0.99996	-0.00884	-0.00162	0.00884	0.99996	-0.00248	0.00165	0.00246	1.00000		-8.19601	60.99930	872.61131	179.38828	1.95022	-2.38342	0.51150	0.99856	0.04195	0.03356	0.04156	-0.99906	0.01208	0.03403	-0.01067	-0.99936		501.15315	5.41730	40.02901	1.34883	-0.04076	-0.45702	0.48720	0.99997	-0.00799	0.00052	0.00798	0.99969	0.02354	-0.00071	-0.02354	0.99972	
22	0.21000	-6.56877	13.00069	0.26789	-0.14618	0.09278	-0.50862	0.45087	0.99996	-0.00888	-0.00160	0.00888	0.99996	-0.00257	0.00162	0.00255	0.99999		-8.18004	60.93477	872.62764	179.40123	1.94132	-2.39508	0.50504	0.99855	0.04214	0.03341	0.04177	-0.99906	0.01186	0.03388	-0.01044	-0.99937		501.15562	5.44133	40.02818	1.37264	-0.03595	-0.45668	0.48654	0.99997	-0.00798	0.00044	0.00797	0.99968	0.02396	-0.00063	-0.02395	0.99971	
23	0.22000	-6.56480	12.98946	0.27157	-0.14250	0.09236	-0.50261	0.45001	0.99996	-0.00878	-0.00159	0.00877	0.99996	-0.00250	0.00161	0.00249	1.00000		-8.17132	60.99952	872.62338	179.38986	1.94706	-2.38856	0.50580	0.99855	0.04204	0.03350	0.04165	-0.99906	0.01206	0.03398	-0.01064	-0.99937		501.15561	5.41824	40.02531	1.37360	-0.03266	-0.48295	0.49669	0.99996	-0.00844	0.00037	0.00843	0.99968	0.02398	-0.00057	-0.02397	0.99971	
24	0.23000	-6.56691	13.01227	0.25931	-0.14094	0.08699	-0.51140	0.44979	0.99996	-0.00893	-0.00150	0.00893	0.99996	-0.00247	0.00152	0.00246	1.00000		-8.08862	61.01188	872.65669	179.41840	1.95204	-2.37902	0.52624	0.99856	0.04185	0.03361	0.04149	-0.99907	0.01156	0.03406	-0.01014	-0.99937		501.16752	5.43893	39.91600	1.38722	-0.11102	-0.43333	0.50027	0.99997	-0.00761	0.00175	0.00756	0.99968	0.02422	-0.00194	-0.02421	0.99971	
25	0.24000	-6.56823	12.99674	0.28072	-0.14211	0.09623	-0.50389	0.44737	0.99996	-0.00880	-0.00166	0.00879	0.99996	-0.00250	0.00168	0.00248	1.00000		-8.21269	61.01587	872.64181	179.41417	1.96575	-2.37465	0.52526	0.99855	0.04178	0.03385	0.04141	-0.99907	0.01164	0.03430	-0.01022	-0.99936		501.14357	5.41162	39.99212	1.51642	-0.15970	-0.47382	0.49167	0.99996	-0.00834	0.00257	0.00827	0.99961	0.02649	-0.00279	-0.02646	0.99965	
26	0.25000	-6.56958	13.00217	0.27242	-0.14140	0.09254	-0.50586	0.44970	0.99996	-0.00883	-0.00159	0.00883	0.99996	-0.00248	0.00162	0.00247	1.00000		-8.16241	61.00416	872.64788	179.41647	1.96097	-2.36154	0.52849	0.99857	0.04155	0.03377	0.04118	-0.99908	0.01159	0.03422	-0.01018	-0.99936		501.13423	5.41107	39.97629	1.50344	-0.14611	-0.45491	0.49602	0.99997	-0.00800	0.00234	0.00794	0.99962	0.02626	-0.00255	-0.02624	0.99965	
27	0.26000	-6.57807	12.99873	0.29585	-0.15202	0.10300	-0.50550	0.45063	0.99996	-0.00883	-0.00177	0.00882	0.99996	-0.00267	0.00180	0.00265	0.99999		-8.29828	60.85833	872.64546	179.42821	1.97878	-2.37027	0.52618	0.99855	0.04170	0.03409	0.04133	-0.99908	0.01140	0.03453	-0.00997	-0.99935		501.14916	5.42221	40.02451	1.52777	-0.18783	-0.48380	0.49863	0.99996	-0.00853	0.00305	0.00844	0.99961	0.02669	-0.00328	-0.02666	0.99964	
28	0.27000	-6.57333	13.00130	0.27786	-0.13418	0.09409	-0.50646	0.45294	0.99996	-0.00884	-0.00162	0.00884	0.99996	-0.00236	0.00164	0.00234	1.00000		-8.17386	61.12703	872.64946	179.41579	1.96991	-2.36087	0.52720	0.99856	0.04154	0.03392	0.04117	-0.99908	0.01160	0.03437	-0.01019	-0.99936		501.14594	5.41457	39.97050	1.48262	-0.17663	-0.45808	0.50320	0.99996	-0.00807	0.00287	0.00799	0.99963	0.02590	-0.00308	-0.02587	0.99966	
29	0.28000	-6.57610	13.01490	0.27590	-0.14024	0.09564	-0.51113	0.44960	0.99996	-0.00892	-0.00165	0.00892	0.99996	-0.00246	0.00167	0.00245	1.00000		-8.19527	61.02842	872.64957	179.42104	1.97050	-2.37615	0.52737	0.99855	0.04180	0.03393	0.04144	-0.99907	0.01152	0.03438	-0.01010	-0.99936		501.14356	5.46005	39.99375	1.51590	-0.16958	-0.47069	0.50667	0.99996	-0.00829	0.00274	0.00821	0.99962	0.02648	-0.00296	-0.02645	0.99965	
30	0.29000	-6.57861	13.01166	0.28123	-0.15240	0.09833	-0.51184	0.44813	0.99996	-0.00894	-0.00169	0.00893	0.99996	-0.00268	0.00172	0.00266	0.99999		-8.23173	60.83856	872.65684	179.43451	1.96950	-2.36972	0.53260	0.99855	0.04168	0.03393	0.04132	-0.99908	0.01128	0.03437	-0.00986	-0.99936		501.14532	5.46450	40.01873	1.54113	-0.16939	-0.47224	0.50888	0.99996	-0.00832	0.00273	0.00824	0.99960	0.02692	-0.00296	-0.02689	0.99963	
31	0.30000	-6.57976	13.00232	0.29640	-0.15346	0.10277	-0.50637	0.44812	0.99996	-0.00884	-0.00177	0.00884	0.99996	-0.00269	0.00179	0.00268	0.99999		-8.28693	60.82860	872.65983	179.43925	1.98900	-2.36091	0.52905	0.99855	0.04153	0.03427	0.04117	-0.99909	0.01121	0.03471	-0.00978	-0.99935		501.14742	5.43809	40.04723	1.54472	-0.17542	-0.49884	0.50737	0.99996	-0.00879	0.00283	0.00871	0.99960	0.02698	-0.00306	-0.02696	0.99963	
32	0.31000	-6.57998	13.01921	0.29694	-0.14463	0.10492	-0.51375	0.44921	0.99996	-0.00897	-0.00181	0.00897	0.99996	-0.00254	0.00183	0.00252	0.99999		-8.33482	60.94952	872.63189	179.42378	1.97656	-2.37012	0.52913	0.99855	0.04170	0.03404	0.04133	-0.99908	0.01147	0.03449	-0.01005	-0.99935		501.14831	5.48531	40.04613	1.52774	-0.19501	-0.48785	0.50422	0.99996	-0.00860	0.00318	0.00851	0.99961	0.02669	-0.00340	-0.02666	0.99964	
33	0.32000	-6.58863	13.00122	0.27710	-0.15090	0.09885	-0.50726	0.45129	0.99996	-0.00886	-0.00170	0.00885	0.99996	-0.00265	0.00173	0.00263	0.99999		-8.21661	60.88473	872.66369	179.43654	1.97414	-2.37107	0.52431	0.99855	0.04171	0.03401	0.04135	-0.99908	0.01125	0.03445	-0.00983	-0.99936		501.16598	5.43280	40.01314	1.52528	-0.19178	-0.48811	0.50605	0.99996	-0.00861	0.00312	0.00852	0.99961	0.02665	-0.00335	-0.02662	0.99964	
34	0.33000	-6.58243	13.01316	0.27554	-0.14188	0.09799	-0.51131	0.45016	0.99996	-0.00893	-0.00169	0.00892	0.99996	-0.00249	0.00171	0.00248	0.99999		-8.21788	61.01443	872.65733	179.42461	1.97684	-2.37630	0.52732	0.99855	0.04181	0.03405	0.04144	-0.99908	0.01146	0.03450	-0.01004	-0.99935		501.15619	5.47456	40.00578	1.53620	-0.18585	-0.48258	0.50545	0.99996	-0.00851	0.00302	0.00842	0.99960	0.02683	-0.00324	-0.02681	0.99964	
35	0.34000	-6.58559	13.00202	0.27746	-0.14622	0.09973	-0.50540	0.44906	0.99996	-0.00882	-0.00172	0.00882	0.99996	-0.00257	0.00174	0.00255	0.99999		-8.22768	60.95212	872.66828	179.43086	1.98665	-2.36181	0.53012	0.99855	0.04155	0.03423	0.04118	-0.99909	0.01135	0.03467	-0.00993	-0.99935		501.16003	5.43593	40.01420	1.54487	-0.19128	-0.49524	0.51051	0.99996	-0.00873	0.00310	0.00864	0.99960	0.02699	-0.00334	-0.02696	0.99963	
36	0.35000	-6.59459	13.01007	0.31510	-0.15537	0.11300	-0.51170	0.44904	0.99996	-0.00894	-0.00195	0.00893	0.99996	-0.00273	0.00197	0.00271	0.99999		-8.42074	60.80019	872.64039	179.43713	2.00015	-2.37112	0.52845	0.99854	0.04171	0.03446	0.04135	-0.99908	0.01126	0.03490	-0.00982	-0.99934		501.15702	5.45152	40.09640	1.52863	-0.20781	-0.46912	0.50109	0.99996	-0.00828	0.00341	0.00819	0.99961	0.02671	-0.00363	-0.02668	0.99964	
37	0.36000	-6.59074	13.00027	0.31145	-0.14358	0.11009	-0.50526	0.44899	0.99996	-0.00882	-0.00190	0.00882	0.99996	-0.00252	0.00192	0.00251	0.99999		-8.37979	60.98930	872.62326	179.42636	1.99205	-2.35947	0.52360	0.99855	0.04151	0.03432	0.04114	-0.99909	0.01143	0.03476	-0.01001	-0.99935		501.15685	5.42836	40.06783	1.52800	-0.20318	-0.48434	0.51002	0.99996	-0.00854	0.00332	0.00845	0.99961	0.02669	-0.00355	-0.02667	0.99964	
38	0.37000	-6.58859	13.00419	0.27388	-0.14084	0.09698	-0.50757	0.44814	0.99996	-0.00886	-0.00167	0.00886	0.99996	-0.00247	0.00169	0.00246	1.00000		-8.18099	61.01629	872.66891	179.42258	1.98726	-2.35356	0.53080	0.99856	0.04141	0.03423	0.04104	-0.99909	0.01149	0.03468	-0.01007	-0.99935		501.16510	5.44203	40.00153	1.53038	-0.18879	-0.47681	0.50657	0.99996	-0.00841	0.00307	0.00832	0.99961	0.02673	-0.00330	-0.02671	0.99964	
39	0.38000	-6.59463	13.00463	0.29081	-0.16028	0.10463	-0.51111	0.44557	0.99996	-0.00893	-0.00180	0.00892	0.99996	-0.00281	0.00183	0.00280	0.99999		-8.29768	60.71344	872.66884	179.44080	1.98967	-2.35338	0.52929	0.99855	0.04140	0.03429	0.04104	-0.99910	0.01118	0.03472	-0.00975	-0.99935		501.16478	5.47491	40.04484	1.55342	-0.20508	-0.50330	0.50947	0.99996	-0.00888	0.00334	0.00878	0.99959	0.02714	-0.00358	-0.02711	0.99963	
40	0.39000	-6.58788	12.99329	0.29584	-0.15654	0.10328	-0.50310	0.44698	0.99996	-0.00879	-0.00178	0.00878	0.99996	-0.00275	0.00180	0.00273	0.99999		-8.27153	60.79328	872.65304	179.43915	1.98808	-2.35274	0.53200	0.99856	0.04139	0.03426	0.04103	-0.99910	0.01120	0.03469	-0.00978	-0.99935		501.15738	5.40008	40.03508	1.53152	-0.18867	-0.48344	0.51037	0.99996	-0.00852	0.00307	0.00844	0.99961	0.02675	-0.00329	-0.02673	0.99964	
41	0.40000	-6.59523	13.00164	0.30914	-0.14716	0.11159	-0.50606	0.44977	0.99996	-0.00884	-0.00192	0.00883	0.99996	-0.00259	0.00195	0.00257	0.99999		-8.39572	60.92955	872.62645	179.42735	1.99296	-2.35592	0.52944	0.99855	0.04145	0.03433	0.04108	-0.99909	0.01142	0.03478	-0.00999	-0.99935		501.16325	5.43833	40.09443	1.54814	-0.20941	-0.50039	0.50821	0.99996	-0.00883	0.00342	0.00873	0.99960	0.02705	-0.00365	-0.02702	0.99963	
42	0.41000	-6.59314	12.99432	0.31823	-0.15988	0.11083	-0.50459	0.44693	0.99996	-0.00881	-0.00191	0.00881	0.99996	-0.00281	0.00193	0.00279	0.99999		-8.37614	60.73971	872.64109	179.44810	2.00287	-2.35145	0.53252	0.99855	0.04136	0.03452	0.04100	-0.99910	0.01106	0.03495	-0.00963	-0.99934		501.16215	5.43229	40.06634	1.56296	-0.21992	-0.50253	0.51305	0.99995	-0.00887	0.00360	0.00877	0.99959	0.02731	-0.00384	-0.02728	0.99962	
43	0.42000	-6.60247	13.00187	0.31845	-0.15741	0.11378	-0.50723	0.45100	0.99996	-0.00886	-0.00196	0.00885	0.99996	-0.00277	0.00199	0.00275	0.99999		-8.41746	60.77742	872.62950	179.44080	2.00039	-2.36331	0.52937	0.99854	0.04157	0.03447	0.04121	-0.99909	0.01119	0.03491	-0.00975	-0.99934		501.16870	5.44120	40.10306	1.55622	-0.20637	-0.49062	0.51383	0.99996	-0.00866	0.00337	0.00856	0.99959	0.02719	-0.00360	-0.02716	0.99962	
44	0.43000	-6.59893	12.99241	0.32362	-0.15832	0.11590	-0.50185	0.45074	0.99996	-0.00876	-0.00200	0.00876	0.99996	-0.00278	0.00202	0.00276	0.99999		-8.44603	60.77364	872.62573	179.44588	2.00318	-2.35679	0.52825	0.99854	0.04146	0.03453	0.04110	-0.99909	0.01110	0.03496	-0.00967	-0.99934		501.15602	5.39306	40.11850	1.53943	-0.20786	-0.48997	0.51054	0.99996	-0.00865	0.00340	0.00855	0.99960	0.02690	-0.00363	-0.02686	0.99963	
45	0.44000	-6.59851	12.99404	0.31532	-0.16044	0.11149	-0.50373	0.45135	0.99996	-0.00880	-0.00192	0.00879	0.99996	-0.00282	0.00195	0.00280	0.99999		-8.37677	60.74417	872.63999	179.44849	2.00250	-2.36039	0.52887	0.99854	0.04152	0.03452	0.04116	-0.99909	0.01106	0.03494	-0.00962	-0.99934		501.15833	5.40113	40.08845	1.54587	-0.20121	-0.48282	0.51446	0.99996	-0.00852	0.00328	0.00843	0.99960	0.02701	-0.00351	-0.02698	0.99963	
46	0.45000	-6.60074	13.00743	0.30673	-0.14137	0.11140	-0.50753	0.45229	0.99996	-0.00886	-0.00192	0.00886	0.99996	-0.00249	0.00194	0.00247	0.99999		-8.38060	61.01740	872.62841	179.42918	1.99974	-2.35910	0.52902	0.99854	0.04151	0.03445	0.04114	-0.99909	0.01139	0.03490	-0.00996	-0.99934		501.15943	5.43946	40.09917	1.52919	-0.19524	-0.48396	0.51713	0.99996	-0.00853	0.00318	0.00845	0.99961	0.02671	-0.00341	-0.02669	0.99964	
47	0.46000	-6.60130	13.00649	0.29090	-0.14642	0.10632	-0.51041	0.45033	0.99996	-0.00891	-0.00183	0.00891	0.99996	-0.00257	0.00186	0.00256	0.99999		-8.30434	60.94514	872.65087	179.43184	1.99629	-2.37203	0.53039	0.99854	0.04173	0.03439	0.04136	-0.99908	0.01135	0.03483	-0.00991	-0.99934		501.16747	5.46744	40.06176	1.53499	-0.20383	-0.48952	0.51225	0.99996	-0.00864	0.00333	0.00854	0.99960	0.02682	-0.00356	-0.02679	0.99963	
48	0.47000	-6.60716	12.99256	0.30599	-0.15405	0.11164	-0.50410	0.44814	0.99996	-0.00880	-0.00192	0.00880	0.99996	-0.00271	0.00195	0.00269	0.99999		-8.37244	60.83644	872.64159	179.44101	2.00308	-2.35556	0.53043	0.99854	0.04144	0.03452	0.04108	-0.99909	0.01118	0.03495	-0.00975	-0.99934		501.16422	5.42417	40.10581	1.55457	-0.19237	-0.48579	0.51228	0.99996	-0.00857	0.00313	0.00848	0.99960	0.02716	-0.00336	-0.02713	0.99963	
49	0.48000	-6.60082	12.98208	0.30436	-0.14644	0.10944	-0.49880	0.44884	0.99996	-0.00871	-0.00189	0.00871	0.99996	-0.00257	0.00191	0.00256	0.99999		-8.33912	60.96822	872.63728	179.43506	1.99866	-2.35341	0.53319	0.99855	0.04140	0.03444	0.04104	-0.99909	0.01128	0.03488	-0.00985	-0.99934		501.16658	5.39116	40.07518	1.54048	-0.20504	-0.49711	0.51280	0.99996	-0.00877	0.00334	0.00868	0.99960	0.02691	-0.00358	-0.02688	0.99963	
50	0.49000	-6.60504	13.00527	0.30749	-0.14610	0.11206	-0.50655	0.44912	0.99996	-0.00885	-0.00193	0.00884	0.99996	-0.00257	0.00196	0.00255	0.99999		-8.38071	60.95383	872.63152	179.43254	2.00423	-2.36212	0.53211	0.99854	0.04156	0.03453	0.04119	-0.99909	0.01134	0.03497	-0.00990	-0.99934		501.17156	5.44012	40.09208	1.54442	-0.21348	-0.49793	0.51289	0.99996	-0.00879	0.00349	0.00869	0.99960	0.02698	-0.00373	-0.02695	0.99963	
51	0.50000	-6.60606	12.99105	0.29793	-0.15684	0.10850	-0.50286	0.44682	0.99996	-0.00878	-0.00187	0.00878	0.99996	-0.00275	0.00189	0.00274	0.99999		-8.32418	60.79130	872.64924	179.44293	1.99454	-2.34940	0.53452	0.99855	0.04133	0.03437	0.04097	-0.99910	0.01114	0.03480	-0.00972	-0.99935		501.17101	5.40007	40.07483	1.54108	-0.19696	-0.47955	0.50997	0.99996	-0.00846	0.00321	0.00837	0.99960	0.02692	-0.00344	-0.02689	0.99963	
52	0.51000	-6.60885	13.00223	0.31337	-0.14894	0.11446	-0.50732	0.44977	0.99996	-0.00886	-0.00197	0.00885	0.99996	-0.00262	0.00200	0.00260	0.99999		-8.41212	60.91326	872.63720	179.43683	2.00778	-2.37087	0.53241	0.99853	0.04171	0.03460	0.04134	-0.99908	0.01127	0.03504	-0.00982	-0.99934		501.17036	5.44890	40.11488	1.54628	-0.21214	-0.49469	0.51431	0.99996	-0.00873	0.00347	0.00863	0.99960	0.02702	-0.00370	-0.02698	0.99963	
53	0.52000	-6.60639	13.00131	0.31372	-0.15074	0.11542	-0.50830	0.44791	0.99996	-0.00888	-0.00199	0.00887	0.99996	-0.00265	0.00201	0.00263	0.99999		-8.43354	60.87307	872.63836	179.43314	2.01248	-2.35736	0.53217	0.99854	0.04148	0.03468	0.04111	-0.99909	0.01133	0.03512	-0.00989	-0.99933		501.17044	5.48337	40.11188	1.56595	-0.22076	-0.51937	0.50855	0.99995	-0.00917	0.00360	0.00906	0.99958	0.02736	-0.00385	-0.02733	0.99962	
54	0.53000	-6.60826	13.00065	0.30473	-0.15300	0.10973	-0.50703	0.44804	0.99996	-0.00885	-0.00189	0.00885	0.99996	-0.00269	0.00192	0.00267	0.99999		-8.34535	60.85018	872.63865	179.43823	1.99791	-2.36198	0.53451	0.99854	0.04155	0.03443	0.04119	-0.99909	0.01123	0.03486	-0.00980	-0.99934		501.17760	5.44619	40.06411	1.53760	-0.22068	-0.50084	0.51543	0.99995	-0.00884	0.00362	0.00874	0.99960	0.02687	-0.00385	-0.02683	0.99963	
55	0.54000	-6.60592	12.99940	0.30493	-0.13997	0.11172	-0.50473	0.45126	0.99996	-0.00881	-0.00193	0.00881	0.99996	-0.00246	0.00195	0.00244	0.99999		-8.37284	61.06527	872.63060	179.43179	2.00175	-2.37200	0.53260	0.99853	0.04173	0.03449	0.04136	-0.99908	0.01135	0.03493	-0.00991	-0.99934		501.17278	5.44637	40.10533	1.55905	-0.20856	-0.50888	0.51842	0.99995	-0.00898	0.00340	0.00888	0.99959	0.02724	-0.00364	-0.02721	0.99962	
56	0.55000	-6.60554	12.98599	0.31155	-0.15801	0.11234	-0.50251	0.45160	0.99996	-0.00878	-0.00194	0.00877	0.99996	-0.00278	0.00196	0.00276	0.99999		-8.37878	60.79762	872.64032	179.44743	2.00211	-2.36193	0.53149	0.99854	0.04155	0.03451	0.04119	-0.99909	0.01108	0.03494	-0.00964	-0.99934		501.16833	5.42465	40.08827	1.56313	-0.21878	-0.50681	0.51023	0.99995	-0.00895	0.00358	0.00885	0.99959	0.02731	-0.00382	-0.02728	0.99962	
57	0.56000	-6.60588	12.99505	0.29261	-0.15544	0.10591	-0.50550	0.44764	0.99996	-0.00883	-0.00182	0.00882	0.99996	-0.00273	0.00185	0.00271	0.99999		-8.28733	60.81622	872.65887	179.44458	1.99518	-2.35741	0.52909	0.99855	0.04147	0.03439	0.04111	-0.99909	0.01112	0.03482	-0.00969	-0.99935		501.16903	5.42270	40.06010	1.53570	-0.19816	-0.48057	0.51863	0.99996	-0.00848	0.00323	0.00839	0.99960	0.02683	-0.00346	-0.02680	0.99963	
58	0.57000	-6.60969	12.99831	0.29699	-0.14887	0.10882	-0.50657	0.44891	0.99996	-0.00885	-0.00188	0.00884	0.99996	-0.00262	0.00190	0.00260	0.99999		-8.32652	60.91749	872.64885	179.43761	2.00177	-2.36084	0.53134	0.99854	0.04153	0.03449	0.04117	-0.99909	0.01125	0.03493	-0.00981	-0.99934		501.16991	5.44348	40.07728	1.55398	-0.20169	-0.49668	0.52120	0.99996	-0.00876	0.00328	0.00867	0.99959	0.02715	-0.00352	-0.02712	0.99963	
59	0.58000	-6.61061	12.98018	0.32069	-0.16838	0.11622	-0.50233	0.44786	0.99996	-0.00877	-0.00200	0.00877	0.99996	-0.00296	0.00203	0.00294	0.99999		-8.43260	60.63537	872.64087	179.45851	2.00913	-2.35474	0.53274	0.99854	0.04142	0.03464	0.04106	-0.99910	0.01088	0.03506	-0.00944	-0.99934		501.26292	5.55812	40.16283	1.74245	-0.29544	-0.67453	0.61536	0.99992	-0.01192	0.00480	0.01177	0.99947	0.03047	-0.00516	-0.03041	0.99952	
60	0.59000	-6.60479	13.00080	0.28836	-0.15106	0.10527	-0.50605	0.44886	0.99996	-0.00884	-0.00181	0.00883	0.99996	-0.00265	0.00184	0.00264	0.99999		-8.27739	60.87435	872.66837	179.44852	2.00070	-2.35311	0.53095	0.99855	0.04139	0.03449	0.04103	-0.99910	0.01105	0.03491	-0.00962	-0.99934		501.18430	5.45601	40.05125	1.56354	-0.22045	-0.52190	0.52152	0.99995	-0.00921	0.00360	0.00911	0.99959	0.02732	-0.00385	-0.02729	0.99962	
61	0.60000	-6.61129	12.99165	0.30294	-0.16062	0.11073	-0.50331	0.44797	0.99996	-0.00879	-0.00191	0.00878	0.99996	-0.00282	0.00193	0.00280	0.99999		-8.34378	60.73937	872.67090	179.45262	2.01535	-2.35299	0.53196	0.99854	0.04139	0.03474	0.04103	-0.99910	0.01099	0.03517	-0.00955	-0.99934		501.18117	5.41655	40.08855	1.57102	-0.21641	-0.50381	0.52230	0.99995	-0.00889	0.00353	0.00879	0.99958	0.02745	-0.00378	-0.02742	0.99962	
62	0.61000	-6.61102	13.00159	0.31048	-0.14425	0.11435	-0.50515	0.44849	0.99996	-0.00882	-0.00197	0.00882	0.99996	-0.00254	0.00200	0.00252	0.99999		-8.41205	60.96721	872.64095	179.43256	2.01032	-2.34795	0.53172	0.99855	0.04131	0.03464	0.04094	-0.99910	0.01133	0.03508	-0.00990	-0.99934		501.17326	5.44369	40.11040	1.56338	-0.21563	-0.50133	0.52403	0.99995	-0.00885	0.00352	0.00875	0.99959	0.02731	-0.00376	-0.02728	0.99962	
63	0.62000	-6.60962	12.98888	0.29810	-0.14330	0.10938	-0.49900	0.45012	0.99996	-0.00871	-0.00189	0.00871	0.99996	-0.00252	0.00191	0.00250	0.99999		-8.32882	61.00372	872.64308	179.43384	2.00305	-2.34610	0.53382	0.99855	0.04128	0.03452	0.04091	-0.99910	0.01130	0.03495	-0.00988	-0.99934		501.17220	5.40004	40.08407	1.55074	-0.21103	-0.51637	0.51950	0.99995	-0.00911	0.00344	0.00901	0.99959	0.02709	-0.00368	-0.02706	0.99963	
64	0.63000	-6.60589	12.99732	0.31945	-0.15873	0.11630	-0.50483	0.44912	0.99996	-0.00882	-0.00200	0.00881	0.99996	-0.00279	0.00203	0.00277	0.99999		-8.43701	60.76570	872.63841	179.44916	2.01409	-2.35995	0.53469	0.99853	0.04151	0.03472	0.04115	-0.99909	0.01105	0.03515	-0.00961	-0.99934		501.16750	5.42479	40.12542	1.56723	-0.21369	-0.50293	0.52565	0.99995	-0.00888	0.00349	0.00878	0.99959	0.02738	-0.00373	-0.02735	0.99962	
65	0.64000	-6.60415	13.01060	0.28357	-0.13740	0.10329	-0.50672	0.45141	0.99996	-0.00885	-0.00178	0.00884	0.99996	-0.00241	0.00180	0.00240	1.00000		-8.24475	61.07624	872.65477	179.42126	1.99962	-2.35812	0.52948	0.99854	0.04150	0.03445	0.04112	-0.99909	0.01153	0.03489	-0.01009	-0.99934		501.18080	5.45427	40.02608	1.54280	-0.22247	-0.50966	0.52255	0.99995	-0.00900	0.00364	0.00890	0.99960	0.02696	-0.00388	-0.02692	0.99963	
66	0.65000	-6.60559	12.99872	0.31511	-0.15520	0.11459	-0.50514	0.45160	0.99996	-0.00882	-0.00198	0.00882	0.99996	-0.00273	0.00200	0.00271	0.99999		-8.41713	60.81836	872.64060	179.44688	2.01028	-2.36121	0.52771	0.99854	0.04154	0.03465	0.04117	-0.99909	0.01109	0.03508	-0.00965	-0.99934		501.17308	5.43051	40.10746	1.56216	-0.22594	-0.49897	0.52540	0.99995	-0.00881	0.00370	0.00871	0.99959	0.02729	-0.00394	-0.02726	0.99962	
67	0.66000	-6.61234	13.00310	0.33263	-0.15902	0.12301	-0.50808	0.45320	0.99996	-0.00887	-0.00212	0.00887	0.99996	-0.00280	0.00215	0.00278	0.99999		-8.53879	60.75181	872.62450	179.44261	2.01662	-2.36364	0.52859	0.99853	0.04158	0.03476	0.04122	-0.99909	0.01117	0.03519	-0.00972	-0.99933		501.16825	5.45266	40.17385	1.55960	-0.21700	-0.49976	0.52407	0.99995	-0.00882	0.00355	0.00872	0.99959	0.02725	-0.00379	-0.02722	0.99962	
68	0.67000	-6.61054	12.99233	0.32516	-0.15674	0.12018	-0.50302	0.45303	0.99996	-0.00878	-0.00207	0.00878	0.99996	-0.00275	0.00210	0.00274	0.99999		-8.49326	60.79413	872.63570	179.44797	2.01734	-2.35058	0.53299	0.99854	0.04135	0.03478	0.04099	-0.99910	0.01107	0.03520	-0.00963	-0.99933		501.17502	5.42243	40.14961	1.55559	-0.22236	-0.51773	0.52332	0.99995	-0.00914	0.00363	0.00904	0.99959	0.02718	-0.00388	-0.02715	0.99962	
69	0.68000	-6.61075	12.99848	0.31934	-0.15192	0.11730	-0.50436	0.44942	0.99996	-0.00881	-0.00202	0.00880	0.99996	-0.00267	0.00205	0.00265	0.99999		-8.44647	60.87031	872.63845	179.44231	2.02084	-2.36104	0.53012	0.99853	0.04154	0.03483	0.04117	-0.99909	0.01118	0.03526	-0.00973	-0.99933		501.16880	5.43970	40.12590	1.55468	-0.21404	-0.51622	0.52183	0.99995	-0.00911	0.00349	0.00901	0.99959	0.02716	-0.00374	-0.02713	0.99962	
70	0.69000	-6.61283	13.00182	0.31216	-0.15068	0.11581	-0.50590	0.45104	0.99996	-0.00883	-0.00200	0.00883	0.99996	-0.00265	0.00202	0.00263	0.99999		-8.42712	60.88466	872.63640	179.44496	2.01049	-2.35522	0.52859	0.99854	0.04143	0.03465	0.04107	-0.99909	0.01112	0.03508	-0.00968	-0.99934		501.18358	5.44519	40.11489	1.54793	-0.23032	-0.51486	0.51862	0.99995	-0.00909	0.00378	0.00899	0.99959	0.02705	-0.00402	-0.02701	0.99963	
71	0.70000	-6.60779	12.97753	0.32256	-0.15649	0.11733	-0.49842	0.45075	0.99996	-0.00870	-0.00202	0.00870	0.99996	-0.00275	0.00205	0.00273	0.99999		-8.44366	60.81615	872.63763	179.44586	2.01728	-2.34540	0.52607	0.99854	0.04126	0.03477	0.04090	-0.99910	0.01110	0.03520	-0.00967	-0.99933		501.16882	5.40804	40.12705	1.57224	-0.22227	-0.52495	0.51716	0.99995	-0.00926	0.00363	0.00916	0.99958	0.02747	-0.00388	-0.02744	0.99962	
72	0.71000	-6.61352	12.99743	0.30387	-0.14451	0.11334	-0.50274	0.45094	0.99996	-0.00878	-0.00196	0.00877	0.99996	-0.00254	0.00198	0.00252	0.99999		-8.38715	60.97632	872.63809	179.42599	2.00573	-2.35249	0.52859	0.99855	0.04140	0.03456	0.04102	-0.99909	0.01145	0.03500	-0.01001	-0.99934		501.18758	5.43405	40.11047	1.56256	-0.22276	-0.51825	0.52717	0.99995	-0.00915	0.00364	0.00905	0.99959	0.02730	-0.00389	-0.02727	0.99962	
73	0.72000	-6.61425	12.98638	0.32064	-0.15223	0.11858	-0.50124	0.44806	0.99996	-0.00875	-0.00205	0.00875	0.99996	-0.00268	0.00207	0.00266	0.99999		-8.45975	60.88395	872.63762	179.43753	2.02090	-2.36130	0.53018	0.99853	0.04154	0.03483	0.04118	-0.99909	0.01126	0.03526	-0.00981	-0.99933		501.18122	5.44664	40.14286	1.58487	-0.22422	-0.53609	0.52367	0.99995	-0.00946	0.00365	0.00936	0.99957	0.02769	-0.00391	-0.02766	0.99961	
74	0.73000	-6.61480	13.00866	0.29260	-0.14991	0.10818	-0.50849	0.44785	0.99996	-0.00888	-0.00186	0.00887	0.99996	-0.00263	0.00189	0.00262	0.99999		-8.30734	60.89112	872.66453	179.43518	2.00962	-2.36319	0.53355	0.99854	0.04158	0.03463	0.04121	-0.99909	0.01130	0.03507	-0.00985	-0.99934		501.18279	5.45755	40.06698	1.53937	-0.21170	-0.50608	0.52201	0.99995	-0.00893	0.00346	0.00883	0.99960	0.02690	-0.00369	-0.02686	0.99963	
75	0.74000	-6.61228	12.99711	0.31048	-0.15611	0.11324	-0.50425	0.44810	0.99996	-0.00881	-0.00195	0.00880	0.99996	-0.00274	0.00198	0.00272	0.99999		-8.38468	60.80897	872.64828	179.44328	2.01112	-2.36119	0.53177	0.99854	0.04154	0.03466	0.04117	-0.99909	0.01115	0.03509	-0.00971	-0.99934		501.18422	5.44416	40.09713	1.57058	-0.22839	-0.52374	0.51800	0.99995	-0.00925	0.00373	0.00914	0.99958	0.02744	-0.00399	-0.02741	0.99962	
76	0.75000	-6.60976	12.99896	0.29977	-0.14651	0.11152	-0.50549	0.45103	0.99996	-0.00883	-0.00192	0.00882	0.99996	-0.00257	0.00195	0.00256	0.99999		-8.36087	60.94718	872.65437	179.43021	2.01577	-2.35441	0.53383	0.99854	0.04143	0.03473	0.04106	-0.99909	0.01138	0.03517	-0.00994	-0.99933		501.17601	5.43701	40.09729	1.53547	-0.21254	-0.50113	0.52793	0.99995	-0.00884	0.00347	0.00875	0.99960	0.02683	-0.00371	-0.02680	0.99963	
77	0.76000	-6.61184	13.00277	0.29953	-0.14748	0.11171	-0.50446	0.45047	0.99996	-0.00881	-0.00193	0.00880	0.99996	-0.00259	0.00195	0.00257	0.99999		-8.35862	60.94050	872.64215	179.43613	2.00504	-2.36159	0.53160	0.99854	0.04155	0.03455	0.04118	-0.99909	0.01127	0.03499	-0.00984	-0.99934		501.17848	5.42695	40.09807	1.55105	-0.21730	-0.51186	0.52668	0.99995	-0.00903	0.00355	0.00893	0.99959	0.02710	-0.00379	-0.02707	0.99963	
78	0.77000	-6.60835	13.01035	0.28214	-0.14211	0.10426	-0.50780	0.44923	0.99996	-0.00887	-0.00180	0.00886	0.99996	-0.00250	0.00182	0.00248	0.99999		-8.25380	61.01081	872.66889	179.43391	2.00670	-2.36034	0.53191	0.99854	0.04153	0.03458	0.04116	-0.99909	0.01131	0.03502	-0.00987	-0.99934		501.19312	5.47216	40.04237	1.55315	-0.22504	-0.52540	0.52388	0.99995	-0.00927	0.00368	0.00917	0.99959	0.02714	-0.00393	-0.02710	0.99962	
79	0.78000	-6.61572	12.99166	0.33015	-0.15948	0.12226	-0.50424	0.44818	0.99996	-0.00881	-0.00211	0.00880	0.99996	-0.00280	0.00213	0.00278	0.99999		-8.51249	60.75336	872.63703	179.44643	2.02525	-2.35097	0.53207	0.99853	0.04136	0.03491	0.04100	-0.99910	0.01110	0.03534	-0.00966	-0.99933		501.17867	5.42158	40.15025	1.55545	-0.23448	-0.49585	0.51679	0.99995	-0.00876	0.00386	0.00865	0.99959	0.02718	-0.00409	-0.02714	0.99962	
80	0.79000	-6.61077	12.98951	0.29919	-0.14958	0.11085	-0.50113	0.44766	0.99996	-0.00875	-0.00191	0.00875	0.99996	-0.00263	0.00193	0.00261	0.99999		-8.33947	60.91527	872.65501	179.43817	2.01232	-2.35475	0.53037	0.99854	0.04143	0.03468	0.04106	-0.99909	0.01124	0.03511	-0.00980	-0.99934		501.18569	5.41799	40.09084	1.56048	-0.22313	-0.51997	0.52313	0.99995	-0.00918	0.00365	0.00907	0.99959	0.02727	-0.00389	-0.02723	0.99962	
81	0.80000	-6.61632	12.99439	0.32862	-0.15186	0.11995	-0.50441	0.44965	0.99996	-0.00881	-0.00207	0.00880	0.99996	-0.00267	0.00209	0.00265	0.99999		-8.47830	60.86763	872.61724	179.44325	2.01671	-2.34948	0.53387	0.99854	0.04133	0.03476	0.04097	-0.99910	0.01115	0.03519	-0.00971	-0.99933		501.18822	5.44876	40.13245	1.57660	-0.24619	-0.51888	0.52398	0.99995	-0.00917	0.00405	0.00906	0.99958	0.02755	-0.00430	-0.02751	0.99961	
82	0.81000	-6.62061	13.00643	0.32299	-0.15536	0.11938	-0.50707	0.44956	0.99996	-0.00886	-0.00206	0.00885	0.99996	-0.00273	0.00208	0.00271	0.99999		-8.46993	60.80866	872.62934	179.44746	2.01909	-2.35882	0.53111	0.99853	0.04150	0.03480	0.04113	-0.99909	0.01109	0.03523	-0.00964	-0.99933		501.19296	5.45468	40.13195	1.56742	-0.24552	-0.51559	0.52385	0.99995	-0.00911	0.00404	0.00900	0.99958	0.02739	-0.00429	-0.02735	0.99962	
83	0.82000	-6.61843	12.99897	0.31772	-0.14574	0.11772	-0.50652	0.45043	0.99996	-0.00885	-0.00203	0.00884	0.99996	-0.00256	0.00205	0.00254	0.99999		-8.44247	60.96543	872.62901	179.43349	2.02105	-2.36112	0.53285	0.99853	0.04154	0.03483	0.04117	-0.99909	0.01133	0.03527	-0.00988	-0.99933		501.18558	5.45637	40.12691	1.55322	-0.22525	-0.50607	0.52343	0.99995	-0.00894	0.00369	0.00883	0.99959	0.02714	-0.00393	-0.02711	0.99962	
84	0.83000	-6.61706	13.01164	0.28978	-0.14069	0.10797	-0.50674	0.44923	0.99996	-0.00885	-0.00186	0.00884	0.99996	-0.00247	0.00188	0.00246	0.99999		-8.29573	61.03293	872.64851	179.43086	2.01124	-2.36546	0.53487	0.99853	0.04162	0.03465	0.04125	-0.99908	0.01137	0.03510	-0.00993	-0.99933		501.19227	5.47098	40.07452	1.57062	-0.21676	-0.52844	0.52957	0.99995	-0.00932	0.00353	0.00922	0.99958	0.02744	-0.00378	-0.02741	0.99962	
85	0.84000	-6.61901	12.98607	0.30486	-0.15549	0.11070	-0.50129	0.44487	0.99996	-0.00875	-0.00191	0.00875	0.99996	-0.00273	0.00193	0.00271	0.99999		-8.33465	60.82478	872.64807	179.44792	2.01110	-2.34644	0.53235	0.99855	0.04128	0.03467	0.04092	-0.99910	0.01106	0.03509	-0.00963	-0.99934		501.19224	5.41203	40.07752	1.55862	-0.22225	-0.51245	0.52681	0.99995	-0.00905	0.00363	0.00894	0.99959	0.02723	-0.00388	-0.02720	0.99962	
86	0.85000	-6.61644	13.01026	0.29601	-0.14620	0.11034	-0.50690	0.45062	0.99996	-0.00885	-0.00190	0.00885	0.99996	-0.00257	0.00193	0.00255	0.99999		-8.33330	60.95282	872.64942	179.43765	2.01084	-2.36649	0.52971	0.99853	0.04163	0.03465	0.04127	-0.99908	0.01126	0.03509	-0.00981	-0.99934		501.19186	5.46489	40.08951	1.58063	-0.22207	-0.52250	0.52595	0.99995	-0.00922	0.00362	0.00912	0.99958	0.02762	-0.00388	-0.02758	0.99961	
87	0.86000	-6.61525	13.00185	0.30758	-0.16228	0.11262	-0.50589	0.44854	0.99996	-0.00883	-0.00194	0.00883	0.99996	-0.00285	0.00197	0.00283	0.99999		-8.36405	60.70716	872.64955	179.45567	2.01185	-2.35552	0.53231	0.99854	0.04143	0.03468	0.04107	-0.99910	0.01093	0.03511	-0.00949	-0.99934		501.18960	5.45798	40.09827	1.59378	-0.23052	-0.53021	0.51948	0.99995	-0.00936	0.00376	0.00925	0.99957	0.02785	-0.00402	-0.02781	0.99961	
88	0.87000	-6.61847	13.00799	0.33233	-0.15930	0.12509	-0.51008	0.45157	0.99996	-0.00891	-0.00216	0.00890	0.99996	-0.00280	0.00218	0.00278	0.99999		-8.55274	60.75915	872.62776	179.45076	2.03005	-2.37343	0.53608	0.99852	0.04175	0.03499	0.04139	-0.99908	0.01104	0.03542	-0.00958	-0.99933		501.18586	5.49017	40.18247	1.59783	-0.24024	-0.52898	0.52581	0.99995	-0.00935	0.00393	0.00923	0.99957	0.02792	-0.00419	-0.02788	0.99960	
89	0.88000	-6.61796	12.99324	0.33221	-0.16062	0.12268	-0.50340	0.45352	0.99996	-0.00879	-0.00212	0.00879	0.99996	-0.00282	0.00214	0.00280	0.99999		-8.51077	60.74212	872.63183	179.45468	2.03105	-2.35162	0.53567	0.99853	0.04137	0.03502	0.04101	-0.99910	0.01096	0.03544	-0.00951	-0.99933		501.17431	5.43801	40.14921	1.57710	-0.23031	-0.52141	0.52054	0.99995	-0.00921	0.00377	0.00910	0.99958	0.02756	-0.00402	-0.02752	0.99961	
90	0.89000	-6.61820	12.99203	0.32936	-0.15418	0.12168	-0.50219	0.45017	0.99996	-0.00877	-0.00210	0.00876	0.99996	-0.00271	0.00212	0.00269	0.99999		-8.49741	60.84556	872.61949	179.44319	2.02434	-2.35429	0.52800	0.99853	0.04142	0.03489	0.04105	-0.99909	0.01116	0.03532	-0.00971	-0.99933		501.19124	5.43921	40.14054	1.58386	-0.26241	-0.53079	0.52351	0.99995	-0.00939	0.00432	0.00926	0.99957	0.02768	-0.00458	-0.02764	0.99961	
91	0.90000	-6.61513	12.99543	0.31757	-0.14559	0.11705	-0.50196	0.44935	0.99996	-0.00877	-0.00202	0.00876	0.99996	-0.00256	0.00204	0.00254	0.99999		-8.43707	60.97820	872.61322	179.43044	2.00770	-2.36041	0.53200	0.99854	0.04153	0.03459	0.04116	-0.99909	0.01138	0.03503	-0.00993	-0.99934		501.18777	5.43182	40.12472	1.57434	-0.23987	-0.53076	0.52007	0.99995	-0.00937	0.00393	0.00926	0.99958	0.02751	-0.00419	-0.02747	0.99961	
92	0.91000	-6.61606	12.98408	0.31244	-0.15213	0.11398	-0.49878	0.45056	0.99996	-0.00871	-0.00197	0.00871	0.99996	-0.00267	0.00199	0.00266	0.99999		-8.38294	60.89238	872.63826	179.44292	2.01315	-2.35979	0.53241	0.99854	0.04151	0.03470	0.04115	-0.99909	0.01116	0.03513	-0.00972	-0.99934		501.18785	5.39980	40.10917	1.56799	-0.22542	-0.51198	0.52522	0.99995	-0.00904	0.00369	0.00894	0.99958	0.02740	-0.00393	-0.02736	0.99962	
93	0.92000	-6.61695	12.99428	0.36340	-0.17032	0.13427	-0.50252	0.45027	0.99996	-0.00878	-0.00232	0.00877	0.99996	-0.00299	0.00234	0.00297	0.99999		-8.68951	60.59719	872.60043	179.46587	2.03126	-2.35486	0.53089	0.99853	0.04142	0.03503	0.04106	-0.99910	0.01077	0.03544	-0.00932	-0.99933		501.17453	5.40352	40.23755	1.57712	-0.24498	-0.50521	0.52745	0.99995	-0.00893	0.00403	0.00882	0.99958	0.02756	-0.00428	-0.02752	0.99961	
94	0.93000	-6.61417	12.98972	0.29993	-0.15165	0.10912	-0.50053	0.45167	0.99996	-0.00874	-0.00188	0.00874	0.99996	-0.00266	0.00190	0.00265	0.99999		-8.30909	60.88921	872.65691	179.44278	2.01346	-2.35077	0.53099	0.99854	0.04136	0.03470	0.04099	-0.99910	0.01116	0.03513	-0.00972	-0.99934		501.18106	5.40282	40.07869	1.55289	-0.21346	-0.50870	0.52136	0.99995	-0.00898	0.00348	0.00888	0.99959	0.02713	-0.00373	-0.02710	0.99963	
